0.135292150927161
0.0896075901818034
0.0848991317425453
0.0746522416159861
0.0809016304710849
0.0807141952526124
0.0880066434141432
0.0842258422662739
0.107277377488514
0.10177090759038
0.0779802973840654
0.0762925344858043
0.0864540433967126
0.0847253219149495
0.0993516256058852
0.120425763255701
0.137961033554393
0.152853570679463
0.181695390160985
0.169160511085281
0.170967691166118
0.146944991066171
0.103658712070439
0.0872746057258117
0.075122938073283
0.0760300258097737
0.081413822829198
0.0968620736057464
0.0994105019776007
0.10719765170545
0.127250549618137
0.125235794651676
0.0993036492753725
0.0752606340709502
0.078313268388733
0.0771990151338001
0.104041459567421
0.1313349579561
0.133228319024812
0.126751788473325
0.127661480928516
0.101317522599828
0.119149431139824
0.11003723383498
0.119941826153437
0.0753431349987727
0.0770670259651809
0.0853082694581364
0.099191798244035
0.12955646371223
0.111121782871056
0.0845537017026434
0.10796114891626
0.116606386863764
0.1549349358415
0.0997024373219026
0.0940822631652768
0.109171142363472
0.094095176287911
0.0946817587399095
0.118392963655413
0.102861189246827
0.103869251225032
0.125301033939948
0.151461423361741
0.0785481098577481
0.0847890494789054
0.0924421809379285
0.0870340932672061
0.0846666575934478
0.0778307801822868
0.0919615049223708
0.0740858839619691
0.156044568970733
0.160772750072738
0.11099247359057
0.112340866566849
0.114162804198423
0.118244338014678
0.0995301299006982
0.133165536310745
0.107974125446581
0.112476753700943
0.126909851515867
0.121519595215734
0.115755300384984
0.115546322131064
0.118076634918509
0.13499832937419
0.192732180512373
0.184493803549578
0.170859413482194
0.163171273122056
0.211408471018791
0.209274250100315
0.164854184606774
0.143848517177074
0.201930113892584
0.320123465373722
0.325022870470783
0.286186186603274
0.230130597671372
0.215645716853142
0.240824300615934
0.184938750147472
0.140047284703248
0.106780974435416
0.103652185072051
0.118369229190349
0.117365655820605
0.0939231576504312
0.0808681943235523
0.0879811502122271
0.112708861381338
0.116547815212401
0.105266813208484
0.122337965488531
0.213552699734143
0.196722182574375
0.173220370815966
0.132873649230188
0.16054738920437
0.161908446400046
0.141130049768668
0.150826093164786
0.148807534960579
0.120152308497544
0.103221119929803
0.0883878925901682
0.0737535852780705
