0.171872477394447
0.173502846061188
0.171496703994953
0.153878684054962
0.149105604385682
0.176072034398545
0.159205599968098
0.169759649584122
0.156835817739584
0.115424773010522
0.173725331778503
0.17511760560298
0.148875901463445
0.172995021389553
0.190756603302073
0.187384155569822
0.175927420467703
0.154231589842004
0.159080261869749
0.21178986501853
0.165285775280289
0.154168952199549
0.193407261194096
0.175675157229817
0.167480971452107
0.169983719997808
0.181887502875594
0.155227280119941
0.192694858882293
0.156007312818147
0.165918985783658
0.172427663837088
0.152295842095847
0.159510438920624
0.181437246308437
0.152091482225575
0.171661060926132
0.137805656148269
0.17450752447723
0.168719702347468
0.131839679154478
0.172510851930315
0.183151931277181
0.156023945739572
0.154417205021541
0.144573761156933
0.126108024090933
0.133024386214059
0.163311310046958
0.166171528998783
0.120454557679935
0.149991976268345
0.12182047899903
0.144893643173976
0.161256769275793
0.152331496240477
0.173457785978727
0.147396922303208
0.174071174229791
0.164862593512512
0.120481459440415
0.130394745911955
0.131055606748618
0.101302393906117
0.097148600967339
0.154001471923433
0.125423212114909
0.126942930875023
0.124619919816641
0.124099370047781
0.135639128253308
0.114347030681918
0.114041572892976
0.106542199962323
0.153155196175898
0.154668323637125
0.14080180743348
0.131977988261035
0.155822359302596
0.141086951626252
0.127861125677966
0.167469847161581
0.156995739118027
0.149233380354033
0.169168377830614
0.158326959652236
0.163749412687664
0.180434648429427
0.174881142517048
0.17004719032429
0.174794146276589
0.177844448604591
0.214963062896264
0.22341176940945
0.236571954872575
0.218304358205795
0.162347663643954
0.21743659127678
0.175188745934138
0.151478671189843
0.138429763447994
0.173163448844874
0.133121505196215
0.111568789420392
0.145088190230226
0.139565317016386
0.124789240263858
0.131444712800797
0.152873758123976
0.169453226932566
0.142536252724544
0.10158716288517
0.112621323940906
0.130644336906814
0.13678393001636
0.128857392642015
0.120427752807348
0.143194268889395
0.120122564334491
0.135706820155996
0.133071439078092
0.138066431702342
0.131414824883404
0.162029379645001
0.143316918027345
0.152957733007583
0.155471203360724
0.128818500403111
0.13249930315318
0.152611879633049
