0.134740148173758
0.13904987191319
0.144258029522568
0.143849070744051
0.137785858598509
0.149027591125559
0.199166827918946
0.187182050818595
0.20043477125444
0.215835613887167
0.170755802199195
0.21363059260183
0.174380341377575
0.176769936042588
0.186786192474302
0.15053304199086
0.171112098355589
0.195959554824701
0.17654246952389
0.155494488544668
0.159862200351459
0.149981523750311
0.181935021282192
0.205314231395428
0.199834428482337
0.171912255427382
0.17327225936354
0.164652048936029
0.176749504087982
0.186684070482645
0.209366616340006
0.184620477381436
0.167874435869118
0.150928570467202
0.157234030429992
0.163109617618058
0.1671781065822
0.15995207543628
0.18260540151703
0.164224504876078
0.170319075563471
0.172672868377242
0.220893750533939
0.187217623876079
0.1864684969088
0.144036768163008
0.129344439705329
0.166902224373151
0.146959519547121
0.126330478810398
0.156547398507361
0.111936955801906
0.10584230059686
0.165146274542246
0.198139512401857
0.13793876540799
0.163324472598826
0.200178419768097
0.208876731049675
0.188035530768273
0.149009899087301
0.141184320242503
0.17127920378772
0.198109481632522
0.179581869112527
0.171577844591905
0.132868537923112
0.12918619653242
0.181913444980054
0.199466025242217
0.179803193260849
0.136194997271047
0.153036455197953
0.191523258503784
0.141619331395378
0.178332588047605
0.15138499982482
0.147583123165045
0.161120830487481
0.120919854271527
0.154472249651424
0.131506411452734
0.141044678084752
0.135672788517761
0.132314349355481
0.147312547106362
0.139561224539218
0.138136018875746
0.119010495222591
0.11019570080764
0.145965948569207
0.102338692304464
0.130445641003929
0.147677656482624
0.119084100427993
0.166192299238755
0.128013283942287
0.172102008710138
0.158599809449748
0.130015777622975
0.131750122631379
0.1344723027011
0.133362121529538
0.147682715667961
0.125897590786408
0.106832239646628
0.155657186926804
0.160585972671147
0.162995634132889
0.197562780821981
0.171151722237915
0.185674143899123
0.180726028486752
0.14029065516345
0.161043095081434
0.150654995604363
0.181839129022861
0.136528661612872
0.144580261021413
0.151079112345183
0.167942944758886
0.153523342018132
0.189229099819936
0.159314280537988
0.161010716921792
0.145369699696132
0.157376316071894
0.156574667972088
0.168738670008216
0.17407924249043
