0.0783532000735263
0.0881445031852272
0.105611174136345
0.0942054649287339
0.0874570679000055
0.0914907486331681
0.0944259261784209
0.0894519190877228
0.0823365163247867
0.0742121589642467
0.0653515326886731
0.0734450733718908
0.0898896908543553
0.0896166065735396
0.0955365911485054
0.100034862350885
0.0952472342754804
0.0919688753197084
0.101001371003589
0.108551390607879
0.0759784430727134
0.0750633183861558
0.0793765270407588
0.0946955385044495
0.0928054462494825
0.095748292769502
0.0900160669722949
0.0805715735799975
0.0958583579405918
0.0752472572217601
0.0903077434814141
0.108912364052793
0.0928203015977261
0.0926368516099283
0.105914949434007
0.0816796175039013
0.0841575847592667
0.0856430306091259
0.0752899177398627
0.0757419314362244
0.0659438908759572
0.0658727152114603
0.0615679043674573
0.0622917938549597
0.0717772746638476
0.0734849630605691
0.102952184614404
0.134552800447525
0.114882395170811
0.114817827628818
0.0998565756311926
0.100509396818116
0.117144948606938
0.121766834668805
0.100499526835835
0.1101931948726
0.124293771958922
0.115994297882946
0.119245520404731
0.114464881318853
0.0872272009424035
0.115108832733396
0.115210749331909
0.107570357552338
0.118193554403427
0.0721591087181483
0.0854443912887831
0.121103563220444
0.120722360271039
0.110310181538542
0.0882536358048091
0.0847343865750318
0.0915739832228915
0.0909660177709712
0.0902990015592527
0.079112256256382
0.0929965066109606
0.0853399646935043
0.07948891279806
0.0923412848790247
0.115103128628996
0.122141425955982
0.11424879046564
0.0857353870819952
0.138780545656612
0.103748601597867
0.0901346729047038
0.105848008543003
0.082632186619542
0.0710229368869082
0.0749507505184393
0.0827842791199353
0.0749786106196434
0.104682741599019
0.105513899722169
0.119238748381609
0.111897946495213
0.117487016455992
0.107480169693804
0.0798399946131261
0.0620473795743519
0.0579423844801986
0.0664723580937843
0.0627166263000376
0.0687664875441432
0.0807503753191164
0.0747861856919656
0.103209078335544
0.0913192996677235
0.0884220684260562
0.0913461662618608
0.0643777307124582
0.0654437580485732
0.0684707970803717
0.0692070040724842
0.075583421057638
0.0773829794121602
0.0998100060208232
0.0820681480319836
0.0859151706652391
0.0856925693723477
0.0776946674848013
0.095964836322981
0.0975931972636363
0.0877865259912532
0.107345636891724
0.0797404271253966
0.0820702486053335
0.0750203300451885
0.0914553102518477
