0.163878069617361
0.203981345062984
0.253828361019217
0.182119593501682
0.215048589530255
0.234006481687473
0.228246692831259
0.17815100860751
0.155160284882743
0.138637931475056
0.155711787769811
0.164219411456709
0.173987885407419
0.130528964233259
0.156928865926797
0.170113239218329
0.13450790259867
0.158789183594063
0.144540988625839
0.146592954033819
0.16084560104533
0.159644123811349
0.151287236873614
0.164137555222125
0.139872720415805
0.156402868301126
0.166682348284574
0.178426460772387
0.168528468546915
0.182457059621478
0.198099741452154
0.175424062629517
0.187244109608546
0.153367035000929
0.153353515432406
0.181863784391338
0.161020972508527
0.186908388264579
0.167779733209439
0.222091975582117
0.187804310824832
0.195278414258896
0.1848769145961
0.219885724084845
0.197888641579571
0.188238945440505
0.151064919081853
0.179293193362042
0.156290630246474
0.161183743908282
0.121530603750312
0.151855096600133
0.160636628463403
0.142096035552666
0.128444409186947
0.160291735595679
0.165224180137621
0.149557789959743
0.186158889043147
0.228527224589445
0.224953887631905
0.165189071084537
0.159808738655383
0.199348297596194
0.149510374166728
0.144119689819615
0.154998111457567
0.170895537443978
0.185075848058603
0.149055359366578
0.176333900426244
0.17108577311935
0.217839636721992
0.199651615201442
0.199187466322502
0.21033605627457
0.234930629191006
0.186225697865328
0.174056463243212
0.217778962846334
0.190370665744
0.15868176287457
0.17446482778615
0.163399192826467
0.212384506983217
0.158073989623305
0.187260879965124
0.205486967912915
0.164477394435915
0.174362198617666
0.233205177245898
0.225712350177919
0.20241177277884
0.184583607439047
0.202369738691143
0.18561262409694
0.215677788036452
0.174998773913918
0.184936106818133
0.243512291893382
0.233890948478229
0.185228501245939
0.215782966371731
0.20019173252989
0.160759436263998
0.195294614385268
0.198275820991845
0.174614990665594
0.16815497570171
0.224053392408092
0.230383685790252
0.22359596468442
0.218408026964092
0.196344166046871
0.183111130743444
0.178597203604994
0.186474102709913
0.196789003867216
0.138657424646992
0.169927479651875
0.170125711337808
0.180429840156527
0.148303820501937
0.15696817292788
0.169427858475192
0.187091548643971
0.151494284967803
0.170354421294174
0.151195232430257
0.135570997405244
