0.116618774243122
0.102691979496983
0.122713256457019
0.0994808798599696
0.125905934425402
0.116793560504324
0.103131885921688
0.111502380332042
0.101744445854703
0.104520728134254
0.111625610135541
0.0966632372012502
0.0919141492687663
0.0877687941001425
0.0812485219711217
0.0876789457583038
0.0926627065685922
0.0964615520384376
0.102056626736865
0.0934969216459253
0.0915239933250595
0.0876887880974951
0.0866082122799983
0.0905313813410256
0.117081167077815
0.135945091629958
0.138446216812603
0.139679234272084
0.13247658578528
0.124692206998561
0.126196632331308
0.0848210202913546
0.0977556547528114
0.111510606849687
0.116208562241165
0.084921595198277
0.101507920939828
0.113652337158369
0.105770662927003
0.100340907942138
0.103954772965543
0.11454769677009
0.121904875863434
0.110579118090826
0.104768378703217
0.100630429920704
0.0801506716113914
0.123920829401155
0.112332569096779
0.103138635531721
0.105589049332063
0.0896209476924536
0.0798777515936404
0.0912280924951738
0.123909029108092
0.141281690754197
0.082712520068451
0.0869283409997817
0.0831335593926642
0.0820924927237249
0.108301646079822
0.106945537181725
0.0996661743657646
0.132795205570312
0.124339647040071
0.125780463224447
0.111834715941346
0.0977873478161452
0.108971878666374
0.0865130345084337
0.0757791136818755
0.0721435312561515
0.0770155745713242
0.0821166842495148
0.0755055813257496
0.113411758042029
0.0910908849503178
0.111770285944766
0.0883929405662744
0.102771681458123
0.105729180589644
0.0937548033574425
0.0981065307802977
0.113508223093757
0.0900065653336752
0.103194039770579
0.110449313556657
0.117808347637043
0.102086153259359
0.104018235730151
0.147528825450018
0.154281347191732
0.151198705908997
0.115236584429844
0.12487588299197
0.116104820491725
0.127453481629583
0.107057672068947
0.10881522932735
0.144471266012339
0.131372333912508
0.120189558587681
0.0999154025805181
0.0891747820390284
0.094530080778092
0.104462060202955
0.0852283316431656
0.0993288549452369
0.134668955060125
0.0828319832105943
0.0860047642949102
0.101106852315019
0.10230777862352
0.0944059503203872
0.100671066061348
0.0838093543024883
0.0961604657865456
0.0996872698784797
0.0902255763279156
0.0824906828698578
0.0849224074460864
0.0867563080379364
0.112667169038575
0.122035558303784
0.123131771209975
0.124487617728083
0.0797874758343192
0.0795078024427295
0.102733137215079
0.105762566566533
