0.0903396227830247
0.113712138829685
0.10776447932079
0.0897699341311078
0.10026100703908
0.0830630047350978
0.0704530435600524
0.0821813663595194
0.0782737391905988
0.0773029502144978
0.087774385974705
0.115966368984769
0.150869137718097
0.172810137990152
0.130164309386998
0.110985856424275
0.0999810879931298
0.143041857844048
0.141660283632151
0.163763623052672
0.166037380313392
0.182635261033331
0.153499230544991
0.131556067150469
0.139182373442851
0.175120612484012
0.188325810190064
0.175914195479189
0.185541693736879
0.171010035266685
0.133943227706463
0.120737207289139
0.102623253773332
0.142951173784174
0.21128676098956
0.13572652692567
0.150889966555438
0.124198147851767
0.201866640819592
0.146018027090001
0.149245136377947
0.142525788000198
0.106230720377867
0.129785403170374
0.122949425026361
0.0874778386347745
0.0775297023832185
0.0956016884761698
0.0705764627965315
0.0820055167735681
0.102556984170222
0.082838665249306
0.111382602257439
0.0959012381260624
0.115056222837721
0.0928374244702211
0.101082313996218
0.0869542325001519
0.142672017949794
0.113642250294583
0.162212825610474
0.165692537685239
0.157830451926247
0.11026137579063
0.11854193719511
0.114013387838712
0.134072428003967
0.104895974968184
0.103531006579201
0.124543182800901
0.126416441917717
0.141529107682098
0.109752410457493
0.13887862620813
0.12598648061642
0.0952250389059376
0.0934078920157335
0.127205146598384
0.130982469698189
0.108446948956221
0.099874378561949
0.119415539623949
0.110342594616159
0.107441312752142
0.094305579424108
0.118467242409953
0.150343451851078
0.123903797252023
0.129335119176123
0.126594423362065
0.0973069034508762
0.107397211886047
0.164086283583376
0.121563807241596
0.116184473672434
0.120402313727061
0.146075478601955
0.164375191772214
0.238915868563811
0.190845649215226
0.223241898008241
0.1471243414522
0.0967430586047862
0.133995421314876
0.134003559435858
0.128917658362468
0.1626387542602
0.138625623427951
0.123785273249825
0.170649496421029
0.231835440764433
0.245388405521102
0.243928235181514
0.154217842304702
0.103718920171118
0.0962208610721964
0.112267826057173
0.107207138829836
0.0860614754997578
0.0976311344838482
0.148630643590025
0.135425327343156
0.136862932288454
0.136655778775873
0.18331377235931
0.178266256655764
0.124711512191846
0.144327449252414
0.124901840304821
0.126974005674008
