0.155496621100178
0.092764360408443
0.0992184500649107
0.081380340866315
0.0959717749176264
0.139746177884397
0.124089463758718
0.138520426871199
0.122475220178727
0.132612251613841
0.109527830434928
0.109691568613913
0.106241090637471
0.107240154292185
0.115121720834559
0.117909416032747
0.112145179294464
0.0902962891787602
0.138453100610012
0.121269796008586
0.0852479646165777
0.0936816579975932
0.115109742455439
0.124240550961522
0.104458912080674
0.103763752074972
0.104395739038779
0.105259664286058
0.131859206503714
0.0984404389059931
0.117376866072513
0.126198748279516
0.161218854071939
0.11720151245299
0.114621821562709
0.10595240052428
0.114499852438765
0.148419132311866
0.145205282077915
0.146691726978257
0.128115240257506
0.165406466512799
0.179601177067172
0.139979877184117
0.170615223638456
0.149242958444885
0.157889159846192
0.127110062859025
0.115679939213846
0.134330447062678
0.122343860765584
0.120692060447321
0.150373177645606
0.148094493628099
0.109324338736366
0.099520597576621
0.0910878065001275
0.107117904440002
0.101022615722717
0.104312305206018
0.0977808369037858
0.0790884577981337
0.103545682151277
0.112523359426428
0.106138311059018
0.156810392625637
0.117985283928406
0.117707350470742
0.148321078236373
0.145450341491445
0.0983790541634392
0.0887566944219278
0.0692704169366513
0.0695253323089213
0.103521624576578
0.112561372428035
0.118655669620975
0.118489449686632
0.137134250675505
0.14120373175528
0.111020281524729
0.11193257010729
0.104938924070523
0.098812200091079
0.114678987020629
0.146899932253126
0.144862973171252
0.132692455708275
0.111111615617783
0.0857122801741927
0.103004281398609
0.159589405814978
0.15720656108374
0.146282388450325
0.106714315799397
0.127064462676654
0.15136358126743
0.136093996433856
0.131789352312917
0.103267773271909
0.141956573685025
0.150963179310155
0.111195408176993
0.126565028324163
0.109811746195148
0.116360469327683
0.137470001564266
0.13893210649199
0.125655638867501
0.119625851261575
0.122873313080179
0.112743919291419
0.102593615768877
0.109776127234179
0.10339393233665
0.108067419365828
0.0746540918389646
0.0762539444093292
0.0996223133599598
0.133466785608445
0.122462713298587
0.0866005030472683
0.0981608241823412
0.0944002550161665
0.101376613264363
0.108873035444933
0.114985256506161
0.109987276374412
0.115400925777786
0.114687726812703
