0.219218276026024
0.243292626278015
0.241848371084078
0.150595375972985
0.135182795194093
0.122621902599137
0.0839099726301125
0.0828432711594172
0.115143793732702
0.0797197645220812
0.0916499291873898
0.0910247895456952
0.103009698882535
0.0964039347736093
0.094052848483254
0.112433504508953
0.105309351317538
0.085706138798682
0.0854682841285414
0.133383833514831
0.134117276817986
0.142663041179635
0.120071895418734
0.143287516557227
0.112817082503149
0.122716434796549
0.113068779620222
0.119244012760727
0.110932288972687
0.156252169300734
0.268375524841342
0.293536018083382
0.268180661481973
0.234135163379025
0.142601788137141
0.155544039867467
0.159896165870506
0.160318259509784
0.170328843397926
0.123102799365183
0.158143427493609
0.103896209353288
0.147458169948414
0.132426691599416
0.181865189797149
0.163534118476186
0.176166856719442
0.206707039254296
0.180851384715868
0.164336824233538
0.134873702873542
0.106607381994136
0.107981536352992
0.157261136850054
0.249461329665117
0.172927880377429
0.264359475095782
0.183587233446061
0.171580991099479
0.166361963491952
0.0951325688011706
0.146524462674754
0.125657206393713
0.098419941490664
0.105220175616101
0.0878547029010365
0.106096430910474
0.192048029111554
0.14738398227885
0.103920939504426
0.0841224923814679
0.0848468106708609
0.0942861173515599
0.068079127726406
0.063468713788665
0.0723122811038359
0.08028486518349
0.105598756433827
0.129202353104828
0.077038334341439
0.0746099148390581
0.0651955597713502
0.0774833586287886
0.0818688486751557
0.113843783591144
0.169602260511137
0.138681650012806
0.101301462626477
0.123423552708469
0.151864224382893
0.124518246885926
0.115463456028478
0.0909934973336512
0.093091782162301
0.111188033750417
0.108568052888924
0.0954181716019736
0.0943741043694449
0.111463722134724
0.145782733284438
0.127942200508908
0.129486263920591
0.118103814826323
0.14016828087781
0.171148721865335
0.23776998284486
0.260938066211152
0.310567333049118
0.33987572257101
0.302225701703043
0.302847052551472
0.257893539857136
0.265342184201809
0.279691182187565
0.322309853977125
0.29013208669267
0.232628910357362
0.215446674792472
0.203852494470598
0.156898379617812
0.136867572182506
0.145043905368356
0.121487367100722
0.106354360956751
0.123757459609417
0.139954652553532
0.136256837428207
0.0980497558641843
0.107836375943885
0.0989115329682598
