0.0828320646330586
0.0802026939628837
0.0785515004721741
0.0672124692867722
0.0611312005235
0.0624420510884063
0.0598359713628357
0.0669694286320023
0.0887434464053358
0.0801651571482421
0.0777207894760741
0.0886076462163567
0.0817825276021385
0.128450683869479
0.122553966978328
0.201181333538489
0.12928669046451
0.124002155780666
0.0872538961127642
0.0979444346256699
0.0912045741557604
0.116300654384203
0.100745962924524
0.113856971745117
0.107016827641239
0.14684635575458
0.139325964453184
0.117668662227086
0.111823418784546
0.104060373683063
0.0853986129063902
0.0829374684206441
0.072277557859137
0.080888289335041
0.0810202779666301
0.0834272307663633
0.0781926916515275
0.078793460785908
0.0837732485896091
0.089699135698007
0.0981308376222172
0.174261660372511
0.120965806238922
0.103097128096623
0.11795835782863
0.114179943996473
0.104602060188165
0.0856315234582244
0.0925420227386277
0.0918076232318432
0.0882910817662417
0.0816869821223333
0.0666920161167582
0.0693088794762018
0.0626581371380208
0.0717955042217425
0.0652236068819115
0.0674192452843654
0.0657675359975681
0.0727168288784484
0.0951889787866474
0.128317918067247
0.173936176863525
0.178805200411022
0.109178030440905
0.0721659969455983
0.0792594072041669
0.0767421259070366
0.121553769618121
0.13851194231604
0.139694403978236
0.137258243437453
0.135365998355177
0.136944626328456
0.119923572474819
0.0985778166651822
0.122424852955685
0.082965043275551
0.0919787423728544
0.0996863967982638
0.105807647128557
0.109911935853405
0.101438698752836
0.124951306065971
0.129137268599463
0.131282018990664
0.141919690355067
0.162295619488552
0.122516159563763
0.106963597016952
0.0981569793601621
0.076099984572611
0.0671902143746714
0.0703695503233311
0.0708386242523103
0.0603022331914794
0.0660028874775665
0.0669757494926251
0.0711242333347929
0.0617922670235408
0.0636151744832403
0.0737696821061076
0.0680947059775705
0.0621390530143967
0.0759931233851376
0.0744047356518435
0.0770276636345216
0.0851236937401869
0.0669511243522884
0.0733431787007177
0.0723366354538395
0.0689193899911935
0.0678798832964094
0.0685765183483121
0.071688150835915
0.0722239810710633
0.0657326980234577
0.0665016199576494
0.0726932313969398
0.120794200506511
0.0834964084863879
0.0985459665895009
0.0893794246446748
0.0795627760939579
0.0716231714678539
0.0815683154509237
0.0754511680710618
0.0766130530439399
0.0826586889717176
0.105832855408326
