0.1039393944485
0.0921968508497818
0.10556517141611
0.0988835146446976
0.1090064397916
0.112193041599032
0.0855567310432001
0.077166433224313
0.069929731153164
0.0728355222968404
0.0829610349783768
0.0785405255236866
0.0757572183348692
0.0962203203259641
0.0883545800486322
0.0923309747729193
0.0948413054937337
0.108193692252221
0.104608801020094
0.0880829031552453
0.0829659877250144
0.110923022838218
0.0840369196457268
0.0775868349903373
0.108835279880947
0.102000061914083
0.0825544635070806
0.107370796211169
0.118621427827997
0.124376228855617
0.0785559477416241
0.0867935152317223
0.0850588874884593
0.102991113731742
0.115038857294217
0.105643941760571
0.0749678117710472
0.0707214896380313
0.0745184742850231
0.0700003166391929
0.0894331534638962
0.0898882859491395
0.0764501712728979
0.07855284052631
0.0925765012790281
0.101613556426476
0.103360843211378
0.0906249562769685
0.0943546841755797
0.0998654249969096
0.100967455344585
0.0935169303886843
0.0824426582693588
0.0864951013912519
0.0756065018893554
0.0730856917456154
0.103122390916579
0.0834002282413258
0.0820743395462044
0.0863102443512116
0.0839585407139109
0.0846440885775209
0.0793763024135403
0.0693672059558497
0.070977481583438
0.120044791276716
0.09776116278093
0.127057155978799
0.0840046451433462
0.0971152481500019
0.108894007189432
0.103965884363926
0.0997344652323691
0.106165491612747
0.0822275477132107
0.0938067109229926
0.0733384255787992
0.0863303551335663
0.101437093942423
0.072981328238952
0.0896712745942238
0.0921905767270847
0.0711919375779456
0.0827543284255327
0.0771755955139454
0.110407074233196
0.0980347020110501
0.0995422899270695
0.126447215525831
0.119565463818664
0.164627033450314
0.11511848491177
0.0948299247523025
0.0958012538414774
0.0940705066585923
0.083296855448154
0.0785196685969849
0.0780487697081698
0.0929133497284947
0.0709462498138998
0.0752227800460855
0.0953262246144916
0.0762711684390614
0.0909887518856279
0.0833897964267145
0.0861390678748706
0.0886449002918556
0.0772974435749876
0.0805605000278131
0.0763243621923788
0.068809444371847
0.0696529170832043
0.0771733176663739
0.0848409813669519
0.0920230732152944
0.080109344264273
0.0901245571260358
0.0864704697841401
0.0979713752836135
0.0867688008927279
0.11575347872175
0.1151148714754
0.0935967727407198
0.0751641714378316
0.0828305161712455
0.0856787299015645
0.101586590204289
0.0870739000628761
0.0936040912620408
0.111073679188464
