0.0811090923663673
0.0802819836483861
0.0975174602763259
0.0873485114025707
0.0767650907612046
0.0704269216358253
0.0850354808545547
0.0636717175427015
0.0622525956909078
0.0731581137912948
0.0764526595189884
0.0648890589723463
0.0699085306695393
0.0797885093680661
0.0667597813386653
0.0703363270894278
0.0687809959660325
0.0609343338828894
0.0593227493342962
0.0572024381312594
0.0643885125961384
0.0684410856046787
0.0728352294993406
0.0790568424413743
0.077832076644093
0.0783927179024329
0.0791178207400201
0.0740776549281465
0.0782460519856649
0.107089921988217
0.0835968542393126
0.0756879903616044
0.0694630743536134
0.0598877190166024
0.0676362994734596
0.0645801687992325
0.0709536093224965
0.0747264075090666
0.06766650966009
0.0787901846960519
0.079961988719735
0.0626849364698869
0.0591799221044914
0.0639829358316724
0.0652268838385376
0.0825928650265672
0.0860723954829355
0.0822852379752514
0.0644603978124935
0.0599431396265037
0.0572820747901206
0.0581759406503657
0.0623213658149967
0.0680381462678331
0.0743330817861989
0.0967542213670727
0.0835930662873891
0.0869251852618766
0.0929465152412854
0.070745514744367
0.0963325407068688
0.0938695339727479
0.0965342603228947
0.0781292603044444
0.0688985593213281
0.0592421901302547
0.0686259537829974
0.0633286790040307
0.0697833098062386
0.074399146555466
0.0689509046744537
0.0909782961334397
0.0767788311893711
0.0753328309549175
0.0640389087542718
0.0644016267165997
0.0667414620510894
0.0854677238803242
0.0872131369928793
0.0678107208541224
0.0804352019738007
0.0610863040705911
0.0609921245449764
0.067903649369629
0.069313279290688
0.0640067516715947
0.06660535115367
0.076538009336085
0.0676768689172638
0.068496132767597
0.0639826052554611
0.0790954703967173
0.082599587085672
0.0960430426179649
0.0770272503470165
0.0664096242373087
0.0622676951703801
0.0639420175110835
0.0864313829474799
0.0735466142094506
0.071131286237637
0.0648253326881939
0.0691590715137463
0.070330498843086
0.0840730771076941
0.0842796451479723
0.0972109535435027
0.0970957829976823
0.11341015686574
0.147412574052256
0.11894947687526
0.0939495012247566
0.0991807911937752
0.089999070787314
0.116142456397616
0.114294711522891
0.0801851730742298
0.0613484876257306
0.0579565170521415
0.0585079957324883
0.0648586097477664
0.071867850949759
0.086386459229774
0.0847978390167775
0.0835159587377602
0.0711240435546217
0.0696101081630335
0.083697244502591
0.0778822293479419
0.0702698880907301
