0.125114427057704
0.246155363523364
0.20886444677491
0.161933287521105
0.10528151425139
0.149997557501312
0.186938682748666
0.114220055256852
0.101681324444171
0.103326920608168
0.077748018357795
0.0839625691342789
0.0667199576765317
0.0818735522892937
0.0804742263549982
0.0673479584243649
0.0636928392393036
0.0696911219100435
0.061529990469542
0.0721983819735398
0.0967512751575045
0.103869639830038
0.0876296998384014
0.103993282999349
0.158567678791627
0.127136701819108
0.155656793403369
0.198360056763103
0.113332712632445
0.111860470150482
0.0919702094031313
0.0854462467300957
0.0961732421349318
0.0828242335313596
0.127234004328041
0.129636568474334
0.13392417052557
0.096525412758484
0.0973009565199357
0.0784653024274093
0.104204960713629
0.100793073901495
0.116484482214478
0.171386699576673
0.177750086658948
0.147549215113697
0.167400851396398
0.137117634279425
0.128278665241143
0.12764297055035
0.129407935740958
0.158733179760451
0.155718263870967
0.138075583471177
0.0756165606123137
0.0695315061640257
0.0692637526255992
0.0728909177379507
0.0679301324497852
0.0624278187116409
0.0662914124258169
0.0658812595290975
0.0756954975603192
0.085180978182445
0.0835909117480864
0.103093326868837
0.095654573294095
0.0977348529715012
0.0837159409311074
0.0778915129959759
0.105625572853454
0.135544227036414
0.125840334347003
0.174337905540902
0.139954902212525
0.249945857038762
0.168696458311583
0.190625555600193
0.193089575909592
0.208049142706278
0.118499302169706
0.109139181898807
0.108627601325344
0.149279471315012
0.101552602323136
0.106144605927961
0.0734189297136281
0.0739682204514864
0.0906569227308425
0.114817680690601
0.158368447960027
0.150351789839523
0.129877247360007
0.144748631574736
0.127228741028098
0.0900855559077688
0.0925459546283268
0.0889352088771244
0.0870796813406656
0.129293847283912
0.141572424667159
0.139802217420136
0.137944637778444
0.176699995480113
0.166116222957136
0.108821096435862
0.118364496981404
0.157203521975355
0.221496169836326
0.224236191463858
0.298284991320472
0.214472219394689
0.194863074124213
0.16387835113779
0.113983874669613
0.131053793969308
0.124516424808996
0.160598206487953
0.159468619831852
0.222111300294473
0.256081786815823
0.173969348827689
0.221327063784598
0.237004284934252
0.25264508743329
0.272877653113638
0.198045265327802
0.211783506956112
0.111859685451039
0.116817278022312
