0.0912286643388948
0.0895823943394853
0.0876132826501327
0.0842232605437891
0.0894325950483605
0.0785250416311308
0.103194303900812
0.0781607746605424
0.0736894136626967
0.0810601163381641
0.107694697775162
0.0982028968551013
0.0778431924170747
0.0830431688676926
0.0936385233081296
0.0776054736304828
0.0810470787916665
0.110910907867939
0.10225126023099
0.0862197277035342
0.07288743697441
0.0842897817273642
0.0989001634955482
0.0978191855904691
0.096347762262007
0.117640068819546
0.126166218038606
0.127586234835192
0.12888877753323
0.136931664923471
0.106328635367024
0.0914469654179807
0.102069807551296
0.0934264176106805
0.112559439150305
0.108515048912812
0.0907501818122089
0.112209599894984
0.0865516485901697
0.092038457972598
0.1152006720337
0.100277706424399
0.134029891532122
0.130422173981058
0.10443479165423
0.0964201613565896
0.0742582256749769
0.081970779088072
0.0914442453387138
0.0876127456843226
0.114659154448647
0.107362354688448
0.0870040194005229
0.0860552520095011
0.0865431162037623
0.079687387087518
0.103066031041265
0.102484484959687
0.101485235653858
0.0712019802146381
0.117804422376
0.112326289366484
0.11900051479031
0.0988542263323525
0.11201864544941
0.0742256896825623
0.0857046202772819
0.084120429472586
0.0799864457166311
0.0987999002646533
0.0990103028431509
0.106673774731655
0.0829425941458598
0.0811166565852159
0.0857081112879535
0.0770383395541099
0.066468710780565
0.0645708872359151
0.0726259389503326
0.077338432364251
0.0903226650062235
0.0948137525787142
0.0802150332283449
0.0973028622675624
0.0769667891350204
0.0859482701577066
0.0686179842655816
0.0669593461915036
0.0649925384054807
0.0639300845284179
0.0650012067880518
0.0684341569951705
0.0747239952018348
0.085365672847053
0.0985598599488556
0.0878781065355565
0.0858574394872626
0.0818365352962147
0.10134675624658
0.102516963710687
0.105502969751903
0.0986456049611108
0.090697231442755
0.0740910914359378
0.0864937975872207
0.101317991111807
0.0747642962240465
0.0769787735005986
0.0997696096283878
0.102519298664731
0.079648845836795
0.111119337243039
0.0799545453735501
0.0903383094419605
0.101716982668609
0.0900429240569955
0.107993355954108
0.0956733126683808
0.0784039164063914
0.0870452423031509
0.087961872842625
0.090023844754559
0.0895451231082858
0.0991390460806833
0.0936398727138236
0.07975230474594
0.0865338261261568
0.112436478035275
0.127028250102807
0.100739580734304
