0.134594538496258
0.158252279158997
0.108018226461019
0.0904579253202309
0.106821462796595
0.117132060448102
0.113374375574052
0.0875732901927304
0.0701289238289859
0.0644409298251053
0.0703379309232295
0.0888030556638922
0.0926709262616545
0.149995714235762
0.149946070560247
0.109313244150893
0.0942283502261773
0.102003584614973
0.0983999827835501
0.0823792540369076
0.0949182598019493
0.0954909744910914
0.0884012806997039
0.0883018093205528
0.0783443831491641
0.0911941777342656
0.0896721010179543
0.0891360761964508
0.0798941856424863
0.108200175986609
0.113764081207916
0.105262427669153
0.0755607794222806
0.0806518707628385
0.0753750582043774
0.0803232284691098
0.0917642799709342
0.083976966441297
0.128171785715107
0.161817562930294
0.127456426980354
0.129479540798955
0.125524048680513
0.107201850377319
0.11106666463182
0.1121686146111
0.108437100421462
0.109289046252993
0.0932656876648102
0.0667626986428046
0.0727696914431635
0.0670659677222591
0.0597522907105118
0.0555386682072016
0.0538097197023994
0.0555458139053442
0.0630823896642181
0.0708596184961781
0.0625846901366114
0.0755346086861501
0.0911056147434927
0.0905694943266568
0.102258698544525
0.0907539136308718
0.0970110232500645
0.253039340343061
0.226810778331395
0.120502757779364
0.154717076597732
0.224115892484408
0.133177608389329
0.119059207195082
0.136727268234372
0.125141593974137
0.103653311024421
0.0927273665480247
0.10098332279714
0.0903856802275426
0.109539664672326
0.082511049798712
0.0876774089795352
0.0824937784267384
0.125774800331063
0.129198946844574
0.0967047513470955
0.112582721698095
0.13315392737168
0.0951788735507519
0.118371419186307
0.113447204970842
0.0815805320589347
0.108930285958683
0.102312845278376
0.0890641127739061
0.0838777664296717
0.0990440683661432
0.0739489765985109
0.0812145278596195
0.113883533209458
0.181012848094455
0.173319915473106
0.160289709368997
0.133542943440369
0.117713457123868
0.123414361011654
0.150745934591964
0.191612769372431
0.195385724839531
0.180763616912325
0.155514003982176
0.192380158542319
0.137534822923323
0.154502254154021
0.11955188188297
0.136446979820063
0.134849730685416
0.171009887239468
0.161724129165836
0.160361543517802
0.136365357893803
0.140540125358507
0.189903840740248
0.169574401280176
0.208578905298397
0.212312394978881
0.222322093552157
0.21091623405547
0.139708519475753
0.143578195944141
0.164034453007507
