0.128690890410815
0.0867332111733052
0.0903607970539442
0.135726365464113
0.108003130967806
0.110620640592878
0.121214016460709
0.0875313180580042
0.101277538164621
0.106183161494661
0.0970609062487208
0.0814142676027443
0.0885006521860094
0.0947274468698746
0.104336791385836
0.121454413808424
0.105588099076363
0.108920100483385
0.111663369397101
0.125841234294961
0.137016729124782
0.134477173185057
0.112316009972234
0.104945694239538
0.0892830770383873
0.103947553450523
0.0906725084880513
0.0884897922200925
0.0949510341774839
0.0913272264103287
0.0901120655866451
0.0735450650482678
0.0909739760308997
0.112379659034105
0.143703131248957
0.147502622642004
0.126012514535958
0.145260359061945
0.165916976142066
0.175736504833498
0.160821457150645
0.153915103452512
0.111956411959651
0.136345121930103
0.143078069527549
0.182762468939271
0.159838601694891
0.1710542801739
0.158404305079993
0.104831156506559
0.132978141204253
0.142024079111041
0.150802621566782
0.133826931388378
0.0914987010977545
0.133112968840101
0.143042813957863
0.139543131976617
0.118991540614301
0.115609449045112
0.112179350527126
0.093576908233721
0.160622080371002
0.144731759964282
0.137663867519846
0.0868365312574623
0.0815409331272959
0.0775392615252083
0.0989600553382773
0.10445678314314
0.122930891129894
0.119904840721728
0.130262592505287
0.128014126230626
0.142784282633629
0.155761349564805
0.113225173089111
0.144783165752755
0.110874914508933
0.118302375603118
0.127841926490958
0.124912859673981
0.0896052550259478
0.0988030045461193
0.118239035511216
0.131326781514118
0.135099038202448
0.110467633781422
0.0894444745857096
0.0978701447572164
0.12913081252784
0.173352167721075
0.13669407326096
0.142265884624141
0.146080748216773
0.180925325673115
0.148792183043688
0.144162376194793
0.132479620221091
0.138781207696107
0.155453370124943
0.165327576105496
0.175385479737408
0.137754488335137
0.131921093904226
0.146724687016842
0.152133022237745
0.131315111978304
0.125842376890217
0.101759507317061
0.10385906116169
0.096099673411877
0.124943774797678
0.116689730394101
0.144129276406944
0.105719880920599
0.13668817298031
0.118350603984553
0.134848639253266
0.13190792474071
0.129298790159483
0.124919832176682
0.117228032849268
0.114465026265401
0.122533360988516
0.13166588002143
0.101626705572641
0.104879951347132
0.152595588203092
0.163078095145951
