0.121620363612483
0.0962367139125262
0.0913751185833524
0.10376188223762
0.165685842093912
0.157340800716958
0.167581638835155
0.0977089464083471
0.126387007064287
0.132517736849711
0.141434161862061
0.139086706576016
0.128563007683683
0.125446122588188
0.13562358226697
0.18971884627169
0.167116335722535
0.144390981716057
0.13979341663386
0.113142901409098
0.102321271592921
0.136801362387197
0.101852926953797
0.0982170610811791
0.113281676221168
0.140886789562749
0.125926408169781
0.114474477673938
0.138416829736884
0.138632715508715
0.139606180240863
0.167615992129671
0.182769525269593
0.218105037045684
0.243405567592662
0.172250809783614
0.221700404995164
0.216617571854974
0.222195020790396
0.167324287712683
0.129891351714166
0.154128727842284
0.137849291668151
0.158638308736787
0.147964855711074
0.174100193630047
0.146662525640171
0.171988373670538
0.217858902891094
0.230614009948754
0.211709702098664
0.166567594844949
0.180229038544883
0.172902354736937
0.165418431276443
0.219320782925424
0.203424393177861
0.237432612476398
0.212993593341539
0.209447898594144
0.16346632467322
0.158190714182282
0.210605842686084
0.23192275556996
0.256839185791456
0.157505653174232
0.165070775983277
0.195464549317239
0.194489122970688
0.187427394093091
0.25416369023125
0.201030984829529
0.202676743660445
0.192340290733622
0.182407258218295
0.129127219650659
0.164863724955228
0.142038147332626
0.186569453283826
0.175421310652633
0.189389937078827
0.166745234555027
0.189050194075241
0.206138114992673
0.216700812766536
0.154125273288588
0.163378157112496
0.165413659817166
0.18076263164358
0.158271700975942
0.16954517935125
0.15925020274434
0.185188525934685
0.139091370793086
0.140604582842711
0.172947452896945
0.210909788164609
0.144428211171639
0.181058169204773
0.143102049108211
0.192040396170569
0.119246452666605
0.12948505500261
0.130942293970559
0.152774595255754
0.16191536818006
0.156529251921887
0.174391845806689
0.172974663245369
0.140454342908507
0.191845666678765
0.194367523534066
0.169371915637052
0.224084949752522
0.221236958478225
0.199154111199339
0.15696623549772
0.189976097176846
0.201932652793222
0.164479300021026
0.209191057268667
0.195630533731958
0.181530175020878
0.222409694348976
0.261864609327005
0.250032432332727
0.228364098669126
0.245901413683028
0.289044287388617
0.299346548732614
