0.116482983426936
0.0980912633352351
0.109833809792801
0.0868346666311843
0.0778288270449922
0.0674498932981122
0.0869505907219853
0.0700835454697127
0.0877426707657112
0.0829760957624948
0.0856699979911174
0.104718366987271
0.143826267425457
0.178818958012726
0.121629099366694
0.159329049096689
0.0955839825026307
0.105473173678033
0.161015491162705
0.17930706107104
0.262762510230546
0.241210657355844
0.305906680045498
0.25496274201334
0.206898445000951
0.195233053387916
0.247955591720453
0.290579881877765
0.250062399252831
0.167898322169244
0.116901517565965
0.119926960729405
0.133566504922749
0.15485406369165
0.125189068801416
0.13712019695228
0.11433329028691
0.136431453515653
0.121849439597443
0.122773675420702
0.165250175314872
0.149291502463502
0.105769085463147
0.0957063087034577
0.08074315699024
0.0891565702623682
0.0969108603662644
0.113352096734574
0.112518282398509
0.0962546967831406
0.101306329862859
0.11054925632053
0.118793329331075
0.155868099789612
0.139922437029666
0.111637925451899
0.150941635250065
0.0967137705604302
0.111179592904693
0.0954376101254345
0.079079856246806
0.0631479906307531
0.0624004840671234
0.0635086149527401
0.0642936973971718
0.115039781864565
0.134292133541991
0.10726461468076
0.115702397176834
0.0874061050878742
0.109249431758797
0.0995336440946534
0.112486654892894
0.116124047727521
0.118808255485596
0.0798719108863237
0.0776913861707411
0.112889421764805
0.11488718081752
0.133933737772504
0.138415937155794
0.157941650493728
0.098055703954785
0.125438813736511
0.113283782176332
0.123932291399235
0.116821819200607
0.1330357766866
0.154128359438493
0.137878406027434
0.202210771664935
0.269273619291766
0.222937012267922
0.255608372685073
0.206267697149981
0.154850486844778
0.155027487919919
0.107211251651584
0.0926055899065089
0.12073013877288
0.140106882806529
0.164490515182885
0.177696694076106
0.192986426864842
0.0946278367248024
0.114124947403822
0.138940910280288
0.11448602549046
0.0747881130942275
0.0835102139217849
0.0819457725639413
0.0761046094004209
0.0875124752929685
0.103607209113336
0.119560853712332
0.144427327687525
0.163953484628798
0.159002431416977
0.0997103996487533
0.11010767721962
0.0731209423302493
0.0975299983407539
0.0868665909375722
0.108022312663981
0.101788334856714
0.0973115393160241
0.0942222490318203
0.078670524197938
0.0873424629087772
0.101446043054616
