0.125384478413451
0.11320714299147
0.134738562366544
0.131940625270783
0.11491668882664
0.139840959299869
0.108751969479707
0.110923454507474
0.0788174942552911
0.0807344635990569
0.0647623830164494
0.0571353224496284
0.0556212733190098
0.0555499690580334
0.0627924928721081
0.0609145294597353
0.075055521345543
0.0881583166329616
0.0966414729294436
0.0937381240602507
0.128424394369744
0.091594054631153
0.109647221521384
0.121281964514874
0.13277896295565
0.144644379716472
0.127184265471562
0.111995504182151
0.111624027754138
0.100472825319542
0.102796501856383
0.0786930089843983
0.0931466789485869
0.106439621759417
0.106735217464851
0.130181397742696
0.114078253406608
0.124195612931163
0.109940822686285
0.113844632135798
0.100374873659892
0.121958059701335
0.1165831849753
0.119719282046724
0.122862447716741
0.116721560732021
0.116094744320175
0.117034765015704
0.105409114894088
0.114503451226539
0.122313658574285
0.12859068730285
0.130506986770346
0.0979452661568664
0.133556128456155
0.141469040793441
0.111311125382815
0.0931828233999464
0.107567192495763
0.126859374685096
0.128445998893968
0.11296259245474
0.0830328238313259
0.0870564783958943
0.087848138219233
0.0973119732576011
0.0841737818486174
0.114671865946686
0.11964505087565
0.102827505106925
0.117652466548648
0.0839507471802723
0.0907069060319571
0.120505578686603
0.108420433742435
0.105693851677548
0.0991930418775645
0.10795513415811
0.1191778175234
0.12297474663255
0.120237960584761
0.123982047030846
0.122871777644378
0.098531833154104
0.131882309197001
0.121014048156668
0.109696572972052
0.141178007574628
0.107228394336655
0.12675969147731
0.107518330938748
0.110171681820776
0.127306665378161
0.093854682272567
0.115700677802103
0.103233420045629
0.0899572189990236
0.141170581683884
0.136389305919062
0.111083831177722
0.119231254362832
0.11820367372902
0.115930017684149
0.140560631203398
0.140024485885692
0.117654706286356
0.133408758432677
0.116318812456197
0.104398638632391
0.119286678120048
0.121202802493396
0.0935629321917361
0.0983923333956473
0.078598197383219
0.0972042177337891
0.107056336123729
0.0991162461768397
0.100967005587909
0.111447499780279
0.112703308117093
0.117385478783711
0.124747554378476
0.110139013547332
0.0958612842052237
0.116757094567978
0.114209859129257
0.120882365394836
0.135163644427567
0.122669438170116
0.102205577718188
