0.162219273682873
0.168664018212341
0.255390233316344
0.22108235801445
0.297842725219984
0.338436065337141
0.346190309277518
0.290972066284346
0.217200054063359
0.161948720385203
0.128897255773098
0.14729657435639
0.123067504935633
0.0927760135018302
0.147386357367616
0.149660065509437
0.170563204531553
0.187431816949045
0.181756630591485
0.169199450035911
0.156533605772119
0.0826163130303284
0.0771486073895992
0.0647117670124364
0.0629886750296089
0.0641004623811072
0.0668037710752924
0.0655701249067168
0.072459834322197
0.0791805175763489
0.0708044526937602
0.0708007140119028
0.0808277868711004
0.0753563103215209
0.0726531949422126
0.0774197835666882
0.0786322968269051
0.0841429254746654
0.0838706063143034
0.0864751316562861
0.0949992244570821
0.116880314892675
0.125212362300612
0.121935579081483
0.114734674433661
0.116709598215822
0.132976875774952
0.143510156227111
0.140483745072638
0.158697130855386
0.135105638478669
0.0836344771033935
0.0693676340482847
0.0793692498583405
0.084753806349534
0.0819322888867393
0.0915931202768498
0.125070950496286
0.109344333365322
0.112195918212165
0.122501470984831
0.141506360841546
0.0935136188279676
0.0929847869163182
0.111752651271329
0.154487786153287
0.144604451859886
0.159133696765321
0.167749886121843
0.146750938580107
0.11807577863745
0.105428605816322
0.105391777961195
0.120170704382462
0.130763310051965
0.0951459476973862
0.109252472916435
0.108940855877291
0.127959405670358
0.12891883915293
0.143129674991949
0.165304172412792
0.0930937978337313
0.0774021379945473
0.0826805900424464
0.0819341483030794
0.0990599141423672
0.0888500124301059
0.0918231547617397
0.0910021252950116
0.100367449847026
0.119566832986737
0.139487864252339
0.0998840440470304
0.11561674473064
0.0959096340688774
0.113092975963439
0.113808102228848
0.0876835875735607
0.0898898192270101
0.0785199234060808
0.0684027100253144
0.0745023340440322
0.0650079777424435
0.0786404527556477
0.0995475405085779
0.0992362823602264
0.120909864960634
0.100721273875044
0.128859432514576
0.123067728409319
0.0875663925375086
0.168122242364601
0.121997699705016
0.116661534318251
0.108194186555622
0.0901197576094793
0.0733964079823256
0.0871365845543516
0.106097050956109
0.122884178317315
0.0847744810245104
0.0713804374830698
0.112839124401184
0.0996857249352901
0.148318112512395
0.144148109918898
0.133670659172848
0.178285183676189
0.118308202988925
