0.134813633227961
0.140244713198326
0.134447091009902
0.168102511116991
0.156694488488319
0.157643191800527
0.150101601153956
0.15275659966148
0.14090224497408
0.175309343784629
0.157791827624055
0.162610729871176
0.198617252576726
0.165262816278125
0.144769964102599
0.128255479650077
0.114610891168451
0.130070326338799
0.159789386745423
0.146990787141156
0.102113987316795
0.100520943155691
0.117033259366681
0.126440135814943
0.150581020045824
0.149281903606517
0.147796621024242
0.152588532132471
0.127645936345411
0.131275799609218
0.137497635969093
0.133117982030814
0.158355290935212
0.154067670729097
0.156694292181264
0.145726848623279
0.161998052040517
0.154276938679723
0.16166900477429
0.156087756943848
0.16683864690604
0.158242570665079
0.147071386598893
0.157094885988659
0.171479911938253
0.213481398972692
0.224921284007101
0.213264948463707
0.200179528921382
0.186782843580942
0.154470278082644
0.137525342917465
0.155132592772208
0.179245629425176
0.161602781774625
0.138833215858887
0.131309433990163
0.140655954194815
0.11002043622906
0.113622901827992
0.143907090521244
0.141505094060366
0.124908935627034
0.13325504321257
0.133445841144495
0.174777682609854
0.142750868423873
0.136595464568088
0.155075388051816
0.144468385838001
0.158504519074662
0.166920565411806
0.134677693099326
0.147882059721834
0.184538792784555
0.138339971734057
0.16252913084464
0.167177667148764
0.171972573511009
0.158839661547557
0.1617177136454
0.150100318672353
0.174811238221074
0.180699900172467
0.180336092554452
0.14347461590174
0.142480518350756
0.132131149674021
0.113851088161701
0.0981087071829402
0.109566605651855
0.125797566191236
0.1230811056666
0.137090764689484
0.126593911907856
0.109761324413316
0.132323573818981
0.146176225956786
0.112721976904881
0.127672234375319
0.125170583996521
0.118253926165118
0.115510333323085
0.111520729334266
0.120895199252447
0.123483108329134
0.134013597331111
0.112395011430328
0.0957953692183617
0.10754060571851
0.154358395078637
0.151420579403814
0.128134473009892
0.112528996948514
0.11835149180599
0.152392885821157
0.113886751186053
0.145856205939493
0.137327096029959
0.133254964988488
0.136360247095245
0.129721347077976
0.110730261073208
0.131399544796616
0.14301493059444
0.138965924983612
0.139870349317234
0.128270613142771
0.139172203477053
0.15576985001172
