0.154362614818316
0.149566828695119
0.194075822319995
0.183270578526514
0.175648546503484
0.168740284399431
0.163926075356894
0.114237786049482
0.150341527135797
0.152085257917145
0.130556196741381
0.135014077481193
0.139894047177271
0.14785272107672
0.163766210465297
0.0891583207260076
0.0807443797835639
0.0935356733194394
0.102855375157394
0.11886741049039
0.115468273368801
0.147717285237707
0.146202744719231
0.157686846723723
0.137975683765653
0.129507092590407
0.130872666567787
0.184853771761144
0.125292501525774
0.129760332712881
0.134715197781247
0.127796110048499
0.112830355012519
0.133458317461409
0.110770623716852
0.128054781704919
0.118059671250832
0.118736410003778
0.110372435773178
0.126808572542301
0.173555140174434
0.158956651713932
0.107499603471882
0.12810181764698
0.152703078459789
0.183297363682568
0.154903981092195
0.155915310511447
0.155374098126114
0.116264330540345
0.147699845099369
0.151093641084806
0.151065408981428
0.159944351096623
0.185434316116905
0.179033885912212
0.186417461111299
0.164685866690736
0.186827699526075
0.213201140369784
0.181166757274306
0.164946068541428
0.132735895254083
0.123715587950303
0.127424241598065
0.10785895329422
0.103784369309226
0.134762282651885
0.151087854740299
0.141964118909936
0.132962751426662
0.11864801797867
0.128799199490622
0.126427981481935
0.150900107184556
0.119493153259956
0.1275473167251
0.111583456190632
0.113182124165286
0.133021608702271
0.135161263736193
0.123316607734845
0.101267050387378
0.0836896158007894
0.122195393114422
0.104310196760265
0.118907869158733
0.112241846252195
0.109941973957276
0.149593936817617
0.149753267188576
0.178642943564677
0.130408134200765
0.132670272240498
0.130312910369377
0.133843762730186
0.128874415635831
0.111728458461119
0.124985316336554
0.131619852127266
0.120315748755397
0.132920286593625
0.137644342348344
0.125399727019468
0.135235338425181
0.120282186711401
0.106484076244952
0.173739722343657
0.124985258394594
0.180427773849993
0.161055241766566
0.148155090048924
0.133794430499823
0.136160594182342
0.122446530175899
0.13075545842767
0.124323571809548
0.135384111622796
0.138755808031734
0.145365181362403
0.138780035028945
0.193276367278679
0.188773504318315
0.199843759074441
0.120053412570744
0.15742871090573
0.124551946047175
0.136705937445006
0.136417691157294
0.135728268554137
