0.209118133941999
0.189259591063229
0.20860642568988
0.205851423538691
0.203585468639527
0.185645810950632
0.167147130576618
0.135848867629705
0.159450033079907
0.152720568902155
0.151451763297781
0.181717917468124
0.165916214128839
0.161908338972883
0.168900485007746
0.162948194762132
0.14745638682027
0.145496263157232
0.143186532080223
0.173872485446046
0.16230063330675
0.186245549175134
0.195448584483097
0.191777176811466
0.192335338604231
0.188153035801267
0.180614671980729
0.184339513989093
0.178896620216677
0.197856853371649
0.221828617104284
0.191651063335927
0.202540235204543
0.266392299154906
0.238785957369355
0.269358794711224
0.257676697353626
0.237728096618596
0.221240992229337
0.228076033428241
0.186031064125084
0.245791637559855
0.247357199078573
0.220129915916396
0.238315758797926
0.278667054868313
0.283990475380313
0.199187615432962
0.240113729697008
0.179352271623412
0.206477248546511
0.223806783340984
0.191914253502632
0.245308847151585
0.212051423954168
0.250697474433157
0.193704337487222
0.265972714638361
0.245889457806506
0.259230079484126
0.19900840469612
0.246624476985405
0.198077996279429
0.208226215869891
0.209083704183778
0.125584606845724
0.145262057476648
0.139088775952112
0.128295162687252
0.118127575231623
0.118400413848541
0.125745271726104
0.123703187570643
0.107335442218322
0.132744444585643
0.17406155425374
0.16049408501055
0.123801793300147
0.148238820490838
0.180087026321699
0.17559170929967
0.180574369919537
0.200016882368948
0.193686393976766
0.168395449907106
0.148883516054985
0.182773960002148
0.184857367763218
0.163486892404415
0.154376851345839
0.143028652307105
0.156952299525166
0.16574192633797
0.190176754041345
0.18595670351515
0.205956329451541
0.222383270398421
0.20869810456143
0.23510173903735
0.21767230878552
0.177162998312866
0.205519142650172
0.234947492755682
0.209086735086407
0.227835550243131
0.205913561453899
0.223332310376863
0.195282667403353
0.185297311451036
0.185377000721223
0.167164026606584
0.192057071283543
0.229166468607673
0.194266354926231
0.197958435117534
0.218372864020755
0.187290461192202
0.221602623226953
0.215483704639396
0.201830241533054
0.207279074341368
0.211734767648111
0.204904007079016
0.197388049206173
0.223268596938321
0.209772221495336
0.238886432473347
0.197116290659274
0.221682357839864
0.173848672966419
