0.0725310367482001
0.0726920374628933
0.0861571782685242
0.109545646370066
0.0882896515489868
0.094426484800302
0.118959650329094
0.0913712853554333
0.0872332140004347
0.0908261346547733
0.0802020639320355
0.0779507434796761
0.0950448732728127
0.0942447673337945
0.106701046611948
0.100404071474643
0.108664488355234
0.103477205078723
0.103995771307763
0.103452456115276
0.11691989517485
0.0957927096323236
0.0805091374158471
0.0918257748632249
0.113210144392412
0.113487978454763
0.0922723602094199
0.0841068035439649
0.106872262246823
0.11869674674887
0.0908423542952844
0.0885660702042822
0.0982739852654499
0.109479271056766
0.111416360078536
0.0987243849547412
0.109662254648823
0.113337217683486
0.11903349772842
0.0869580258921855
0.0791999359155638
0.106495231802286
0.0800843627695794
0.101515617411755
0.083346100549912
0.0797299071203574
0.0897949663610186
0.0891642760717183
0.102404282630263
0.0960158774029041
0.095092489867786
0.0992216848284266
0.11423018617
0.105484985669295
0.123598357119297
0.112181822216588
0.135565253553343
0.100112346782633
0.111280033660159
0.105500605299701
0.124300769830111
0.121952454250857
0.108215409334504
0.104326882738665
0.0839721942322419
0.112649349176143
0.101095274292008
0.112641336835477
0.121558970346123
0.101818801155901
0.105259767369639
0.0793542130232039
0.0897217250190122
0.0880438251677268
0.113460014247781
0.12055412666301
0.116784425390283
0.0959405864688965
0.113952313690924
0.116617516547444
0.10326309393964
0.109715984690532
0.0929117416636476
0.102188970346373
0.0962830521207959
0.10633760056521
0.128793092923029
0.141193831836332
0.13267203962376
0.116228828924834
0.110482404576431
0.115983816001214
0.0981878851207184
0.0940685887126208
0.117990265557628
0.103670508576738
0.0930365052381048
0.127694380896442
0.117415680567501
0.0921324264942774
0.126074837385786
0.12550455257678
0.0935771515219695
0.10041075228486
0.118624389735184
0.123416064891266
0.127033363154792
0.113778399960013
0.115379337199589
0.128976553477512
0.114470136926608
0.0897966356865025
0.0810573616759997
0.0933993752580561
0.0970064965254046
0.112297442961347
0.100219311527323
0.112450835915098
0.112390686286192
0.122100019450457
0.083955413599885
0.0933640571320441
0.0953868119861206
0.0965569034423902
0.0859044656546127
0.0976191015594284
0.0841229442758694
0.0825371734958235
0.070935349931948
0.0683801963607449
