0.0935263808402807
0.0863175980683591
0.0962345739420168
0.108896364176125
0.103017755663392
0.109441580322902
0.110506700446007
0.119086148895654
0.117382716476546
0.101223709992736
0.0818803893860107
0.0789020908156142
0.080032087715548
0.061652484821562
0.0636483058154614
0.0671541073234546
0.0722368707394384
0.0666421735765216
0.0885435668647947
0.0702213624506998
0.0682064863209095
0.0849310200932269
0.0986133901873529
0.090208167968759
0.0856589185028099
0.0731875498237138
0.0830660411364558
0.0795549573530922
0.0810033670890664
0.0763825890859887
0.10413214293497
0.0869817566967006
0.0629193585617446
0.0604781476016425
0.0694845546276722
0.0819771785633536
0.0752368171263588
0.0902545042073267
0.088658328116322
0.0827061954773973
0.108834718879136
0.101161067261922
0.0795595321874426
0.108657285837916
0.0738091857655217
0.0706018513579542
0.0703584941314172
0.0726693180893984
0.0714449782489412
0.0780595039444667
0.0821105253635361
0.0682226959341075
0.0718876859749966
0.0660411626606408
0.072174616641888
0.0648386201351012
0.0808907976175839
0.0765688765076328
0.0743108236921879
0.0836035642825685
0.074247307914716
0.0743979510635833
0.066160763561982
0.0790486696462
0.065375289769309
0.0893663492157955
0.117286231937937
0.131062231130546
0.114419042247096
0.0962908155420916
0.0964548014900865
0.0779103183414437
0.0810953089163015
0.0903133737456788
0.137193935090827
0.144211133440989
0.113502287519805
0.0859226698442902
0.115565808010156
0.0818871599656524
0.0699317266141086
0.0648991585353684
0.0853449256042212
0.079449007960387
0.0837351975661554
0.0940330387265959
0.0737541546654893
0.0727869192828321
0.0860644186374792
0.0785489589861987
0.104052395249888
0.0942210359978079
0.115262853307311
0.109152878913715
0.093868580785904
0.0820636856138611
0.0910052872190501
0.0834713966085854
0.0794081062539583
0.0728427637213794
0.07307210625485
0.0769779671354718
0.0893648397759291
0.0708968769975419
0.0663639212890266
0.0716458673512528
0.0740172608231606
0.0730941916130827
0.0696441637812045
0.0763182800437376
0.0869580836469306
0.0983232020957211
0.0925856553800295
0.10142647738563
0.100486647956539
0.093919199099628
0.0986293626947891
0.0654775048430168
0.0610820859046883
0.0679221783558811
0.0911047434714329
0.0864411081877818
0.0952477129207585
0.10839177609554
0.0961954337185387
0.0838610094837284
0.0920582065134166
0.0786105418128757
0.077882653339486
0.0742369870675819
