0.0697414979324653
0.0662052827294792
0.0652920314455484
0.0686212265323221
0.0703089408586753
0.0710323084277307
0.0934370689103974
0.0919413987183039
0.0753829810110616
0.0825570621375558
0.11364319814945
0.142982694184939
0.0984587176722563
0.088903989738647
0.105920917258658
0.109977641825828
0.130461265930587
0.13390049536759
0.101092246603193
0.0955057824734075
0.0974914030818586
0.114316652851004
0.110780328100797
0.101385907432362
0.119282232255358
0.114142172117349
0.0932147035649598
0.100690768460946
0.0844783809117723
0.0937900192978168
0.0880692975822062
0.0894436474421265
0.110068424857926
0.0996760926965196
0.0939075750607915
0.0709694596040025
0.101683999839443
0.118372902525149
0.127565897070632
0.109768256457652
0.0890978390683206
0.0964773319628054
0.104012637242179
0.0894593441723554
0.0875525798987616
0.0987509803601135
0.0950601247174299
0.0787264237364783
0.0826143769448871
0.0788405101117612
0.0783915902441751
0.0877760551036716
0.0745028870494483
0.0854174599805056
0.110734040626735
0.126654358689785
0.130322497458053
0.118074390988725
0.133578287911457
0.0926891801807472
0.0949079652670022
0.0837542674377085
0.119617483467589
0.117854510652091
0.117467009290876
0.150656868422656
0.108096521511621
0.180746017615536
0.116229828506127
0.108788285966041
0.0978556841164615
0.0960797837223999
0.109045415951165
0.122183958462008
0.14721808174908
0.124489241280021
0.111056118243908
0.103659429922813
0.107801654621868
0.123121529545073
0.102985814207952
0.111630129723848
0.106132636201529
0.0946882360270837
0.107712644794793
0.095427283972489
0.0793388230486802
0.107514182377842
0.097572342999478
0.11784698660096
0.102917092130293
0.112333345215551
0.108191116742813
0.12144453782589
0.118424919170819
0.109740790587023
0.0857936286292237
0.0806486755477393
0.0798785269132279
0.160037121400435
0.113505142562169
0.101376337895314
0.120861217687776
0.12167485188596
0.134632608435495
0.127034310797768
0.122370223374426
0.10004798293358
0.0955692196266047
0.0735838665294373
0.0776860535490116
0.0949367066672792
0.0964552508718578
0.0881693774791518
0.0789709727910701
0.0745553265635902
0.0850046145384241
0.0930122183329523
0.108769251116593
0.102214224120106
0.0937638482816161
0.0867193929229341
0.113038886022622
0.0946435345477503
0.105979603840267
0.113739712823065
0.111017105012226
0.115218424433175
0.098972597128996
0.0877729044486446
