0.40321009340611
0.420588075504482
0.418796307269175
0.348430102399923
0.357575801037194
0.390376719481897
0.379562265100243
0.350824098504598
0.353405277985925
0.330492672205915
0.314563890220911
0.375936534228894
0.345204819131007
0.356091869905982
0.335770246653791
0.350472472305094
0.331528126362992
0.340524253009701
0.356930783256987
0.37413637275954
0.363883433093792
0.330921695631078
0.284156840830279
0.31282520175772
0.30507868677056
0.302474842633917
0.339239776141588
0.36261607369954
0.363921165259081
0.335319154309427
0.329169375822364
0.348668020072503
0.316154706014357
0.283044345323632
0.294125125471768
0.286096382071248
0.347431698549572
0.336403465863888
0.308506006759893
0.345393452080178
0.361830575679945
0.342167243479192
0.331278194776841
0.329446629718037
0.341019883550375
0.3681603143011
0.367597049151248
0.321174625024173
0.291027458904352
0.328484738432758
0.289839441357693
0.298140957662943
0.29996237221561
0.329946719940043
0.371895064316992
0.345304421033919
0.313357166472953
0.368841338843628
0.32347426466897
0.307266493958934
0.340831131156882
0.373869759594991
0.36064760060629
0.425075081107335
0.414815393506955
0.267166690510003
0.258210340684177
0.292797698799331
0.313245435368556
0.32806497462461
0.33699245343355
0.33575872060362
0.354229117798971
0.390779466136884
0.359786826039192
0.350368055129759
0.284942365650736
0.266970488677829
0.287808600011959
0.318508794050228
0.350378782408395
0.303265995819346
0.411442056606209
0.406978893874015
0.427247920306759
0.381231566833289
0.364018672354097
0.403279649691594
0.375192992455516
0.350101752031496
0.324281940261299
0.329988930871034
0.316196354814527
0.353402288825139
0.384860414922129
0.358679948978318
0.361783058787737
0.382271112470897
0.384284955288949
0.377374612734047
0.359571177685833
0.37908304636305
0.356000387068912
0.331509256688658
0.32481316681771
0.352030686939766
0.307984947937324
0.372996573230791
0.367681655414049
0.369158778066392
0.375807623425163
0.379438390441073
0.365903218505231
0.327404412286499
0.352777038860654
0.360081562665771
0.374368831295957
0.275992592330483
0.313982647244545
0.365606262388201
0.33383404587127
0.332663531201874
0.371204912048088
0.396123879250684
0.369376447300889
0.362752384948964
0.345379792735181
0.336453348788179
0.338873586833871
0.348770554145332
