0.136213187511178
0.18152277284679
0.162444513875323
0.18013742710261
0.238004733411838
0.16011216084783
0.131726862506406
0.145006651503086
0.196573035977072
0.202535297276355
0.237316934186188
0.180975106764208
0.100267866737104
0.123636678963201
0.0940221627162283
0.108275561747292
0.102891696040998
0.075442023916592
0.063350048572643
0.0580042038911717
0.0590073478626101
0.0593227686271103
0.0675946286515817
0.0795534924792496
0.0952780983617707
0.0979198122644052
0.103356733283817
0.11489302909269
0.169287706629847
0.151442130865234
0.129194908131502
0.125432574739906
0.0947143810832988
0.108925836744286
0.106652735554956
0.170182997905637
0.208067923827604
0.199441431874348
0.255465986018409
0.207775435882914
0.132873471110897
0.0976067671919027
0.100105738916406
0.106187575054014
0.215886540707189
0.266880952192119
0.181016951869612
0.220529048638317
0.157607179514449
0.165170100494383
0.152613710116901
0.145989584361157
0.224760700867399
0.233624225044426
0.183249593387267
0.145647969366677
0.115758513165961
0.172607053574665
0.161221766411275
0.158404059732693
0.189426178289426
0.120094221001534
0.14787590985739
0.130900720746835
0.105895506081682
0.108367820273238
0.113105027889706
0.099005702497685
0.130499499554738
0.124217488627531
0.109437436292923
0.106521378858588
0.121645518881549
0.108909512384169
0.132160741864925
0.144061339390229
0.136926275268607
0.148211575808873
0.150593327100523
0.118704374640813
0.105311986686143
0.122259413056084
0.123336106983796
0.117045811203641
0.119644229453564
0.105202375595325
0.102050945069154
0.0914861648120391
0.0967098490122567
0.0949302073762287
0.15052965123156
0.137688148568939
0.181403131702418
0.193665409413484
0.171014756736132
0.150740677431821
0.130164008897934
0.139370973070219
0.124508342099532
0.138853051478656
0.150294438372626
0.173921201374214
0.210500048205344
0.251072833611583
0.170360087786123
0.174534719769073
0.200945839418008
0.197026354199427
0.216150300634303
0.157911478514446
0.186333728655373
0.192216418342166
0.17925638275255
0.113683583983348
0.10887644393714
0.117396090738555
0.105225576433938
0.173531304265691
0.152744870708128
0.210002738631128
0.20484288550134
0.166021445719579
0.123853536867894
0.154015853595916
0.126924685163813
0.093453133502523
0.0915000691321527
0.121281814429305
0.168685680007834
0.184669452300959
