0.073616791027471
0.0782118088523941
0.0965745853447886
0.0967309227106287
0.0705254531233056
0.0935888929876689
0.0923640620115729
0.116629164881804
0.0888369677837925
0.0781363531539173
0.0778429913431218
0.0765088531992349
0.0772944274752713
0.0887514076968993
0.0963766943731444
0.0880062849434639
0.0748974164717183
0.0986860806201118
0.104801503756882
0.0979674420633971
0.0814420531148756
0.085474819223769
0.0782940548127245
0.0895466983404475
0.0701955122003224
0.103691840600969
0.0825234197119081
0.0959420673723725
0.103112680016905
0.113227602009162
0.0784951508184326
0.0697931913450958
0.0687172878453753
0.0739518325610138
0.0718296678618235
0.0645424361975432
0.0838335731516499
0.082188124600968
0.0891478220680814
0.0862797200017137
0.0860024653941332
0.0936776925061643
0.0830256537998463
0.098111459771183
0.0981589963454193
0.100554824662
0.0975494884126807
0.0819184740793096
0.102884141450938
0.109136033316209
0.0871054201471775
0.0795191139630347
0.0752124371034806
0.0811277353430335
0.0793242744532256
0.100074932254883
0.0891204011897583
0.108800099630853
0.0836530989023538
0.096204907301241
0.122853113420753
0.101481827389954
0.0951847445768343
0.0872803764848806
0.112671639548262
0.0879194271188477
0.122186026003066
0.114780534422246
0.113097764028131
0.123468195928516
0.109004836351396
0.095065561651503
0.0941818111509245
0.107794208506224
0.104133890923424
0.0980157080492014
0.0909418858297364
0.137039105416317
0.101899317248174
0.115312874023999
0.122780514657927
0.111297442163232
0.103284678124252
0.09532533557874
0.0880100790925838
0.0917925590933817
0.119325762575232
0.091968084379171
0.0933126074315131
0.0801320443286392
0.0816695256304797
0.0920546479571991
0.0868719174031726
0.0837845400547874
0.121660257287776
0.10022371795746
0.0743210976522502
0.0620424756725936
0.0812451039115645
0.082694807888269
0.0828010297766416
0.109499301521502
0.0918839606207652
0.0749403871464859
0.0741905768900844
0.091718342188196
0.0940118386834111
0.0799402816416441
0.0752038833806071
0.0759417387717998
0.076529827360119
0.0873275254249387
0.0764657821576436
0.0903771062953096
0.075815349423166
0.0815372093010972
0.100915226972457
0.104146379293049
0.0784056353306339
0.0804644374813586
0.104711914955722
0.0974102527850649
0.102953595008063
0.0900716927582318
0.0823911411283263
0.091332133625959
0.0744459204671371
0.0859265225826774
0.0956519546289059
0.0857067790491167
