0.0677164094168439
0.0734393172386654
0.0721900124215907
0.0639441929236261
0.0721663690792879
0.0682823067845559
0.0908486534489781
0.0694072161446011
0.0683701629386868
0.0764218056889851
0.0695700050609204
0.0601011074446997
0.0655187918738295
0.0835493998951752
0.0772098088227927
0.0923765271125938
0.0689326965768534
0.0705691606020421
0.0736465146389523
0.0786689792018541
0.0679997359328618
0.0698792620404802
0.084420212728863
0.0768757149963655
0.0669785949412768
0.0724604216927325
0.0770249976198626
0.0733978771231002
0.0646886933794406
0.0619879067614888
0.0579881678524595
0.0587569519896571
0.0620401224735469
0.0550789888600927
0.0520750745944307
0.0530644910428179
0.0619226690937856
0.0621875087476401
0.0662097430626301
0.0686730613337948
0.0989478691717161
0.11142296366774
0.089224547423212
0.0985191520115726
0.100121265673085
0.0965514887238886
0.120103646890096
0.128836502503416
0.0934795674289936
0.116734809379148
0.0984584511996292
0.116660357498687
0.114188393343245
0.0964104354527664
0.0831681078111199
0.083855772053594
0.085449016715871
0.0903252665023466
0.101073768337474
0.0909103643743879
0.073985847993154
0.0749212834788867
0.0676082446108517
0.0707819240311459
0.0723721334325141
0.088569835618621
0.0830422321707193
0.0946005318223795
0.103772019710962
0.0815779634514948
0.0905402601824027
0.112322917279154
0.106131658279347
0.083279143426543
0.108399573578289
0.100083326452957
0.0860560215529205
0.0895482745778024
0.10494016338401
0.0719626000476815
0.0936136026665519
0.0843342256796118
0.0821133492013301
0.0679657825026293
0.0747402285974023
0.0668582430207476
0.0734143987363994
0.0687099339822155
0.0719376460753731
0.0715616450148991
0.0872450568344243
0.0936269377710043
0.08142782630955
0.113724758825598
0.0982171547321292
0.0904895572393087
0.0997922963897956
0.0966393950302944
0.08048116975122
0.0694854231409184
0.0808664882153066
0.0948899921075491
0.103061942728616
0.115011462535345
0.0948988449312828
0.0926928822590269
0.0846224801927909
0.111769377554917
0.12117398590128
0.12025576104345
0.110350618989849
0.109332851897085
0.122074703633487
0.11598712054641
0.110869470626084
0.0827407878201679
0.0835443895814148
0.0945991028474165
0.101766642904595
0.0906981607627637
0.0736774122803746
0.0683182994536842
0.0659053638329893
0.0679748882398439
0.0671972604699963
0.0641713433440814
0.0744446680843831
0.0756860352176465
0.0684688235500662
0.0771750352381304
