0.0879416086593868
0.138923798459785
0.103587023263412
0.118473474696802
0.111222208927444
0.148620798695496
0.131828698300521
0.137779230409327
0.154846090672925
0.090110532498021
0.0830341401387337
0.10628134400192
0.117152153976408
0.083322541596812
0.0674374505201685
0.071754587570235
0.0769784708689975
0.0888502544863187
0.0932989717737115
0.0818958173246641
0.0839386760249493
0.0906346898286403
0.086816858938252
0.0878469865556788
0.105868487067128
0.127190181757081
0.124353279594215
0.0929233965942002
0.0982689371633751
0.100283701768804
0.104691884000384
0.0760277744423434
0.0865968096939106
0.086906472635358
0.0754596373627418
0.0971496825784525
0.0945878887119274
0.0811828790002673
0.0709258043080637
0.0735603086566195
0.0977901115566595
0.10044928614646
0.104305268354199
0.0978643527540848
0.107793925333059
0.0765621877234367
0.0913624664373174
0.0843450512287773
0.0904820128636661
0.0763092523805644
0.0689249127656255
0.0639957474611104
0.0707363474563502
0.0768885022510016
0.0637751789780331
0.0629148016709545
0.0627543732147892
0.0744070078856056
0.079220208053934
0.0818821448873232
0.0730636214491543
0.111479802673877
0.0911086437971304
0.121036926580015
0.129709519643965
0.0704997774191737
0.08451925011586
0.081904645281463
0.111730230324111
0.115302513991194
0.0854791008249631
0.0847878486324055
0.107720574269389
0.112577049584426
0.120244048117394
0.118263317600179
0.118135675681567
0.105487674551123
0.0972340780592985
0.077946713544666
0.0756085213834684
0.0735771778492763
0.0734610186569319
0.109942597176127
0.125213293630698
0.108816708127631
0.117600097283268
0.100369067726997
0.120414232197522
0.102575979123264
0.107294769932528
0.107144890201184
0.101548791242924
0.124116037624246
0.125192188094077
0.1521331619875
0.108321546193901
0.12029248721381
0.0830860267077215
0.0869580112317983
0.0747722676423728
0.0708058080373792
0.106369649405622
0.100362275234914
0.0902474139735626
0.0687603237599449
0.0643772124704543
0.062961721813009
0.0653010868037113
0.0616185639605486
0.0629819513145304
0.0619826076702727
0.0591901444567124
0.056450088211202
0.0581010526310565
0.0657128969458943
0.0708962892975852
0.0788953327514271
0.0865575972484399
0.0825401813207836
0.0951594025856762
0.0842939718704217
0.088561265104358
0.102809229462262
0.0886472770051128
0.0787880692444589
0.0824145352891796
0.1065300353689
0.0954078206055974
0.10261266583655
