0.0674216370727108
0.0726523593186425
0.077261228612036
0.0839156315932694
0.0831793784754311
0.0956737206447459
0.0871838730655156
0.120460517617045
0.084476127842902
0.0841509586987813
0.0752699176291239
0.0881644665710549
0.0733173410035735
0.0926915386289426
0.084683146189721
0.0832707046660514
0.100407548682526
0.111365986305796
0.0903287542942119
0.0845137534588176
0.080731264108333
0.0728146986698158
0.0964646489803063
0.0866655550230982
0.0801218954494218
0.110471713899716
0.110951474306744
0.114380216977716
0.124793148654625
0.145336628941685
0.106912951480927
0.101172018434852
0.0998847683461139
0.0970743949133271
0.0834995840957088
0.0886021910526741
0.11603966803912
0.128294684645408
0.115501465141762
0.103752061408997
0.0941949917459532
0.0813977029631495
0.0694755504738776
0.0798060098591611
0.0695889100426279
0.0782403763236141
0.0875838497482615
0.0859743433063914
0.0970124697207077
0.0968730941404836
0.0799699705457113
0.0835448701693686
0.072162590779131
0.0864420228193257
0.0811284609802447
0.0742555565225096
0.0815259428999294
0.0906174685260891
0.0741247179233736
0.0968910512037979
0.135406766340967
0.11743631259009
0.0956072570060929
0.0888973855442396
0.0850622739880325
0.216462955800695
0.160311778065923
0.184429179938969
0.174645646621635
0.19749547811985
0.165132754338187
0.204968611795585
0.180550677050404
0.182989195276277
0.199904302377374
0.213428499484097
0.172773609876326
0.168481249527598
0.126733906265261
0.12634162294582
0.0973956622400883
0.118871607743424
0.134000915808429
0.213223575558802
0.146093644765584
0.113497431465103
0.140256715572957
0.113853228114501
0.112063375408648
0.0869819335802867
0.0790891950410589
0.0751966596448494
0.0756678621153662
0.0929517307500149
0.0886129425580509
0.177094818394858
0.159158603194587
0.121187911229361
0.154990090228788
0.185022771513975
0.162502604364387
0.12060303731387
0.108937848904882
0.134333068119596
0.0892049814147431
0.0948157771846072
0.100643770187947
0.109208554183869
0.144181643503713
0.140418153690865
0.135887001854398
0.16873873888976
0.164281834337412
0.186250006666528
0.180908126966251
0.172839640471577
0.25568779699146
0.153476484127813
0.142081211043966
0.126545488656072
0.151868802398099
0.129056720885129
0.120849832431078
0.137971111833249
0.159085262517212
0.104331291609994
0.0809432932668356
0.0754795298082244
0.0848125430292111
0.0736527850594663
