0.256117831931763
0.270218002666376
0.219415560425713
0.230105552536895
0.219086521200831
0.243592397439404
0.259712922904717
0.246969428977845
0.255363227654492
0.238167875521246
0.173694645264494
0.209470514816986
0.22179377400577
0.201995636741512
0.201162073404388
0.200813683224561
0.260246414093998
0.249925855508193
0.249698041116097
0.218215983799799
0.220425178267667
0.196108238604648
0.205242693145969
0.224978239632973
0.23690382363913
0.227525962179183
0.218295881422166
0.227847239764649
0.22073592244402
0.229004733746508
0.256160103904729
0.219855438003217
0.25183579799706
0.239038898175949
0.272223210481545
0.264061431184448
0.275939323223477
0.258869327310077
0.229295100574215
0.24206968006447
0.25209636088417
0.238072297136935
0.249478128917227
0.237734276398619
0.258343667292063
0.229649781846431
0.25789398531339
0.193839466180448
0.219915835907192
0.20264236545871
0.190731700269436
0.226818552322716
0.232270237946979
0.193891006827819
0.196809364725841
0.217664007278382
0.203951349739287
0.225113564841062
0.218040001909012
0.229123804392125
0.258434935244302
0.178564635326887
0.210588106187097
0.230169304114666
0.221796157183615
0.237971782106281
0.20641799557025
0.235478289226421
0.238158849546455
0.228655593770841
0.226427356915709
0.205544181079116
0.231291010778752
0.220096366362439
0.190871088848493
0.219582748667155
0.194467544261741
0.204913051565826
0.198737679487326
0.221157224212013
0.203953725787568
0.206727814369972
0.210794213664089
0.219626776301999
0.202210274986597
0.211156527622858
0.240482954897233
0.232897074041332
0.23601235835452
0.235742292443522
0.241355509439411
0.230678059796247
0.228344282019516
0.211377555845761
0.234717735605118
0.229332389627943
0.23038636216313
0.185108445470436
0.209653861622645
0.19950401616783
0.203665410335922
0.17543168184155
0.232328361015901
0.217248210591078
0.217496416981368
0.22635556546866
0.201712148475296
0.220997417288869
0.206579034798268
0.208174795565779
0.232867122053783
0.239489979644223
0.207231565095164
0.203670736721006
0.238197618438582
0.227055603140254
0.2185662836303
0.259595358735464
0.277218233595638
0.251850651780465
0.254873204160725
0.215650892474625
0.214444300236152
0.221718672244753
0.216421881612007
0.215408475203576
0.219723148283132
0.209837549898696
0.234254501032485
0.218008879902206
