-0.940583678758341	1.44080419742267	1.55170245966115
-0.940583678758341	1.44080419742267	1.55170245966115
-1.65402333943894	0.256290324965477	1.35734998370858
-1.65402333943894	0.256290324965477	1.35734998370858
-1.65402333943894	0.256290324965477	1.35734998370858
-0.288936812000224	0.238007041477851	2.24720688701612
-0.288936812000224	0.238007041477851	2.24720688701612
-0.288936812000224	0.238007041477851	2.24720688701612
-1.50559465171628	-0.415368803873524	1.46406723755349
-1.75631392201421	-0.470312165376189	2.0009875124008
-1.02380981968881	0.233284430907786	2.45029683572544
-0.235403917861619	-0.467905973767317	2.74649048851499
-0.919006295705686	-0.764870762952039	1.70539369787356
-0.925922221915573	-1.35619025550561	1.60105932657451
-0.696653155771045	-0.833872405099627	1.78856119798752
-0.325571434811889	-1.1794578309993	0.98171426192771
-1.46599914485924	-0.682587372329272	1.48946012040692
-0.783281300710555	0.149928527569386	1.53418028217467
-0.859095524192869	0.0404881328295584	2.87744142716902
-0.859095524192869	0.0404881328295584	2.87744142716902
-0.910391875513887	-0.379658777406084	2.36187702466816
-0.934327762431173	-0.423154445822159	3.32874250282519
-0.680360233325268	-1.08287449929279	2.13540545256478
-0.680360233325268	-1.08287449929279	2.13540545256478
0.0329010833423538	-0.850166078378495	1.96462860690774
0.0565210309799885	-0.33397060525533	2.21921822386877
0.0565210309799885	-0.33397060525533	2.21921822386877
0.0565210309799885	-0.33397060525533	2.21921822386877
0.0565210309799885	-0.33397060525533	2.21921822386877
-1.82291589667291	-0.370967711652957	2.49560720793687
-0.630511079571929	0.818281789423159	1.97019419884647
-0.630511079571929	0.818281789423159	1.97019419884647
-0.630511079571929	0.818281789423159	1.97019419884647
-0.630511079571929	0.818281789423159	1.97019419884647
-0.630511079571929	0.818281789423159	1.97019419884647
-1.24140192459808	0.668426738890411	3.50055327169431
-1.37023613895012	0.395301671942687	2.94037260692692
-1.67800276838087	1.13723200448064	2.5584119323252
-1.67800276838087	1.13723200448064	2.5584119323252
-2.41819714471432	0.334933792652497	1.46758579967349
0.1192540364401	0.478080599314235	1.6601228172343
0.397718855739576	0.347855715792798	1.39790119114877
1.45366949693099	0.129138635497224	1.40800240375841
-0.929606829936951	-0.22774663542432	0.937508530037545
-0.757349634599065	-0.353321794260491	0.491096642958152
-2.08341001113262	-0.0995434375265385	2.14656273117535
-2.04398378223294	-1.21864733351755	1.35056008421715
-2.71981733929657	-0.69493303682087	2.04083718588809
-2.61761162210603	-0.2434787849525	2.86980456797615
-2.05372177980444	0.1681557789259	1.45316683114207
-1.91923599276564	-0.0375030476355084	1.14112228169979
-1.76270863838959	0.116712343604814	0.66390097053454
-1.42809572015532	-0.133563816064896	0.361687546335885
-2.0441955603563	-0.478771607313146	1.12374275362926
-2.0441955603563	-0.478771607313146	1.12374275362926
-2.1153501079757	0.292193099830591	-0.210340660597528
-1.27587142871147	0.640429912899327	1.34877870059639
-1.27587142871147	0.640429912899327	1.34877870059639
-1.27587142871147	0.640429912899327	1.34877870059639
-1.27587142871147	0.640429912899327	1.34877870059639
-1.51360342709176	0.383337960536037	2.26666793230934
-1.51360342709176	0.383337960536037	2.26666793230934
-1.13365462659618	0.442212575531044	1.85228432731546
-0.622257219011908	0.285306767377531	1.79357568100615
-0.782001736980879	1.03620588744024	2.19033930947311
-0.360620642650301	1.59955018588675	2.1398947827674
-1.24522235776343	0.756315906666708	2.38949059486152
-1.24522235776343	0.756315906666708	2.38949059486152
-0.971645994744753	0.81503857342716	2.00415666129475
-0.971645994744753	0.81503857342716	2.00415666129475
-0.483230114404297	0.41438360400745	1.9302024464091
-0.587482085310657	-0.0880340924862719	1.79556087468211
-0.3306367665411	-0.12611051900108	1.40134456888962
0.147638030116175	0.577673421317101	1.37571236357068
0.147638030116175	0.577673421317101	1.37571236357068
0.147638030116175	0.577673421317101	1.37571236357068
-0.737417123376526	-0.534225067748069	1.21831542400652
-0.670001505562081	-0.474820580072953	1.49566561586723
-0.427661106070379	-0.091733024259921	1.3670570321578
-0.427661106070379	-0.091733024259921	1.3670570321578
-0.076914516438271	-0.220652863910419	2.35442679465495
-0.856938622245091	0.385577124712932	2.72835093739145
-1.30186085493418	0.156325587954395	2.8978870664813
-2.17716898534102	0.114576262624385	2.93624397831862
-2.17716898534102	0.114576262624385	2.93624397831862
-0.930314755799148	-0.00817000619705757	3.31955456654289
-1.70003871940288	-0.20767280402904	2.64431603958825
-0.435066831343631	0.0892911128778825	2.3190349722076
-0.435066831343631	0.0892911128778825	2.3190349722076
0.0780986908136517	0.229667865838896	2.19370251697561
-0.691506720315445	-0.133662899214431	1.49185589559359
-0.464566957507061	-0.57105222762732	0.845695521126774
-1.06657601998201	-1.03939982565234	0.515203348384949
-1.06657601998201	-1.03939982565234	0.515203348384949
0.705404975192132	0.441466217627276	0.745384344884264
-1.38748824379604	0.617997536093726	1.52869831738558
-1.38748824379604	0.617997536093726	1.52869831738558
-1.70223163080319	0.0993651212369872	1.2038481114909
-2.14535897416503	0.178103204131124	1.63545348624637
-2.13722260363966	0.115374003303652	1.79154990557336
-0.806295937018058	0.842534856166406	1.99405201824916
-1.68062273490404	-0.170997707229931	1.81931757175088
-0.190658336042401	0.304788330483192	1.66333718457993
-0.190658336042401	0.304788330483192	1.66333718457993
-0.190658336042401	0.304788330483192	1.66333718457993
-0.827804378908064	0.241504767995186	2.49049578881096
-0.827804378908064	0.241504767995186	2.49049578881096
-0.827804378908064	0.241504767995186	2.49049578881096
-2.72554412009229	-0.233704748177776	2.33569275426971
-2.72554412009229	-0.233704748177776	2.33569275426971
-2.72554412009229	-0.233704748177776	2.33569275426971
-3.28798799298725	-0.24024223399888	2.12220969686321
-2.52085212731706	-0.0637843778971239	1.20909161938136
-2.80052565044704	0.178522915054852	2.02725477674875
-2.80052565044704	0.178522915054852	2.02725477674875
-2.50210183328283	-0.00749388377485355	2.28233807700125
-2.51743475291083	0.532533202513685	1.63042373138662
-3.12612100562895	0.362033307905664	2.37449147125667
-2.68130492468321	1.12776224264463	2.88721097285426
-2.49499260870552	1.08921224258199	2.35369788696915
-2.49499260870552	1.08921224258199	2.35369788696915
-2.49499260870552	1.08921224258199	2.35369788696915
-3.19191484184896	1.16192909630381	1.47970633736441
-3.19191484184896	1.16192909630381	1.47970633736441
-3.19191484184896	1.16192909630381	1.47970633736441
-3.19191484184896	1.16192909630381	1.47970633736441
-2.34615824239562	0.449540724401229	1.06414458146025
-1.2472096238144	0.397582806838545	0.497728257037018
-0.824728399721215	0.215732511063298	0.480167377817323
0.0658589657752788	1.12528453794071	1.67449061884706
