0.367498367480374	0.576650108882053	2.08804709697102
0.783766340625946	0.338833095586652	2.07449307349688
-0.240321622386565	0.540876131032358	2.61119147969341
-0.507851887185676	0.659969548850491	1.94462013319655
-0.507851887185676	0.659969548850491	1.94462013319655
-0.919011014628895	-0.0653276187372671	1.94796278402671
-0.625646010577986	0.364545854514897	1.41931935107458
-0.487841332026176	1.284834494744	1.50402420804076
-0.487841332026176	1.284834494744	1.50402420804076
-0.487841332026176	1.284834494744	1.50402420804076
-0.226571854508673	-0.208381198800063	1.48299197199832
-0.660709799096484	-0.521676323561683	2.45797635033972
-0.364739957918293	0.322439070787684	2.44063525484082
-1.6083722895695	-0.27829633460311	2.03249746884032
-1.6083722895695	-0.27829633460311	2.03249746884032
-1.16277625478699	-0.109621717219169	1.71190304088249
-2.62901554068519	0.0746457318913972	1.42017039687552
-2.62901554068519	0.0746457318913972	1.42017039687552
-2.7477400740689	0.445046315390003	1.33062681263024
-1.54875677276353	-0.677278431906322	2.19606775940303
-1.72656358957991	-0.163416980697502	3.07384847991194
-1.56164509188957	-0.140948538271747	2.88582298972402
-2.16780953269201	1.5138877168972	2.45868305172928
-2.15757820586898	1.98100538206239	1.67111028874373
-2.15757820586898	1.98100538206239	1.67111028874373
-1.62718583493494	2.23098861319506	2.12224316280877
-1.62718583493494	2.23098861319506	2.12224316280877
-0.603378389777944	1.95741202843265	2.67749794250911
-0.818525551567036	1.84750187979729	3.36216931922906
-1.28504621545727	1.05438701988298	4.06942533258946
-0.723175319132448	1.93182765063985	2.9918081651892
-0.723175319132448	1.93182765063985	2.9918081651892
-0.619591325596851	1.05211201638564	3.03649849094136
1.18591237317796	0.977526114840658	1.4657751975502
1.07307419367641	0.329619331558792	1.70471677471671
1.07307419367641	0.329619331558792	1.70471677471671
-1.01121770498495	0.335946393108737	2.08741967752715
-0.331090909312276	-0.196925107846078	1.7380272006785
-1.42961272816902	-0.00706043341801571	0.686004605184915
-1.42961272816902	-0.00706043341801571	0.686004605184915
0.171378494510881	0.752646971508764	0.274609224181837
0.171378494510881	0.752646971508764	0.274609224181837
0.171378494510881	0.752646971508764	0.274609224181837
0.128696043629453	1.13458102513266	0.448247939682861
0.128696043629453	1.13458102513266	0.448247939682861
0.0274297587537401	0.681707935282812	0.481607457861262
0.0881190215430664	1.15859339198301	0.820050143399712
0.0881190215430664	1.15859339198301	0.820050143399712
0.0881190215430664	1.15859339198301	0.820050143399712
-1.25586303971587	0.119074479439936	-0.317327084928845
-1.34609856509144	-1.05094794073583	-0.165746549091416
-0.799572923245429	-1.34861400601023	1.51242958379127
-0.799572923245429	-1.34861400601023	1.51242958379127
-0.359570341317763	-1.08420849662217	0.63532921132962
-0.322399209744624	-0.977694482096453	0.755090109862557
-0.735903116934922	-0.340044595201952	0.85452843728537
-0.256490178493569	-0.0319638537017378	0.984523695518362
0.31774754888033	0.47913221418949	0.596987263032156
0.31774754888033	0.47913221418949	0.596987263032156
0.145603458891519	0.684162582132778	0.31174682912865
-1.04952858840425	-0.591318447982031	-0.161322902300646
-1.62619686600227	-0.574078512163949	-0.0418937885758031
-1.62619686600227	-0.574078512163949	-0.0418937885758031
-2.63049046882973	-0.061208157306679	0.407135075981392
-2.77359069480805	-0.960695813951527	1.64406194730131
-0.286898936892231	1.61990205425926	1.70911909808133
-0.511168453436128	1.8032182512275	2.28270987604903
-0.511168453436128	1.8032182512275	2.28270987604903
-0.89379053758792	2.19428365184685	1.47965606993217
-0.89379053758792	2.19428365184685	1.47965606993217
-0.324516780765493	2.3357007660334	1.74797179552513
0.0680727314052338	2.24158390915766	2.5088744314118
-0.105091455464256	2.01989999227973	2.21192338127227
-0.105091455464256	2.01989999227973	2.21192338127227
-1.11237993163731	1.53990237878047	2.41158540681691
0.0455177512487106	1.54701149850267	1.86554751998411
0.0455177512487106	1.54701149850267	1.86554751998411
-0.23298825507362	1.33605371862985	1.59699326245794
-0.23298825507362	1.33605371862985	1.59699326245794
-0.676688691020726	0.606422817045175	1.20555317043482
-0.676688691020726	0.606422817045175	1.20555317043482
-0.676688691020726	0.606422817045175	1.20555317043482
-1.08773275941753	0.813655850834309	1.87526408956654
-0.519821152548837	0.915958753932564	0.865317507586676
-0.69782927967318	0.989629589306682	1.40752754394541
-0.69782927967318	0.989629589306682	1.40752754394541
0.0799235678883644	0.811370721784953	1.40527565892095
0.346054129976057	0.852767832735435	1.25691366300105
-0.735455532696577	1.94387063094698	1.84260832468459
-0.870455891634037	1.69290935039415	2.58696855161615
-0.870455891634037	1.69290935039415	2.58696855161615
0.163905229578444	1.48582135707301	1.81391066425394
-1.26582894567669	0.906342888866162	1.91720887707534
0.254605768485806	1.79289564769405	1.68642787603654
-0.821413350792685	1.33412073307799	2.50720422685353
-0.209002080131979	0.961653899436195	2.48943747842752
0.24016939976954	0.991900893876156	2.46407449254034
0.616733134571597	0.595076581857927	1.8199699138087
0.616733134571597	0.595076581857927	1.8199699138087
0.616733134571597	0.595076581857927	1.8199699138087
0.616733134571597	0.595076581857927	1.8199699138087
0.29696641467482	0.449362124548943	1.21396415792962
-1.10086334844173	0.422622468268937	2.02999580368214
0.361331443674253	0.842837259281958	2.28009203201627
-2.12978065204474	1.04841849106774	2.65539569262257
-1.79985251983191	1.49445091908036	1.47897162322945
-1.92302075380687	0.566750202312501	1.94750808057799
-1.98868811625226	1.12391224627849	1.98242963941276
-1.98868811625226	1.12391224627849	1.98242963941276
-1.98868811625226	1.12391224627849	1.98242963941276
-1.5644368687068	2.53418537425895	1.85610641464908
-2.7380523246864	1.2492414102425	2.17475320450794
-2.42469520551356	0.844429125248547	1.31396903919918
-2.01530864913163	1.22379284401869	1.54150320964361
-1.93494651099007	1.20346232278969	1.93171844970987
-1.93494651099007	1.20346232278969	1.93171844970987
-1.93494651099007	1.20346232278969	1.93171844970987
-2.43620073887165	0.0933593914113226	2.42685747132993
-2.3062421558924	-0.385377567022955	1.84790824138054
-2.3062421558924	-0.385377567022955	1.84790824138054
-2.3062421558924	-0.385377567022955	1.84790824138054
-2.3062421558924	-0.385377567022955	1.84790824138054
-2.82801327975492	0.114118145819695	1.23068265555958
-2.82801327975492	0.114118145819695	1.23068265555958
-2.10811992622434	-0.570371409654835	1.44364416143899
-2.11567966448847	-1.14932033849541	2.04535191456501
-2.45930127185267	-0.759746441404218	1.42298619597052
-3.26852285762611	-0.144209731225011	2.29154049212959
-1.78369772644529	0.9606034115613	1.55435339115551
-1.41151169253289	0.695758350299604	1.51429124215771
