0.313912891976476	0.9128433002302	1.54701378212407
1.21668363850146	1.06597549615341	0.987153840572545
1.21668363850146	1.06597549615341	0.987153840572545
-0.197159494775124	0.415996914139913	0.953470822633584
-0.197159494775124	0.415996914139913	0.953470822633584
-0.563142785007765	-0.113925929672901	1.64899412618319
-1.55385414765189	0.654710074886701	1.25223687165645
-1.29475551759604	0.606308918297657	1.32863443958977
-0.647342758675112	0.75980158293443	0.772120115644338
-0.130727191627806	0.37610342936616	1.02385151509624
-0.130727191627806	0.37610342936616	1.02385151509624
-0.130727191627806	0.37610342936616	1.02385151509624
1.08335013459261	0.887170992527504	0.573163293411928
1.08335013459261	0.887170992527504	0.573163293411928
0.333431266806347	-0.197469976935829	1.11494391129489
0.611745499321165	-0.219171157259565	1.28299798327648
0.923142872746233	-0.232155973042179	1.55422373687757
0.244616742880801	-0.954473250268801	0.775884732228806
0.244616742880801	-0.954473250268801	0.775884732228806
0.244616742880801	-0.954473250268801	0.775884732228806
1.31539183416809	0.119025227841254	0.718539507116264
1.94286494811339	0.118979416129906	0.640691182911411
1.94286494811339	0.118979416129906	0.640691182911411
2.57904207649053	0.820323451652251	1.13016230537891
1.43098966866898	1.20418511857443	1.3889525386569
1.26704077640399	-0.302985351595379	3.05152667728523
1.80794141297763	1.24939519442136	2.43905996863564
2.4211187294439	-0.0726101114433899	2.05610119492126
1.9694629763893	-0.845893680134284	2.00744183379332
1.9694629763893	-0.845893680134284	2.00744183379332
2.34558454324851	0.37055501381398	1.23639320733434
2.55005234406168	0.22656394942884	1.16601098752095
0.649238319531583	-0.315547134153308	1.17448795707794
0.649238319531583	-0.315547134153308	1.17448795707794
0.649238319531583	-0.315547134153308	1.17448795707794
0.649238319531583	-0.315547134153308	1.17448795707794
0.649238319531583	-0.315547134153308	1.17448795707794
0.649238319531583	-0.315547134153308	1.17448795707794
0.795401808484662	0.635130840485117	0.820480671802049
0.203511794690074	0.424559084834508	0.998810991656209
0.229888694385892	-0.678606332218743	1.10204190227064
-0.144662033202204	-0.772575637213135	0.460452658056723
-0.852377608590405	-0.87551515470706	0.108781877644966
0.0150250042507305	-0.385686268826838	-0.00765938989167285
0.015428368416331	0.026960377115233	-0.0453441736975929
0.015428368416331	0.026960377115233	-0.0453441736975929
0.035763549421362	0.360324170535561	0.475246630613242
0.035763549421362	0.360324170535561	0.475246630613242
0.035763549421362	0.360324170535561	0.475246630613242
0.865839106839179	-0.0880568939199002	1.17571816795445
0.865839106839179	-0.0880568939199002	1.17571816795445
0.921222614199965	-0.427515990492071	1.61411185525663
0.187711535029542	0.124922790463145	1.36301078984863
-0.233204969670884	-0.258030121169675	0.89744800186098
-0.161499976081837	0.544662297937125	0.464924491173829
-0.858855496814746	0.126397023218154	0.93332026637071
-0.880207716272738	0.148448900941817	0.951468045978459
-2.04955966426318	-0.483485805026805	1.10767139813105
-1.69526124117532	1.04528616120629	0.880994871623834
-0.17710083477773	0.90311607822316	0.387197555793719
-1.2613697732229	0.0694280538891435	0.233380245021648
0.0707934621305915	0.0383793289117612	0.052321147947772
0.0707934621305915	0.0383793289117612	0.052321147947772
-0.0931919782061974	-0.131797374067248	-0.323228137255153
0.221200610527318	0.172363626507669	-0.31733835822337
-0.337437447265045	0.201149491916891	1.14736343954609
0.057566245262635	1.27889904337125	1.15292595784533
0.057566245262635	1.27889904337125	1.15292595784533
-0.356738046232514	0.429598188261302	0.707599599944077
-0.356738046232514	0.429598188261302	0.707599599944077
-1.35605779655098	0.177848682793117	0.868039976025872
-1.35605779655098	0.177848682793117	0.868039976025872
-0.646812041680421	-0.360373302554232	0.694819681255686
-0.725326921683868	-0.229231721432104	0.717888216838048
-0.128065506030455	-0.00627600457255667	1.12967719067197
0.397648840702103	0.507378439757301	0.617580665058261
0.850254584783422	0.740539056733936	0.648184583005808
0.642698562101877	0.583749055543636	1.09521256320839
0.892252186591046	0.441459187891049	1.57505846616144
0.943108041650932	1.4752917533176	0.802340518284218
0.943108041650932	1.4752917533176	0.802340518284218
0.943108041650932	1.4752917533176	0.802340518284218
1.30167451771522	0.916332478763437	0.912018105564165
1.30167451771522	0.916332478763437	0.912018105564165
1.30167451771522	0.916332478763437	0.912018105564165
1.30167451771522	0.916332478763437	0.912018105564165
1.20676827377379	0.479328304868804	1.31002658034026
0.877287375282985	0.120687656764908	0.595032162355827
0.847830411305242	-0.167546286890564	0.628254697989179
0.847830411305242	-0.167546286890564	0.628254697989179
0.950450699798431	0.490393589432117	0.52848754760166
1.13429976297451	0.243154328814806	0.842419371063086
1.12296207047185	0.117215242384068	0.945783793779154
1.10679411766092	0.719704789506503	1.1690386261215
1.10679411766092	0.719704789506503	1.1690386261215
1.10679411766092	0.719704789506503	1.1690386261215
1.32384212517613	0.97729601237021	1.42843981500674
1.32384212517613	0.97729601237021	1.42843981500674
1.32384212517613	0.97729601237021	1.42843981500674
1.16474499950454	0.873548761157839	1.30580511454454
0.411069217307727	0.486635557180347	0.662497088741273
0.411069217307727	0.486635557180347	0.662497088741273
0.411069217307727	0.486635557180347	0.662497088741273
0.700799334883232	-0.0245992480224933	1.23596412123697
-0.647119548285132	-0.285988074285527	1.53714694108772
-0.431022104435615	-1.48972260621956	1.90958953611613
-0.0945587671218702	-1.06330570394951	1.88642735218322
0.310168380560141	-0.275459801716552	1.59339640421421
0.819731896953268	0.716568498052533	1.08661398696541
0.819731896953268	0.716568498052533	1.08661398696541
0.799941946146452	0.73627653833915	1.2129705474298
0.799941946146452	0.73627653833915	1.2129705474298
0.799941946146452	0.73627653833915	1.2129705474298
0.799941946146452	0.73627653833915	1.2129705474298
0.799941946146452	0.73627653833915	1.2129705474298
0.145876536649388	0.402148192585629	1.09000140451682
-0.194115730672047	-0.578492048635661	0.889412348615003
0.615447425637583	-0.183263540169731	1.47193518304046
0.615447425637583	-0.183263540169731	1.47193518304046
0.464010515219047	0.453609822828152	1.0266899185569
1.08888683287857	0.747217805561176	1.22215898427793
1.08888683287857	0.747217805561176	1.22215898427793
1.13078416091994	1.0670180669124	1.20021499447266
1.13078416091994	1.0670180669124	1.20021499447266
1.13078416091994	1.0670180669124	1.20021499447266
1.13078416091994	1.0670180669124	1.20021499447266
0.826682131256228	-0.217868465715031	0.831571437558792
0.826682131256228	-0.217868465715031	0.831571437558792
0.826682131256228	-0.217868465715031	0.831571437558792
0.826682131256228	-0.217868465715031	0.831571437558792
