0.0970896254370917	1.31777590575206	2.13352924443488
0.0529428020017737	1.07461186977355	1.57199624006972
-1.51869418871371	0.568280433446116	1.12183240341397
-1.68017527105159	0.566370082823478	1.43105533295606
-1.13171774183916	0.412393360152214	1.91516441732085
-1.00047806259295	0.440152995102255	2.38729101886774
-1.16655778976182	0.931945074030055	2.35664612876251
-0.898006167153033	0.136223851100651	3.27147083829134
-0.87396043225722	-0.196665248483213	3.13974093183154
-0.134849659542259	0.0279672218103624	2.84723238762696
-0.134849659542259	0.0279672218103624	2.84723238762696
-1.79233086340325	0.0205659701234343	4.45657477868603
-1.77743362507967	-1.2613756773237	4.33317707881047
-1.17017832504523	0.271778850762508	4.53803415241902
-1.82438725689615	0.328822553344031	3.21818990451809
-0.286679250638182	0.820670423340067	3.01884882526016
-0.391584843279155	0.578969134045698	1.9411584479509
-0.391584843279155	0.578969134045698	1.9411584479509
-2.16043435933031	-0.585005394550655	1.99414559983187
-1.98509409133172	0.910226018751192	2.24528405119035
-1.98509409133172	0.910226018751192	2.24528405119035
-1.75830287183394	-0.668738339956227	2.43159815502922
-1.75830287183394	-0.668738339956227	2.43159815502922
-1.50892400737203	-0.797820366394532	2.03276912157873
-1.49153789502937	-0.247995778621164	2.79349762753517
-0.388555803205131	-0.0369688454818837	3.39725026102171
0.49585974073432	0.142068364915776	2.85720445598458
-0.811920960487383	-0.591300404014832	2.32303132233257
0.084336157297327	-0.333668891659379	2.46667022126221
-0.450061892602191	-0.673108477408699	2.51425457858874
0.115253516467513	-0.499250982145393	1.7258293367216
0.338041920242215	0.0397273920103002	1.23601470298353
-1.80686318828001	0.029662375459394	0.696683354327282
-0.982196923184581	-0.318060173114138	1.51212305299054
-1.02497607294783	1.00434216091539	1.14160362599369
-0.514630774528978	1.07299224363562	1.79525680615974
-0.118887206949483	1.33597098254542	1.95695495875936
-0.118887206949483	1.33597098254542	1.95695495875936
-0.518501950829521	0.92116602173639	1.54651423823644
-0.277307836058468	1.28507404243644	0.796360801936584
0.0783750042466107	1.39780054965525	1.83132822506908
0.0783750042466107	1.39780054965525	1.83132822506908
0.323490621966337	0.347225368667784	3.23363633344179
0.323490621966337	0.347225368667784	3.23363633344179
-0.450900880506284	1.36345375286781	2.2784072491195
-0.707752693887117	-0.530022518304177	2.55617024323071
-0.620649501821826	0.745910663557747	1.86114848370992
-1.00851723329595	0.637254596495977	2.37844383055746
-1.28939876247013	0.267427221600141	3.25085987886365
0.488524449441035	0.282468704273636	4.22684299340425
-0.575697023060166	0.450027534312462	3.25009918063705
-1.07325855985267	0.405134210991437	2.44831666936731
-1.37059430111773	0.376890428577195	1.90254953171123
-1.15829644174976	0.556931452436808	1.97640161830591
-0.510349135154789	0.175377671319688	1.5462906653328
-0.510349135154789	0.175377671319688	1.5462906653328
-1.76980028428339	0.30437032423329	1.46473988344344
-2.13274368963593	0.660004093288883	1.14299435664868
-1.43046037886948	-0.219343184687687	0.946675998943777
-1.44637702533612	-0.106739606824353	0.764614937642902
-1.44637702533612	-0.106739606824353	0.764614937642902
-1.36347741877603	0.352816437056992	0.604703154101131
-1.36347741877603	0.352816437056992	0.604703154101131
-0.384296467798215	0.142839750276148	0.384973147689992
-0.605580133875743	-0.191044386913102	0.170734160982484
-0.181405882047159	1.72212521305953	2.08880201747218
0.829534923459594	1.13199248300844	2.59159441068458
0.823209470920485	0.750502875896227	2.51448078513548
0.306575259718499	0.96708652376263	1.60898364951669
-0.957619842159917	0.0994571155757671	1.67545929378201
-0.805993411676473	1.42128862670652	2.04148164659697
-0.554373011969094	0.268118041564028	1.40043524283064
-1.08692900053806	1.36487758237988	1.25920677419081
-0.0790266854753252	0.688491746749333	1.44128403613991
0.645810530194403	0.495416734361939	1.11554823946105
0.122731994018258	0.807131933494368	0.743021315883576
-0.883938387587376	0.338539510633899	1.74018543086742
-0.859665611759697	0.251433027594004	1.86779100035239
-1.31820834652821	0.599333829547288	2.24680292712292
-0.342902629208032	1.14779085979717	2.25994540878675
-0.28801199665247	0.59143113921608	1.78588106283919
-0.28801199665247	0.59143113921608	1.78588106283919
-0.28801199665247	0.59143113921608	1.78588106283919
-1.14984708034095	1.13624118148363	1.99117376327792
-1.03500121225406	1.23002200559575	1.97002637999897
-1.03500121225406	1.23002200559575	1.97002637999897
-1.70867977703294	0.378878303152184	2.33989505672378
-1.70867977703294	0.378878303152184	2.33989505672378
-1.70867977703294	0.378878303152184	2.33989505672378
-0.844579887538672	0.255360939577464	2.4031083606512
0.114750204201306	0.547223259529916	3.37844527500421
-0.901853727157725	-0.585078744020879	3.25421090433629
-1.59148303166563	0.562654440365798	3.37769852032417
-1.71411151046798	0.0158628158986696	3.11209315818258
-2.27871649530521	1.16664588080548	2.18015517418441
-1.38252071216012	-0.118577695906617	1.08867299514988
-1.07211775958891	-0.445351129029953	1.6206433767789
-1.90298075017752	0.267338943322162	0.651275476486256
-2.33319868948527	1.40093629697824	0.384448475072002
-0.646897869752447	0.731718492507469	0.163201721546755
-1.53521300174172	0.138375307298649	0.922295041522581
-1.17711630366611	-0.0663849897685281	1.0294031659349
-0.794431483537983	2.10943320602573	0.921667352561383
-0.794431483537983	2.10943320602573	0.921667352561383
-1.43810256817631	1.94703094578493	1.03432950456421
0.569031097556355	0.0706366357374868	0.820281948616239
-0.0302761576604638	0.218041507530479	0.176393935311045
-0.653991093084209	-0.633571682511839	0.743971077549236
-1.20340941491888	-0.958838869238279	1.16032791545175
-1.20340941491888	-0.958838869238279	1.16032791545175
0.322867676595108	-0.982115377566448	1.6074602837166
-1.363006530125	-1.40013912398299	0.292206842993607
-1.49692034917326	-1.41611359043773	0.491158641158268
-1.29499265924362	-0.33749531497236	0.875159301367778
-0.192439316331197	-0.220803760055896	0.502066135398892
0.29135416714588	1.28692886992356	1.3791702275943
0.29135416714588	1.28692886992356	1.3791702275943
-0.0283798303824165	1.25543587441091	2.15127694382091
-0.687866500557983	1.91826662386445	2.47002058346223
-0.687866500557983	1.91826662386445	2.47002058346223
-0.687866500557983	1.91826662386445	2.47002058346223
-1.12256728865173	1.64227572290253	2.09065643452965
-2.37367254086081	0.825331591745959	1.2590481782811
-2.37367254086081	0.825331591745959	1.2590481782811
-2.37367254086081	0.825331591745959	1.2590481782811
-2.37367254086081	0.825331591745959	1.2590481782811
-2.9409967098019	0.907611681904595	1.31006598877713
-2.97706086609248	1.23784546346643	0.544520924961781
-1.97781271650776	0.102102882729162	1.62454887640289
-1.97781271650776	0.102102882729162	1.62454887640289
