-0.155692907955538	1.07492943529752	1.98457099448264
-0.155692907955538	1.07492943529752	1.98457099448264
-0.155692907955538	1.07492943529752	1.98457099448264
0.569940518867866	1.61165367217628	2.62747484873349
0.0211869519230831	1.06869847854365	2.4568775222904
0.0211869519230831	1.06869847854365	2.4568775222904
-1.02629558344269	1.84548417607543	1.80384532432531
-1.02629558344269	1.84548417607543	1.80384532432531
0.656844450192143	1.88007179815434	1.91300913776309
0.493778439341042	2.01619334477031	1.5768885504642
-0.677685698304612	0.86632637595013	0.29362510917172
-0.446454485500095	1.99621653737418	1.2651287203497
-0.446454485500095	1.99621653737418	1.2651287203497
-0.446454485500095	1.99621653737418	1.2651287203497
-1.3119778226437	1.29187973345504	0.639515130033742
-1.59289740210891	0.488506720822656	1.14748833693948
-1.59289740210891	0.488506720822656	1.14748833693948
-1.48326998510175	0.725929207782371	2.65318329598452
-1.48326998510175	0.725929207782371	2.65318329598452
-1.85291119882376	0.127405710002649	2.15922986809348
-1.85291119882376	0.127405710002649	2.15922986809348
-1.85291119882376	0.127405710002649	2.15922986809348
-2.48501521013175	0.26957494927786	1.261893423283
-2.48501521013175	0.26957494927786	1.261893423283
-2.33032256363555	0.15113095043295	3.19067733225707
-2.33032256363555	0.15113095043295	3.19067733225707
-2.33032256363555	0.15113095043295	3.19067733225707
-1.02649713453624	-0.669809129137478	3.28053850056664
-1.02649713453624	-0.669809129137478	3.28053850056664
-0.378488576556609	-1.26419684565784	2.05098716063195
-0.170384038904992	-1.25736886213881	3.15226019966544
-0.60590747784948	-0.806122209146501	2.58127260356317
-0.60590747784948	-0.806122209146501	2.58127260356317
-0.60590747784948	-0.806122209146501	2.58127260356317
-0.171289186160511	0.149805707636656	2.09916342312753
0.607637417261324	1.11022081617265	3.01044697382441
0.436222004877821	0.543922519698777	3.31980224956047
0.436222004877821	0.543922519698777	3.31980224956047
0.436222004877821	0.543922519698777	3.31980224956047
0.436222004877821	0.543922519698777	3.31980224956047
0.436222004877821	0.543922519698777	3.31980224956047
0.11970089089506	0.533350355885492	3.50088564854079
0.0835821992123581	0.611163590793458	4.09751755465885
-1.26922833316666	1.32402515023157	4.21895527462331
-0.977317380366586	1.98549810879799	2.13500913221206
-0.977317380366586	1.98549810879799	2.13500913221206
-0.595663891892957	0.944429778374033	0.579732007212567
-0.595663891892957	0.944429778374033	0.579732007212567
-0.595663891892957	0.944429778374033	0.579732007212567
-1.64453289547223	-0.186471211656909	1.00965746889567
-1.64453289547223	-0.186471211656909	1.00965746889567
-1.64453289547223	-0.186471211656909	1.00965746889567
-0.751446649607824	0.421084932009097	1.9982153791016
-1.06147848889228	0.907163084163737	1.64769290965539
-1.06147848889228	0.907163084163737	1.64769290965539
-1.06147848889228	0.907163084163737	1.64769290965539
-1.15192955158278	0.883916160564225	1.43368700382093
-1.15192955158278	0.883916160564225	1.43368700382093
-0.430791863934187	0.771671699118014	2.55788745822805
-0.624133840723915	-0.0933764849653045	2.68215726385607
-0.543914592260649	-0.393941745494263	2.69991697933951
-0.543914592260649	-0.393941745494263	2.69991697933951
-0.300831897224102	-0.150592515505513	2.885580793217
-0.49717870050011	-0.787732583971143	2.09953905658024
-0.586464852030921	0.0361246908914248	2.01850205566955
-1.02201414920378	1.49575326521623	2.0701518897858
-0.449244331704775	1.30666701427161	0.968136736462541
-0.90720116224662	1.45044660725338	2.01202192908242
-0.90720116224662	1.45044660725338	2.01202192908242
-0.497668788239396	1.46716936708802	2.16025209042416
-0.497668788239396	1.46716936708802	2.16025209042416
-0.536006153186911	2.01436739981478	1.92812437577514
-0.536006153186911	2.01436739981478	1.92812437577514
-0.536006153186911	2.01436739981478	1.92812437577514
-0.536006153186911	2.01436739981478	1.92812437577514
0.312358509029476	1.20069958584705	1.69121054667599
0.312358509029476	1.20069958584705	1.69121054667599
0.312358509029476	1.20069958584705	1.69121054667599
-0.900183003662959	-0.16879417984245	1.34316256237805
-0.900183003662959	-0.16879417984245	1.34316256237805
-1.53777495933415	0.186784281205748	2.19144261609953
-1.94897332867912	0.524120991224831	1.42765280447602
-2.64739941590467	0.358936601093571	1.0844374453161
-2.64739941590467	0.358936601093571	1.0844374453161
-2.64739941590467	0.358936601093571	1.0844374453161
-1.21474617901895	-0.179214357693097	0.227125654969556
-1.21474617901895	-0.179214357693097	0.227125654969556
-1.21474617901895	-0.179214357693097	0.227125654969556
-1.21474617901895	-0.179214357693097	0.227125654969556
-1.21474617901895	-0.179214357693097	0.227125654969556
-1.64897018993491	-0.801974086259486	1.07118617912429
-0.839296287154392	0.915177625643753	0.985059673316929
-0.839296287154392	0.915177625643753	0.985059673316929
0.349578337986594	1.02984079385405	1.92868010494229
-1.82786086795989	0.283023266218696	1.48137822514423
-1.82786086795989	0.283023266218696	1.48137822514423
-1.35901056018148	0.104418342976658	3.20944488137242
-1.35901056018148	0.104418342976658	3.20944488137242
-1.35901056018148	0.104418342976658	3.20944488137242
-0.975406745381703	-0.323633057336212	1.27236528119386
-0.0754088309168144	-0.195698763151293	2.19093351591682
-0.262732868063189	-0.891288838935981	2.95548268564222
-0.187529360453557	-0.70257653993492	1.07848796767806
-0.187529360453557	-0.70257653993492	1.07848796767806
-0.616992809404331	0.361934007362321	1.14525327081924
-0.701326442826292	1.38221195547756	1.03512447063701
-0.701326442826292	1.38221195547756	1.03512447063701
-1.78801478476461	1.56933747692283	0.988588417794018
-0.363102403019929	1.50335712688201	1.56564569571306
-1.41509380446183	1.95746550160847	1.94479868045027
-1.33870704727389	1.60218664534093	2.93246227239305
-1.33870704727389	1.60218664534093	2.93246227239305
-3.28558895703832	0.832446929600183	2.45287292578069
-1.86406701119849	1.22366083461003	2.51460611495102
-1.86406701119849	1.22366083461003	2.51460611495102
-1.2333988707143	2.33618289908119	2.81763426112201
-3.07006655459118	0.721048285757099	2.81460927935061
-2.27991222229499	1.80212443655585	1.70439114733535
-2.27991222229499	1.80212443655585	1.70439114733535
-1.25838453548821	0.689322478542318	0.775927475549673
-1.25838453548821	0.689322478542318	0.775927475549673
-0.559098550502096	1.46614940522002	1.42521306128003
-1.12975935138442	0.176295060461569	1.31620105797116
-1.12975935138442	0.176295060461569	1.31620105797116
-1.12975935138442	0.176295060461569	1.31620105797116
-1.12975935138442	0.176295060461569	1.31620105797116
-1.12975935138442	0.176295060461569	1.31620105797116
-1.12975935138442	0.176295060461569	1.31620105797116
-0.727697452973789	-0.780104679275028	1.75369670809972
-0.814102702883203	-0.907833747982267	0.94101612188544
