-0.167240793321245	0.915358943499463	2.54016407064096
-0.676882742153298	2.26706812193124	-0.220576046624558
-0.376880310772883	2.48387846172386	0.290647722855134
-0.424147240219703	1.24146845656572	1.13584443354197
-0.424147240219703	1.24146845656572	1.13584443354197
-0.424147240219703	1.24146845656572	1.13584443354197
-0.643538980236166	1.30513685922787	1.6478411333083
-0.689136213246144	0.733948984515558	1.27349473134579
-0.689136213246144	0.733948984515558	1.27349473134579
-0.59067265089233	0.956085624049423	1.18891888983436
-0.704990680082654	1.52730017242957	2.10222658555138
-0.704990680082654	1.52730017242957	2.10222658555138
-0.495009188560595	1.78177448181292	1.76202699381907
-0.369714874541046	2.42698338327701	1.48540771393714
-0.296171853818934	1.78653162460868	0.743249847435132
-0.43674278412312	2.4237558033903	0.784823364064301
0.35957430732351	0.11275633305924	2.58426100013899
-0.0613534847513705	1.72895621299599	3.04419184746364
-0.747941491976461	0.52855338944576	1.44746201632163
-0.747941491976461	0.52855338944576	1.44746201632163
-1.36220030549596	0.554745347561698	1.8750870923595
-1.36220030549596	0.554745347561698	1.8750870923595
-1.39250367740502	1.07483603926581	1.02610204797957
-0.9735162566141	1.68297722228776	1.41769738597486
-0.9735162566141	1.68297722228776	1.41769738597486
-0.9735162566141	1.68297722228776	1.41769738597486
-0.9735162566141	1.68297722228776	1.41769738597486
-0.335616712582596	0.311876432334786	1.94705539821988
-0.335616712582596	0.311876432334786	1.94705539821988
-0.706096682073921	0.954422018591134	1.17883347537002
-0.779548574999936	1.43792759935189	1.45612630933434
-1.32614753897747	1.03297233443286	1.26076180966815
-0.851948829551352	0.479832290383567	3.13981186098312
-0.851948829551352	0.479832290383567	3.13981186098312
-1.18130002577529	1.99957876545752	1.84273506625017
-1.14723413588062	1.63885267426481	2.87747285918301
-1.14723413588062	1.63885267426481	2.87747285918301
-1.14723413588062	1.63885267426481	2.87747285918301
-0.669969878067372	1.51606181129151	2.83180107883345
-1.36410172178565	0.861070215309854	2.57890811867234
-1.25793678382105	0.0239661120020318	1.64186716797818
-0.962151461893971	0.343077186270396	1.40688179295723
-0.962151461893971	0.343077186270396	1.40688179295723
-1.04714790801999	0.577546065442855	2.19017535029521
-1.04714790801999	0.577546065442855	2.19017535029521
-0.652811223015449	0.57579053267124	2.05514213344955
-0.563084972579769	0.568612440846874	2.26546108258108
-0.563084972579769	0.568612440846874	2.26546108258108
-0.543615084294975	-0.412798171830857	1.41075685334978
-0.829304814000022	0.471389367939865	1.14705978420496
-0.829304814000022	0.471389367939865	1.14705978420496
-0.829304814000022	0.471389367939865	1.14705978420496
-0.829304814000022	0.471389367939865	1.14705978420496
-1.4104161723844	1.09765424131558	1.9003740668392
-1.4104161723844	1.09765424131558	1.9003740668392
-1.81078594480364	0.312869624621525	1.32044816727748
-1.81078594480364	0.312869624621525	1.32044816727748
-1.7835626280355	0.0248822808135277	0.971332333339582
-1.7835626280355	0.0248822808135277	0.971332333339582
-1.43197057303119	0.202024322853712	1.42692882120599
-1.43197057303119	0.202024322853712	1.42692882120599
-1.43197057303119	0.202024322853712	1.42692882120599
-1.43197057303119	0.202024322853712	1.42692882120599
-0.697015491970848	-1.02876365920771	2.66020727920899
-1.50794245059782	1.08084454269983	0.844889410512401
0.187780702964252	-0.70258988957352	2.30737195803509
0.330974022707288	-1.30340777884108	2.00038587665508
0.330974022707288	-1.30340777884108	2.00038587665508
-0.182198660120715	-0.651718963683688	1.37581111932464
-0.233431978706517	0.513143028382603	2.01984789665808
-0.44312540310264	0.560003640691695	1.22702535499678
-0.879477905842591	0.827061969136337	1.8214868590798
-1.23381633458328	1.50047973222635	0.926096105620984
-1.23381633458328	1.50047973222635	0.926096105620984
-0.82490749029838	1.05266843585339	1.44927257003984
-0.82490749029838	1.05266843585339	1.44927257003984
-0.82490749029838	1.05266843585339	1.44927257003984
-0.820904749467822	0.83404547564648	0.653568844690151
-0.7362247188738	-0.282948239648048	0.869310826689287
-0.870553453595876	-0.110727805875856	0.922114902127521
-0.870553453595876	-0.110727805875856	0.922114902127521
-1.11285359764166	0.351290155799172	1.06608645777569
-1.29456222340468	-0.0095210831137989	0.906945793394925
-1.29456222340468	-0.0095210831137989	0.906945793394925
-1.03273065398746	0.283857090153548	1.93705308613416
-0.890091077531412	1.12250405571789	1.37978086684753
-1.61238365043825	1.66525930114019	0.516401045110456
-1.61238365043825	1.66525930114019	0.516401045110456
-1.61238365043825	1.66525930114019	0.516401045110456
-1.61238365043825	1.66525930114019	0.516401045110456
-0.942593274185516	0.632842329892816	1.65618074723473
-1.20952334173756	1.35714528123945	1.80490422499296
-1.20952334173756	1.35714528123945	1.80490422499296
-1.20952334173756	1.35714528123945	1.80490422499296
-1.02901535303279	1.61992261061476	1.35830034693762
-0.885501678545847	0.704495572124866	0.997532934235968
-0.885501678545847	0.704495572124866	0.997532934235968
-0.859458502153037	1.36688919165391	1.59661160206703
-0.859458502153037	1.36688919165391	1.59661160206703
-0.696548411080022	1.86143189676855	1.92550531488595
-0.696548411080022	1.86143189676855	1.92550531488595
-0.696548411080022	1.86143189676855	1.92550531488595
-0.696548411080022	1.86143189676855	1.92550531488595
-0.90669662512487	1.5718145398498	1.63953926600066
-0.449410182698589	1.78919040033907	1.98714324648895
-0.785023813299887	1.88540640046801	1.36512128904434
-0.785023813299887	1.88540640046801	1.36512128904434
-0.474008167350294	1.4975921755106	2.05171047957927
-0.471664494828757	1.87452208911004	1.35967225553134
-0.471664494828757	1.87452208911004	1.35967225553134
-0.471664494828757	1.87452208911004	1.35967225553134
-0.922311772886108	1.97010507171214	1.04270627410086
-0.922311772886108	1.97010507171214	1.04270627410086
-0.898540589223978	0.798046122874365	1.44330667823205
-0.126441157237528	1.92317785302855	1.93671554784587
-1.07309160672205	1.99757146733715	1.03455277138876
-0.849195773591368	0.684897693227805	1.17147963050493
-0.965182928876794	-0.0907274731921899	1.6631436207568
0.0378186994817659	1.06249081320378	1.44787609822566
-0.30966252529819	0.790546172704123	1.05767740500008
-0.30966252529819	0.790546172704123	1.05767740500008
-0.165844215373426	2.33403081753866	1.23194118315553
-0.165844215373426	2.33403081753866	1.23194118315553
0.172000022070183	1.79704954623976	2.4641965947393
0.32270209012576	1.38943181310034	2.34619039124944
0.32270209012576	1.38943181310034	2.34619039124944
0.32270209012576	1.38943181310034	2.34619039124944
-0.100721467192324	2.61093899298403	1.54873997492799
-0.160357877033363	2.38524391895707	2.62305273194882
-0.354265037578136	1.85146266163192	1.69273785562667
