1.0799746833606	0.779737761515759	1.82256345469226
1.0799746833606	0.779737761515759	1.82256345469226
0.106933174442063	1.43972987982918	1.35412317777817
-0.962272317660948	1.04271997316719	1.48023375815084
-0.962272317660948	1.04271997316719	1.48023375815084
-0.911164789777892	0.109995879692874	1.34765917937082
-0.349069967088234	0.395681376733326	1.46294564878514
-0.633408836739409	1.27522649720321	1.29104427023374
-0.909275598957173	0.723569304983553	1.1503690557012
-1.25802604556791	0.886683275744873	1.12276460254134
-0.591724477381445	-0.445385000693756	1.09172747197874
0.461940373415423	-0.708598756340742	1.15132657177066
-0.0907373786901024	-0.519933767101676	0.92875218620404
-0.0907373786901024	-0.519933767101676	0.92875218620404
-0.467141888803107	-0.893710352233433	0.439009325240771
-1.32479550274007	0.050793461512431	0.0497288788257495
-1.32479550274007	0.050793461512431	0.0497288788257495
-1.32479550274007	0.050793461512431	0.0497288788257495
-0.893911852678822	-0.488011441879572	0.41614070150949
-0.893911852678822	-0.488011441879572	0.41614070150949
-0.815971683889961	1.24650307118524	0.519858179121905
-0.663517497637485	0.0573602671114568	0.863138017352224
-0.00699627135664505	0.344866995909926	1.7108391273999
-0.980069681690146	0.885001277403299	1.95658101411838
-1.40564508613644	1.32365170801853	1.79432755273135
0.655443750540681	0.897510656232024	2.06816549952775
-0.0787098310319694	0.235387316394255	2.20604876546602
-1.37056149567914	1.28966073373567	2.12764333855602
-0.643571947228583	0.889386186981436	2.34462593784083
0.134332768838811	0.437529762554241	2.69919595257903
0.134332768838811	0.437529762554241	2.69919595257903
0.134332768838811	0.437529762554241	2.69919595257903
0.283278863080498	0.878686430363808	2.59331004138185
0.283278863080498	0.878686430363808	2.59331004138185
0.283278863080498	0.878686430363808	2.59331004138185
-0.11140414137651	0.796255663751536	2.7762489201108
-0.11140414137651	0.796255663751536	2.7762489201108
-0.11140414137651	0.796255663751536	2.7762489201108
-0.156057712974946	0.651887957791876	3.30370727782063
-1.94589540185743	-0.888755974036834	3.41981945174205
-1.03410517336	-1.53423891972344	4.04671202520906
-2.85038787216692	-0.0848302434508392	3.1378847377891
-2.85038787216692	-0.0848302434508392	3.1378847377891
-1.11665637129827	-1.00283944586295	3.66119642545532
-1.11665637129827	-1.00283944586295	3.66119642545532
-1.11665637129827	-1.00283944586295	3.66119642545532
-0.958323930638173	-0.530814079914729	3.74079005592405
-1.53128585335253	0.764996395470611	3.638091850825
-1.53128585335253	0.764996395470611	3.638091850825
-1.34246085083135	0.193751752542761	3.74474894482574
-2.2556417838577	0.462865636403334	3.44573545159184
-0.505907185552373	-0.140086988589597	3.31677026129058
-1.06154014307601	-0.575805287856333	3.20988621116349
-0.523682002461576	-0.450665357573682	2.90957770607895
-0.676233792831793	0.24849609367095	2.47597740655258
-0.950043730159531	0.88661412273569	1.59903092313905
-0.950043730159531	0.88661412273569	1.59903092313905
-0.890890197245512	0.350434794234857	1.52939034611754
-2.16854758910368	1.03526823624978	1.36411465209227
-1.26719519185332	1.00531644593698	1.17129655794312
-0.131106760655432	0.824542560504726	1.69323751079526
0.0428576110466318	0.399519952481662	1.55586109827666
-1.56144483472886	1.07706309181675	1.7692710313788
-1.51536854008246	0.312286233511432	1.79781565813535
-0.583508234678937	-0.329313970150161	1.98363979633162
-0.311781539317872	1.14469977966382	0.650862714041055
-0.304734492832926	1.02614306711263	0.918240412748896
-1.44458786392195	0.463681514820583	1.1093599079128
-1.76525458015506	-0.389651782599997	0.97158524453947
-2.00935359760044	-0.21486063100141	1.68322625344073
-0.424476565549015	-1.80251772347769	1.85187293409635
-1.71222612986449	1.28427628273492	1.07003483549163
-1.11968742520992	1.98934319227167	0.845389320232081
-0.749832404787247	1.84786979767634	0.566764733974207
0.501985290008353	1.80508059368277	0.363056804500621
1.11965763137849	2.07986284992694	0.344917799411221
0.453071989041952	1.16350773952921	0.663109145177135
0.449009988606501	-0.214474765012248	0.628441821063397
0.798282590303457	0.0525795474863686	1.26132127013403
-2.04429518318352	0.85157708841413	0.61079000744912
-0.442665157370887	-1.03282305555916	1.37675143987236
0.43403635637833	-1.03401919135601	1.71051022101686
0.223129213235739	-0.946737785525016	2.22971461137544
-0.799853147039095	-1.56453097143354	1.48568549029309
1.01573308605919	-1.29482199570088	1.48238823814977
-0.41462864409749	-1.43014370876648	1.3478082748546
0.335666917165126	-0.855711802890424	0.993757980174504
0.442540442177884	-0.737632253704495	1.51461767217363
0.943823644559977	-0.748777303531484	1.92971714425438
-0.791316849921763	1.68468652702483	1.16143549567455
-1.18102190221855	1.29840372008915	0.837392453301621
-1.7879905783999	0.736153477716396	1.27338251978001
-0.824949784843659	1.08556126438672	1.61597598844091
-1.53715611524346	0.44702828752528	1.94115517333961
-1.59260636037144	0.982470151177476	2.07949369370986
-1.3901710997754	0.581108849000989	2.45123617818664
-1.45946031433049	1.08755558312507	2.0600807097691
-1.45946031433049	1.08755558312507	2.0600807097691
-0.668459795026186	1.16847439046947	1.34927599013249
-0.726368223693093	0.664516608558224	1.71778200123956
-0.383351111089113	1.34021512114314	1.59946716524034
-1.35370645596853	0.500431162715865	1.68955080010502
-2.54725607798371	1.75684781278169	1.6394274994397
-2.54725607798371	1.75684781278169	1.6394274994397
-1.6046562418219	2.61743386346886	1.58621773719114
-0.703126707810026	2.63068670816325	1.53697712531216
-0.97156749438902	0.556928067989707	1.42478746255871
-0.317419959275059	1.1206849039031	1.68946254827495
-0.317419959275059	1.1206849039031	1.68946254827495
-1.52440649186082	1.23818117190641	1.6733880168165
-0.80492193825244	0.940264443851549	1.83457664328013
-1.6197016525794	0.595814802323346	1.9356638218083
-0.760149267548908	-0.429825407036942	2.50364019088563
-0.791094651561567	0.48883773612692	2.10460479125486
-1.42863572822178	0.82148742074372	2.64415549513402
-2.54964779154967	0.214305454892878	2.28777259773245
-1.82040272626445	-0.306019578240322	1.79907669405943
-1.4479729538871	0.496410593034815	1.79421110336433
-1.4479729538871	0.496410593034815	1.79421110336433
-1.4479729538871	0.496410593034815	1.79421110336433
-2.68542064660357	1.54852361468083	1.16293607809655
-2.68542064660357	1.54852361468083	1.16293607809655
-1.47911479811143	1.9695282173537	1.07219069115292
0.0555550192045248	0.849911931087171	1.50634648836283
0.807451777530973	0.860862695074349	1.2192354675839
-1.17114280660817	0.279565313085051	1.58830203222555
0.0477443913378246	0.879607586616437	2.32689009570438
0.249901955196514	1.22668937244701	1.82118954693998
1.90662994789642	0.952278358191133	1.98385188040499
1.94228024621187	0.00209452872498184	1.48262795641044
