-0.183936755969623	-0.202790765419782	2.59714646490662
0.571454217104278	-0.977357310708567	3.36476551916866
1.32168377804773	-0.127385526574854	1.95449487498367
1.45188895896681	0.199366316549083	1.59178669573921
-0.0200951305811565	-0.576544791605725	3.31404920583033
-1.02262283651619	0.245835242994401	2.85966541608669
-1.02262283651619	0.245835242994401	2.85966541608669
-1.2326539238291	1.05877300978056	2.99028092024175
-0.296414183551796	-0.4859922868673	2.61236743501626
-0.296414183551796	-0.4859922868673	2.61236743501626
-0.296414183551796	-0.4859922868673	2.61236743501626
-0.296414183551796	-0.4859922868673	2.61236743501626
-0.421150753680729	-0.99399466840462	2.04539780862739
-1.10648400481368	-0.125973258990994	2.02052512130959
-1.10648400481368	-0.125973258990994	2.02052512130959
-1.93299526800269	0.00369282234756357	1.62008307157365
-1.26552421569915	0.6696242869212	0.92219115212349
-1.81146311330295	0.0891301173631515	1.8450795221215
-1.98421239791032	1.08304647178566	2.59386184633027
-1.73976325630144	1.21124853032378	2.02091420303068
-1.31278711355929	-0.943961388555518	3.09470458357852
-1.31278711355929	-0.943961388555518	3.09470458357852
-0.555283730403018	-0.850565300553043	2.80038495078257
-1.79172887648889	0.114640122599141	3.01147608292482
-1.80748371769606	0.333979399322633	3.04438252546264
-0.955754002191624	-0.404958429412215	3.06891045169516
-0.955754002191624	-0.404958429412215	3.06891045169516
-0.955754002191624	-0.404958429412215	3.06891045169516
-0.59057599657861	-0.137061120968272	2.76240439263906
-1.4988197294873	-0.0571849061592845	1.51773741203725
-2.21946212627208	-0.126994449512537	1.71193729612467
-1.43171037973276	-0.334567129440988	1.24267170938967
-1.17853759582557	-0.335824855446617	0.271213354586048
-0.939155019081479	-0.527438237246702	0.904002956850232
-1.44029111630765	-0.319543559560183	1.3767123889369
-1.44029111630765	-0.319543559560183	1.3767123889369
-2.07375886750414	-0.278511205015466	1.66756778963463
-2.07375886750414	-0.278511205015466	1.66756778963463
-2.1987402487855	-0.355931537050701	1.06987772112217
-2.1987402487855	-0.355931537050701	1.06987772112217
-2.1987402487855	-0.355931537050701	1.06987772112217
-2.1987402487855	-0.355931537050701	1.06987772112217
-2.1987402487855	-0.355931537050701	1.06987772112217
-1.72909195372017	-1.10839291365393	0.914958622622295
-1.72909195372017	-1.10839291365393	0.914958622622295
-1.72909195372017	-1.10839291365393	0.914958622622295
-1.72909195372017	-1.10839291365393	0.914958622622295
-1.72909195372017	-1.10839291365393	0.914958622622295
-1.39697997967581	-0.726442276700748	2.12112021014684
-0.707619286150709	-0.591098057875374	1.14310176228859
-1.46754712716479	0.5736013118418	0.395418386671451
-1.46754712716479	0.5736013118418	0.395418386671451
-1.12242115812899	-0.247137637868205	1.26520173702655
-1.12242115812899	-0.247137637868205	1.26520173702655
-0.782810116433381	0.279366975420791	0.575402008279519
-1.43444165923738	0.445413819594484	0.790971538290642
-1.41462618081234	0.276367951150289	0.52791829660631
-0.89856715514538	-0.689343223389416	-0.253215625976761
-0.89856715514538	-0.689343223389416	-0.253215625976761
-1.4664545392897	0.51956489789046	-0.801026030082307
-1.4664545392897	0.51956489789046	-0.801026030082307
-1.4664545392897	0.51956489789046	-0.801026030082307
-1.4664545392897	0.51956489789046	-0.801026030082307
-2.32963032216553	0.782550838649147	0.479390259952644
-2.77776644640646	1.18534041319117	0.0724395020537298
-0.95320148028201	0.599373916442876	1.65537968820142
-0.95320148028201	0.599373916442876	1.65537968820142
-0.95320148028201	0.599373916442876	1.65537968820142
-0.95320148028201	0.599373916442876	1.65537968820142
-0.95320148028201	0.599373916442876	1.65537968820142
-0.95320148028201	0.599373916442876	1.65537968820142
-0.95320148028201	0.599373916442876	1.65537968820142
-0.95320148028201	0.599373916442876	1.65537968820142
-1.70384050778721	0.701770757084578	1.89905310390849
-1.70384050778721	0.701770757084578	1.89905310390849
-1.70384050778721	0.701770757084578	1.89905310390849
-1.39542714317775	1.18495490112733	1.26164827681799
-1.95562588204544	1.25961353812019	1.20580534309529
-1.65236795174655	1.38768646948755	1.71518622715766
-1.65236795174655	1.38768646948755	1.71518622715766
-0.25957006328254	1.19129187884894	1.91296593637855
-0.181983059721172	1.36719077710805	1.59069870669872
-0.201652264665406	0.425231152982438	1.70598330789709
-1.82462733934641	0.902422843503707	1.11495230952601
-1.82462733934641	0.902422843503707	1.11495230952601
-1.82462733934641	0.902422843503707	1.11495230952601
-2.29729050358507	-0.0484177879812719	2.3613992885906
-2.29729050358507	-0.0484177879812719	2.3613992885906
-0.633914210193104	0.302187773142962	3.24578049952666
-0.633914210193104	0.302187773142962	3.24578049952666
-0.633914210193104	0.302187773142962	3.24578049952666
-0.798665969335498	1.21995943044297	3.03013598250386
-0.798665969335498	1.21995943044297	3.03013598250386
-0.798665969335498	1.21995943044297	3.03013598250386
-0.798665969335498	1.21995943044297	3.03013598250386
-0.798665969335498	1.21995943044297	3.03013598250386
-0.985638040210894	1.05241032299603	2.94582080496255
-1.8537675890399	1.10497294585957	2.22851102977153
-1.96606652036955	1.8237889055579	1.7219096358972
-1.96606652036955	1.8237889055579	1.7219096358972
-1.96606652036955	1.8237889055579	1.7219096358972
-1.96606652036955	1.8237889055579	1.7219096358972
-2.19107376574417	1.50591365801569	1.51661645490613
-1.69144230778916	1.81749605080985	1.27024966268861
-0.779230058297657	1.48615221845888	0.958056909091177
-1.34115354370337	1.83240809388252	1.4762064751036
-1.50773867975103	1.45004637916051	1.60880247888324
-1.50773867975103	1.45004637916051	1.60880247888324
-1.50773867975103	1.45004637916051	1.60880247888324
-1.50773867975103	1.45004637916051	1.60880247888324
-1.50773867975103	1.45004637916051	1.60880247888324
-1.13657616901567	1.53616815080498	1.90796592817628
-1.13657616901567	1.53616815080498	1.90796592817628
-1.13657616901567	1.53616815080498	1.90796592817628
-1.13657616901567	1.53616815080498	1.90796592817628
-1.06029609373358	1.46096087544239	1.74328844214353
-1.06029609373358	1.46096087544239	1.74328844214353
-2.23603252956317	1.27652788274745	1.85340059665392
-0.878071462320062	1.10303471870645	0.945750647788696
-0.878071462320062	1.10303471870645	0.945750647788696
-1.26195325478645	1.48984526473168	1.16663172340934
-1.26195325478645	1.48984526473168	1.16663172340934
-0.838705426168722	0.312813894245012	1.65325346977286
-0.838705426168722	0.312813894245012	1.65325346977286
-2.10042149972558	1.17432860753431	1.53659681415894
-2.10042149972558	1.17432860753431	1.53659681415894
-1.10703390257173	1.62175831505726	1.77912887770542
-1.10703390257173	1.62175831505726	1.77912887770542
-1.10703390257173	1.62175831505726	1.77912887770542
-1.86043347434849	1.33280878734869	1.5940831957125
