1.18156614254223	-0.243395122373018	1.33652382191773
1.18156614254223	-0.243395122373018	1.33652382191773
1.18156614254223	-0.243395122373018	1.33652382191773
1.18156614254223	-0.243395122373018	1.33652382191773
0.580082516885934	0.547359109899939	1.75771275631546
-0.743622612929357	0.958622935195335	0.596973857805419
0.222886806430405	0.833457403769287	1.41341314576593
0.222886806430405	0.833457403769287	1.41341314576593
-0.486708873889004	1.38364877890683	1.13199332706082
-0.486708873889004	1.38364877890683	1.13199332706082
-0.486708873889004	1.38364877890683	1.13199332706082
-2.01719964786312	1.04200083094783	1.52645405281857
-1.55000143863394	0.890867048924875	2.34307462775944
-1.55000143863394	0.890867048924875	2.34307462775944
-3.41175603148797	1.48256081966366	1.76445463736966
-3.44630088362582	1.46718377026346	3.04124667832638
-1.44341920372041	1.6110195421476	1.28704926309636
-1.44341920372041	1.6110195421476	1.28704926309636
-1.44341920372041	1.6110195421476	1.28704926309636
-1.13853251257343	0.859400398048253	0.939811053394615
-0.262796219723008	0.743671462071342	0.902457150820102
-0.262796219723008	0.743671462071342	0.902457150820102
-0.576163691231829	0.746780409158572	1.88665149365473
0.0492498731563348	1.1221061103439	1.62899642840373
0.0599570858632405	1.99620006081861	1.87662654011114
0.0599570858632405	1.99620006081861	1.87662654011114
0.0899262666340507	1.60676333110853	1.5246446732344
0.0894916435738477	1.27857683490483	0.79416844097446
0.358226935153504	1.73791186168592	1.78877118746195
-0.122339152561645	0.101435821970311	0.914044958479385
-0.208461257321137	0.193209486096169	0.233164509177803
-0.156806816050758	-0.671447793209979	1.23711512314879
0.103342256489035	-0.118683500534688	1.88005670843908
0.302828697658555	0.380409780671589	0.811822170353051
-0.68437733531689	0.261844546622112	1.08436919989862
-0.16226453446617	0.0223155847011528	2.13845091850676
-0.817994034143533	0.00916605945217473	2.61554053686861
-0.729659983081944	0.114438505347073	3.58904233935056
-1.89353964164619	-0.144427046580555	2.93463931720524
-0.749622297927056	-1.17931039957013	2.03543773141383
-0.749622297927056	-1.17931039957013	2.03543773141383
-1.00066463455194	-0.325232558079348	1.43988741526316
-2.34330538179407	-0.803961102262916	0.774276527639635
-1.78861290377091	0.146560910313278	1.8299517845847
-1.78861290377091	0.146560910313278	1.8299517845847
-2.29001473412893	0.284741461294826	2.3395063603562
-1.82426500996023	-0.190536358381584	1.58906809221099
-1.82426500996023	-0.190536358381584	1.58906809221099
-0.972571332637915	0.400817868767476	1.70515440226551
-0.185403109164621	-0.291944850679097	1.91224017983523
-1.23680107908922	0.733439458032379	2.78942730983193
-2.22508200139601	1.12114564145928	0.88724810285409
-2.22508200139601	1.12114564145928	0.88724810285409
-1.97773060527302	1.30540166092498	1.24446090909001
-1.24819939519707	0.679762312084225	0.687036676996858
-1.24819939519707	0.679762312084225	0.687036676996858
-1.24819939519707	0.679762312084225	0.687036676996858
-0.0522563245526655	0.118458739403943	0.434154817731099
0.022520716799963	-0.582265730093932	-0.0795863255836804
0.359533224282299	-0.60945136239596	0.173596161917379
0.229961868044566	0.318378543384139	0.907270228672837
0.229961868044566	0.318378543384139	0.907270228672837
-1.22231968703636	-0.558637283644379	0.470769879621952
-1.22231968703636	-0.558637283644379	0.470769879621952
-1.59914218684644	-0.6635298053337	1.2426550942325
-0.821517927008564	1.41566280752306	1.54118481499594
-0.821517927008564	1.41566280752306	1.54118481499594
-0.821517927008564	1.41566280752306	1.54118481499594
-0.698116024201601	1.20562172178102	1.34818170604243
0.360169236445233	-0.175064729366835	1.49355388355005
1.37350624183737	-0.105819626794588	1.29009666963572
1.37350624183737	-0.105819626794588	1.29009666963572
0.855230749694969	0.537144848446201	1.78186803719033
1.09765622261465	0.136818582682741	1.11052447929695
0.167598605749023	0.551001631279758	0.910545061075923
0.167598605749023	0.551001631279758	0.910545061075923
-0.372056238235513	0.285873752224902	1.6896462440909
0.18994906928143	1.32956901360294	1.42162524224421
0.18994906928143	1.32956901360294	1.42162524224421
-0.860061375363714	0.562872900042403	0.794640395529258
0.162254824963822	0.260064064102431	1.51392809882464
0.162254824963822	0.260064064102431	1.51392809882464
0.162254824963822	0.260064064102431	1.51392809882464
0.0589422735058801	-0.452703700822602	2.04230731190325
-0.688162125380726	-0.310540458284155	2.95443954704491
-0.444716538258208	-0.198613462404227	2.0915885590915
-0.444716538258208	-0.198613462404227	2.0915885590915
0.467904602606097	0.272208829626082	2.50899112253256
0.550011397254411	0.914713108514709	2.16716312663014
0.550011397254411	0.914713108514709	2.16716312663014
0.0370237172754639	1.38607921258824	1.45134819861306
0.937228501030112	0.41899885236279	0.635494804158026
0.937228501030112	0.41899885236279	0.635494804158026
0.937228501030112	0.41899885236279	0.635494804158026
-0.201305687940243	0.763653778555537	0.483768359641308
-0.941441935958905	1.35259976787798	0.703544924710625
0.0921806298245187	1.51089461132838	1.08617579773932
-0.313076626141214	0.698932889271582	1.33897126145891
0.361423807052156	1.6917883727277	1.57184939037561
0.361423807052156	1.6917883727277	1.57184939037561
0.361423807052156	1.6917883727277	1.57184939037561
-0.992435935833301	1.91668746485955	1.30375891347075
0.564075211401106	2.07155311957836	1.97846559793002
-0.990790616322839	1.3349601019162	1.62784418448714
-0.918885973209749	0.800959072630209	0.922210243758241
0.297336773916531	0.859295334133216	1.47057502344654
0.297336773916531	0.859295334133216	1.47057502344654
-0.160056537319821	1.17028577082024	2.19093545462214
-0.735150214996261	1.10757139086487	2.39379182394419
-0.107528325672981	0.694144417386413	1.68469433462893
-0.107528325672981	0.694144417386413	1.68469433462893
-1.3553422276607	1.77221609040828	2.42452030210759
-0.913764671070083	1.70394497629035	2.86976076149938
-0.0423335966637103	1.39180975529465	2.10256833683077
0.209695681972504	1.12833964931596	2.01531272627892
-1.13897874481518	1.346510674291	1.59887007881489
-1.13897874481518	1.346510674291	1.59887007881489
-1.83965738229076	-0.609783406710585	0.889662694434712
-0.776592423269051	-0.674520383712448	1.32684043768976
-0.678161253774933	-0.497071830996925	2.09411735666245
-0.764853329399415	0.645363489573181	1.41376345261712
0.340373331727727	1.09500000383027	1.44828273973403
0.340373331727727	1.09500000383027	1.44828273973403
0.340373331727727	1.09500000383027	1.44828273973403
0.340373331727727	1.09500000383027	1.44828273973403
-0.48983149254922	1.75220591616469	1.05172173624773
-0.769771182385665	0.331263339150788	1.34752408953724
-0.769771182385665	0.331263339150788	1.34752408953724
-0.769771182385665	0.331263339150788	1.34752408953724
-0.769771182385665	0.331263339150788	1.34752408953724
