-1.56761315535768	1.43126351719993	2.29859997404221
-1.14008641156031	2.44943058233104	1.39294450634555
0.612827905469626	2.47488902688607	0.683891066031723
0.612827905469626	2.47488902688607	0.683891066031723
0.442529782281704	2.25030441200782	1.03009676547521
0.0199073082074041	1.12585685873846	-0.0672686200096462
-1.29825903112959	0.185154397385275	-0.189292014606914
-1.29825903112959	0.185154397385275	-0.189292014606914
-1.29825903112959	0.185154397385275	-0.189292014606914
-1.09949640127039	1.14032266193589	1.05263306739431
-1.09949640127039	1.14032266193589	1.05263306739431
-1.09949640127039	1.14032266193589	1.05263306739431
-1.50009036532833	2.10909985121265	1.04954275648353
-1.45660864890438	1.28620118451494	1.0574885718143
-1.08238585972754	1.16176840182903	1.88155522713037
-0.56642382797239	1.30324273328667	1.69097896526287
-0.677154094292739	1.59973493640914	1.76570315023619
-0.677154094292739	1.59973493640914	1.76570315023619
-1.14659097040555	0.750900071720865	1.48471163245523
-1.58009928754706	0.901583726756703	1.6996374480294
-1.11649690499506	1.27350386757917	3.22465557096524
-1.11649690499506	1.27350386757917	3.22465557096524
-1.15469382030218	0.757662700746463	3.25196093589409
-0.667288369172697	1.5404496072569	2.48009882562869
-0.667288369172697	1.5404496072569	2.48009882562869
-1.37003464659082	0.44687809952807	2.17891123660368
-1.90342572329732	-0.477716119461161	1.13080112737016
-1.90342572329732	-0.477716119461161	1.13080112737016
-1.02945199786755	-0.812382462945173	3.02542839839932
-1.89781554697818	-0.167279722816478	2.0670338318914
-2.19402735111742	0.700206260562913	2.32914350996384
-0.424980113572205	1.15133354269848	0.819529475570102
-0.424980113572205	1.15133354269848	0.819529475570102
-0.38650741566157	0.425356280757895	0.755358178888104
-0.305611331499062	0.307541530130264	0.249250230880491
-0.305611331499062	0.307541530130264	0.249250230880491
-0.936563730846632	0.522552887627917	1.14582408259953
-0.95156907636709	0.392112516136846	1.1541164114743
-0.342423051694676	0.959674138519582	1.56208328247145
-0.683441419010572	0.569546967428544	0.96032788042014
0.085057587265848	0.526226797384163	0.0755319013102338
-0.939029114384131	0.0332433740798976	0.645224726235248
-1.12079196160567	0.676114866991714	1.36349280785193
-0.602579411522743	0.259765074229068	1.65123700591374
-0.441908927649658	-0.0806235254020816	1.58925757625101
-0.803540453553679	0.416427246466884	1.87863864662557
-2.216526067142	0.860715903385578	1.45481896746516
-2.37473544503629	1.37343619291701	3.76184654431536
-2.21388415857574	1.62270605269556	4.189795751198
-2.21388415857574	1.62270605269556	4.189795751198
-1.30027427520086	2.05617014520963	4.52641538365764
-2.72735161262894	1.69980922893153	3.904335757487
-2.09839854443571	1.067983732659	4.03423492087416
-2.09839854443571	1.067983732659	4.03423492087416
-2.09839854443571	1.067983732659	4.03423492087416
-2.76189773011817	0.440099336778873	3.86602491910228
-2.76189773011817	0.440099336778873	3.86602491910228
-2.76189773011817	0.440099336778873	3.86602491910228
-1.90300667431733	0.444190598170714	5.23718544093798
-1.40015770956198	0.156037809705544	4.75442044636235
-1.40015770956198	0.156037809705544	4.75442044636235
-1.95309271861466	-0.723195104106771	2.34956807003728
-1.95309271861466	-0.723195104106771	2.34956807003728
-0.768862581611564	-0.0669176187813116	0.40221709497128
-1.1944235728492	-0.170613683221488	0.426421461063828
0.131128842530936	1.51535267865278	2.24944210960491
-0.45649360159872	1.26523489629589	1.83131024245227
-0.45649360159872	1.26523489629589	1.83131024245227
0.259780415006629	0.226492786218002	1.27354754019132
-0.599269776319546	0.155164697521705	0.492051314339645
-0.645302868219994	0.163261047661529	0.569227197330754
-0.483455209604221	-0.0342668220751903	1.47891638069383
-0.814782824698909	0.881559491205279	1.15164226360229
-1.28842215489355	0.15839631696951	1.42496712388744
-2.28784391014106	-0.181630620678254	1.38401657623872
-2.22990160954356	1.28056487162267	1.4517095293836
-2.02683046226071	0.864692357634213	0.805915748332168
-1.804035406317	-0.350427671098394	0.733065475523149
-2.2963410696227	0.472221779441237	0.267444090885627
-2.2963410696227	0.472221779441237	0.267444090885627
-2.10542634920503	0.451626561349969	0.299502838402066
-1.17110595413258	0.478826733417931	0.805478381347036
-1.17110595413258	0.478826733417931	0.805478381347036
0.470299578724508	1.26559466827821	0.443082471402758
0.418766598588977	1.47909883504175	1.05856173100027
0.759338263643136	1.5812907963357	0.211893717177201
0.388006727459229	1.00691435535969	0.859277126625887
0.388006727459229	1.00691435535969	0.859277126625887
0.388006727459229	1.00691435535969	0.859277126625887
0.346829580499089	1.13058909700858	1.24984644812751
0.0557021158446976	0.529738068816666	1.48226611005514
-2.20987090170757	-0.0372122348533723	1.06128930013146
-2.00876908516635	-0.0713092481608149	1.349756006535
-2.00876908516635	-0.0713092481608149	1.349756006535
-0.350860712037856	0.657166766051674	2.13585343558819
0.301907571849004	0.775367485451631	1.23009185165013
0.301907571849004	0.775367485451631	1.23009185165013
-0.354293393614507	0.533796376346934	1.3925660522347
0.158471058005173	1.78353574817892	1.63278541242089
1.37275269134312	0.516540536757086	1.2143449125579
0.616448492524074	0.587364614415236	1.77020255939815
-0.537271730931718	0.246983121523466	0.848329459851107
-1.09102661084572	-1.16774770932691	0.778103748677956
-1.01776620771364	-1.62469102045527	0.650052100402429
-0.0695544816758493	-1.00252487418998	2.14330200583479
0.133887072945762	-1.34057786391623	1.35030572931746
-0.618885064041691	-0.848995660111376	0.394169532594842
-0.618885064041691	-0.848995660111376	0.394169532594842
-0.451077427457111	0.19915922369389	-0.528876371788547
0.852269735510676	-0.520713521281746	0.266507805214445
-0.0188773324319741	-0.542493369857081	0.732088112833171
0.428511482330506	-0.113807478470082	0.945983185824861
0.0149222056497351	-0.353387190476192	0.923894226248466
-1.83324995511777	-0.296729450164303	2.5197954587671
-1.83324995511777	-0.296729450164303	2.5197954587671
-1.83324995511777	-0.296729450164303	2.5197954587671
-1.90389438987766	0.312055322945797	1.14118545525575
-0.780223184197501	0.705574192354458	1.047384194847
-0.273515303400271	0.989571117729809	1.49814627290079
-1.61729183854502	-0.00908720319527867	2.60573264351222
-0.469777379415195	-0.856034225309891	1.16840696101731
0.0765521484860787	0.953786929248016	0.239484583214278
-1.48022084751734	0.561476117733859	0.0460376191245919
-0.617514661129973	0.292233986997869	0.725177530342513
-1.19982912092425	0.413858749537446	0.842161105348303
-1.19982912092425	0.413858749537446	0.842161105348303
-1.95068886959979	0.497627739428696	1.66952243606092
-0.763020906611849	0.187524972207518	1.43351988513524
-1.33321121609084	0.452753836041014	1.12395935666342
-1.55382152481319	1.31543017077984	0.998003967802059
