-1.24121487155698	1.17073640172746	0.74688397573459
-1.24121487155698	1.17073640172746	0.74688397573459
-1.24121487155698	1.17073640172746	0.74688397573459
-1.58584219103837	1.39031521302201	0.594868854757722
-1.63403730259927	0.923309644014783	0.860871780389378
-1.63403730259927	0.923309644014783	0.860871780389378
-1.78657613342034	1.33212105172414	0.563805981281699
-1.78657613342034	1.33212105172414	0.563805981281699
-1.78657613342034	1.33212105172414	0.563805981281699
-2.0608842306388	0.812717878697941	-0.0289487624880438
-1.44827383981752	2.20286078761113	0.887149173968323
-1.32083695295455	2.45044979877706	1.56949026617046
-1.11390881930159	0.81144826692608	0.150040501008717
-1.11390881930159	0.81144826692608	0.150040501008717
-1.11390881930159	0.81144826692608	0.150040501008717
-1.11390881930159	0.81144826692608	0.150040501008717
-1.11390881930159	0.81144826692608	0.150040501008717
-1.11390881930159	0.81144826692608	0.150040501008717
-0.417500071254218	1.48007214238072	0.157013507229235
-0.594358927911	2.04628857851888	1.39289608646588
-0.594358927911	2.04628857851888	1.39289608646588
-0.594358927911	2.04628857851888	1.39289608646588
-0.594358927911	2.04628857851888	1.39289608646588
-0.381390904074127	0.592491472117522	1.49159901399091
-0.211609042875862	0.351660686847666	0.974868950852597
0.110848722954849	0.968316450723205	1.19321369684263
0.110848722954849	0.968316450723205	1.19321369684263
0.110848722954849	0.968316450723205	1.19321369684263
-0.158008367616422	1.64858147741335	1.62180467945308
-0.565777673285513	1.09431532171683	1.59040229353003
-0.274010270111308	1.71501516209244	1.46840309833186
-0.234408954684412	2.58192824686935	1.93014967735827
-0.228012679109822	3.00493614067543	2.1190007466757
-0.228012679109822	3.00493614067543	2.1190007466757
-0.702593021444486	2.02293421253066	1.56720963624226
-0.702593021444486	2.02293421253066	1.56720963624226
-0.702593021444486	2.02293421253066	1.56720963624226
-0.702593021444486	2.02293421253066	1.56720963624226
-0.702593021444486	2.02293421253066	1.56720963624226
-0.702593021444486	2.02293421253066	1.56720963624226
-0.702593021444486	2.02293421253066	1.56720963624226
-0.187587499780671	2.10299683440496	1.48258292413177
-0.187587499780671	2.10299683440496	1.48258292413177
-0.187587499780671	2.10299683440496	1.48258292413177
-0.740525312597608	1.65569184283385	1.70866177492507
-0.797318730659568	1.65119000911093	0.954439175702561
-1.35091146740265	0.638014447030376	0.328114711381005
-1.07380334428978	0.930058581954864	0.707580458336736
-1.18528762431594	1.12340496544396	0.825892718099353
-1.18528762431594	1.12340496544396	0.825892718099353
-1.47051831416915	1.17930699591997	0.978965558528295
-0.674747652294494	1.37766916181281	1.00035484230145
-0.918190413377971	1.02713317217085	0.990783509624891
-0.739131745864461	0.580779099733546	0.568554651184539
-0.739131745864461	0.580779099733546	0.568554651184539
-0.739131745864461	0.580779099733546	0.568554651184539
-0.739131745864461	0.580779099733546	0.568554651184539
-0.739131745864461	0.580779099733546	0.568554651184539
-0.739131745864461	0.580779099733546	0.568554651184539
-0.739131745864461	0.580779099733546	0.568554651184539
-0.739131745864461	0.580779099733546	0.568554651184539
-0.739131745864461	0.580779099733546	0.568554651184539
-0.739131745864461	0.580779099733546	0.568554651184539
-0.739131745864461	0.580779099733546	0.568554651184539
-0.739131745864461	0.580779099733546	0.568554651184539
0.0462523012491373	0.638156201516255	1.12089959716167
0.0462523012491373	0.638156201516255	1.12089959716167
0.0462523012491373	0.638156201516255	1.12089959716167
-0.194871997357741	1.15233855588776	0.697050928143666
-0.845837074538647	0.919339349522994	0.577418698189317
-0.845837074538647	0.919339349522994	0.577418698189317
0.12910633035713	2.03366822266619	0.94392146144471
-0.13523931903974	1.29503760825894	1.27463354150116
0.0987643238221624	1.69833578923102	1.08785621223373
0.0987643238221624	1.69833578923102	1.08785621223373
-0.41552772745178	1.71546247622972	1.09768222646658
-0.41552772745178	1.71546247622972	1.09768222646658
-0.41552772745178	1.71546247622972	1.09768222646658
-0.41552772745178	1.71546247622972	1.09768222646658
0.438835577877585	1.88446333100228	1.4862852429088
0.438835577877585	1.88446333100228	1.4862852429088
0.438835577877585	1.88446333100228	1.4862852429088
0.438835577877585	1.88446333100228	1.4862852429088
0.43321034980503	2.41384485564155	1.62079282693927
0.43321034980503	2.41384485564155	1.62079282693927
0.43321034980503	2.41384485564155	1.62079282693927
0.290029063079659	1.83095596852947	0.983795739696533
0.290029063079659	1.83095596852947	0.983795739696533
0.290029063079659	1.83095596852947	0.983795739696533
0.327546561967618	1.71625051445883	1.38144174860471
0.327546561967618	1.71625051445883	1.38144174860471
0.327546561967618	1.71625051445883	1.38144174860471
0.327546561967618	1.71625051445883	1.38144174860471
0.327546561967618	1.71625051445883	1.38144174860471
0.327546561967618	1.71625051445883	1.38144174860471
0.327546561967618	1.71625051445883	1.38144174860471
0.327546561967618	1.71625051445883	1.38144174860471
-0.897619451675887	2.17646789687359	1.64287245981811
-0.897619451675887	2.17646789687359	1.64287245981811
-0.897619451675887	2.17646789687359	1.64287245981811
-1.11111753968955	1.73274413012823	1.56516099286734
-1.11111753968955	1.73274413012823	1.56516099286734
-0.881774862185925	1.39047311213185	0.650065203487821
-1.4700273914006	0.934441808550952	1.02698744220161
-1.4700273914006	0.934441808550952	1.02698744220161
-1.25953481376845	1.86240948871375	1.17494549284174
-1.02714646318378	1.1662994647308	1.09953658923034
-1.02714646318378	1.1662994647308	1.09953658923034
-0.418160598506349	1.53312109170431	1.23467501650135
-0.418160598506349	1.53312109170431	1.23467501650135
-0.34625217142374	1.95401262897134	0.886420096151212
-1.9869632720156	0.971644600456385	1.23905982095141
-1.29685594778196	1.60010879726425	0.950504065879743
-1.73171511077757	1.10655785524693	0.418341467637066
-1.83991511350295	1.12974120796089	0.568278529085197
-1.19627480300336	2.11482696367319	0.866785127446277
-1.19627480300336	2.11482696367319	0.866785127446277
-1.19627480300336	2.11482696367319	0.866785127446277
-1.19627480300336	2.11482696367319	0.866785127446277
-1.60048178808412	1.38936383754496	0.422868211415755
-1.60048178808412	1.38936383754496	0.422868211415755
-1.76527793717732	1.50506467615251	0.814796997067975
-1.76527793717732	1.50506467615251	0.814796997067975
-1.76527793717732	1.50506467615251	0.814796997067975
-0.524468315756698	1.022038186805	1.04599204241856
-0.524468315756698	1.022038186805	1.04599204241856
-0.020350142228601	1.33456188283944	1.48212926177453
-0.020350142228601	1.33456188283944	1.48212926177453
-0.020350142228601	1.33456188283944	1.48212926177453
-0.403691485973159	0.803215423269942	0.655724169483937
