1.0642150098075	0.23017353619541	1.85516175728239
1.0642150098075	0.23017353619541	1.85516175728239
1.41731189100872	0.945616387341957	1.8657191034341
1.25127238394794	0.361238536045053	2.63993398639805
1.12048134065094	1.09366166727846	1.74278900530893
0.823810932828966	0.516884531330033	2.0121100964008
0.190677889986902	0.219935723679383	2.34730945681106
-0.498941433193273	-0.499972797532231	2.6390603826757
-0.26052320157103	-0.389237396489201	1.77383927029415
0.0493025849676311	-0.0312778623001431	2.35496430314618
0.000375412822665358	0.375672775915304	3.2731498767499
-0.083426328422973	0.273888620247029	3.21208363029894
0.0920413676438062	0.59597425164605	2.68928283639928
-0.0262832205206325	-0.21364640042243	2.97939712759574
-0.402018616564686	0.188639630640778	1.6273673093017
-0.989656485966549	-0.422695831080389	0.700872067438274
-0.738298634046826	-0.520176008996502	0.926905809529693
-1.04576958265098	-0.354490463436475	1.19586305413043
0.498720892711679	-0.862786666420447	2.68211008057129
0.629666729266783	-0.553136336780402	2.27752593982931
0.130981237449165	-0.460742324867448	0.636411447165996
0.00977554928526139	-0.924273057498446	1.41973098147537
-0.0343430405002617	-1.04949065883698	1.20245178336372
-0.0255635797859708	-0.318612432831226	0.167132116878386
-0.28223033836194	0.131191728818306	0.0260655174711864
-0.678799436398539	0.0864277334007415	0.403148743022138
-0.264011373804325	-0.228417588672927	0.480972234949981
-0.463842176659581	0.549049395206953	0.65182632069943
-0.463842176659581	0.549049395206953	0.65182632069943
-0.463842176659581	0.549049395206953	0.65182632069943
-0.463842176659581	0.549049395206953	0.65182632069943
-1.08029522236032	0.271302843634817	1.35199491774546
-1.29324931478561	0.309311995825188	2.11861135315454
-1.60123083010186	0.236414821288627	1.93197543584168
-1.28189476779141	0.280795466228684	0.824689873179107
-1.19563229864097	0.55812874873963	1.06715451002048
-1.19563229864097	0.55812874873963	1.06715451002048
-1.33179510926584	0.588570786159495	1.87581609337442
-1.37730848816625	0.64417545607816	0.932910689964112
-1.0225618224843	0.21532282301425	0.645932702630059
-0.760277748770463	0.623589464467421	0.919154445043596
-0.760277748770463	0.623589464467421	0.919154445043596
-1.14042967907971	0.428519506169185	1.65317663041872
-1.06967919861724	0.194928688762922	2.29697150990509
-0.943464327329664	0.771252261786502	2.27601788776785
-0.943464327329664	0.771252261786502	2.27601788776785
-1.31345267272733	0.646221110969242	3.14556843787599
-1.31345267272733	0.646221110969242	3.14556843787599
-1.31345267272733	0.646221110969242	3.14556843787599
-1.33886001673814	1.06937544239434	2.30713968315899
-1.33886001673814	1.06937544239434	2.30713968315899
-0.472108020959048	1.92973042105506	1.04664515761777
-1.08570110624565	1.9316049657619	1.08408243493117
-1.30050588562175	0.597645441951923	1.19653787637941
-0.771254143846742	2.19598233740009	0.30070528703479
-0.660997534974484	1.92752503431892	0.760356833174304
0.47156827821053	1.21750776449179	1.2470495395079
0.47156827821053	1.21750776449179	1.2470495395079
-0.0849803429231563	1.56151275101275	1.29786590464078
-0.131763566812653	1.11970456794903	2.518461085453
-0.544782590307919	1.59492243106893	1.67351133940685
-0.87421430031316	1.01526451127485	2.13014694779346
-0.99160888835612	1.30002719294269	2.01296416817951
-0.99160888835612	1.30002719294269	2.01296416817951
-0.99160888835612	1.30002719294269	2.01296416817951
0.339143266643195	0.973798721284544	1.08067989180592
0.339143266643195	0.973798721284544	1.08067989180592
0.339143266643195	0.973798721284544	1.08067989180592
0.339143266643195	0.973798721284544	1.08067989180592
0.666788686615181	0.921290416368435	1.81104992643594
0.630784262704026	0.766758462248367	1.73430560379855
0.351628236177649	1.0272315604176	1.61937373706241
-0.173562325136359	-0.0662256212682357	2.07615638780888
-0.173562325136359	-0.0662256212682357	2.07615638780888
-0.470993005684449	1.24899015896159	1.01743626018908
-0.84779935665911	1.21844936734276	1.14751382920172
-0.84779935665911	1.21844936734276	1.14751382920172
-0.862675260586403	0.405272873647588	0.714959934572307
-0.840907567385441	0.583620737021377	0.666785003143186
-0.953849233805324	-0.0378299482181916	1.36083017989949
-0.460110816065029	-0.342331444742132	1.19860866697336
-0.363990735630852	0.833119669499901	-0.217191750696621
-0.363990735630852	0.833119669499901	-0.217191750696621
-0.123366283018102	0.916723919634365	0.03876413289828
-0.523648903186398	1.90741391498947	0.355547322772388
0.144896976406662	2.31951091349669	0.786853162024149
0.144896976406662	2.31951091349669	0.786853162024149
0.144896976406662	2.31951091349669	0.786853162024149
0.144896976406662	2.31951091349669	0.786853162024149
0.0660586840280152	1.95843089499323	0.68489702408199
-0.300778130377914	1.6309282818701	0.812768568681619
0.0455899553968343	0.641537422457111	1.10957249091246
-0.0269881216156478	0.193698680302207	1.02799262911372
-0.748039156626901	-0.748781549204625	1.90121366910335
-0.748039156626901	-0.748781549204625	1.90121366910335
-0.748039156626901	-0.748781549204625	1.90121366910335
-0.748039156626901	-0.748781549204625	1.90121366910335
-0.748039156626901	-0.748781549204625	1.90121366910335
-0.748039156626901	-0.748781549204625	1.90121366910335
-0.223220220377906	-0.220894600836865	1.02460472433511
-0.223220220377906	-0.220894600836865	1.02460472433511
-0.467762695217898	0.587684847571771	1.40754521278789
-1.07301591167954	0.0407730373652986	1.31778352145215
-0.984796794511946	0.269280028057771	0.881067099504163
-1.23785964206278	-0.321931678023205	1.61661953306757
-1.23785964206278	-0.321931678023205	1.61661953306757
-1.23785964206278	-0.321931678023205	1.61661953306757
-1.02883187227938	1.023177245791	1.06190426053204
-1.31478856043977	0.583311153792583	0.740254817007509
-1.41517043801372	0.877824892273432	1.48284873640413
-0.802341728304695	1.63877533179631	0.587655548503439
-1.05316996271011	1.87468898968415	2.04544277277887
-1.05316996271011	1.87468898968415	2.04544277277887
-1.05316996271011	1.87468898968415	2.04544277277887
-1.05316996271011	1.87468898968415	2.04544277277887
-0.841583808579195	2.19678651182808	2.3925979866054
0.20031461595104	1.52065960808075	2.9427484387801
0.0668815980230484	1.9435666705286	1.74111702630768
0.0187048172902902	1.77557879850657	2.15936527786348
-0.130647142181929	1.07722624509912	2.0882510960587
0.488183541291045	1.01300669502649	1.8071203019303
0.488183541291045	1.01300669502649	1.8071203019303
0.488183541291045	1.01300669502649	1.8071203019303
0.568584988348445	0.351371118812444	1.84168120990075
-0.0544534565602708	0.265093963642473	2.21378005518568
-0.0946272810995171	-0.0462521936704783	1.80831731162749
-0.0624364475598049	-0.396513874173909	1.95271829210956
-0.56728023513925	-0.0107738320583564	2.22178840584658
0.0750422005027994	0.234504529962078	1.49904982162707
0.106033627854304	0.34934943316071	1.84491772580999
