0.736961588227483	0.6536466528963	2.22982355682516
1.21749533109246	0.133892304986367	1.93447915093223
0.237544601767575	0.814546276572917	2.34929825827311
0.237544601767575	0.814546276572917	2.34929825827311
0.16743729958169	0.654622221161708	1.94987471836055
-0.807169567921362	0.666086549697018	1.67479879043009
-0.778898116262212	0.119204385847621	1.38157736253492
-0.778898116262212	0.119204385847621	1.38157736253492
-0.778898116262212	0.119204385847621	1.38157736253492
-0.383619959095824	0.332737242957289	1.18657270739248
0.911611073696878	-0.252840316288003	0.819239750928481
0.911611073696878	-0.252840316288003	0.819239750928481
-0.429853664779313	0.201691401157266	1.18251708906308
-0.306976127843956	1.03287419231144	1.47793109853136
-0.951601100120589	0.39034765622097	2.59941457344926
-1.95680116069737	-0.435554135735625	2.97934229665494
-2.35161617564097	-0.716753606979876	2.24695879548717
-3.77393513857973	-0.41017185160206	2.65268096263065
-3.92841398991669	0.0125577482261459	2.67091432540012
-2.7625524510616	0.325304164609407	2.15849285917033
-2.20396117347809	-0.623847115032145	1.74940828079626
-2.59019575794793	0.0765067532103006	1.26360604288255
-1.69011593674213	-0.851744563338883	0.812135150987853
-1.91033159681917	0.171218696218869	0.601561954426559
-1.91033159681917	0.171218696218869	0.601561954426559
-2.65129906034309	1.41539017308033	1.29792847854345
-2.27476239502746	1.52380664523524	2.00536837425187
0.643535993735441	1.35047265110351	2.30272218300108
1.25664057193109	0.612135149817863	2.34750983560872
1.11441477923816	0.499483238437868	2.35089016380371
1.70395522634035	0.0497855549998209	2.37332009663938
1.58607794326889	0.803986744582406	2.94112076500509
0.829698757018501	0.721916703477633	3.00463774374425
0.829698757018501	0.721916703477633	3.00463774374425
-0.796632109232761	0.712972338968254	1.94254636630434
-0.796632109232761	0.712972338968254	1.94254636630434
-0.796632109232761	0.712972338968254	1.94254636630434
-0.865570023812495	-0.38197017218902	1.67730605339787
-1.16828420802477	-0.711056294291607	0.864124714424391
-1.42967005634893	-0.587087174386918	1.50749127660492
-1.42967005634893	-0.587087174386918	1.50749127660492
-1.28737631959364	-0.0917804083488384	1.60554590817882
-1.93679862843463	-0.190873768064977	1.20091189709851
-1.86844828193602	-0.211039410934529	1.33266891213997
-1.38148912798352	0.0165520736420268	1.04383727416836
-1.38148912798352	0.0165520736420268	1.04383727416836
-0.343927104232325	0.184031537662194	1.38401991597605
-1.02233996974171	-0.432324256635848	-0.00776114718362464
-1.02233996974171	-0.432324256635848	-0.00776114718362464
-0.409347522239714	-0.31844890007048	1.08769498874332
-0.346828991517509	1.15628625116605	1.60820260352978
0.178465773470877	1.04413820192386	1.69186421143229
0.178465773470877	1.04413820192386	1.69186421143229
-0.835804433019461	1.05927792088036	1.22619550818332
-0.835804433019461	1.05927792088036	1.22619550818332
-1.55407447189373	0.453047313226047	0.718606213767662
-0.887566465453907	0.0171191995860028	1.05434824917101
-1.16553264396669	0.727456641095002	1.50451608995258
-0.498896372458623	0.319706074616085	1.75629455242931
-0.498896372458623	0.319706074616085	1.75629455242931
-0.498896372458623	0.319706074616085	1.75629455242931
-0.498896372458623	0.319706074616085	1.75629455242931
-0.221304641571476	0.652461258051861	2.48765068034996
-0.292772054718688	0.604037288711108	2.62403713850897
-0.292772054718688	0.604037288711108	2.62403713850897
-0.736913551835547	1.16938614745329	1.28227210247647
-0.479216908052583	1.14601407467908	1.02564465750026
-0.479216908052583	1.14601407467908	1.02564465750026
-0.652493909652344	1.42871693216831	1.34087275745998
-0.652493909652344	1.42871693216831	1.34087275745998
-0.152642382665873	0.946584338005651	1.48617297921606
-0.646026247992603	1.24178845737721	1.64522484002048
0.20257350068787	0.871019341685926	0.983245829229242
-0.0198133440163181	1.38633877312816	1.20871055571168
-0.0198133440163181	1.38633877312816	1.20871055571168
0.335766372696549	0.756164875985005	1.73690638410661
0.335766372696549	0.756164875985005	1.73690638410661
0.335766372696549	0.756164875985005	1.73690638410661
0.203681391818843	-0.224014845282843	1.96357244579825
0.0565150871531748	-0.445896287737529	1.64329778938251
-1.01827085686201	0.191743388884552	2.10238435985653
-1.04675320130914	0.488323026898889	1.64318277846356
-1.02139224147473	0.104402172200473	1.67020961049014
-1.02139224147473	0.104402172200473	1.67020961049014
-1.10054454047148	0.191610487994757	1.47466470623281
-1.02326688358594	0.140054623554563	1.42449553170324
-1.02326688358594	0.140054623554563	1.42449553170324
-0.854470129749065	-0.240058567336407	1.03817587522775
-0.854470129749065	-0.240058567336407	1.03817587522775
-0.854470129749065	-0.240058567336407	1.03817587522775
-0.854470129749065	-0.240058567336407	1.03817587522775
-0.338347889411322	-0.0384238276939069	1.49308129127155
-1.57163459220353	0.0617758934044376	2.06716782161403
-2.32251752050461	-0.123033787689859	1.63615984754199
-2.77547035355235	0.476769477849448	2.42974984464946
-2.63529856683828	0.149453593085085	2.42726771549014
-1.79497871832678	-0.305356091562913	2.74324819902789
-1.92583092938358	-0.166139563440367	2.81468510559085
-1.92583092938358	-0.166139563440367	2.81468510559085
-1.92583092938358	-0.166139563440367	2.81468510559085
-2.20429164394847	-0.132945767742741	2.75848070116003
-2.4167229793653	0.119534634963048	2.75835034076794
-2.53949351678464	0.238110418374608	2.91798415433832
-2.89700402974492	0.219784239599847	1.84220598121871
-1.50790514655518	1.35604401100254	2.18880168482746
-0.467781958559426	0.414025752283614	1.38149872423698
-1.98732561078138	0.43275804271259	2.06306537151429
-0.446606751942773	0.461417887698864	1.35988815913932
-1.60271132336797	0.182505436246556	1.90883582081347
0.112195441985089	-0.0922190312731468	1.48675719970777
-0.373801407848427	0.124114929860106	1.34109573461224
0.530909153096951	-0.883439254451617	0.377739360722095
0.0269303374689587	-0.94555434553839	0.157579576221803
0.0269303374689587	-0.94555434553839	0.157579576221803
0.0089397203885177	-0.0771954322561681	0.35312440352883
-0.113032302973941	-0.0420627381193408	0.404798255340603
-0.113032302973941	-0.0420627381193408	0.404798255340603
0.376283161658582	-0.519006890805704	0.149185542385594
0.376283161658582	-0.519006890805704	0.149185542385594
1.11044697843981	0.285088618227123	0.968398535569932
1.20831532270638	0.557378635540543	1.4750803054429
0.800357909903933	0.39832334867372	1.97259291937907
0.800357909903933	0.39832334867372	1.97259291937907
1.16061733597142	0.728328326470592	1.4912233786454
0.296120673203077	1.88273377257062	1.22475750177513
0.585193164029309	1.52442662691351	1.39777713061677
0.407954349817155	1.52076333292034	1.79580699592831
0.407954349817155	1.52076333292034	1.79580699592831
0.407954349817155	1.52076333292034	1.79580699592831
0.23169804427145	1.63158068352638	1.11310148701624
