-0.282516802010882	0.352264773505608	0.873208750566247
-0.282516802010882	0.352264773505608	0.873208750566247
0.592477777557134	0.968072126635672	2.48119641904355
0.592477777557134	0.968072126635672	2.48119641904355
0.592477777557134	0.968072126635672	2.48119641904355
0.592477777557134	0.968072126635672	2.48119641904355
0.279599150236574	1.8685433385033	2.14126727333632
-0.0768050248910006	0.819345988998102	0.837583160224097
-0.103933331262144	-0.45340916275103	1.18872673272912
-0.481306536226477	-0.811891751714503	1.65876264209642
-0.130148507954449	0.614597919933656	3.303562452191
-0.130148507954449	0.614597919933656	3.303562452191
0.405281737300582	-0.663193937558679	1.8222342642491
0.405281737300582	-0.663193937558679	1.8222342642491
0.405281737300582	-0.663193937558679	1.8222342642491
0.405281737300582	-0.663193937558679	1.8222342642491
-0.126508114763453	-0.916133639742371	1.44623748918381
-1.49665240571662	-0.153416392609339	2.50826766881904
-1.49665240571662	-0.153416392609339	2.50826766881904
-2.07851627160567	-1.41264680374205	0.351510279592697
-0.834069317726094	-1.60499024490564	0.959396135516304
-0.834069317726094	-1.60499024490564	0.959396135516304
-0.834069317726094	-1.60499024490564	0.959396135516304
0.764613011765869	-0.620109968831545	1.85823662510182
0.302823844741427	-1.19698794918991	2.81545919845563
0.508478256314143	-0.895033311816218	2.62019444473772
1.11902939457452	1.5766698687016	3.0292998012325
1.11902939457452	1.5766698687016	3.0292998012325
1.28513969953545	1.69508410142987	2.47024630606323
1.28513969953545	1.69508410142987	2.47024630606323
-0.488661439117451	1.55267716052709	2.95574681065554
-0.488661439117451	1.55267716052709	2.95574681065554
-0.488661439117451	1.55267716052709	2.95574681065554
-2.42485233212665	0.382059142699559	3.1695261720623
-2.42485233212665	0.382059142699559	3.1695261720623
-2.08171376032477	-0.198493526722261	2.56706289990541
-1.30759334388508	-0.0646932535283954	1.23774940453888
-1.35904465339016	0.0861290094902698	2.40445669632291
-1.85817465998077	0.110767942600482	1.6988572401721
-0.719302973455475	0.138339057195858	0.678002828228457
-0.530386949371572	0.0700965572555683	0.28287638688243
0.6082028106731	0.722481815913388	1.11388287437549
0.6082028106731	0.722481815913388	1.11388287437549
0.734083377664721	0.961961274833557	1.59005995985095
0.577977213045068	0.616471294731325	1.9217998092225
-0.608096359359087	0.370311999961034	0.938427469815629
-0.608096359359087	0.370311999961034	0.938427469815629
-0.284307798028152	-0.75786640211839	1.68337071155632
-0.284307798028152	-0.75786640211839	1.68337071155632
-2.26105808192992	0.304743045723279	2.03839608917374
-0.99549467586194	0.109656960822599	1.25146506484452
-0.340940272436626	0.441058256129973	0.67620109208465
-1.62830318913022	-0.27814327747713	1.39286894525628
0.0955059387820785	-0.518654775875962	1.86553632452095
-0.777996945422215	1.77567271415737	1.94830952451026
-0.578464312666925	1.64510773121751	0.682498156944033
-1.3853733456009	1.41033439321753	2.36675269756553
-1.37822489181579	1.29102455712719	1.42676126290574
-1.37822489181579	1.29102455712719	1.42676126290574
-1.37822489181579	1.29102455712719	1.42676126290574
-0.0224966614002118	0.894502589045271	1.44109000575223
-0.326292459506868	0.88423385129528	1.15710091958263
-0.326292459506868	0.88423385129528	1.15710091958263
0.395161061690823	-0.38565342539171	1.69665043734725
-0.119979311328095	-0.853254159634648	1.32853425642791
0.795113347419712	1.50806545743292	1.98157651423646
-0.346899589713412	0.992558851398052	1.82638272740056
-1.01370433552205	1.09227939295844	1.23846533939006
-0.946781661423262	0.421304277492511	1.72260961115828
-0.72648157596676	0.873927781838503	1.85853375066451
-0.72648157596676	0.873927781838503	1.85853375066451
-0.72648157596676	0.873927781838503	1.85853375066451
-0.72648157596676	0.873927781838503	1.85853375066451
-0.683247769485206	1.78466856632637	1.23734440627609
-0.683247769485206	1.78466856632637	1.23734440627609
0.134121567804986	1.40319414534061	2.26608530811186
-0.0578267171668961	0.539484685908194	2.55176392878887
0.0926921959316782	0.283586375234086	2.23236536667081
-0.373327098798082	0.0828335303219848	1.7278381261799
-0.373327098798082	0.0828335303219848	1.7278381261799
-1.34403307978934	0.554234193792823	2.85404330937264
-1.34403307978934	0.554234193792823	2.85404330937264
-1.13040066641297	-0.105265282498827	1.62177924117588
-1.05553521880944	-0.700748199786843	2.42254049607341
-1.05553521880944	-0.700748199786843	2.42254049607341
-0.453497149816331	0.425786559316725	2.79777945052743
-1.53201659233042	1.03417802434217	2.42765406263722
-1.53201659233042	1.03417802434217	2.42765406263722
-1.53201659233042	1.03417802434217	2.42765406263722
-0.584062910512051	-0.0562416630597718	0.935876473492674
-0.584062910512051	-0.0562416630597718	0.935876473492674
-2.03025914565002	-0.149104860962198	1.21009530305887
-0.844703338079798	-0.0423930599153624	1.80795205886717
-0.844703338079798	-0.0423930599153624	1.80795205886717
-0.898242903567521	0.30525843206115	1.71601849423092
-0.898242903567521	0.30525843206115	1.71601849423092
0.131037412061541	-0.303089439500044	0.806101260923314
-1.48009099299117	1.03581695314361	2.04949844494703
-0.669921117632078	0.274906252875824	2.02842473443947
-0.669921117632078	0.274906252875824	2.02842473443947
-0.256277778057138	-0.295104086245109	2.22114850638334
0.380385171776212	0.438956430314883	1.29518016984285
0.380385171776212	0.438956430314883	1.29518016984285
-1.60276958798711	0.0130583142185557	1.01368150490676
-1.60276958798711	0.0130583142185557	1.01368150490676
-1.74971268678283	0.582501472089469	0.604933559358967
-1.74971268678283	0.582501472089469	0.604933559358967
-1.36408886271454	-0.228127479404093	0.72967575829872
-1.91182629580174	1.39700027374753	0.669532748186544
-1.18147187826158	0.826509392916307	0.946802813006536
-0.870462446920151	1.08646523727997	1.28929587436594
0.434090637002646	0.515805055130453	1.93419193856954
-2.12363611339794	0.416879527793093	1.89339836523588
-2.12363611339794	0.416879527793093	1.89339836523588
-2.31500321173014	0.245213533733762	1.62606626545129
-0.453147586058872	0.67042952156321	1.46306904990733
-0.453147586058872	0.67042952156321	1.46306904990733
-0.453147586058872	0.67042952156321	1.46306904990733
-0.999623755369283	0.283498227029178	1.03158076971156
-0.634948227308818	-0.498393101862515	0.886133510337062
-0.634948227308818	-0.498393101862515	0.886133510337062
-1.19391276403513	-0.711357910056918	1.40719199912985
-1.31667969004325	0.232453374524913	0.355993499210931
-1.72843437858837	1.95346747431758	1.1095587482038
-1.94343937421454	1.43021976083577	1.67174380212128
-1.94343937421454	1.43021976083577	1.67174380212128
-1.94343937421454	1.43021976083577	1.67174380212128
-0.539763616493386	0.694140588231375	1.16075111884069
-1.34107818818224	0.924520449294775	1.41291496973356
-0.574926292536252	0.339287216096812	0.972106484642875
