1.03837690538517	1.22762459458783	1.85754264131236
0.623692092914189	0.521704217918413	1.28121012329617
-0.205683694942514	-0.254501214568128	2.22485027009982
-0.503088986387323	-0.260745230395152	2.0430686295035
-0.503088986387323	-0.260745230395152	2.0430686295035
-1.52817058405047	-0.338329331933773	1.95944282136548
-0.885018646403313	-0.117547395509747	1.98382391385426
-0.885018646403313	-0.117547395509747	1.98382391385426
-0.885018646403313	-0.117547395509747	1.98382391385426
-0.538030669110083	-0.0305187092236102	1.73701381074185
-0.583159526060627	0.167352428921848	1.54436631888565
-0.583159526060627	0.167352428921848	1.54436631888565
-0.778446348885537	1.16071495172053	1.07490890280219
-1.06453369115865	0.770581008961664	0.95812768249934
-1.06453369115865	0.770581008961664	0.95812768249934
-0.497377459704488	0.452226976455488	0.883241860345313
-0.0523655088313928	1.67915542408531	1.4134201089647
0.0889023762577375	1.27074377997225	1.2303165584941
-0.901524790333588	0.0479351558445736	1.01730114596093
-0.901524790333588	0.0479351558445736	1.01730114596093
-0.373205789686891	0.182463462929892	0.688436624998901
-0.26616245784507	0.25557355416386	0.204615479308446
-0.120821052637425	1.00701667865895	-0.0118287817290185
-0.72593089632496	1.48989167070885	0.22894878970402
-0.72593089632496	1.48989167070885	0.22894878970402
-1.12457774571598	1.54398453997051	0.222441090837513
-1.57754212502255	1.96241733595708	0.460566389231989
-0.728724321946489	1.60299546142303	0.682871461841899
-0.870876586471941	1.59914746899204	1.17220574142442
-0.893633973887932	1.45246518365026	1.09223965442055
-0.69984550450386	0.814406374314363	0.763089695701578
-0.69984550450386	0.814406374314363	0.763089695701578
-0.69984550450386	0.814406374314363	0.763089695701578
-0.276190974382625	0.759556802310311	0.627629454015067
-0.489279132781703	0.830098501553859	0.506870821330209
-0.340265194300938	0.369567738162705	0.815334170349193
-0.705295256102607	0.998701943913987	0.97471180867992
-0.705295256102607	0.998701943913987	0.97471180867992
-0.817058124989147	-0.382928718862799	0.846129942912334
-1.16335202491414	-1.20814844541465	0.689314838925822
-0.862864063093954	-0.909717075883191	1.24384833703206
-0.444711426258003	-0.201142765308	1.35730642190394
0.306169597308138	-0.254466990554919	1.82388625614443
0.413395951874217	0.209478996137907	1.37528522752059
-0.349798946978452	0.257647680622804	1.87008815760772
-0.349798946978452	0.257647680622804	1.87008815760772
-0.349798946978452	0.257647680622804	1.87008815760772
-0.349798946978452	0.257647680622804	1.87008815760772
-0.438519686298599	-0.181642627133263	1.44336353787236
-0.907956677600988	-0.347771445494814	1.49259018249443
-0.907956677600988	-0.347771445494814	1.49259018249443
-0.907956677600988	-0.347771445494814	1.49259018249443
-0.907956677600988	-0.347771445494814	1.49259018249443
-0.887389794321348	-0.905088540880309	1.60390751801053
-1.01611783794163	-0.176536240843282	1.53725625050497
-0.636101800425216	0.108000117727809	1.26557095693017
-0.55818755854146	0.843393126489722	1.24852792006762
-0.55818755854146	0.843393126489722	1.24852792006762
-0.55818755854146	0.843393126489722	1.24852792006762
0.191815619908126	1.41775705376541	1.11103366623244
-0.828107433992427	0.951596718075004	1.5185233557586
-0.544683765440341	1.03610841079469	2.63658936495856
-0.544683765440341	1.03610841079469	2.63658936495856
-0.265562526571242	0.876605960621085	2.31472824224098
-0.265562526571242	0.876605960621085	2.31472824224098
-0.217298467297332	0.724098011351774	0.962156499999223
-0.313444412490516	1.333980960944	0.0858119935743877
-0.0748758221307783	1.02992953152355	0.506780099591403
-0.0748758221307783	1.02992953152355	0.506780099591403
-0.0748758221307783	1.02992953152355	0.506780099591403
-0.0748758221307783	1.02992953152355	0.506780099591403
-1.20287944720164	0.688095476801504	0.499341394306566
-0.770244045667603	1.37266329385729	0.737593610973758
-0.0136825723197817	1.37962833608655	0.856583932527694
-0.167030070724159	1.39709026868177	1.03314263318611
0.343014774389278	1.8546849821336	0.594138085973612
-0.316212673657747	1.54419464815534	0.622712887474133
-1.16675596257704	1.09142803911609	0.804713169015892
-1.09860374344176	0.911698389269731	0.903651559988525
-1.09860374344176	0.911698389269731	0.903651559988525
-0.529857553610298	0.184051954961834	0.246647210804803
-0.649267146341592	0.295320634552717	0.617968308514489
-0.525135643300759	0.552018374208337	0.843896033576884
0.182140215536538	0.771604138364986	0.822055397487579
0.182140215536538	0.771604138364986	0.822055397487579
0.430881129112591	1.80034464604739	1.13487216801611
0.745011019197629	0.689001736933541	0.576632176238645
0.632867779113051	1.42731099295323	1.23649368500697
0.930294467631923	1.65665875795206	0.764023660227472
0.487978814197026	1.16445389347097	1.09206078749662
-1.19200309341126	0.954372572677344	0.734194226054668
-0.499048286023399	0.237056456778237	0.638251905282356
0.435684945116785	0.721988292805709	0.434415051024304
0.435684945116785	0.721988292805709	0.434415051024304
-0.358652518761735	1.01878906378204	0.658263254174241
-0.197454583367678	0.292540762528595	0.920108625334906
-0.197454583367678	0.292540762528595	0.920108625334906
-0.197454583367678	0.292540762528595	0.920108625334906
-0.194781993990598	0.710451912196557	1.91993057866327
-0.905342949144804	0.9393669261976	2.04014023712773
-0.844965836109311	1.05718895350974	1.7696404356235
-0.806801249946414	0.715669799447081	1.61358616142953
-0.806801249946414	0.715669799447081	1.61358616142953
-0.998267534126562	0.976809095715778	1.29397947071928
-0.998267534126562	0.976809095715778	1.29397947071928
-0.412733880423233	1.52388701865995	1.26070908258556
-0.412733880423233	1.52388701865995	1.26070908258556
-0.0891832019264904	2.03333679038125	1.38118015967554
-0.264900299449452	2.32670126255758	0.875757452059632
-0.0837424691469403	1.75028853923532	0.893845549307777
-0.0837424691469403	1.75028853923532	0.893845549307777
-0.208407991985812	0.610235218488092	0.730446763439385
-0.208407991985812	0.610235218488092	0.730446763439385
-0.269453293594243	0.20718176681432	0.48662610037897
-0.269453293594243	0.20718176681432	0.48662610037897
-0.865788382683445	1.0097101309085	0.00457566459215619
-0.865788382683445	1.0097101309085	0.00457566459215619
-1.49656788747288	0.760960127013553	0.7007618469218
-1.49656788747288	0.760960127013553	0.7007618469218
-1.49656788747288	0.760960127013553	0.7007618469218
-1.49656788747288	0.760960127013553	0.7007618469218
0.246991362439039	1.69691795679125	0.810834806604869
-0.429391854004259	1.13684916164466	0.48690394077158
-0.379845533751108	1.03633165161651	0.881586192984212
-1.20225324609808	0.926076841217683	1.20386903555069
-1.20225324609808	0.926076841217683	1.20386903555069
-1.20225324609808	0.926076841217683	1.20386903555069
-1.20225324609808	0.926076841217683	1.20386903555069
-1.20225324609808	0.926076841217683	1.20386903555069
-1.20225324609808	0.926076841217683	1.20386903555069
