-1.50176588267581	0.318855362712573	2.44782668907893
-1.10481270444836	0.466461929150781	2.74150864076384
-0.142303861015256	0.421611662812271	2.82692249027819
-0.142303861015256	0.421611662812271	2.82692249027819
-0.0168279458150264	-0.0244271452544596	1.17036850982182
-0.0168279458150264	-0.0244271452544596	1.17036850982182
0.024384635589835	0.347656618935426	2.19596281624222
0.024384635589835	0.347656618935426	2.19596281624222
-0.558799967396293	0.940654657744434	2.80386765554826
-0.18904822283447	0.351229126336902	1.73845695869281
-1.37821240229332	-0.448231917963837	1.38065610123125
-0.952157007564131	0.707614106043613	2.53150670323281
-0.0967005176624365	0.0910214303454238	2.19602061227375
-1.05148870339782	0.518697657454525	2.71497710230856
-1.22311044251435	0.319232854393103	1.90909935795065
-1.22311044251435	0.319232854393103	1.90909935795065
-1.28813589594692	-0.406164213495182	1.91363566550479
-0.219364597778157	-0.119475928107761	1.57158584808544
-0.704190479738199	-1.31739029076388	1.57197148984067
0.111746125837567	-0.838213431299431	1.32062437209488
0.111746125837567	-0.838213431299431	1.32062437209488
0.00326278443118302	-0.123708764771542	1.22954704955202
0.00326278443118302	-0.123708764771542	1.22954704955202
0.00326278443118302	-0.123708764771542	1.22954704955202
1.11279208968941	1.17068581697896	1.58834688561759
1.11279208968941	1.17068581697896	1.58834688561759
1.17843067328173	0.716415948469028	2.13083796693677
1.41443504183441	1.11900608682631	1.61657877571027
1.41443504183441	1.11900608682631	1.61657877571027
1.41443504183441	1.11900608682631	1.61657877571027
0.210697872268234	0.909568084948001	1.97322281521729
0.167323733692292	0.303108864600976	2.17555074830472
-0.0323073987909013	0.862122772489764	2.34892799946658
0.445562341396176	0.672585840053556	3.74887227759476
0.645114688226351	0.339606378507272	3.64481116811883
-0.181755386988617	0.524996561182427	2.36942609790787
-0.181755386988617	0.524996561182427	2.36942609790787
-0.181755386988617	0.524996561182427	2.36942609790787
-1.11488155096876	0.490841802292432	1.67077711227167
-0.285122134738185	0.517895669179508	1.27156057678884
-0.191051500614991	0.77337305489102	1.40446372425831
-0.0026689561337713	-0.15402839258985	0.679026495104978
-0.274176799189963	-1.19899825971609	0.998508007193042
-0.41451062176881	0.218685330539372	1.70501571777429
-0.41451062176881	0.218685330539372	1.70501571777429
-0.41451062176881	0.218685330539372	1.70501571777429
-0.41451062176881	0.218685330539372	1.70501571777429
-0.41451062176881	0.218685330539372	1.70501571777429
0.671205729176405	0.0057646471136632	1.39204770409722
1.00655439730089	-0.254675762597647	2.31084161951245
0.353014228828225	-0.26560344173337	3.14617087865128
0.281042795667011	0.818034311019872	3.21610505952925
0.281042795667011	0.818034311019872	3.21610505952925
-1.20658168850593	0.543341252523405	2.45032687714866
0.164147824079597	0.428780495397965	3.53230583989779
0.164147824079597	0.428780495397965	3.53230583989779
0.0673551357231812	-0.195164363203452	2.56209347257253
-1.54931202928615	-0.246434802945354	3.56922327110085
-1.3684474908108	-0.511694853628908	4.00734590113544
-1.49553036390854	-0.267735091318322	4.17537211833135
-1.33197862357205	-1.21581786317629	2.73963465143941
-0.186378596888668	0.677808609816841	2.60727198139327
-0.303712063139225	0.836185906195894	2.78198524167978
0.322371687169352	-0.640613477696677	1.7026111423302
0.322371687169352	-0.640613477696677	1.7026111423302
0.268873908641302	-0.514656684288466	1.86051587538457
0.268873908641302	-0.514656684288466	1.86051587538457
0.268873908641302	-0.514656684288466	1.86051587538457
0.706582018338291	1.42110217762196	2.43491863377652
0.706582018338291	1.42110217762196	2.43491863377652
1.37535727644663	1.57786652884979	2.25122565924086
1.13553958491438	1.05408993358107	2.56471957548713
0.970546738630753	0.110106112284564	2.489941187604
-0.274750148024334	-0.0144107087583495	2.72903568816954
-0.88845940750863	-0.256790623013528	1.51999784561805
-0.88845940750863	-0.256790623013528	1.51999784561805
-0.0117486232039401	1.28911437932261	2.86777874190606
-0.122070626019247	1.09536414943944	2.80292971504214
0.428049402254524	0.738957526960788	2.64649643595473
-0.673822904452185	-0.478913383648553	0.470823347072302
-0.673822904452185	-0.478913383648553	0.470823347072302
-0.0284897677604129	0.248007023622582	2.20511652620651
0.353438202824582	-0.0206238483393531	1.40021754301323
0.353438202824582	-0.0206238483393531	1.40021754301323
0.353438202824582	-0.0206238483393531	1.40021754301323
0.353438202824582	-0.0206238483393531	1.40021754301323
0.0980390929286473	0.490056178073515	2.61509624464788
0.51948158998127	0.977038788029868	2.5423114642621
-0.913689146615971	0.136517406345173	2.18455120244061
-0.913689146615971	0.136517406345173	2.18455120244061
-1.22776421685434	0.644864052789433	1.90358472002552
-0.110318604861453	1.16644804130854	2.29742004891425
-0.105663205869371	0.239439954488052	2.25825545917336
-0.105663205869371	0.239439954488052	2.25825545917336
-0.105663205869371	0.239439954488052	2.25825545917336
-0.767083397774578	-0.439128701959691	1.47219746852897
-0.0816176546155124	0.768302237894888	2.22015020935955
-0.558129407014002	0.877902124017487	1.82881753808368
-0.558129407014002	0.877902124017487	1.82881753808368
-0.558129407014002	0.877902124017487	1.82881753808368
-0.558129407014002	0.877902124017487	1.82881753808368
-0.33271845488568	0.892242620122997	1.14878887161576
-0.83941776478978	0.15970657139741	0.444014625193175
-0.83941776478978	0.15970657139741	0.444014625193175
-0.83941776478978	0.15970657139741	0.444014625193175
-0.99851359099551	-0.573572881490296	1.35152347487401
-1.44671942670601	1.40108484065402	1.98779754048414
-1.44671942670601	1.40108484065402	1.98779754048414
-2.03150308488299	0.349910216466654	2.22811447352436
-2.07252663356018	1.21563102285471	2.88804309557888
-2.07252663356018	1.21563102285471	2.88804309557888
-3.15857748384865	0.919117707963865	1.55366555641371
-3.15857748384865	0.919117707963865	1.55366555641371
-3.15857748384865	0.919117707963865	1.55366555641371
-2.58352916294491	1.61873537942264	2.16571479234078
-2.49827174255279	0.718042691802658	2.11289659304265
-2.20863807042957	1.08789960562467	2.18527666371964
-1.56507121342149	1.1894442839492	1.37728650868168
-1.56507121342149	1.1894442839492	1.37728650868168
0.258472665507462	1.14846835550049	1.75146393705912
-0.0717291757768846	1.41021942035732	2.9143801310206
-0.0717291757768846	1.41021942035732	2.9143801310206
-0.371661866216244	0.378349200104551	2.95370418978086
-1.22192122734141	1.16147024942851	1.21579496206373
-0.668005291707291	1.36787364733384	2.68379074596063
-0.668005291707291	1.36787364733384	2.68379074596063
-0.668005291707291	1.36787364733384	2.68379074596063
-0.922836507751037	1.54598111503857	1.96483935329656
-0.922836507751037	1.54598111503857	1.96483935329656
-0.922836507751037	1.54598111503857	1.96483935329656
