4.54415014537735
4.43652013167654
4.47281914348285
2.33471924640279
3.40444536934093
4.6393749934972
3.05244503865297
3.98369598190492
3.99193112444494
4.81468989828193
5.56270942985884
5.0329677176312
2.91403273828819
4.76096610645736
5.23669587427828
4.00105975254262
3.84916049307415
4.28632266907105
4.28641986328292
3.86490416075321
2.91506548810935
4.03558634217629
4.03558241395542
1.54406856998147
1.88923066896014
1.88941489717741
2.83744607968183
4.88487148742615
5.85505503445643
5.85509965735449
5.85504831226844
4.03709757648202
1.27100750008037
3.19621969040535
3.40443711246935
3.40445937763345
3.79495186823231
3.79488404221296
3.7949722492269
3.7949725549159
3.79499111478708
3.5148542036184
3.51472236982567
4.26209990606041
5.04773637283221
5.24384472907104
4.88311312557711
4.88323525952454
4.67684325282511
4.212034781148
4.42387578685598
4.56231730405653
4.34077657768286
4.34077896158956
4.34077885066026
6.43715999688586
6.60716392568467
6.0535931005169
5.29268651817774
4.6007602979403
5.46629045189131
5.79489015782203
6.38680206872776
6.38677890737334
6.3866539973665
3.28120941504446
3.27797883352318
3.27793479093398
3.27800895775798
1.62313558891399
1.62315282088031
4.44509270138916
4.44474580019731
3.5713187912018
1.34620831736235
2.4353635475304
2.43662673741498
2.54617673295911
2.50367910502178
2.43138983360848
2.44937847188771
3.46453514281555
2.6974589026288
2.20186420670193
2.2017454306459
2.20292721528472
2.20681827796883
2.20514503336745
2.23511324366859
4.11583286007721
3.25645814473651
2.66863819841598
1.71911540854802
2.61460786230034
2.28339755300221
2.28367039957203
1.1363818779027
1.01485749199163
1.30978215600486
1.32329872136827
0.74258353264193
0.916428206662998
0.979856046689872
0.987492001658548
1.13843337355539
0.606323346601088
0.588302872493179
0.895901049363513
0.995500614903508
0.587819053004527
0.581135187898949
1.42883896386093
1.61981195707767
1.69154130428548
3.28752466585515
2.07610628850898
2.13410196484511
2.33825591761831
3.82417311812543
3.50625024404732
3.68579771952927
3.52065038953915
4.49586769797789
4.74615215677027
4.27763706154798
1.58304601613035
1.66013736787861
3.88930072657015
4.64986679506487
4.78665469678007
