1.32168360092843
2.03967080303136
2.19240338227855
1.78709238570448
3.71835731752498
3.80902389204917
2.7693532958551
3.18307562341837
2.44982526132995
1.83299200911097
1.97936904849211
1.96127494782079
1.6954795687495
2.19619842770339
2.59983858823485
2.95937294403322
4.12700206427189
2.79510957513404
1.72240683978907
2.11162510614791
2.33313409289662
3.71299516773335
3.49917252513137
5.71036403095491
2.10149557949346
2.79761658624087
4.81244399642623
2.56448763610598
4.14461201822683
5.12681698385913
1.97909884310805
1.69040532355442
1.47371505315137
1.88424372771109
5.5019924336752
5.65373369860998
5.96440014951225
3.82567116270422
2.9806362390806
3.30125780243829
4.04612077780861
5.31957868877427
6.5461475607602
4.52025027658957
3.63401689257287
3.12436795570363
4.08413794220092
5.24231640462227
4.37134235054307
3.68071377262138
5.26597046663615
3.8765050647031
5.11424249729845
2.94540108777296
3.72692467434985
4.03957717674964
5.61040999140045
5.94992270577055
4.73789809595615
5.06705477595136
4.26068364884525
3.27351280832371
3.37249337920253
4.87755591792169
3.4202469538535
4.57377265962178
2.97034289719227
2.3680649261168
2.21985244606912
2.30111924800083
2.40678984533324
1.9613189001302
3.60775739689502
2.32832152278456
1.62966449968677
1.78938110105158
1.5483554625133
1.83304231241975
2.19612771888556
3.59401352877903
2.50093513940705
5.56883512286166
5.11035212548086
4.15224247363853
4.02439161879148
4.80522136268327
3.10121971049599
3.08300691636405
4.00787969853039
5.27071907682604
5.66906093344047
3.35284433727466
4.10579230012768
4.91689525320309
2.9364234373545
3.6581966037025
3.61057463914222
3.25195772175995
3.18716391073801
2.84660828270056
1.8167265619656
3.30042320640562
4.2768949649975
3.67005487234683
2.9457972076616
2.20122195576282
4.05280447434298
5.74644288444699
5.13282661226362
3.80017667979824
5.61449950611853
4.81306525108104
5.88371721899457
4.97677100485331
6.06641067543466
5.84037819139554
6.30843553604503
6.16858253441055
5.64846083015684
3.41617727634033
4.72036753740315
3.76580959476408
6.28342303166761
3.8168827645159
4.26514334766481
4.47438459462834
3.07568285696096
3.11305942628224
1.23958217141019
2.24800503159706
