0.16685003925989
0.173322636785575
0.0933887842329895
0.383017465637708
0.0482336673555441
0.166395864249728
0.161645783982246
0.185243806755862
0.150478041527637
0.0254378333030961
0.0877667670322356
0.0907232963475456
0.0920319366089049
0.091605311719192
0.105996092150671
0.219084654356594
0.198289357721837
0.189382398272384
0.0507529684194652
0.0690778844997211
0.117610409643174
0.0416601425409478
0.126860174337348
0.111262141405717
0.14277640647437
0.144497759309147
0.156417855624264
0.147948982178847
0.159718937151071
0.158777611904396
0.0794847599721889
0.0473558496926664
0.0173434627986929
0.141973541287497
0.242909743715475
0.232565691599152
0.233431882747584
0.139720004397901
0.179535489737564
0.0334139002136974
0.0339063100827597
0.0335489816978223
0.0238219784921955
0.0468106560053053
0.0498206039196708
0.0129455885729492
0.0136299462242936
0.0134077978735346
0.288828227100102
0.0701646865929265
0.0734034233127488
0.0165973961420152
0.0289945914526242
0.033164578647795
0.0286607397877696
0.071072043654926
0.213800019632029
0.104148872478422
0.138065405453014
0.138981076124109
0.140166891296013
0.0567649241733553
0.102495446151025
0.0741883759563767
0.0750621190916565
0.115860229715227
0.116022067729214
0.232992992886543
0.234348328776666
0.236203219519768
0.201551127833986
0.198870149339162
0.198491369164507
0.197248267647534
0.197688382308887
0.334805098006814
0.0831786569905949
0.0689506403365623
0.0674164193955128
0.0483021973421896
0.0493156768106912
0.0480907732186771
0.0481689714248495
0.0477913401748118
0.0403115878740611
0.0591538153070584
0.059126399551163
0.111230220064769
0.0507389609503478
0.0824787363866968
0.103106800604165
0.10310643515332
0.103113006362073
0.103113749197869
0.103109475773975
0.10311072144776
0.103112032861699
0.103139337206707
0.10312750993741
0.0473246925045833
0.0473316803990822
0.0677111275734522
0.0931990540165313
0.130419012555761
0.178639416044879
0.178639523601483
0.178647953275597
0.0185357703304405
0.0985639546587078
0.081530515800327
0.0815305326545391
0.234396540066868
0.271363597895753
0.271363577474202
0.408492280386536
0.0344295946214295
0.0344295473729696
0.0344295261003332
0.300206644981267
0.300207153410603
0.300210252084065
0.149391798194531
0.0658176212997148
0.0658187195954587
0.167713544917614
0.194837022980881
0.194841498731946
0.139173524526201
0.179913231333418
0.155762627146354
