1.00050957253757
1.00042325426614
1.00007799090725
1.00006337500474
1.00013441389947
1.00009451777633
1.00002700753368
1.00001157081922
1.00001366179257
1.00007850685844
1.00002730559383
1.00001036991371
1.00000334952498
1.00000939957091
1.00001231890076
1.00002253133335
1.00003092225814
1.00005928322644
1.00002389233569
1.00007317941609
1.00062968100548
1.00027655238497
1.00015857644511
1.0007262459996
1.00052680440109
1.00050324656687
1.00028095559976
1.00041660733647
1.00009455609229
1.00019062160939
1.00059206384752
1.00091260917594
1.00020049649024
1.00038107374976
1.00015686415422
1.00063683006912
1.00312371507004
1.00236104138769
1.00098139853928
1.00111848239849
1.00241995934019
1.00186720131534
1.00261054102241
1.00307826842883
1.00308216978982
1.00099020383388
1.00056922469138
1.00092422202709
1.00053641723795
1.00204082214521
1.01266330110418
1.00458807996728
1.00667915223069
1.00311919462132
1.00058068311945
1.00036436500715
1.00034069122181
1.00072069191506
1.00098781389123
1.00117786656231
1.00027367759479
1.00002351417412
1.00004340375016
1.00006358443084
1.00009128516338
2.4995264961421
2.49854732479171
2.49840289732904
2.49914778653386
2.49832666336158
2.49256553306497
2.46584947144698
2.41309440153613
2.40063687236956
2.36260291368177
1.73377870943191
1.14268441820278
1.09449643612422
1.04393341726473
1.04451335910557
1.06652414633677
1.464979277739
2.020622601977
2.16969042134969
1.66897597090953
1.23827037508619
1.14318827452244
1.28472730205541
1.51256184816963
2.00740470826387
1.61984503760365
1.35020703432314
1.38681279831543
1.31040853260513
2.15000442193682
1.45711836054174
1.15434013479338
1.50122107270436
1.47446129323748
1.18107140331023
1.7940930888592
2.16591224679675
1.93841856262968
2.25335947032468
2.35588833603549
2.28052077513327
2.04675325177973
1.9403441339703
2.34214194905092
2.36182813323121
2.41631357327656
2.35485972163727
1.99790135392355
2.2408557608564
2.39446189382782
2.47136559079082
2.31496874099591
2.46117577606092
2.4280455202726
2.45365239950199
2.35224442585243
1.91133475859928
2.08580307474726
2.29693806172072
2.33319254964239
2.1774548869872
2.03889899579292
1.13308849817238
1.10742461364906
1.08345142180888
