0.177889247368239
0.471958899128681
0.277680422548691
0.287451804040613
0.232965243137246
0.23325163214512
0.530120410675296
0.543563281047521
0.54162682150187
0.650213778101661
0.577164775895333
0.606336601613017
0.644580445278197
0.63439843174764
0.968803224006204
0.972871620590795
1.06447799114296
0.455826632127553
0.102874503439026
0.131584999870749
0.109220642834894
0.111954192989914
0.110157570504148
0.114797927859394
0.1051142356464
0.437914140488708
0.365902920854112
0.232732838790713
0.389383169282934
0.343165743533553
0.218715346653876
0.308027265594722
0.809113954733292
0.298849592156717
0.50102710161933
0.549033424449507
0.360517690306079
0.465705455044775
0.438810477345238
0.672340396254465
0.460524386442024
0.471301862508664
0.589732216540701
0.575220891969438
0.25588185664172
0.268007674803932
0.231202477047202
0.254068997853314
0.46856631069145
0.399705123225248
0.400389340639565
0.465499533062783
0.433483052650875
0.439497542038137
0.207511833436316
0.192643173028073
0.205094207464321
0.189076206378675
0.182572510754945
0.709925625394925
0.530761918430804
0.450618787523123
0.84070905492827
0.836155753222975
0.784281216601154
0.464333021539655
0.464807177590826
0.464814399119952
0.631464600436105
0.460385670456693
0.16312547478834
0.0348996292626578
0.0364087022890097
0.037376112937222
0.0376837926360521
0.0285077578494981
0.0279243782950941
0.0591219794148764
0.0578536111612825
0.0855462825730711
0.0913118349099092
0.083007516467598
0.0814056193054514
0.062924215819814
0.067246634135586
0.15217912345116
0.146072746369935
0.131756003569642
0.134720322658253
0.311257121148519
0.273101453091217
0.136250102822176
0.140688989067972
0.145407589381608
0.14728736703859
0.213638663868353
0.210163825206523
0.214916346150219
0.248692723823777
0.268363710600451
0.0905837610765749
0.039538310478667
0.0267808529011001
0.051403360512743
0.0324050503128897
0.0317462407139874
0.0304615862210805
0.0307219879943456
0.0215542733446693
0.0209190192163277
0.0364390925756258
0.0328137003948548
0.0312729235553287
0.0316544057521388
0.0319609110612706
0.0263548904581617
0.0774516262630775
0.067419151955244
0.0674963543978956
0.0927960011693055
0.12572495886904
0.126269412310535
0.102010239273277
0.0999559875217433
0.0999043093245321
0.0582805726240994
0.0567652187035739
0.0561126557680326
0.0573914700673713
0.0647225003994968
