1.23313309149017
1.80123412035067
0.432406791641551
0.477228072725821
0.700314034166286
1.90393902624262
2.27645302049847
2.14634807668413
1.79945917891594
1.75298435701443
1.19617752795453
1.25515121531906
0.571973671564503
0.656986850792159
0.696972465985724
1.54444797370707
1.41785255170251
1.25766622191515
2.42213851749009
2.87294148648223
2.21075912709832
1.95559115513998
1.79064504557076
1.80338984622311
1.71961241925527
1.98674225620602
1.46111017558846
1.00974061606392
1.07360664590592
1.03723111738126
1.14306206082339
1.10657696607985
0.997134227308101
0.425127575144024
0.386745841303388
0.450534006661319
0.907302461954136
0.372010158298152
1.60659333367309
0.69410280520603
0.519613301330431
1.85521977403748
2.66626115192411
2.3218827534987
2.32371046254584
1.83487632975013
1.55414520020157
1.40182673754398
0.728693320024329
0.635792580087241
0.784345650347865
0.412263472379918
0.793570873773688
0.634943339539463
0.66969698810675
1.28351822383037
2.05162610388127
1.56766496472455
3.01182355736933
4.42386491637666
3.3974044792692
2.78897990783085
3.19132672801723
3.15327441108904
2.09375530161269
1.37587878231755
1.69624284423047
1.56312500673692
1.47049810294585
1.94340746678538
2.25618696347564
1.50142348141129
1.77289853899774
0.782399260213715
0.96065693076009
1.65747706194688
1.62753154055986
0.827780683857262
0.724536082046905
0.389945869086865
0.388534505998663
0.440211834306362
0.507176645171509
0.723353168485668
2.09732766125161
3.49261111866169
3.54609877457359
1.4154952547043
1.03807870532494
1.39848812383006
2.75250925121087
2.40367674128072
2.90268485650869
1.68220015058019
0.857770691723033
4.08848922717658
4.0364082426225
2.82217216764821
2.98838080111803
4.32418114751117
4.05098879933749
3.86034419583168
2.61020558573826
3.56032216871839
2.23637290621831
0.973633301783635
0.968471862671987
1.91251408881777
1.10896531090636
0.729919305343439
0.680840135630281
0.651230567881882
1.14118320952346
3.34335181012864
3.68985219399703
4.30752861305206
4.22703453269088
4.34129891023567
2.06666030734737
2.00720374941396
2.72763754084656
1.72169298047168
1.83793316725809
2.51062817664717
0.726328025425914
1.39879374135475
0.977996870372843
1.21366357464831
0.855648361567592
0.885986587540735
