2.10077458847799
2.28975885198404
2.37086697346056
2.4698788379021
2.45943548320866
2.18861780613555
1.89839045312638
1.77799031659641
1.27303348456476
1.47712445429175
2.08350535711885
1.68856418994851
1.81475032599369
1.28662983884193
1.67515299492783
1.42779611305324
1.37146862269439
1.15118003705378
1.00803523599587
1.00654549371472
1.02838349131782
1.00954508256261
1.00658759217828
1.00195387212013
1.00652013648301
1.00240421105553
1.00362520379199
1.00112794525797
1.00075605800834
1.00225798600738
1.00454177866465
1.0217514000894
1.03917743551807
1.01466612163032
1.00078698007579
1.0006024848889
1.00019672182041
1.00033210438518
1.00067140240356
1.00034194897319
1.00005708697798
1.00003385371771
1.00005353691534
1.00002782118652
1.00005179048937
1.00002205656501
1.00005528060963
1.00006368536957
1.00000792023976
1.00000187581776
1.00000186777152
1.00001519036197
1.00010234280652
1.00003048967519
1.00019543278331
1.00013165541764
1.00047314516267
1.00012087336599
1.00001252680241
1.00000635783258
1.00000211688991
1.00000651482662
1.00001093368917
1.00005296289527
1.00014870136748
1.52675710056471
1.75990717946562
1.8133386931108
1.4203751408847
1.159795500398
1.24376542478477
1.31933617629181
1.40668268846519
1.67446125625293
1.53159258460187
1.29266214860454
1.23099961034358
1.08073368003549
1.04625028226003
1.2174327638218
1.44853191851045
1.11545200646168
1.20332507187362
1.37257453467088
1.41997322548204
1.53396017094071
1.19904937869594
1.16458103996187
1.15071095602182
1.07157474165056
1.10592677995768
1.08254056946361
1.05779580364633
1.01439680323014
1.01389227779391
1.0286377572712
1.11205673615612
1.70574175863412
1.94399088448698
1.94149272709579
2.01816312224416
1.7522517203836
1.72122505183772
1.46048039961508
1.29104074008372
1.45614727313564
1.34093390604161
1.30651996220783
1.42786216684017
1.65479144692073
2.09484945350195
1.91579778529685
1.47602134945535
1.19592530479782
1.10109766240723
1.03835183258925
1.03878109367294
1.25765968569278
1.42297057176023
1.6247037095365
1.92870835593399
2.34818485448854
2.38278142438375
2.32606408949226
2.0939713427167
2.21765133445919
1.20422156615233
1.38936913485972
1.74065485247578
1.83029331590506
