1.08458769200489
1.25469990243816
1.2694406070529
0.794905203661801
1.01028778319913
0.884632437804156
0.448183333920152
0.188503055130177
0.509088831005641
0.399227800341372
0.16411700617
0.165728950366891
0.297422920360564
0.218445122224262
0.463152677871996
0.587362069661714
0.60949215118577
0.366954762067437
0.487345705008807
0.760211750262457
1.54175107372381
0.864495450743211
0.984096839015493
1.49775901469756
1.08444543030824
0.757216353149839
1.07306707784535
0.64579618441064
0.666913852821587
0.684365003795794
0.625550618909464
0.29416837430176
0.131869680619445
0.115855420488006
0.327306794943688
0.287544341845476
0.265411438737168
0.144933788955164
0.241398199378551
0.471699013450114
0.45189569049199
0.42646099874588
0.19620956419109
0.124122087761723
0.136012337879561
0.133081632204148
0.0516051509871986
0.0524562770833464
0.050819912048381
0.0838764192546566
0.0870207417347852
0.230777703464614
0.124638401447114
0.206359325265482
0.175317682807116
0.233676178906727
0.901452542937208
0.93511433547931
0.479945650577856
0.256878769893667
0.26298607978433
0.173143933297701
0.147838153512551
0.150391777625481
0.154179047919655
0.727814356670407
0.723649552547979
0.779900945909413
0.80604245983588
0.713506352085927
0.698165600840488
0.571635092430407
0.33251275401699
0.363284452321321
0.375116696023901
0.25080753970245
0.282581089012421
0.480820127278899
0.474482284713285
0.299184862170651
0.552243387427322
0.760331045504952
0.687184355439793
0.747201765965844
0.313004960041608
0.346525857486455
0.343038196767153
0.333493500450762
0.336504211740876
0.433401125976553
0.363136985508918
0.785904997672441
0.859994146921676
0.302946126602103
0.293149247543766
0.261535155246805
0.275495362023578
0.258598197243632
0.275590257344893
0.705103064517896
0.758138902422878
0.363947530693768
0.2440895371914
0.352667694280795
0.21818631475138
0.209587201804542
0.207136034984335
0.265041349086039
0.275899055304945
0.144162650187174
0.264840759491209
0.113551700235893
0.110483182436515
0.109897315205207
0.105165818250225
0.0902583865711707
0.226409679694171
0.358333161124282
0.314356795920585
0.357735817012706
0.71702306136978
0.757819876281734
0.767136484940526
0.928375572547972
0.413232895863782
0.564904979157118
0.534392582484474
0.260686691699276
0.764400353212668
0.579225057043828
