1.02684795949681
1.78284568634601
1.78281699317724
2.79583618360568
2.79584602668565
2.51375615064348
2.51375718710126
2.51375516468122
2.86946101704202
3.4014759762629
3.92840908589148
3.92842913630587
4.89013860380072
3.76301511920089
2.62416910630959
3.92617811196221
4.10330603419837
3.98363215728847
3.98363223814977
3.78739135481712
3.60875886079571
3.74983232124296
4.68956381276008
4.6895636574682
4.68956349550081
4.94764752112052
4.75132151568806
1.5033521630589
2.89373543996681
4.56220653471784
4.56220679022807
4.57161315795288
4.3010518169333
4.45077991258328
4.4507786650738
4.45077894306689
4.7118212411489
4.8609247322427
4.86092422812819
4.86092229402431
4.50227250270542
4.64202526622133
3.3027056268709
3.3026820215284
3.30266114823483
4.46477804139491
3.65271666703616
3.6527170149055
4.51076627769551
4.76676509086404
4.77270640924246
3.27092314427899
3.64232832453316
3.64233028889848
4.16960286576763
2.99726316027139
3.98446245322261
3.93137384311902
3.93093931543986
3.77921611385515
3.13835411747736
3.13725564887583
3.137033002737
3.64571439627749
3.64647888767022
2.03823689561756
2.0384849898233
2.03802124871697
2.4479750182819
1.87584311954711
2.7931765521747
2.26858043801219
2.27104970373855
2.2696849377255
2.26861485113491
2.26955983483187
1.16023590191955
0.80484595069189
0.806819849286861
2.38513970019534
1.14617299025833
2.0263120208272
2.02621381725941
2.02570252461325
2.02741640722796
3.17577194563253
2.3573641031192
3.15964973696086
3.16654874953934
3.00916586137403
2.60072075635826
2.60747548535769
2.60665974449952
3.11541411989801
3.12455362987166
3.13650466787451
2.84116685093227
2.92333777465183
2.85489906890845
1.98352793900774
2.86104455345584
3.39689445521136
3.39840931073081
2.92348652122252
2.15953831796542
2.88746765503281
3.24938100488727
3.26633085486809
2.81188982540744
2.82289786013992
1.34783634564273
1.42715612392105
1.43354254638275
1.88821836638262
1.33169501897602
1.35454977107592
0.739960142023732
1.14718874854946
2.29087199598069
2.57200187342083
2.18835067876949
2.20308356472991
2.83045620066347
2.70086367435785
2.3598516114118
2.23357632073351
1.88706666591676
1.75146188052258
3.03409396524398
3.00167602941159
