2.17074641838907
1.71396308669451
1.95765875963144
1.93851628675464
2.17885841864181
2.04679701603322
2.02956247080014
2.0760554857612
1.77639285772027
1.88334886800542
1.89824785948041
1.89849452104803
1.89941099145227
1.94239807773675
1.88919658316804
2.60403672348469
2.47743760010119
3.29890161231564
3.05991436011823
2.49526204731368
2.22811611658762
1.66562089028462
1.77665107851128
2.37951084762093
2.33765518530636
2.68344019419949
2.56096328043583
3.14689232231597
2.24243079792486
2.29224184731566
2.31721089410931
3.23900561350964
3.37586024647962
3.16067350611678
2.58637090362178
2.67297921791456
2.6639498492102
2.83614274204875
2.34248103015936
1.60116180579209
1.66674068711699
1.3702878653211
2.54933394162466
2.92264362286667
2.04365623381475
1.79550610301925
1.82854604733421
2.41658502044979
2.75469225625935
2.52913724256792
2.92747118807541
2.53441395711457
2.86358209774123
3.26095357845593
2.65632067280056
1.55546935301797
1.5639919860625
1.9770554739368
1.89672124204629
2.72588857715324
3.01283943705653
3.27001970670858
3.38824153301409
3.08286112398784
2.87382474034903
2.22481211020484
2.24535619555671
2.87796397361695
2.1960011313
2.30863319702932
2.37615171752078
2.49225177425616
2.67862017636865
2.24786497575392
2.91951334909381
2.81730682150802
2.71002612256537
2.6983367991742
2.73531112693825
2.49827845551428
2.76145435350071
2.74404594784932
2.53334928337823
2.7591158620729
2.32875530438142
2.24648572752745
2.08716499882082
2.61585672788205
2.58235199176207
2.54581605088373
2.29820376375868
2.1212865479835
2.27472329118314
2.4047988675122
2.06113936809102
1.56881233368224
1.78625515982832
1.71040573333581
2.07526909748056
2.16830077499749
3.00190607456424
2.61617916069087
2.48081159949547
1.74534985823779
1.84981358888543
0.529236921832808
0.527496905493286
0.802216970052464
0.814203397909559
1.89478268903817
1.15263294816524
1.45246122769737
1.54437331230425
2.11034641863683
1.97935232314174
2.34941257680449
2.51700042581808
2.54914599168052
2.41519328917949
2.25858396245904
1.95561298051471
1.04726483938367
1.47121467566326
2.24261591551433
2.64913695479941
1.93298279707192
2.54954672064623
1.91573707342536
2.26948237418841
2.31263958149556
