0.19944801448092
0.228046211731614
0.171880475007793
0.134653671279296
0.124248645114304
0.347896731016881
0.277376671292612
0.268376416481928
0.165687411067642
0.107059174701002
0.164293177151657
0.254422753481858
0.32009918981646
0.446273261525617
0.43448494403335
0.893885785273765
0.152196561706527
0.24110526709784
0.0665505570106075
0.0758516121555638
0.108481266888123
0.0444432304174873
0.204949447727494
0.30340810910362
0.65460301480088
0.557200268245533
0.542640693572634
0.34520593064615
0.343727339705394
0.05256388780285
0.255052380512725
0.28881201231307
0.228636268202264
0.188424850984101
0.161490152594029
0.0265335084287692
0.0478929050762235
0.0388930217978689
0.062235682182317
0.0690965787462641
0.694887766663901
0.861666161500509
2.67260936933232
0.615074010608916
1.01240509622249
0.0796607561834299
0.129674906226461
0.0280900502492866
0.0196707868654113
0.144003055849355
0.182664794477932
0.271324280996948
0.471299027167548
0.136089917210349
0.130673001726375
0.201796047253903
0.210398352563526
0.188159172163671
0.231663851900979
0.155061373280958
0.0594937092528974
0.0604580024813577
0.144643800073505
0.365022324395055
0.220131629027501
0.243091345627673
0.101823462724004
0.151761822633562
0.276998728409598
0.272259462924928
0.374972157930697
0.356221670182361
0.75501547915668
0.940052774330547
0.864676471439115
0.84155706061339
0.736602607935569
0.401509965748567
0.575918191905701
0.601760435488444
0.419731633202228
0.136540468001918
0.0852249812170162
0.0283801993305813
0.0335109813974715
0.0853664246738939
0.0657248825214753
0.26518786124518
0.30140608460286
0.526181732361721
0.349523588363094
0.678387679294196
0.619498820144483
0.966502447218813
1.3433944308068
0.140126357664914
0.22069486124881
0.284576244946317
0.127068082352452
0.104297318186997
0.181833083553318
0.153118790431443
0.735804184780391
0.769946446521887
0.694445271896473
0.233969054129364
0.217891961494453
0.240340395645493
0.0418213377430369
0.0355224685082782
0.0381421794680993
0.0302283514064136
0.127036170826292
0.0439278799469355
0.0451801112782196
0.0516227559927315
0.0678081521285421
0.0204743520188207
0.0172288876709276
0.0293295399519321
0.0385336997953862
0.0410396751806917
0.038555349736254
0.0251201323359439
0.0314038613906148
0.034978209318219
0.147309698496535
0.628760887205275
0.927923697655331
0.785121943654187
