1.77706921161793
2.40934121065382
2.86119231568351
5.812269672404
6.03783919715752
5.96146235851412
6.37977786510214
3.4763913148256
2.83734354622527
3.31472915329254
2.10242143501189
2.77729420982571
3.91513743485739
5.00981961487795
4.60089516018005
1.81144823539665
1.17961811924184
1.08606022670629
2.27281412790672
3.23167901225719
2.2582033881196
2.89054417443606
1.82739924132886
1.89592198742466
3.59275183157897
5.71661045890338
2.46284504553276
2.98671735542497
3.19683235815546
4.57983021690206
3.47205031526328
3.32133278414956
2.35944194553736
4.78301270782323
4.40127951359443
4.04630431086715
2.15592003087344
1.99591172859064
1.41744445980256
1.34467784813558
2.12350970689467
2.244193635268
2.06426003091716
1.4450434516925
2.13069922955725
2.29610849723342
3.55520134714927
2.68169647749907
2.19986147615462
1.85179314249742
3.18225819772884
2.19399408661506
2.37071383250896
1.92061821094868
2.61486149175992
3.83233724396382
5.53850352574472
6.0552613267648
5.68957306550768
5.18491422119082
5.1873092719036
5.65694339392185
5.75111623082295
5.50051452110123
3.95777233663417
2.03410356401954
1.6460935854345
1.73475186167177
1.29618305839764
1.43735895274576
1.89990844465668
2.05634472039953
1.35891247616331
1.43697996480797
2.66469798963348
3.92641633861405
3.50048110602003
1.2084057062936
1.60606188107861
1.42717976227671
0.928951389621139
1.08028237232581
1.0544860554895
1.43915351553586
1.20413210128422
1.15252850792202
2.79874537050783
3.47531593665692
1.77101422892738
3.59435722414379
3.24717838787481
1.86331457139459
1.87123050488116
4.1030474336712
4.14945534499141
2.96148796629206
4.20519825735886
3.52721447866193
3.84086099856217
3.889191887546
1.894538407233
1.90770873166231
3.79639688870711
3.85203837136795
2.76051577987249
2.91583157616598
4.22586182940342
2.84600826673176
4.13989842946084
4.21701322926829
3.09254968748862
3.61350501652069
3.30686786071175
4.02993989301626
2.83336698278026
2.77487450713165
2.23435111425325
0.518239666843017
1.15060547010888
1.38585879536519
2.26705775849242
1.04450796805653
1.66763001678609
3.55869788125281
5.67250130327966
4.08654899201171
3.42127090706951
3.22668053490238
2.43226045518529
2.48615502800828
