5.48281114382783
5.32891735568651
5.21076236705589
4.89547980956398
4.3139005451211
4.53331200767056
4.16176787089552
4.1960116886211
3.91738044312163
3.81882187983413
3.68618397939158
4.31703928057229
4.58831500734697
4.63590451249236
5.16057381385232
5.20896033573318
5.74690458506047
6.05109863307285
5.00110769294787
3.74676449854966
3.64502262380551
3.83834797401191
3.9269812404797
3.67821847603819
3.54834463124854
3.5754693806958
4.29354746093635
2.60503253405534
3.3751834978605
3.63306086639896
3.57996459840256
3.60179851040284
2.96652144754405
2.93482261514463
2.98848209237151
3.24963906711186
3.16273119742155
3.46325907460908
3.29028120158897
3.9347114356853
4.28650104140858
4.72219359365701
5.40862142080444
4.29546804013486
4.51139532178608
4.3115429972685
4.43884837120244
5.44622671538331
4.96567922516914
5.75158246528044
4.83739100721787
4.94068178553425
4.73180910174097
4.8877217346735
5.03991015584671
4.82916631688401
4.58000699923722
4.58805440125572
4.57804551781399
4.20987877497507
4.2112503444413
4.57662553594249
4.45997517515228
4.34422404820558
4.13444737570067
3.08886142855875
3.08885999376955
3.08886608706943
3.95745556204308
2.71367299104682
3.10833278935727
3.10832854022924
3.10833205587881
3.10834944279951
3.33498943143753
3.65922458132187
3.07434354653272
3.42952964330042
3.42960773547914
3.42965152403596
3.28535870683584
2.02343311754783
2.4599074900589
2.45991404878209
2.46005455159287
2.46002322597338
2.46027492511498
2.71468213130708
2.7149495189697
3.52019335289384
3.29169557545624
3.29124537194087
3.29124553363769
2.74352405483658
1.85872321403023
1.85874027480175
2.8411830621513
2.84113612259866
2.84108650945068
2.84105231650061
2.82346134103945
2.82353093804341
3.80502243499951
3.80529685093139
3.80732536003264
3.80671742220772
4.68529691658944
2.66770491320306
2.67484991894601
2.98918056153856
2.98761071802506
2.98665944212752
3.89760704348305
2.87280996268659
2.92734938539196
2.92765902112004
2.92751892954902
2.9267489036334
2.92726692270255
2.92690285040139
2.92701829137842
2.4025592398712
2.40231955927108
2.9685482526719
3.16165582722616
2.68888810232549
2.71923847725189
2.71867685825679
3.16784819142375
3.18001367018111
