1.46710595881809
1.41063073034655
1.40952648714981
1.20415439430642
1.19295154197517
1.10572807528816
1.4189661426701
0.827972996025178
1.63313508634406
0.569882451507105
1.38969627399284
1.4366107554705
1.63174751223054
0.695532771385281
0.371108076224306
0.759037470268425
0.875468082829419
0.840616753624168
1.10439499275341
2.14727081461607
0.572862210006722
2.32417583157725
2.36268476499511
1.40714675565804
1.41318311012013
1.40826306724738
1.40743061870955
1.42297870966169
1.41841532425031
1.42608018572055
1.42718157461773
0.729343004703245
0.550954997147769
0.550907081428471
0.550380992037566
0.249287063291048
0.645719584220588
0.637076201143401
0.434556936167988
0.436254047151067
0.327472773636367
0.626721429062943
0.96431802841724
0.18192401838466
0.181932388695195
0.181929381874362
0.487104583393393
1.40717346888219
1.38752983325424
0.381093223999968
0.380695516221094
0.827453912957966
0.826785914922631
0.826465195187643
0.827157531581219
0.826129655801388
0.235114355497823
0.741359517870342
0.674305138010729
0.667055324119796
0.293355434849271
1.24995199141008
1.25365145571258
0.901824033989625
1.55388369681638
1.11676909156647
1.11677096527974
1.11676819983152
2.75655842658567
2.56383338144872
2.86927876827648
2.86928466965645
2.21987953041414
2.43268226258236
2.43267996755828
1.94514645662418
1.94333415048819
1.61474352300615
1.61473834013254
1.61473805875946
1.64069298501853
1.64069057426791
0.378481833375659
0.891464430337169
0.722370240149209
1.76226786776133
2.05750365596527
2.05750351347384
1.50212690271206
1.50212694715248
1.52966098381126
1.03872357041035
1.03872479455545
1.0387375427552
0.705233422494207
0.705207792816483
0.255191690532484
1.31002988786498
1.50562523794905
1.50707171877486
1.50849564976826
2.71862120816649
2.1246048228688
2.1735507262737
2.25375640713163
2.18949230680613
2.43105754187602
2.4761452586207
2.31581989717947
2.36772758730834
2.25189756800176
2.22064333257669
2.14103990103955
2.01759406519394
1.57093484791578
1.5307504551558
1.46835609821258
1.47377070521994
2.0972168643378
2.06282852563568
2.68982870722773
2.40557151085748
2.41420656169346
2.26862657696306
1.0855761989862
1.05355207401004
1.10462812199034
1.05925064242559
1.04909640382498
1.04667483609857
