4.36058786417376
4.35946646788673
4.55151063001912
2.81102924064972
2.37570581612119
2.37493465872062
2.02181592861338
2.01753185870116
2.01577821405444
4.21425492892321
3.70899564563466
3.42692515792609
5.00077191894725
4.32684259960928
4.68020373666071
4.67175351754273
4.66578822880261
4.69398029783996
4.5546760408814
4.55476338538664
4.55487326518229
4.82590086782564
4.71264428871064
3.62738352865946
4.7128257918549
4.71297321216103
5.03667603827782
4.96490144251638
3.53401298846044
4.80330151647762
4.80331461245732
4.80331503246525
4.80331605034539
4.8033145273941
4.94356557624632
3.8386967435673
3.83869711640893
4.91972275666702
4.91972297547859
5.04386795395925
5.19009261168515
4.98067163867812
4.79826082217849
3.93526074289668
3.93526073443481
4.55851426845137
4.9233726983578
4.92337277843861
4.92337274810979
4.8863433968233
5.12182918209557
5.24809698533741
5.20680946398779
5.20680950141195
4.92733899155155
4.82011631688454
4.94292936982281
4.94292936953573
4.94292936892099
5.07821489952252
3.52976595336259
5.2027019145541
5.20270191671034
5.01606820884388
5.13302543157031
2.65289035589574
2.6665250510378
2.65286700630492
2.49521375030254
2.42171880170052
3.01404711766264
3.01242392677171
2.51321396555008
1.20477524171766
1.36008826856126
1.36287087648055
3.43530593119258
3.06188556075346
3.081791450161
3.19778611503783
3.18677044603172
3.43771601743723
3.65761577825067
3.17226185331876
3.17325317160203
3.74048449250824
3.15742056768419
3.1469186292387
3.22661533049988
3.18014844569772
3.5465460499192
3.51450138576231
3.66973303857585
3.83051804708693
3.57786963254723
3.66393907086975
3.70340344310139
3.75647517525126
3.69349849790096
3.79228419871363
3.94304857548892
3.36900027030363
2.93765338160553
2.90255241605987
2.41951586124265
3.45021680788787
3.45324194529877
3.44359170865942
3.43882179264105
3.32465474671417
3.32315298835083
3.03467044836648
3.02544242140868
3.07642484878643
3.0834229852429
3.09271536721269
3.17058076473302
3.28235907705462
3.48790307557073
3.24067898751948
3.58611034251243
3.49008124378054
3.50169294395076
2.91653828823366
3.71900245745694
3.93182665214683
3.88145227723029
3.36753992000027
3.64822098067157
3.4521872010054
