3.03959456157494
4.00946970834632
4.01022904471156
4.00937945722528
4.00832936287785
4.00906305390025
3.64066731264658
3.63841883654784
3.63563501208063
2.67827928214529
2.68447763329485
2.68551376828851
3.12558689931292
3.77888237655728
3.7788365817602
3.77871452171799
2.35847577263917
2.52812175300482
2.52808716341673
1.71941193131226
4.12439924700886
4.12447572512828
4.12451886360056
4.12452033073352
4.12450370361346
4.03007631381862
4.03003637267958
4.63108745732944
4.78059254610797
4.75323440465243
4.15943585670159
2.67733573350106
3.61110585744519
3.89929710855114
3.79092427666136
3.7909515113082
2.85952397041794
2.85943423825949
2.85944537339047
2.54496443466251
2.54397039533218
3.83285199890311
3.8341100806628
3.120909263543
3.12123206512681
3.12116960785001
3.12137845617817
3.1214237524171
3.12130097151869
3.12131116128546
3.52601187712113
3.86030082301508
4.46884870089919
4.46880250987984
4.18553491636499
4.18541266851057
4.36953240061137
4.36926026501563
4.100576039745
4.10031567882663
3.44087345409839
4.02063543500367
3.9490532760293
4.00925651030113
3.49485949113055
2.3680482541774
2.37462407300856
2.39328285070433
2.40271854570306
2.4057081486828
2.39641820532512
2.40346413673697
2.40693107571285
2.45317064291951
3.02854817863065
2.37347564410616
2.88808138419445
2.6590373881364
2.54855191207051
2.21197416716628
1.97359504967943
1.97168913704445
2.90696694921198
2.20151461794558
2.24549430388444
2.23116795915791
2.17713039220969
2.17813015922252
2.2026752739156
2.19101017657937
1.46477410759809
1.46152390861104
2.88557639510781
2.88558809643579
1.83031491312558
1.92934198065388
1.93194988238342
1.93065720189412
1.93202613109151
1.9377092952522
2.73918606887414
2.73070857969547
2.73643783830892
2.66046422704524
2.66260743995324
2.65827048959814
2.65715201212613
2.65564855223183
2.9994615118649
3.08643842246948
3.08751952193732
3.08621352103231
2.99531424408824
2.32709019018751
2.32785095284965
2.33026123389781
2.32811611712862
2.33040345600764
1.92875916855435
1.92987556685206
1.94068452739239
1.94080325508079
1.92778257816617
1.94066694773095
1.98977201754325
2.73049899674946
2.66559896761629
2.39985875685459
1.94268058371957
1.98834700375084
