4.58067089802983
3.86399686111874
3.86400203118824
4.2417746742263
4.2419221827776
4.24191805676123
4.27876507382296
4.36907631749948
4.80949987832594
3.66148640221171
2.87041627195382
3.10682006849964
3.39144886268867
4.65247773565066
4.65229166534037
3.09940911285616
3.09853093286669
3.21920904396179
3.22026940483915
4.3892865083885
4.51501899408952
4.4873554970288
3.49066559786722
3.00779884459776
3.00782772688169
1.76295880663147
1.71860159210792
1.76035917817001
0.935669112389633
1.21507597027171
3.40527014106423
2.90278641290394
2.5778071856525
2.78184618356966
2.53105150943606
1.30976958543577
1.4886168043642
1.10738595430777
0.611217751997187
0.921288350322068
2.19278653191369
3.16324275010149
3.16284179379417
3.01156306315796
1.58586266366811
2.17725697288978
4.91042702755949
4.91042374684417
4.91043518243159
4.85979823571767
4.46050308738067
5.16240180333982
5.10059569510017
4.68509392190825
5.32537191775394
5.32536912386592
5.0589786052973
5.60391086368969
5.50039386006169
5.39332592720387
5.39330474356514
4.89814806914054
5.34186019957277
5.34190459508715
4.5703808020506
2.36267307831479
2.36055103391758
2.36021603561752
3.01204778324839
2.84463139919956
2.64037413809191
3.22758770209112
3.61717743463941
3.33544868663424
3.33564804894722
2.75178827362094
3.29852780227869
3.29847388212926
3.30263325467718
3.31358076935172
3.91444932182499
2.75549067280038
2.71984117880999
3.81283641127563
1.52640887161751
2.24265043868422
2.18319654454096
3.1514683519923
2.90510776570169
3.27544457699794
2.73047885158265
1.76259783870841
1.76256744606448
1.76256416559882
1.49360761821151
1.49360405585112
0.842273128175385
0.842294725217635
1.73843471553595
1.84365047302317
1.84368523424143
1.9974788716971
1.88947812239763
1.8894352746611
1.8895856743207
1.68108594064794
1.72081602735549
1.72080409528234
1.14992122666116
1.14990105434034
1.15008359820657
1.15101620011843
1.15011358035342
1.58168021653242
1.58135730783506
1.58200834909824
2.14380853064256
2.67794298876187
2.76749523937953
2.76828257974822
2.65331192356831
2.65860988495376
2.05522126881127
1.82471772094224
1.61816122479992
1.61631993079267
1.61755520586088
1.17251144776148
1.27719836244247
1.5392301419404
