0.420891831838922
0.407773625125706
0.390631652170661
0.171657987413069
0.214661100868105
0.0889056258089579
0.44882985490092
0.873863080228035
0.879544128001557
0.547628089530343
1.43775550362195
0.813069580423262
0.765794029705718
0.743121992860227
0.742763646132491
0.620341954362761
0.777687588454399
0.842055713782669
0.74118182361238
0.242772884642102
0.291786044833571
0.382453438692672
0.388135300200859
0.0851122760243415
0.0851238821970524
0.202880962033252
0.205828638517107
0.144649391911158
0.379742168252995
0.34143206013446
0.386767888679919
0.403657196518958
0.484115584131909
0.686107152064043
0.30328947163952
0.554778424726347
0.576500615234757
0.566485511163089
0.590007477925296
0.185755257418931
0.188973824301327
0.184770429694059
0.187941609117363
0.448237362979064
0.638623359897013
0.66156793021306
0.368080539247374
0.419519954729373
0.338216663398992
0.158461659694872
0.130012929676134
0.0536152195914736
0.0533177927986815
0.222494124913076
0.209560214649063
0.197824575850766
0.309128597722455
0.308606262415501
0.178554528961641
0.259241647915912
0.258576236858452
0.216948783939788
0.21523827992055
0.215328293541261
0.149558192628778
0.231830438721833
0.607261566822881
0.605650298873553
0.60761167830402
0.680943510039296
0.683220345985146
0.254627907029629
0.660848351824515
0.34168010713548
0.349543310842308
0.66750326669395
0.974680576290752
0.956086470132109
0.954535455121505
0.964002471524438
0.325420072907033
0.341394390664486
0.306690602461491
0.305190733059969
0.301318673003628
0.390993698805874
0.703540448512626
0.58623660973201
0.492062653496472
0.129071148708121
0.352217259308303
0.352568039486564
0.171984474770564
0.459251411887636
0.563044665470623
0.51991644387784
0.302613385388947
0.1757714730955
0.346542132921196
0.342937181827113
0.0776941329928128
0.106496207131621
0.102179593616359
0.117019077425148
0.247107503516557
0.249678520510997
0.386069311320027
0.19566056079242
0.839549076024954
0.586109018752337
0.377767659498771
0.211458074999223
0.654851056900196
0.424882012962858
0.480832705172074
1.00015510146012
0.673138371268742
0.243787222044667
0.279239499302531
0.136506737284706
0.136749842677526
0.137631951622333
0.288070956161468
0.285588373937006
0.4974312898027
0.491701179718686
0.503975789465162
0.233969192898225
0.317205134976157
0.329693829921756
