1.03889083586761
1.01622083847017
1.01436586948384
1.01034715080825
1.00267935951141
1.00629290126323
1.01102474952179
1.01726603257667
1.00269547096436
1.00570142522417
1.02451196272052
1.01743849002767
1.00442499438585
1.00879513151089
1.03709696216764
1.17089942678302
1.19761872793307
1.29986475138732
1.3537258777951
1.10542013880761
1.3232145346961
1.13228891469448
1.13358734812752
1.14763732273013
1.00923096991945
1.01076314246583
1.02437725756615
1.02301700914585
1.05743520905109
1.2265343153748
1.01945813684982
1.01961036080408
1.01072080846438
1.00849974591294
1.00363915043816
1.00457791119517
1.05481986588075
1.1225740968973
1.03667840233989
1.02350895839422
1.00682032834867
1.00879421853195
1.01153112562301
1.00533387423979
1.00669027363981
1.01188412552196
1.06805783146246
1.51276183878318
1.50397615091669
1.97188003304886
2.08930706557499
1.56869176631634
1.46664757051697
1.77872945402963
1.7159616063082
1.29787981914271
1.36365450518009
1.37111758026173
1.46781885169625
1.16035445043204
1.04700777014933
1.17597380164089
2.0487202507863
1.98714489862287
1.61688386030792
2.49116213127378
2.48622358128785
2.47090347616686
2.48625051434211
2.46731723541926
2.46475861730501
2.43134801834991
2.48801353432238
2.36594607097264
2.45264367349281
2.49386466313489
2.49487978415261
2.4980080904792
2.49856230980705
2.49845640092405
2.4995224333817
2.49939867600354
2.49952772203826
2.49959156891914
2.49768114906801
2.49900338385677
2.4996925442229
2.49945670603432
2.49966770285916
2.49957280938223
2.49972631905218
2.49941441448567
2.49918862511004
2.49764351722569
2.49965820009298
2.49941685403081
2.49681890096533
2.49934575396448
2.49727822495228
2.49530969743689
2.49787195166465
2.49075782619994
2.49749709911479
2.49482350945623
2.46168892826338
2.44196390341058
2.06164912085981
2.12834839125581
1.71043625218852
1.22180517887846
2.11823218194001
2.12252598814869
1.72845070704185
1.15189215234975
1.09169397153635
1.03283564504219
1.02090861583769
1.01005184429624
1.01013172062304
1.00070721186457
1.00053007245877
1.00072660403696
1.00041370339972
1.00058714839058
1.00063489990745
1.00396864816373
1.0005859210559
1.00083217331488
1.001325587479
1.00115478047408
