0.983091337047781
0.595620663545797
1.26711673401007
1.47131445472289
2.28943658888351
2.33431334520724
2.32306287408948
2.32595778119036
2.30704157272115
2.30275631606631
0.77047246604236
1.38385465620785
2.02502508251911
2.00675796118516
1.91240945405253
2.0784375973655
2.01492995871471
1.7326394143893
1.90483011649278
3.11686356653639
2.58421276017477
2.2716580345094
2.25773680241221
2.22461235146037
2.21791218350254
1.91006360783763
2.48037349031681
1.22384696080408
1.7992750332108
1.89291641891977
1.88546640905404
1.82308166604954
1.83746427492174
1.9752326251224
2.14981823308909
1.44143858590036
3.30528535042391
3.46440242690537
3.39208345775857
3.22282847842661
3.48518958851811
3.166735665848
3.15791217091611
3.17960430047673
2.90600704280756
2.76916739718868
3.0617656358867
2.8498166409611
3.1435048450432
3.11966491808115
3.11691366274385
3.13877492641277
3.02252445800395
2.36307334738636
1.91898619467112
2.25453682562858
2.25354606531388
2.68965802516656
2.69204997441001
2.38299745372566
2.38586522082271
2.41710743300336
2.32413836784064
3.14534417310019
2.34951856813049
2.03798667047451
2.00808459491729
1.36300197132058
1.31973328737456
1.69056314340846
1.58428502220475
1.44090713128748
1.88332991015022
2.1750269967171
2.03055554576091
2.02702525335714
1.57596978467845
2.05879792821888
2.18835345265015
2.45625751215681
2.5003825164914
2.66524945531175
2.92870876869303
2.6835654979772
2.68025597491726
2.63530844511843
2.3936651705446
2.45282224966195
1.85426512617883
1.78969357856674
1.90555256540619
1.45966917536803
1.34731618388398
1.89008310503345
1.81748598327782
1.7192934655427
1.71209842914763
1.70271008929287
1.71056976658961
1.66462594889467
1.80632213366784
2.69056101793855
1.90876229974295
1.6591429977671
1.09525088835349
1.52909042946315
1.3761148395197
1.56618069954097
1.55256547040322
2.4477683882944
1.64100999247532
1.64571695930152
1.65114548803495
1.78748682109466
1.60230124836547
1.84485110580657
2.38020971058877
2.28814673835947
1.53040619547471
1.10894653059527
1.15866566488232
1.06155812792734
1.3183852143245
0.781757337277826
1.2350923747498
1.08927221304635
2.35645935937691
1.81821799581668
1.72715780283616
1.72506754418789
