0.180171094797312
0.15089415382054
0.146990343410542
0.110496929322921
0.103680124849374
0.122732511042402
0.146529683185228
0.0743326565262684
0.105334409903065
0.105778567032079
0.145325637269286
0.101146520165241
0.101200218507683
0.0616231889669004
0.210260191435455
0.218704221091967
0.0837046128183196
0.0757080893942441
0.0507019502300669
0.280231253688729
0.239560969330962
0.252892189425363
0.236300522415585
0.0790294268764865
0.0708879619563877
0.0288402756692364
0.061543399375979
0.0830976400860635
0.0594336175236542
0.0562714465529661
0.0548007774822323
0.188088890037852
0.132889917880673
0.0581189119574562
0.0562177626244249
0.0550188831017392
0.0507492130932413
0.0550026693981208
0.0373671256628314
0.108605068356585
0.10475870265479
0.254666023950176
0.693181490224248
0.633739592108162
0.632311521269232
0.634524287963736
0.866364301784695
0.870455821729386
0.546282821572703
0.741678130997547
0.373682571353782
0.0831608409976274
0.172840200745678
0.094216025723675
0.112388989359631
0.0961569906749462
0.128118215506772
0.124821701369446
0.079245862009552
0.0920806154317979
0.116865961741066
0.071055934204747
0.14648830001231
0.17215039316527
0.184305381608286
0.558792452321934
0.570104509794706
0.570062048933357
0.57009456846212
0.340065314864213
0.184424704205402
0.709481706360164
0.278016276312893
0.120478032318877
0.459248710622361
0.431611228856493
0.432000646523061
0.109301444625157
0.279352709948889
0.306341397632543
0.315527302670079
0.318245137781868
0.146343156514404
0.186476584096793
0.119427628220069
0.116598200534524
0.184843874085703
0.26953854814271
0.524386747464087
0.514874707732075
0.156707570324515
0.110260987192997
0.0476514746866106
0.143817962885285
0.128233624720381
0.153837702335234
0.501630138291881
0.517230083843626
0.48979693040917
0.483893971578766
0.251651705189762
0.0344293810147823
0.0106274307759889
0.0123536247201279
0.0219812749671914
0.0114796881985557
0.0111621167206108
0.0109313249865917
0.0194740240600113
0.026659148018029
0.125333168238023
0.11668678387324
0.151823917428152
0.0840674040298562
0.089932905726946
0.152307673807224
0.153696977956256
0.172444027528102
0.13521030895857
0.264796550551516
0.262616963142365
0.336564406395286
0.316111420179536
0.226191833074846
0.234129802810424
0.294299405808265
0.287278041965404
0.37583788715439
0.339954494073222
0.28758023714544
