2.36781933658531
2.32027607266743
2.07047412770259
2.33612544863854
2.39051543203963
1.83266056363457
2.05619245378852
2.07150721606851
1.99300677354661
2.34365707311101
2.28928075308993
2.23304811340385
2.3195494244755
2.16351999452743
1.68228580928545
1.91139701770216
1.6278204007375
1.43349983493049
1.84969316195461
2.08076517510063
2.08114683382029
2.39591899813901
2.41574466659624
2.44134164613808
2.39647757601519
2.44712104960953
2.47825150332386
2.47872119969829
2.44448164624211
2.45571584019809
2.46382247234437
2.2905487098859
2.13490241917249
2.23438793727752
2.47437792971539
2.48020493451744
2.48082520761019
2.48113385730017
2.49623159941085
2.49561549706108
2.49879109858563
2.49389328073831
2.48944935109398
2.49029674457367
2.46035383177854
2.48585698768053
2.49661137421779
2.49124034339701
2.48310612152256
2.48996513727812
2.4924534451984
2.4824778337854
2.42414826404503
2.4539977774763
2.43117931564176
2.45219100801156
2.47826100981743
2.49546793250884
2.48621866096645
2.47166409961866
2.4826277406453
2.47878823825769
2.33366305594392
2.1519001823441
2.45351610792158
2.48800392344143
2.49698470764068
2.49306383096419
2.47678914786219
2.47457510506512
2.4811283688246
2.42746786484506
2.21279749079681
2.21676787752666
2.00030569604846
2.08053134611711
1.4857652663735
1.35241810851679
1.56576751232377
1.34723616947893
1.34028079062297
1.94500021110434
2.11090093472811
2.16019331687988
2.00646758150755
2.1407830119118
2.35708571590328
2.38964585343302
2.32685567465015
2.11152876267393
2.16142701611646
2.1499234504015
1.49628687070032
1.27856147790784
1.29694092880108
1.41458744685671
1.27846834391075
1.08839563257327
1.08029935885531
1.01957897103232
1.01626524514782
1.00650350287202
1.00188035057603
1.00108728033387
1.00561816229948
1.00103594871752
1.00096772666887
1.00940207624767
1.00587929325197
1.0010851464117
1.00015540994103
1.00037699356808
1.00057593904404
1.0006320489862
1.00006733364371
1.00006442418641
1.00018841993097
1.00096768945874
1.0013801221752
1.00790839841748
1.02416543397122
1.01079644618633
1.00727238944749
1.01225266324156
1.01373295592887
1.15165210572767
1.06649720842483
1.1761850429575
1.16679928459692
1.04228418253867
