1.2044928962258
0.392782847232619
0.392475376412989
0.478418720285198
0.473967750956677
0.280156896040204
0.565230426067672
0.775827917182136
1.19320728669012
1.48797441980237
0.3613297402919
0.373527799483313
0.424264579138716
0.476467002010337
0.925875609729321
0.50312328192572
0.58029859171325
0.557197604191489
0.675245847647436
0.276219693545429
0.130988970315837
0.228566737321016
0.232353826554733
0.72793994331472
0.731062647828158
0.728517429487928
0.728086790296245
0.742374350518083
0.739993611960342
0.74399240443499
0.744567003943516
0.995570553602244
0.293000742874621
0.29297526104503
0.292695483961327
0.645186245823908
0.612652732406974
0.604451970979132
0.17664706157097
0.177336935885173
0.154416275459906
0.118306919753642
0.286402147296008
0.38118878360437
0.38120632207191
0.381200021824224
0.296842883012439
0.0986063493729365
0.0454965548153201
0.0270539761536907
0.0270257427029542
0.0385678454894901
0.0385367099245836
0.0385217610930043
0.0385540310752184
0.0385061215135642
0.0580056148891359
0.114194553350551
0.0420327772874975
0.0415808604986793
0.164554431009354
0.213410124765486
0.214041751534983
0.453772715597229
0.302000417598389
0.208172502175551
0.208172851447018
0.208172335950772
0.118947747888417
0.207661565209764
0.280628886714809
0.280629463897378
0.454862969426714
0.336920382942678
0.336920065087608
0.294511482137419
0.356879329115386
1.10276739453275
1.10276385495886
1.10276366279889
0.691320638485927
0.691319622694629
1.26678549263238
1.84408519679758
1.69471481533307
1.04398502580531
0.794402396896338
0.794402341880382
1.03245227056476
1.03245230110985
0.362669489549082
0.902540650676141
0.902541714328442
0.902552791162383
1.42295349405828
1.42290178091153
1.45017620559093
0.919845788976534
0.695515787534869
0.696183981867272
0.696841759421277
0.0909447617408695
0.140649232749107
0.143889460619255
0.149199091546081
0.144944796202871
0.0894828837175171
0.0911424819973006
0.142783974621747
0.145984390301335
0.0595809282826867
0.0587540006347105
0.0566478451803668
0.0369794896072022
0.117344947295145
0.114343272555569
0.17103883456743
0.171669545382951
0.0565826033131984
0.0556548109801933
0.125994693271116
0.112679756832769
0.113084232619103
0.10626509745513
0.281088783553343
0.272796760992131
0.286021907424875
0.274272294137955
0.271643052101494
0.271016034369209
