2.46113357989825
2.4752859413009
2.44247236597759
2.49169750108009
2.49696746877479
2.49859077894401
2.49796280707385
2.49445876720937
2.49182120615462
2.4856159417128
2.4733544029449
2.34962690558671
2.46683802452967
2.46247780060666
2.33398970360288
2.45936548772265
2.47465225476871
2.49399936370282
2.49830318116267
2.49534228720189
2.49678772792563
2.49976406707494
2.49947158400722
2.49868522587309
2.49893976173027
2.49834538337158
2.49604064052514
2.49775403309097
2.49874459801344
2.49743437896651
2.49624666318459
2.48109391002352
2.48866182706529
2.46751075224008
2.48285132356565
2.4497428177078
2.19097230470935
2.10854351875441
1.79363103025945
2.31433460865663
2.03222259513461
2.29750608378783
2.0926920661147
2.31602717818933
2.25000325687649
2.25255457822921
2.377415034005
2.37364894178694
2.38335636856575
2.16415373019388
2.02118209661328
2.09410238506356
2.23033774527734
1.83700205880163
2.04044552660512
2.38788769886812
2.34681964754352
2.03514538410497
2.0448378241345
1.97589899290195
2.30768700816575
2.29942432289795
2.40814623743924
2.48366364461827
2.47743864570248
1.91451095436873
1.85302807472554
2.04668596679068
2.26022618976671
2.16937774826047
2.40521596560456
2.48921147782088
2.4910747650694
2.49315906507143
2.49343574270572
2.49162652614865
2.4933518896691
2.47340365331643
2.44293736981429
2.44492011009811
2.45850112851622
2.42259175356599
2.48821023476771
2.48726445908899
2.48881941337185
2.46910893253845
2.39999001860634
2.38576270267731
1.81478257697591
1.94664842521555
2.07269594583339
1.76143118073145
2.27807951797571
2.23536990123766
2.34035984908376
2.34417808706601
2.47010565703296
2.49385239794308
2.49410893287022
2.49148616710482
2.49693798721932
2.48772709779132
2.49516371728414
2.49361117271457
2.49320687445313
2.48750305026792
2.4540023108323
2.42951957940879
2.41604459264245
2.45502247515287
2.34137883931518
1.73568717062084
2.11446453793571
2.20457015997357
2.16559126624864
1.9543265051384
2.25928834983978
2.1452900003777
2.05361659794548
2.07953489507777
1.76363846585061
2.04923265337704
2.34782327198674
2.06954817342765
1.49966494700438
1.37562572217506
1.7458035929347
1.93682065410097
2.03560004110818
2.33722873414712
