0.68517323475491
0.54384797789285
0.49511481961786
1.12921364432287
0.821328555067402
1.0599504073318
0.742008450090519
0.850674090967686
1.03867052365168
1.1583663010276
1.50716147927427
1.34813581511988
1.45783501594589
1.40029762267491
0.944800868334199
0.977871706279012
0.827052362791062
0.847572889293884
1.02594619873442
1.18377311170928
1.40090629364788
0.317570705990069
0.287482522080105
0.31863412058795
0.467007475429531
0.537823979136579
1.58171298171956
1.5178927068099
2.02906594015537
1.14508968241133
1.42210476899706
2.05657665293879
1.5376606357883
1.87142847898569
1.81220723104853
3.02062283695443
2.51787317566273
2.78359780625592
0.442817074406768
1.55550704427536
0.636154383737042
1.10910649406009
0.223274948117439
0.408806551131177
0.113097724260031
0.25119893589735
0.125921528606982
0.218293511275766
0.180643513270431
0.528462908699352
0.0869831413130783
0.136784079535157
0.409909782406335
1.3109850566746
1.59345492675077
2.06317892164669
1.21350167319701
0.810121662697642
0.922218621437297
0.98809574176334
1.31063388480374
0.494218221587868
0.306455810275756
0.765893021490766
0.682756240706958
0.73671594639874
0.75242151339397
1.96168679884988
0.73463088588493
2.40646046539508
3.05802172719665
2.51470831951008
2.1752563782144
1.36959542344898
0.852912256543058
0.792904575306437
0.668080099792379
0.444599016719711
0.692735795511253
0.532164825273966
0.614931429262476
0.515171139269128
0.512434769154708
0.485969448896647
0.346110803238456
0.428434707989935
0.612880455222577
1.8439245179938
1.74427809966103
1.6086339811556
0.970974032002285
1.01909333876296
0.511707290893661
0.659626099842066
0.582899222856196
0.683412326386634
0.754658725319709
0.50271971255963
0.849035110619062
1.39968356622186
1.81806105870881
0.896571792098557
1.53545830628689
1.55693499484132
1.73779249952606
1.91547448225401
1.20944668567341
1.13959096444853
0.231614325161753
0.151850115346271
0.845383074983817
0.456883212460802
0.191964925139224
0.796901274857652
0.397451569199912
0.446450196981131
0.276327736306185
1.20943705047391
1.74901730437748
0.718152663469366
1.53033308066551
2.68663337890752
3.13260483125938
2.12665523055146
1.28145310835534
2.50970476675387
1.65705683955511
1.43435131287474
2.43717326873018
2.62758703116753
