3.3296371447016
3.80571742023565
3.4640673756437
3.19566090126497
2.99041418965798
3.38648497059491
3.19556611752428
3.49826476164373
3.32836282455991
3.80826605710051
3.79599987937024
4.43995310016875
4.44113954852668
4.42985154330281
4.32968758659601
3.90832548860797
3.80970023516557
3.99344354736593
3.57431559869324
3.74397715729928
4.4151624148394
3.78592249164478
2.67876714303559
2.72913506088714
2.73665901138008
2.5478625916481
2.22104779580706
2.01113956588898
2.44416781273989
2.36734269106453
2.19945380253957
2.58446874177408
1.57334535110024
1.94355364983027
1.73305222783959
1.36906073393743
1.21559815591681
1.07497294551046
2.25880024902899
0.953464664107353
0.953462297157402
0.591574410066669
1.36506954550023
1.93608099506224
1.12301492589613
1.12299017020043
1.11361301052046
1.22261274573772
1.22260846247439
1.22261076598137
2.19251848847389
2.19253468530495
1.86065383090626
1.86066244619453
2.55309090579144
2.55271070511519
2.55312094140152
3.21259862019167
3.44886215955593
3.59322401370649
3.11545499286882
3.63042555889391
3.85540022477924
3.89941396142961
3.85677177191652
3.9967686521111
3.99149048595203
3.92239292862994
3.90941996349505
3.03479674735207
2.37669614104753
2.37618201807819
2.37669491733181
2.27878489779855
2.27909166693524
2.41734639359643
3.45129913477194
3.45155265221983
3.07189159919467
3.07168779170113
3.07405885702786
4.21872798494755
3.73853572041768
3.86542410952557
3.55744935052873
3.73692189981068
3.31083719250612
2.99302111490381
3.16513543264791
3.82313279543469
4.28328627028314
4.1609256815142
3.91447614399566
3.57207684698468
3.185728296397
2.80295247589787
2.62904017381424
3.54602402243258
3.34908761452144
2.76698063057507
2.76538063666923
2.24355645325562
2.19248253361913
2.19161277242706
2.45049332700261
2.33533620180145
2.34106211124108
2.34935484263878
3.03767176165405
2.82583153876565
3.12549079520142
3.2666358744077
3.79968351126832
3.65286295298209
3.61277587894157
3.85697614709159
2.47939099522801
4.06498308823275
3.66974722868448
3.70096757903126
4.53361642670524
4.36199919081099
4.35179527081458
4.33639037334817
4.67719852554358
5.11585381663331
5.20011041683408
4.87117059370712
3.97413001572534
3.45886509180611
