3.26944077367693
2.81845861124653
2.74554175006834
2.11505661211148
0.523859570732539
0.495622176543696
0.793093544044318
1.1132528448806
0.57793996877972
0.580376932707386
1.55124229713938
1.71871363372204
1.7196260929259
0.845823838261915
1.01182799221873
0.344494617842843
0.289530498900395
0.354867481120853
0.277476834686641
0.525008917491224
0.448813769078375
0.473789603638117
0.442705372234527
1.5643176140399
1.32616113145396
0.985388040839983
1.55920013903027
0.410728393062651
1.39661160157576
1.32230475558794
1.287745972666
0.619439717741954
0.106847475202017
0.330223253960435
0.319421198349382
0.31260933825507
0.147797300740965
0.0994871951025375
0.165485925685261
0.324937728461456
0.313429708137122
0.287339831654416
0.757315557337976
0.0976165678378401
0.0973965983493285
0.0977374365939848
0.0797572478065331
0.0801339119528534
0.0742912796468032
0.479822017912988
0.359283574634156
0.140317716424704
0.208231047014606
0.412877037515299
0.49603079467952
0.207365386326565
0.154058861912816
0.150094888372698
0.122263973511968
0.28382893275049
0.289925405905459
0.341605400138279
0.380257817348938
0.343774390652811
0.368047200424312
2.79070914443812
2.23745007786065
2.23728343462963
2.23741106179432
1.02040636225744
0.839284359378444
1.16923459541979
1.30951392289884
0.254677434897624
0.315642583881382
0.299911006831219
0.300181599060174
0.292401253785588
1.06023226994906
0.724905666355866
0.746642573818514
0.753073875914745
1.19507484314752
1.75564434792367
2.56664219244583
2.01311202177309
2.31509190311782
1.20092772837533
1.19920645307422
1.17745361610096
1.51733588920377
1.40269897404468
2.5465359518309
2.50805773742366
2.88948242033767
2.90388740961382
2.42807740563842
2.50358697420693
0.756707949611073
0.747588219380299
0.735365016546989
0.716036175129818
0.455122215481998
0.6516689110025
0.320357312881375
0.314019329573325
1.40934832080646
0.428080598146679
0.202330924899294
0.119892317937596
0.268069524300192
0.24957615836866
0.419107708990054
0.46870163310133
0.501403609046825
0.102875918754448
0.103814321509794
0.308757239747792
0.553712283771946
0.646414418320055
0.64109366650388
0.524831884881546
0.492937902323981
1.41229971540024
2.2584152338545
1.2512904940841
3.10197372769349
2.68282408023457
3.57919808327353
3.8258387972947
