5.00469431876
4.68607967993653
4.79686953922059
5.08251385272466
5.08496777644185
5.12298039491051
5.1040036758243
5.02810307005121
5.04748716494813
4.77792959281908
4.89234883778369
5.63304508402804
5.64490098116609
5.61884036044253
5.50443777170055
5.34953262459976
5.22310763124843
5.44971129399378
5.47787580046423
5.34944456327898
5.02673271611546
4.77496414207899
4.6209516131226
4.4254852026239
4.96185944575418
4.59663953804627
4.58757900160333
4.26906931778667
4.08852992399257
4.23335954768052
4.4887927562337
4.56535046845299
4.71752787690666
4.56036354300113
4.14592266165482
3.95304905372474
3.93882169188952
3.90453266897702
3.18327807852426
4.18552204432026
3.83433165906489
3.48114175881575
3.48106294492296
3.39244219735565
3.34480440113043
2.83643409252525
2.83643428007529
2.83643649451622
3.92174895021407
3.72910639497436
3.72912147374657
3.72910670708483
3.87577181222683
3.94210200478484
3.79789993592087
3.62979443459865
2.92351266670754
3.61613302240724
3.9497117829204
3.75482944579339
4.18576663263476
3.57546401256561
3.4093967223281
3.94801680085948
4.2521561354192
2.83846195915003
2.8383907421912
2.98560307086797
4.05571415587419
3.98289305079864
3.98302919467048
3.71088794762813
3.8047113908755
3.80540551288844
3.7014881043922
3.49137296308978
3.49162649862748
3.04397781360229
3.04600995560409
3.02320441706528
3.02938329945785
3.65816652275324
3.66529050708388
3.66500572929943
3.66409936865114
3.12888084065672
3.138385524997
4.18553359704055
3.65762375034252
2.82990839850336
2.58663109556729
2.82450925128859
2.68919261094317
2.34928852893757
2.60955181322485
2.91497757316846
2.80517556923429
3.58075333134211
3.8444353449589
2.89534636261621
2.47962295850754
2.84946611200085
3.4298190198659
3.42965480996835
3.88913208653037
3.34833521127009
3.06206245963016
3.77153935450061
3.76801226400765
3.76891921014881
3.63713973511158
3.83597338267983
3.7758211423429
3.78760433579756
3.73607712607043
4.14619383114003
4.52707447278548
4.64761723030553
4.2194392605825
4.40322992046228
4.14159515390696
4.42454221233289
4.02366954794028
3.80723461650861
2.86010543969115
3.79797398850682
3.66236469863785
4.17142408228926
4.18096864149459
4.68826248763707
