1.39536998287793
2.41434326686303
1.26836347503255
1.12379755091992
1.21527751535506
0.872870788544096
0.816030183074995
0.816336475276496
1.62763401144857
1.62903769886247
1.85537361702284
1.91274843391611
1.91016713286047
1.91101887100728
1.90843514147581
1.91295220102506
1.92716640909577
1.93186932295462
1.91441580171205
1.91538201648897
2.12513965189791
2.13597817892176
2.10029095879889
2.08209713155055
2.28183611197781
2.30074065047984
1.71269001241792
1.78345762989592
1.81338195383763
1.80229016406989
1.77737184142515
1.77690570162158
1.77484392008752
1.77578759984866
1.77706167977731
1.78568761191818
1.8003026809039
0.615563665624963
0.774968802682228
0.776273790518469
0.768460452626173
0.516867429367091
0.516321678889718
0.516122318165388
0.516014895916642
0.516005430475134
0.516028054730063
0.516009160731443
0.5160158417929
0.516028031339921
0.799079040412833
0.799195689912032
0.799265959797409
0.799087890454472
0.799007733189798
0.799093421741973
0.799045961714644
0.79900169295857
0.799089388071167
0.799498993704175
0.954608204630785
0.954586805568863
0.954599041659731
0.954594605465312
1.85932503888653
1.53640929154236
0.769314560026882
1.8538247067112
1.85136130836714
1.83324773792079
1.83182991339275
1.83122991503828
1.28028475503249
1.28042638892375
1.28114233851823
1.28072912457089
1.28452544193603
2.60386254813987
2.59746097677733
2.2883843599623
1.3283480728501
1.09343612518648
1.08501577889809
1.08616237730398
1.08421688596899
1.08359922315542
1.08406323759783
1.5865217843364
1.58661991595917
1.58652555218549
1.58754566862328
1.67992051488458
1.67943621799899
1.90357040739537
1.5722727944046
2.1953500344051
2.19887584706081
2.19779003277344
1.58369953363294
0.767665133204137
0.766281714174206
1.87197942485593
1.87161158124803
1.87143504808936
2.19440426160848
2.73376585857709
2.1224459188618
2.12263513465727
2.12265257278754
2.12230487740257
2.12226430656807
2.40573534165675
2.40578142857666
2.40590907562401
1.66981463199704
1.6719817621143
1.67022626094292
1.44440616373942
1.44387316298626
1.1221997811474
1.1226546600692
1.12227350239039
0.400016163906663
0.400277011311593
0.39994163625645
0.885890049436542
0.885971454270334
1.13867495268739
1.23047298488764
1.2265947200742
