0.240471075454186
0.0947898335555806
0.439991724374866
1.26160513715726
0.799509126299775
0.789552707094083
0.741901659056832
0.125646478945836
0.125857036298942
0.189714098673345
0.198631548559024
0.978398542821022
0.152573187547934
0.126295442856822
0.446996568723032
0.255853630323258
0.982322388788894
1.99519983941453
0.523442539746361
0.252206747743455
0.0951530790985372
0.619835463835484
0.139952200358818
0.120741903333737
0.438074200216015
0.0948418154389909
0.2285256738067
0.318231463884734
0.128118293874391
0.225365295261919
0.0747377574285977
0.219787756708826
0.179296683811461
0.653887370512389
0.301979275245917
0.121977093154703
0.131262563360391
0.115164189012252
0.14817468058222
0.0348326915679167
0.0138587481383414
0.136934231203305
0.173364757683513
0.117326208201561
0.311153349805705
0.227971873458254
0.219774205048484
0.092810195278169
0.0399426499518433
0.100102158377266
0.489338776215587
0.638124515988608
0.221064271115809
0.090218260337033
0.350706537790003
0.666928633649349
1.54421393239431
0.954473643740006
0.753992176375687
0.734837692914535
0.127729976298129
0.189698103312925
0.177358806593903
0.0761795269226754
0.108341255427177
0.532201983533922
0.364004424118674
0.685171787330175
0.135704931558316
0.341222535980013
0.286637540530769
0.651791826924917
2.44000912909539
3.22674124844735
2.00325967241026
2.07941276651517
2.00774442458516
0.176280610055353
0.216093943543415
0.266310806864802
0.345644295818671
0.349940716500356
0.331155888541223
0.306277720771196
0.346279870249715
0.232566821558329
0.273129105665563
1.1760336520794
0.194586809422668
0.129331899988797
0.191104839843649
1.1878222879884
0.48865115018902
0.406345327088821
0.408931517988096
0.290011290131266
0.211116721552722
0.0937649551462046
0.0357604001801075
0.0885515635266246
0.111668111024393
0.0934482724263845
0.0971191697647552
0.0863664119484328
0.643818093670505
0.504300645538532
0.496912722530524
0.769860626356835
0.810215974564203
0.208341707205356
0.159944097499144
0.168373302808779
0.238517812087621
0.28732700970553
0.129103348744232
0.56967682364276
0.145509526523439
0.240405861341398
0.195775549446883
0.587267993348431
0.214503566518374
0.190959533327835
0.39886252963584
0.627442348455969
0.402631192241837
0.63032536290244
0.597707036966289
0.764160898991177
0.271744179099236
0.464104317719176
