1.43725108766605
0.192091719523879
0.983572964590244
0.76563749877078
1.99422228751741
2.63125066127809
2.69697960718699
1.95241433084004
3.7066826924732
3.74121789488942
4.10694212989036
1.62674911759586
1.66684092235918
0.834860707266585
1.29686069872661
0.992703751863825
0.881473947496802
0.753604817733758
0.855462340627721
1.32138518880317
1.84263988226013
2.60555008621751
2.2682254075738
1.04749606647503
1.13518070378487
1.05623598440498
0.477162182701983
1.28359135252749
0.560259904064546
0.494338046829675
0.0740028290638278
0.0702594289811566
0.0852692648570658
0.170786117388699
0.229823978466373
0.201550279483623
0.212179505774064
0.19811807968472
0.187810922535795
0.171420805637128
0.333536172391517
1.05025205624496
1.01187888153937
1.12629275491272
1.32841968040177
1.09502483904803
0.922466771012098
1.26051691241263
0.537814086478486
0.207663721795529
0.197677586020313
0.165672145747192
0.170482510945567
0.415685749013174
0.414817219992994
0.371238720764683
0.250971934622725
0.724403412193601
0.662432743193804
1.5325648921053
1.15048108045792
2.95092517419164
3.01498584005967
2.21702068876826
1.64999077363923
0.359024587039167
0.94817774851572
1.17268973439539
0.718855355633392
0.950571490892309
1.93512741282214
3.90092191241395
1.9883447202222
1.18653498110149
1.87879830330025
1.76492880990513
1.07143398249412
0.745627891944073
0.867184364327625
1.12412500390314
1.31519798650106
0.814391299947821
0.818894143963419
0.26438362661059
0.242895208273304
0.27654822467779
0.804478596909313
0.338368706114479
0.188786364817881
0.685034909480209
0.253274775971166
0.434675616317345
0.415469473359214
0.213428234409883
0.100253458741983
0.52752528383332
0.0454663097335393
0.304744803818997
0.28081389030365
0.262298953285542
0.0950937228197377
0.0969150290323979
0.161948252654004
1.45814666158273
1.7710818864035
2.7128414766176
0.663931261823392
0.374514220521313
0.981621088439997
0.321939873749225
0.209480541133312
0.234814237616245
0.499616240145571
0.539610109828932
0.531528865048817
0.441273223160834
0.259677970355403
0.336347794124196
0.310206883327512
0.112282130800624
0.148936556772896
0.568695267052104
0.126122452538504
0.162845105256217
0.152004559600813
0.149397135201257
0.12775346111704
0.375352956503904
0.316144422712401
0.647907867464793
