0.87019391211254
0.872742129493918
0.870350377905468
0.615277663738485
1.04532344433244
2.52317467289967
1.33133880755546
2.04474267841422
1.46134853494068
1.26604627032672
1.26730009013342
1.15068139948077
1.15054109768222
1.15004507136382
0.647824085690859
0.647899886875875
0.66381178903656
0.663811602620628
0.663458262615748
0.658422433893871
1.48187601228739
1.47526791527376
1.47561592929764
1.47650292978978
1.73575380479871
1.73784297429577
1.40412038169097
1.39714251360342
1.60798643019988
0.998539589704697
2.37449528742078
1.54543313533872
3.121700489432
3.12899383762391
3.12730630999556
3.12671952967161
2.1026919915789
1.20654600760956
0.699586281007445
0.699763176364559
0.341381742672838
0.339966889833507
2.3153875127161
1.00008260510777
0.633354991301432
1.48705040707176
2.63755774747566
2.52352891837112
3.49494021414501
3.36297214096164
1.09498410580736
0.499368027402824
2.49194710400586
1.18205974861767
1.17302829662451
1.54421385209371
1.38054130253523
2.44070316822514
1.62540929513189
2.7179038615585
2.54819892440153
2.53990613923346
1.70481275498974
1.70225402758172
3.32658677961614
1.3910736393914
1.6167492578485
1.62935861707677
1.76699520239304
1.3089402988568
1.36269936572238
1.34332244188814
1.35542923355348
1.41075918608745
1.45640709092506
1.55256433169002
1.50399145551415
1.53108833769174
1.52350348832569
1.53224071978818
2.5196301941951
1.69123058151294
2.17706924436307
1.19631061174357
1.0326700962311
1.01054241364737
1.03028316086498
0.655115418376178
0.621294000178958
0.627311797714762
1.18032297626122
1.67254852980933
2.47695488171918
3.20778610686557
3.20593950367233
2.99240199588305
3.00868215241085
2.93030213003731
3.30067482255285
1.99546164049877
2.0643154429273
1.90570022249449
2.0915469659806
2.24911699423468
2.12102279372215
1.95494930367915
1.29147690433843
1.39608320370493
1.34654732486985
1.3894044183022
1.4253393873029
1.54836193569088
0.819817674169041
0.364977870397445
0.366835738377385
0.367208861931763
0.366514982911759
0.363085823975138
0.365502192833535
0.366668525443369
0.364461547976224
0.365771629037859
0.641118792591275
0.669281938463176
0.675736256248035
0.74707101283815
1.49393284468985
1.41227393477762
1.56726769073488
2.97751636248766
