1.79387629533665
1.372971885421
1.59192412708979
1.99515726217253
2.4793172824957
1.9306093104473
0.889356978329974
2.86030803782343
2.36313188166186
1.81653203779666
1.87857302778978
0.839566425251458
2.40335280287534
2.60183034802463
1.82538887527365
1.77102575917276
0.986816041539188
1.28531091528034
0.420165075845993
0.507292081522911
0.480824176003591
0.510659359529249
0.157159370981399
0.152669425671013
0.149053546405834
0.118580693178737
0.167065330761697
0.170120875737523
0.138779141224296
0.141134228341051
0.106345317990187
0.118359302556401
0.116616219855319
0.181702145569629
0.1448533215764
0.197617242666783
0.184508766001708
0.153892555011339
0.384413902452896
0.397652014220273
0.336686693451991
0.403466631067314
0.547822479426607
0.507298149835846
0.456596952673102
0.462222151572256
0.317243969331788
0.143245657377339
0.126144735411467
0.134373095960497
0.29614641375986
0.233880622103447
0.264933536486202
0.260419302310133
0.305886364259114
0.352833486310104
0.329188104499422
0.27288182565771
0.154020386844563
0.157890298109079
0.0821361945213488
0.0687240710857454
0.0613357002979835
0.103583416003539
0.116833844298706
2.41394429538862
1.7387012522758
2.18796316555867
1.31264876902094
0.728885182392987
0.786286234143074
0.962672999733046
0.63416740544229
0.812340630727207
0.873714488761424
0.387466272837309
0.619713872982371
0.692951642571119
0.887376702075122
0.474890058206428
0.604289467992593
0.60441235010965
0.536456447613299
0.847242881805473
1.04639725328188
0.695504132840404
0.348373746228166
1.05887547945996
2.30077522499791
2.08213118432881
1.75205413462773
1.53122647019721
0.508406712175836
0.687768326933066
0.618563898901406
0.724113990174773
0.755941499433391
1.10686223137794
1.24071926868776
0.80664972567301
1.50510835407079
2.36932066470351
2.47139303845508
1.43391420232963
0.590141349534589
3.42566358470542
3.84074507194349
1.99037118757378
2.73798466688896
1.51616989503005
0.951002141090672
2.50622035046656
0.941927875742128
0.902743714246357
1.07335298674223
1.24487489226374
0.413811786654393
0.232279297525424
0.244895555744602
0.393967182633692
0.115056061509384
0.685480690631525
1.06708649254345
0.536630078247258
0.724921947753805
0.648317880295575
1.44530488006915
0.491589487066332
0.391472158368018
0.865798840797569
