3.24147522581522
3.0523873120419
3.02369484294009
3.03841409764789
2.53502344255142
2.46086761057104
2.45125137222238
2.78047804114114
2.7662864460697
2.8673778170363
1.68519210963013
1.78657670691736
2.22650423869468
2.38595129256279
2.38396542490943
2.18805960414364
2.26276579406448
1.75288791969916
2.32714925896626
2.35825668685587
2.41003715136305
2.33238222710074
3.21220254688613
3.20864799095353
3.19368692055177
3.32525509724694
3.47469731555789
3.60940523137618
3.6468318506363
3.20420823825326
2.62855721713936
2.46412824439659
2.33824339211602
2.27308107156149
2.94954051561789
3.33126846413237
3.37167341220774
3.88509250758565
3.8890619900717
3.32951897489441
3.31569181653883
3.17435071344895
2.96886196722492
3.10805925890358
3.25334004204472
3.17111296705081
3.08750521372386
3.05746046555198
3.08733755252692
2.90520249963089
3.33778660898626
3.25888239327782
3.26441592947092
3.27749069182688
2.70991557036252
2.60344284872784
2.57021982019709
2.57605186901691
2.83061526919973
2.83218007385514
2.86012587392885
3.20079887216463
3.24761519786016
3.33264854966666
4.34407188805773
2.76856961032034
3.41263532166763
2.53108866694078
2.58661786740421
2.59821509291595
2.5204636800795
2.5334005056843
2.19124382377523
2.16630355630802
2.15456943169839
2.51445984345797
2.50423462789417
2.50322714709659
2.76127205854598
2.78477187552841
2.78970517419249
2.75873719044458
2.26937881389177
2.25077887045115
2.25244026499414
2.26144215555335
2.77969750646828
2.79309007458246
2.95195130150481
2.33057842035064
2.44978114008234
2.35612642895306
2.78339208981188
2.78436269331485
2.8061359417913
2.79858861020038
3.20038751376302
2.39503570718585
2.45384875672768
2.41422607336204
2.38908497554096
2.01149739905332
2.69658458293513
2.7129280316913
2.24302245631469
2.22007815695991
2.30111625793301
2.38654868851832
3.11424425703542
3.05097259691432
3.10904518921301
3.03647647083905
2.74114991244474
2.54509633515575
2.54488780142167
2.39241301068085
2.39352262900856
2.39373213833161
2.39784687962118
2.6992271672627
2.69846172337849
2.6967664785837
2.69381726715814
2.70015787954776
2.69911552901011
2.72004477629787
2.74287428661452
2.73142112380586
2.87239328895007
2.86416842968601
