1.05761285601607
1.05760946404543
0.281004353286823
0.281968266864296
0.281969948017797
0.281967945913278
0.161569725245612
0.391295113927767
0.586687080107417
0.175989279702791
0.175558371083038
0.172092978034705
0.173966111740375
0.414165637374004
0.338894220944386
0.212718845860817
0.540711514757446
0.132569091685529
0.448760487071588
0.146942263904318
0.146971647326207
0.146940352607388
0.146984268017199
0.146991955045694
0.146991028387724
0.146969368157519
0.146932650419136
0.229861187314261
0.262046521659759
0.262036051399019
0.262063783100507
0.218449597683488
0.528626824044387
0.342886286544906
0.342829965708867
0.3935238106054
0.393586936736427
0.393484287154264
0.393152656480487
0.118557709291653
0.118526007490142
0.578827785371987
0.578327195247518
0.105812298885669
0.345468593488918
0.346174735860289
0.351054153749252
0.351584520336844
0.73540152728688
0.0920554881694931
0.345874145348612
0.345660898360331
0.345879228991163
0.346015914964699
0.0655750676177405
0.0656530233922084
0.0656400658472603
0.0656720653094354
0.0424090057231056
0.0704006619429706
0.173716013985709
0.175439828301459
0.177889073043249
0.177865841510394
0.353532938372673
0.555328280215464
0.215984568976415
0.58324608362617
0.956520202097511
1.08614895277938
1.03576295937536
0.214084311090344
0.245084801444934
0.251162995860024
0.26696727564915
0.0955237299248838
0.0955113618702929
0.0720732577944436
0.0720671623003477
0.0720684485677057
0.0221255555976922
0.0938657214935046
0.247395754651396
0.452563526545731
0.45257166266531
0.538656987698445
0.559425490457389
0.55929614864088
0.559305873633946
0.161939350266378
0.0589473886606591
0.0262973712690637
0.0101181649662419
0.0305188091569015
0.0304875687198533
0.042821785112983
0.0361801373762999
0.37788385758028
0.89860684990012
1.15095763641424
1.16406165165948
0.963382322517239
0.437514697052581
0.166065210855056
0.164955702692076
0.154973968408579
0.0325507794200571
0.0949185702627874
0.15261208892181
0.20674391827235
0.114214778804234
0.0639611072326512
0.0641132668723783
0.155841253044123
0.289693248712801
0.556685035099429
0.466990586425093
0.479621110955319
0.460857624563334
0.467674179851038
0.486335213377039
0.12728580137259
0.142259236297723
0.150928506069337
0.346487212070731
0.347279468882472
0.341871602989301
0.308690867066069
0.302684974184216
0.301900116699089
