1.00018367421112
1.00007101411001
1.00005504249175
1.00003505594332
1.00001845920147
1.0000241781759
1.00002485801168
1.00005897799286
1.0001312009904
1.00067933145324
1.00255371578503
1.00074913185281
1.00013029868651
1.00068110659682
1.0040709885119
1.00233690850034
1.00091711185939
1.00428263688068
1.00510389558886
1.00375153280751
1.02006797843986
1.01133980939197
1.06399974005591
1.1405680705571
1.7294910201263
1.49025455763537
1.58927689778166
1.61049619982462
1.11443108500072
1.11321532414279
1.06996213940534
1.05432403807788
1.12536334767247
1.11620951842916
1.02375658188746
1.03615477238386
1.03792195993795
1.03560076774065
1.01972754413778
1.02894919567837
1.08296031718507
1.0746328162368
1.30544324060656
1.46806632361684
1.51925569766836
1.37165877836731
1.1097503049431
1.06364149800554
1.04126687932567
1.05786241944123
1.02219263198612
1.06259226403682
1.02584922889759
1.26607180941598
1.24217805463249
1.28179372213973
1.54099155457714
1.17396939097594
1.13787652827014
1.09840810087584
1.10560650666623
1.12616839280416
1.20303981892543
1.49178689900475
1.8049030738709
1.00201824950524
1.00645390623294
1.01776057340483
1.02032584219834
1.02369550958967
1.06207836421573
1.06382521751201
1.04852196240984
1.02135551203058
1.05617769069635
1.01111125919834
1.03990733264142
1.01060833134595
1.00556539410027
1.00409473184559
1.0030396536795
1.00847274941725
1.02643307377336
1.09245423805882
1.41825386817535
1.77494158342958
1.6203118390738
1.82903404710272
2.08913369020124
1.32974656677254
1.11526643902006
1.05508377946203
1.15268598602656
1.05909888557572
1.09709585378095
1.22791298818383
1.51804317783678
1.19940526257433
1.2119358901787
1.16762790643624
1.35194949744012
1.20991205300453
1.92408676525087
1.62925279260129
1.26555255701282
1.15931381849004
1.02377822524308
1.05642595049266
1.05751626229362
1.09918720368813
1.38735888912716
1.6765905861204
2.17436776600179
2.25262962086054
2.25827745067677
2.06755099010834
1.92596666107508
1.39772848171009
1.17558465549516
1.22026531507924
1.27578179508505
1.25296185341949
1.15134914765526
1.41976744721096
1.27770263299468
1.13867969750749
1.18581328706368
1.11141042224927
1.2384519335368
1.19517121228358
