4.63552654127075
4.53321520794385
4.31343550205337
5.19397825529238
6.10530191974185
6.12290044585758
6.2031202482106
2.67497224431831
2.67688164516934
6.07511150171772
5.76723400899203
2.28389669847245
4.12795725428584
6.79846295073156
6.78588283802535
6.73433691081305
6.71546602873307
6.23144881072514
6.0518183926363
5.24477706371696
4.71538070351623
5.29287883771384
6.00576936925754
5.22086922524251
3.61341789510254
3.98918208917767
3.53360858942982
3.41555668782798
5.15306624543494
5.1107821098003
4.66257186597638
5.12165831486624
5.31061927967541
5.39511133042461
5.29486106676155
5.27707501152281
5.34844433864799
5.37643459929662
5.39837818849919
5.32632411682488
3.91685074878721
4.06805540367635
3.68245452411593
3.54894741646269
4.25836698913818
4.34463885783759
4.88663242346564
4.21143410674488
3.95490032665793
3.73233011341202
5.82551077562214
5.54333483454975
5.3658961453887
5.18583451287783
5.21947382673783
5.16518943545761
4.89920772590183
5.55368795255921
5.74677930315831
5.28662585418499
5.18853537444839
4.44096794714341
4.41834021278514
4.44050606833496
4.50192614713747
4.00738179540007
4.72493880393664
4.724872301355
4.72444327848675
4.72460502856077
3.01311115219798
4.1017320658923
3.9968374326749
3.99789621769046
3.99722512073971
4.29543201440935
3.44362284294039
3.73750250621779
4.90378779004917
3.54995894975928
4.19154475333272
4.23900103045954
4.44878783029761
4.26586407426979
4.3243183696702
4.446793470313
4.24614844030759
4.3588545480174
5.3113372255012
5.73472088743729
5.28658493831236
5.05931798720719
5.04327298414295
4.62852182065066
3.67301614780239
4.56857749971691
4.53161330108666
5.22009258246804
5.21098103447207
5.04424630977157
5.0474640980478
5.14599574080278
5.01194591792778
4.89804122224408
5.02894339216174
4.95069516755724
4.92476381424833
5.0050840824061
4.83348469424721
4.92825949930017
4.98263115062169
5.03289760709458
5.08691946819347
4.08899423611936
4.11075074511045
4.30794888380065
4.76732302356626
5.14832647670638
4.61692268924635
5.18673616929184
5.17400903317694
5.18666816151178
3.16668268723826
3.16294830393693
3.98403528104947
3.37684742885605
3.388347076587
1.58028867294902
1.57722261026303
1.59048099241526
