0.586663596573951
0.553248162037522
0.537337285047944
0.434501053921399
0.204279653971727
0.419955497528657
0.411449418055377
0.40267945406288
0.412615939610105
0.416313604578599
0.327082385916565
0.323149934664564
0.378099414093288
0.383701145767608
0.152858480778223
0.157936984946363
0.15528642970248
0.154857933043645
0.152087084825781
0.0388053022528636
0.0388967677102714
0.0390375214212929
0.0396889527488152
0.128437056866153
0.048525844768619
0.0501476546936512
0.0483241769889898
0.048281820336656
0.121316864545074
0.147688920896643
0.145877658464104
0.104379379105238
0.106092842366434
0.106359750303425
0.33275880622641
0.405222896196968
1.01145803922387
0.452175171111004
0.371822081174876
0.227047697510201
0.213392726159195
0.231146186600496
0.236374898492546
0.14229763154916
0.15449116714126
0.163745574351047
0.0505210978591459
0.0467629005437363
0.0552679947626353
0.0533923212377768
0.032845348115895
0.0270825566638439
0.0279484728703033
0.0520478177119183
0.0529142675395992
0.0589467585833456
0.0595453136148848
0.0439304368761796
0.076146406988409
0.0767521261356228
0.0681814454562452
0.0797309480391622
0.0686725722597675
0.0749180682060219
0.0762243473469128
0.633646034465419
1.39702848034914
1.62192688607748
1.07107906552372
1.53708988139015
1.35590417504234
0.827987850470061
0.805826236589631
0.809869330576887
0.806867127333737
0.490637947524993
0.57090349928921
1.04133743993176
1.03564521340092
0.51842675426125
0.518498477599027
0.226823471705198
0.144231424327585
0.0908558071562327
0.0909493356613733
0.0913129494106536
0.0551959101825731
0.0557443830596884
0.0386977630606876
0.0401915777988452
0.039431327938165
0.119356797677506
0.216162534421263
0.56140930055857
0.996927748069857
0.762337427734796
0.760511777418889
0.758948296376453
0.761768730461141
0.546803850316244
1.01270213417256
1.01466545316826
0.840542455240076
0.909280777705894
1.31471558845144
1.55489144064871
1.56218276055753
0.845234185070428
0.847906393428491
0.845291380955963
0.844465977983269
0.844975358485976
0.84489603501471
0.84538319474927
0.302920524852754
0.195142787748689
0.193853328297922
0.191446027679624
0.191487409470817
0.1930878728618
0.193274432177417
0.194470847441266
0.236415661774241
0.303627511633577
0.304500212458443
0.378445880372793
0.39031868273716
0.390325514232281
0.446834706650936
0.450227634586494
