0.202038557038226
0.202027276129708
0.0910230141075502
0.091024319988253
0.0982096141429332
0.112891606115366
0.052940607115044
0.0529380728866264
0.0669353613450596
0.110900167308696
0.276235312280721
0.179454694490547
0.283675461626255
0.326916081567655
0.326916035399608
0.618339080992277
1.05362071337821
0.233585440785
0.233585308530741
0.233584513572455
0.421757956155615
0.421757303946439
0.237916580157902
0.284614245980468
0.284614196065311
0.191305572000475
0.191305378170172
0.191305359062457
0.191305532546279
0.166457263902005
0.208943300930478
0.305300123790253
0.30530014725363
0.30530015995207
0.181680768223804
0.181680749088363
0.181680601681391
0.14612694067315
0.0865534756676815
0.0865534871254222
0.0715111511372175
0.120100090519929
0.120100306648011
0.120880610966163
0.186552503184857
0.232329947509394
0.139518040440745
0.210250746799013
0.210249257092298
0.238893666242241
0.326308330494696
0.196336659331122
0.318359913341821
0.377450199687874
0.240236593081068
0.240236552584278
0.4758042335747
0.475808647661827
0.253735365501703
0.0989226979287631
0.0671719173591722
0.0594850372044905
0.0594850759923007
0.0281126443993826
0.0281126548095306
1.15073739707266
1.15063897970346
0.818674472632308
0.466885210524133
0.466215261238124
0.335121012299884
0.526204679382445
0.525532696225002
0.5267540928321
0.52812303948154
0.526379064910502
0.265154433381804
0.265201475622523
0.207161281076837
0.236155740771037
0.243196685800354
0.253149960646044
0.268985416272985
0.23172400820784
0.210729963559269
0.197854600540629
0.189572833748262
0.196292891255657
0.257660909377109
0.26795858701512
0.297608721360425
0.418242888434095
0.43117092006578
0.708226424862551
0.419112996589348
0.511887944479888
0.501861998464948
0.440727432066859
0.843485302377516
0.488667012654631
0.456400300512449
0.462102179193166
0.325585044290339
0.323770527379441
0.354417254033613
0.206540829004473
0.205756356814002
0.204470906550911
0.169657841376468
0.144761644544061
0.472501558469322
0.392643115232487
0.443081388571636
0.385735035971277
0.204899576412251
0.392359529117709
0.320322169980897
0.326797492604422
0.326257869787879
0.187003006922868
0.0918170995323486
0.0721300174524474
0.124062825132215
0.113286431396628
0.108990793084224
0.109033397234736
0.170169936890328
0.170877227923105
0.135058972324471
0.135404841141478
