4.62887468196238
3.92000042665575
3.92987667129935
3.93026311630972
3.93389446147946
4.65252924670076
4.83266532234828
5.12700779289546
5.12952943867697
5.15742805475901
5.26572749172244
5.26568982379953
4.79247345447086
4.96446272393433
5.2649354974126
5.17068060454696
5.04365763484509
4.56774168849848
3.48226332290654
3.48221271698352
3.48040841191484
3.48400977114481
3.48457057771857
3.87193901480358
3.88830058322885
3.88880052701931
4.07770405115782
4.49030367076164
4.49044366197359
5.04596049151048
5.29146926991817
5.30758218994936
5.15053283955003
4.96485474806453
4.69554017371619
4.76140020133651
4.60698940257789
4.20284004994522
4.06630433050939
4.79303460004553
4.62380641113675
4.62530876292792
4.62573665674592
4.62052302891991
2.8707392204614
3.59220154028949
3.4410330056562
2.82121089187076
3.04011625879863
3.03504544504988
3.06069045726477
4.026661571389
3.99570829801943
4.00291585564055
3.2142751177173
3.27926783759214
3.87394831571797
4.37227704352834
4.75425892940423
4.72512338479169
4.83896757632106
4.85910524620759
5.32282276864789
5.19286910857559
5.19521496822212
4.28568156246447
3.91428776129578
3.11807404510732
3.1006178210057
3.76388939179003
4.08580440955413
4.23216367125332
3.96726920176094
3.73246541562567
3.31131957361382
3.2819382642004
3.21557649917864
2.67497268653045
3.59691808139735
3.42580530021389
3.89459345306495
3.95322718122046
3.80852216182539
3.99416951626674
4.04028972996958
4.02135339756815
4.03677582422034
4.61983429248027
4.57973218419359
4.59653966840367
4.6348707812783
3.62940027899453
4.63711439856509
4.66453622295312
4.7283171379128
4.33230979557499
4.34980313310885
3.26403410723402
1.76606818731128
2.12451100604758
2.03004342807433
3.10609533205108
3.60779190384422
3.30505571130168
2.94075462309089
2.99330446101919
2.90512586449834
2.9528030123888
2.72164393118163
2.74960764639625
2.75739008617657
3.12412364484403
3.16375885543503
3.32660371285104
3.31322095625598
4.06270908287554
4.07626170828773
4.14904563424991
4.12295881006778
4.59473976721568
4.59920989170465
5.02057481427339
4.92714249122783
4.92206362486339
4.91645796269769
4.94633337759153
4.90510982497251
4.23070884427407
4.22759175260061
3.94952656725971
