0.287519562616726
0.57263069652512
0.0996191900378783
0.186251137139945
0.18721098625541
0.0862252098623787
0.0853427691275719
0.0855591614249901
0.0839944842978256
0.204023568558583
0.112338682424519
0.104230274517472
0.11012135443588
0.125277660978615
0.230140335007836
0.0875039528637627
0.182312173590331
0.111631178988453
0.110783936044431
0.414041041444868
0.259985943986156
0.125193361478602
0.110368300515747
0.0610626526156041
0.026648940858292
0.0647603524547322
0.0699913262330249
0.163153265323237
0.167922182614566
0.152939430074351
0.159621271422619
0.161669871552851
0.164028947113633
0.166451713442618
0.0746639987811305
0.0756119424390025
0.0961060756436271
0.0940682113307774
0.0938216051378599
0.0932336271728547
0.336005321423887
0.0530842165048595
0.0526618602182378
0.0531147006285276
0.210992600288286
0.211512000527594
0.171641259962862
0.205846263842615
0.119892807666581
0.119748691968148
0.118816353827986
0.231285385090451
0.234929794874744
0.226250555180857
0.240837491471837
0.12574054776366
0.130898425783508
0.480617968354998
0.506714189087277
0.0459475620824459
0.123048533834355
0.128262788812974
0.130387642313744
0.131254409793661
0.214853461293093
0.104832149222459
0.0832696407760606
0.0193881466108976
0.063275631820434
0.092342794282922
0.255262012987981
0.255428433271731
0.256633336320542
0.125055415483002
0.778289457554882
0.157307420020383
0.307275100673885
0.306714607024883
0.200689005446155
0.200995718919563
0.558127389425316
1.34992572249151
0.409674686309345
0.376310140881658
0.323905439060522
0.360583979575827
0.349082509737862
0.183526967715231
0.192328176250817
0.20069514631943
0.0162197316480877
0.0162823721157556
0.0169175571013248
0.0291343297985295
0.100805214196351
0.100805262864693
0.100800170639849
0.156731804232226
0.056223262004841
0.0709587212511304
0.150219149116731
0.150241617385166
0.59742568678385
0.447272720174421
0.24966071927341
0.249759605372028
0.249705788850374
0.249768463456919
0.249686030392818
0.249806414342212
0.24983255644062
0.249840350822495
0.249842680919875
0.249843603803647
0.328353885732338
0.182428831614501
0.0746007661376483
0.0746002741384131
0.0745909218514844
0.0745890530809136
0.0745897339216344
0.0745921997771044
0.250589504751478
0.250621502683069
0.25046657767058
0.323262563097083
0.265706895670155
0.26487240724525
0.114408295497592
0.143114442944954
