1.24747924177097
1.25077389700978
1.4090949820922
1.34990673093848
1.33168015270887
0.955851248179612
0.899482565152876
1.19578418002158
1.70912455831217
1.96316865379662
1.59981901568572
1.65817513241263
1.92897603662385
1.84852200822406
1.87046528689074
2.4035716848229
1.72248299822346
2.04132070311943
1.77127381828537
1.22990170018737
0.926646816759992
0.851940265767775
0.78724812136295
0.496886560154442
0.346363469967194
0.365108874164902
0.388397490464405
0.703395592780078
0.4528030287795
0.571906041603971
0.72732320314877
0.948551779893568
0.701903708190542
0.932859622502664
0.336542932574167
0.22353495969421
0.563195580213174
1.46972766584335
0.949163038787747
1.71206315762796
1.24348839932178
1.00933220733004
0.709399599819949
0.322000060190406
0.318503207123863
0.530880115691218
1.05527409749439
0.595708138233646
0.928209892026087
0.834689763465625
0.495336564703276
0.957633700078249
0.808728258395631
0.807007885894205
0.785452922329042
0.35885590986866
0.447705848582348
0.514013381894961
0.507139289338223
0.855277820251287
0.391016836987207
0.791569766864584
1.16471327045145
0.935717091653223
1.1275641794127
2.49041445479807
1.9795760531252
1.80983444444663
1.28575823295795
1.97970136114538
2.1710591390133
1.81239568638123
2.4273145066553
1.36530391975908
2.30087867719963
2.30911669867221
2.30883816017524
1.3805528313946
1.38087304335079
1.38066923240625
1.38139247062192
0.602606537813332
2.07450610485129
1.76141478276982
1.66161647786024
0.950123153015788
0.980834459254759
1.24821961746936
1.52559717342173
1.52572925364531
1.53530013532219
1.74442332129663
0.82004940195571
0.82002897449732
0.820556865088917
0.820249679117479
1.07785316778233
2.08439389218591
1.38021838475389
1.80039161915386
1.77676870063428
1.70798021937091
1.66447612532
1.68227589127152
1.65212664566075
1.63834022459565
0.83933261471943
1.32554951009531
0.985491115153484
0.970823943216938
1.27110092107506
1.31509525003372
2.16340988758264
2.57501723110887
2.50178864182305
3.11197375304434
2.29992958160775
2.07209313499772
1.95817286905096
1.9424822875452
2.08293757259323
2.22345398457221
2.08315697078195
2.07042923573567
1.19637290552718
1.63909991797494
1.84958184215733
1.32119174397077
1.46358788054107
0.662982999469184
