3.73102045345849
3.97255161127195
4.0052393936861
3.26722013669952
5.1955394055344
5.41067656938001
4.904197778568
3.99973574567533
4.39965058102895
3.98882738263017
2.66722765580599
3.71742580956146
3.5220185403912
2.66498814166434
2.22115602320688
1.7612897141139
1.58653397209727
3.33582926980882
2.19247148464049
1.66572667461078
2.05906108770087
2.73125579406348
2.0264953358009
3.75312558650368
3.72680796456026
4.79701652822651
4.23429661919344
4.11973177339554
4.56760955426627
4.26929190423582
3.73874530348121
4.44049308857248
5.17187371827294
3.21578615579358
2.08359298142824
3.2769132509953
3.78405740084123
3.87574421908807
1.88203875214715
3.50499710185518
4.42994136054824
3.22293110362713
5.11944078618326
4.13017239852234
4.9696469353403
4.30956119706205
5.97163743668345
6.67866706812566
4.91115750718303
6.40213396724551
3.89135922600143
3.63791857683654
3.61739850907936
4.39498083082672
2.21270177051017
5.34904203979898
4.88163965648333
3.99973578406454
2.22234562889835
3.69782258201668
5.64248650342263
5.08997706438359
4.17137863666581
4.95746205184044
4.77339464720771
2.52953876065908
2.43883619062287
1.8792007940575
1.52297280377257
1.97285626392987
2.53363014723472
1.48428434383209
2.39169082639357
1.74668518506628
1.98750040491914
2.00466193305972
1.1936914176885
2.43042358266251
2.73409716458381
2.44187486212755
3.11848067288545
3.87771015199246
3.99546551791307
4.92561597458495
3.8459734874097
3.32807367493428
2.97930384878705
3.26002515050129
2.94197834142128
3.20226789648927
3.31822454131125
4.54806233920521
3.29663240551629
2.05422554068128
1.97875852502007
3.59807435443716
2.99583347108895
1.37955075379605
1.97705336201817
2.31922612814022
1.9789729304195
2.19133016334617
3.44148927980979
2.98595627561922
2.75817260093931
3.62012681347008
3.96885199716044
5.02734869691059
4.21206789601636
2.92464513488163
3.00915887635757
3.04142600436562
5.45381583512464
4.43789023571432
2.8532523836042
3.7214754059458
4.20200715168476
5.4846077197553
4.89678478192257
5.30619740856032
2.3246002752261
3.01550024471465
4.48984560163079
3.47365121123709
2.09180518101733
2.22347560082392
2.08111829841385
3.14454633028802
2.77635261552379
2.85469613257471
