2.48702970453923
2.4482009150344
2.22218114277274
2.33209957168663
2.3113849908303
2.20998248656912
2.41534323533687
2.35599631026797
2.39496138409384
2.45571516632664
2.44401435351307
2.44515996625684
2.39890905440454
2.09936980795507
2.16943035130506
1.96762513523312
2.14350292277593
1.70002308877608
1.25750318349656
1.58325121441432
1.25279928116817
1.15721688812334
1.29195115855118
1.03449600739009
1.01623002092527
1.01894024320221
1.23790053490522
1.53121887295887
1.10734801305497
1.03471627654185
1.01972041836413
1.02535560396258
1.00625674190535
1.00068023415304
1.00013071582805
1.00005767418606
1.00003910693331
1.00010029978746
1.00013364610602
1.00027455590186
1.00153993046631
1.00624692607347
1.02158055004604
1.04479056302499
1.03893611875134
1.12300645663252
1.15625775247885
1.20520936728934
1.41893583881413
1.40280255013257
1.33572101502768
1.08705180731161
1.03092368563422
1.01005904568236
1.0050029746754
1.01249422196182
1.02193090179333
1.02279776115547
1.02035833546293
1.08494982810515
1.07893698242336
1.00788013630382
1.010954877074
1.03703043653373
1.01980878834268
1.32370071075126
1.37135400958657
1.10659411883044
1.05459793909597
1.08850385807361
1.16478100106573
1.1181067695474
1.36533527565152
1.28712926995362
1.16434084137898
1.41189286853198
1.22747031912609
1.68247709893527
1.25533971440213
1.19734229086238
1.30553589742631
1.37876747356069
1.77811915269544
1.70804010216774
1.79487657423312
2.31565941711101
2.3591239052421
2.26646640811448
1.62566165614939
1.18539932438535
1.11146328965476
1.06155695866971
1.2124940673287
1.14744783895021
1.4386447540745
1.46977464385815
1.5187471592956
1.4213792574098
1.2681022078401
1.0831169279295
1.03370706398685
1.07152987451679
1.05582358149355
1.01723840559988
1.01742885329964
1.04398210664239
1.02221100984878
1.04218759234178
1.03273082713657
1.02227146241915
1.08049161174157
1.07672590410122
1.12224639293883
1.08158712839401
1.15555136227057
1.18448500886711
1.25040150341159
1.17195543500045
1.17946320216504
1.1057647325843
1.04637816887993
1.35525875763493
2.03001315120496
1.82239904045296
2.02616460175171
2.07253991922729
2.04246087172129
1.93806870746094
1.92983589139418
1.95560557161463
