1.09046048763317
1.07844003404448
1.42239895602721
1.61851326454399
2.14874681000513
2.28478529946613
2.2053882359117
1.77333753041915
1.48536060821865
1.17445970235122
1.04022842623861
1.02952749317291
1.02051821225085
1.01886835094732
1.01803718224757
1.01089625817296
1.04923123082842
1.01017444883473
1.02556354088585
1.00144109784002
1.00033687712142
1.00215436244237
1.00048124860162
1.00087325947172
1.00023968968653
1.00067338737683
1.00095119973057
1.01560415548283
1.01573426961211
1.03893537583302
1.02322166430963
1.01374586979135
1.00994120550029
1.00562848313919
1.00430099465284
1.00241091000259
1.00138615627662
1.00301684125052
1.00451641789944
1.00946927418099
1.00192859057117
1.00076062195501
1.00084551049929
1.00071305468113
1.00230248040923
1.00043918086936
1.00175431075286
1.00088493365623
1.00032517404992
1.00066617792131
1.00012782323902
1.00048057555414
1.00330443609961
1.01346266031084
1.0183047352231
1.0040888756204
1.02017926334274
1.01067365844747
1.00678014398137
1.00731580452969
1.00579047983838
1.00077392380192
1.00081206265457
1.0005848031551
1.00579661771607
2.49999995888045
2.49999991389946
2.499999763424
2.49999914365148
2.49999956080029
2.49999750200888
2.49999088809659
2.49996896917125
2.49997518051719
2.49996434248103
2.49995112513013
2.49995504228903
2.4999837159597
2.4999902698411
2.49999275077451
2.49999494374658
2.49999892930345
2.4999995899372
2.49999989657553
2.49999973403594
2.49999932428063
2.49999980322794
2.49999878222153
2.49999067872165
2.49999488271531
2.49998538337376
2.49997361819675
2.49974008661456
2.49991410831457
2.49989581022131
2.49986549123661
2.49980565143923
2.49958333233262
2.498936942889
2.49960195374496
2.49622679834741
2.49014561635188
2.49949252813347
2.49986707007237
2.49972507627878
2.49983100046895
2.4994139860751
2.4998175154636
2.4998118772365
2.49983265544805
2.49927936523994
2.49780946494345
2.49898085378558
2.4966518124004
2.48276517121023
2.46930805584538
2.47776975606327
2.49508937691968
2.47728645989687
2.48194296159308
2.41936887521763
2.37094487165556
2.37195073560631
2.28683768323539
2.15479289373304
2.23935091593812
2.39638273101447
2.29901013780327
2.37545787728114
2.28219533280901
