2.13184611477029
2.18015533687821
2.10005281410476
2.24376367132753
1.64515641350179
1.33628424737713
1.21375297602369
1.09965733383086
1.058961491832
1.14849864953223
1.26656013424327
1.06104802608735
1.07173285194361
1.28928707241932
1.27677249715144
1.16501433230569
1.13714297184035
1.0398317623523
1.0730943529054
1.44759943684875
1.11773746925209
1.04475663318006
1.01650558124394
1.01128803529101
1.00862661649745
1.00175074082151
1.00064632358048
1.00036418344703
1.00155246684523
1.00479560032342
1.00268708255581
1.0041820509276
1.00150161304847
1.00222378346985
1.00891006478886
1.00913042442241
1.02718368494945
1.04341535328127
1.01998934812099
1.01156679663983
1.00299537032472
1.00836744533891
1.02630233011664
1.05573797347514
1.14340406570358
1.04429388701642
1.02065441555837
1.00296962187183
1.01248294544169
1.02182675628306
1.05355467145564
1.02647945626203
1.12160492515695
1.39013578759989
1.28812606351293
1.20125180686042
1.14955580633561
1.16356809739385
1.27214701786167
1.05905736451906
1.06401728806416
1.10899765063123
1.09399517291816
1.07753797623277
1.03092672836693
2.46867351972922
2.46858160806547
2.48899549501671
2.49643859048761
2.49123838557288
2.49560890804316
2.4962060213224
2.49837911744825
2.49846167905473
2.49844663775899
2.49853021807117
2.49306885397104
2.48540610964944
2.4526739717483
2.47271133084797
2.49180351662565
2.48685083564659
2.48854070093227
2.4427688569518
2.47778185358757
2.49268940768446
2.49220388180046
2.48959464716072
2.47600127968102
2.4788265113746
2.49112593922066
2.36412879898922
2.45790681387207
2.16567833528628
1.22664223184293
1.12301501113335
1.02120016725557
1.038378891008
1.31042540392182
1.6736913608909
1.62001437388793
1.63962648254579
1.87191802908523
1.73954824387004
1.64647250672025
1.14520238370904
1.37607606966858
1.35077849195361
1.13853777508531
1.06795138162191
1.07881266090744
1.1609030089823
1.36025417630178
1.54338945412359
1.66809084443578
1.42619647475783
1.57861776273129
1.25477581122848
1.34797319357441
2.09968103360065
2.22377381007856
2.36775634761292
2.0781554042136
1.76313811328759
1.87244829563415
1.90114461457385
1.42070159467046
1.81593919784193
1.62683217827939
1.15086632170219
