0.385710224059612
0.383495242278009
0.364295122307378
0.358300580650785
0.598405213708519
0.644843999195579
0.63105114119911
0.60286238433735
1.30844919640012
1.31285785406491
1.27479025546325
0.967623733821534
1.02111515548387
1.01569414037258
1.00982616953508
1.06251899877367
0.950500829712078
0.973614741861398
2.16462342162039
2.11503792189943
2.22645998894582
2.37914769357054
0.528854522543852
0.528089861174683
0.528107060024267
0.532546577382908
0.53305105264565
0.533122507969201
1.08672673871477
0.756640708137811
0.756796443905569
0.75540728949596
0.612837333888012
1.2588384460902
1.26119136473614
2.1348837919122
2.10192313227281
2.09559879035447
2.13215653431155
2.15390396810063
1.67705241755678
1.16063272884136
0.652187079452297
0.644241387043718
0.402358747194924
0.41524180037858
0.394038204428032
0.379935339434607
0.0971570648210741
0.103933477925693
0.0976199140030117
0.103510673013897
0.191794329126746
0.144519526457305
1.03270058888605
1.02371692106138
0.998183403798995
0.982419957288672
0.978913149341326
1.37688792427568
0.740838584256909
0.467129995331018
0.473325171191485
0.470480666471238
0.614640896248611
1.53031273662295
1.53031358234949
1.53030592447991
1.39119436443751
1.3912078084988
1.39122483095511
2.39135086669935
2.392250898724
2.39468528578306
2.39583045596689
2.39351832835932
2.39172893295625
1.44078766730679
0.673845295175527
0.673857347253688
0.673889504532318
0.673718693052526
0.674423630830401
0.366121498426428
0.366389931381322
0.365220218012846
0.282499482166823
0.628036468865938
0.405536075361148
1.4167151082823
2.20331558633821
1.89915889138629
1.90584181427886
2.71423908011847
4.02259003980315
4.01918814063781
4.02903208389749
4.21473012043729
3.96739297336992
2.41657211497518
1.28890867126927
1.39415641924313
1.30616049348099
1.39869205790623
1.34206688926965
1.56841543543176
1.35059884046989
2.43040191199317
2.27070311043828
2.28296917170926
2.63006258198521
2.71220898096768
2.78307172358357
2.70615816775975
2.66005130730441
4.04283563901483
4.17456174814352
4.86039068949537
0.870497181697583
0.901625601683026
2.62109775235221
2.52080205770601
3.44318867976402
3.98363990146688
3.48404338934687
3.78271109102224
1.42676024700492
1.26228451749889
1.39824641804192
2.30582104277139
