2.72729451508734
2.61549198291709
2.42704153411138
2.54104013816238
2.47719185835934
2.37724514767557
2.56231798712647
2.27057386217986
1.56123191538387
1.43559692054342
1.39695455409169
1.38531963345332
1.35550945024417
1.14976907631812
1.18289031258878
3.47475900598615
2.56360510603988
2.54883398383644
2.54500070530486
2.55386325409899
2.5132940723766
2.57504643590421
2.56175451591438
2.66680845221693
2.85360092440031
1.20110875860126
1.89162327277373
2.01573653141547
2.03064837382644
2.09250068843416
0.989032221505965
0.36412259209581
0.354395889874028
0.360359031051717
0.36642790108632
0.479896802031251
1.8212207189239
1.86279356791358
1.91613441876945
1.99251836505214
1.8419675927454
1.02631885112064
0.724008578293048
1.11493725457542
1.12056643561295
3.61411868273286
1.54128817693608
1.52694213870406
0.735490688387954
0.763185460930639
0.754364849796655
0.764889918791734
0.746844211272711
0.761071111586545
0.373625879569505
0.358812021225246
0.367894708545059
0.370136552399746
0.368421901245773
0.970602368014009
1.03815355331358
1.07947754935669
0.952278069363544
1.98694998839066
1.99506819874605
2.52969630038464
2.63696731815702
1.55680116572704
1.59404611156115
2.06265554619451
2.07631261367942
2.14236983189221
2.1405149910226
2.16614675868777
2.1661297568115
2.1701286572891
2.17155448518839
2.17169846513566
2.16949461766341
2.17092579658698
2.17173884775295
2.17195174291282
2.17203882220742
0.218225562997504
0.218131107458912
1.04826215748671
1.04613108022021
1.04824236635271
0.797067581621589
0.797374497591625
0.79619320208311
0.791109796116401
1.80572014311338
2.55863197995719
2.5585036974736
2.56575170926225
0.576084301792992
0.575642458121578
3.35249636911981
3.35601581252297
3.35630286429063
3.35660371235737
3.31737004390963
1.79415977667007
0.607050645952667
0.552926698629477
2.77981219624962
2.77980768900875
3.38656539350209
3.38640950222244
3.38640531454706
3.3860493809373
3.38643143864168
3.38651420253874
3.38659725303521
3.3862215636749
3.38652077096698
3.38658303063736
3.38642542833089
3.38593439895769
3.38576728727713
3.38175365197265
2.39406342525535
2.38864830427508
2.39524253113593
2.62546122324687
2.62057020022784
2.61666481594075
2.60526521023319
2.61152953174819
