0.80743433498348
0.173090547812609
0.204297133080409
0.90511436382692
0.73027410325806
1.67848808201682
1.0864768746961
1.98302941336029
1.55794280090463
1.23630780071435
0.965304122631122
0.465268248971809
0.77517895244684
1.53054037827842
1.31562654119779
1.86183728034986
1.98916198597734
1.09459608475874
2.24109335360793
2.69401574852335
2.66971690234991
0.778238777630076
1.48011345035137
2.86737613814974
1.77324698849543
1.5946018333315
1.38744277246132
0.638513071900373
2.05143489008117
1.8648878833091
1.0995763830839
1.36663321761202
0.971770716162979
0.910084756609726
1.08593622879402
0.928346718120018
0.72219264967062
1.02843944911102
1.34059665931094
0.4950936316733
0.401553090718964
0.268282168105502
0.397186898898097
0.80301808453077
0.663712171794899
1.08629426105992
0.817983426824215
0.864111431174879
1.1609690475265
0.72475629745594
0.520446530446335
1.36335663782869
0.66605273619438
1.03237516453009
0.319964866754271
0.258014694194267
0.77920106333195
0.943441079647259
0.623354712479483
1.53697704377328
1.38132024160348
3.6180608242355
3.64256047264639
3.26609030627386
4.19023359578457
2.51874408427587
1.70826320906068
2.32427143904194
2.62302507457723
3.5995189838281
2.48928215788333
2.82414856546364
3.21247574992125
2.67725978305785
1.58740321220273
1.56948279044367
2.3696587220104
2.10405107040172
1.2130564138985
2.09644135199586
1.60825809225028
1.71578561805991
1.47408152510734
1.96427311184845
3.38579167814434
3.50706160125209
1.74035792041698
2.88523412317592
1.39080525572516
1.40330152461241
2.10120242587376
2.17046801794358
0.759061663138928
0.669140673899352
1.80351128655864
2.4984496388941
2.21386825513694
2.58416297075012
1.86928031128185
1.49459588601361
1.92666929417981
1.84839869247942
2.13096183347815
2.24014782153756
2.04885457584931
2.18347541671439
1.23810782946466
1.18720164185548
0.945368534102065
1.43850231464426
1.49725961944573
1.13197662286869
0.709067730747967
0.752665243433158
0.696834514651267
0.554645212198121
0.352999399811747
0.351974380323797
0.89506894270976
0.962766710441945
1.55835592319488
1.04665295490861
0.953728490567096
1.04926613577647
1.18524773691661
1.74884870635543
0.789677704333295
1.07548382285553
0.592936402529289
0.707897372710578
