4.46579145230825
5.20303362039146
3.84721827800148
4.24600306853685
6.23084790679915
4.3010488785319
3.53215423547029
4.75633347323899
3.9876234518436
4.44611404721521
2.98491528844212
3.13207694038454
4.42495701572396
5.08264404321154
4.24014217922614
3.69015024155761
3.38767574255009
3.83805222995722
2.84569268224412
3.37532659902119
2.59734983146514
2.48888984650841
3.65602308693197
3.68204459551547
3.51099327078989
4.05640167181055
2.61658095352386
3.66649420871925
3.80249042388527
4.05263319343883
3.98007693436771
3.85303791434078
3.88543839056096
5.65029626126424
5.14017134841398
5.98796869986246
6.10362199594246
6.10740163254687
5.07456426916144
5.29816567234862
4.37462042645199
2.23451145885076
3.21136674998738
3.03676096516009
4.04898081262796
3.19720514773769
2.70804138341735
2.44263201221975
3.4556923607457
3.61715478015953
4.46230375646067
6.16010627172476
4.64919548985906
3.71986398198477
3.92347088278599
3.48502287256153
3.62666364012228
3.59982769385688
2.5599432069227
2.61792920181879
2.55426578505055
2.09683480351981
2.39933064197441
2.37072182257577
1.85471839079087
3.02146851776015
3.72499701149939
2.94436280755289
2.76988718383387
4.03146229800093
3.15288036946085
2.72857963858497
3.00200817922451
4.90099663012186
5.47773897928225
3.37448279163286
4.24396752914122
6.50562650613794
5.69421494356887
5.44374826042197
5.42404525555564
5.17025431890315
5.93101353027319
5.31609964176101
4.47244327938328
3.77279551673744
3.83057406166247
4.94509466422465
3.62657341992995
4.8856795076846
4.29708535731869
3.75250478236943
3.63871766665451
3.29365071330607
5.87149784397257
2.95430966579491
2.91667636226326
3.65546010885953
3.87074429185935
2.44445747113698
3.52786818813197
3.3618422953778
4.11101392802862
2.43017781137158
2.52321637385548
3.31538529115734
3.2978097221206
2.6609703510048
3.6085472513692
3.79959549760999
3.66869506978152
3.50914443589248
3.44998110055743
2.04055309449352
2.80328200276181
3.27254773429553
2.9785650952709
3.05908108915636
3.7684777793651
3.66006096959089
4.1435606052578
4.82435136772536
3.35834600302094
4.58752159889109
4.13808949588956
4.35846707694059
4.81330828358421
5.88156318448636
4.14657736079813
3.96599243982039
