1.00102985185251
1.00132323236518
1.00232988803722
1.0080948101552
1.00841918096252
1.05058592234023
1.06832635609348
1.02985645110838
1.03715805925464
1.1617541162615
1.11610212116113
1.19983203879814
1.15268036781556
1.11014884165855
1.03222853548372
1.0034895191302
1.00088123476567
1.01532905096418
1.02804273285648
1.00753421311801
1.03556861410775
1.02236746246395
1.00851906651414
1.00926341574491
1.00304549874285
1.00209602516258
1.00450325776927
1.00154070831623
1.00621071482503
1.0062677773065
1.00323744478651
1.00355953476486
1.00790478510222
1.02291719700475
1.00536739264544
1.00087988145438
1.00297718587965
1.00183588073166
1.00229669186501
1.00607940656123
1.01162973310042
1.00903516267442
1.00187893494177
1.00107462834078
1.00195039255103
1.00047798496677
1.00082428129145
1.00018844008801
1.00051374175234
1.00073731451
1.00837261218664
1.00215940314336
1.00075204468702
1.0005121741987
1.00075576067719
1.00124644744778
1.00105166063628
1.00182313924145
1.00254945324067
1.00395584021258
1.02093305846875
1.03265018742859
1.05175028530926
1.02662231031066
1.08060698935183
2.49953332219218
2.49928466627631
2.49864822089631
2.49728350457332
2.49922291023846
2.4977941569431
2.49962305766932
2.49908838508076
2.49755583400757
2.49924539978283
2.49885751482537
2.4971717279689
2.49760450641417
2.49930384945777
2.49893633003961
2.49979823921337
2.49981653317413
2.49965112069148
2.49765533342941
2.49143252917507
2.48843558979565
2.49140560599203
2.4939901654555
2.49962328991417
2.49865304839813
2.49700085232506
2.49840346138711
2.4980077211181
2.4967423795831
2.49730591900321
2.49654851503584
2.49645041460932
2.49237374288946
2.49441459665518
2.49679540333748
2.49899267171222
2.49722668706702
2.49955170531996
2.49955646934499
2.49974215224055
2.49995248855551
2.49996981073452
2.49991300981829
2.49996997177073
2.4999766252147
2.49999712795138
2.49998215123153
2.49996529535013
2.49996827072859
2.49992960197516
2.49921878405076
2.49950319402785
2.49929807207703
2.49908632104772
2.49973351893137
2.49868185341112
2.49926906788236
2.49945814234682
2.49919510884777
2.49872322352804
2.4910158011257
2.4974306586821
2.49509416673306
2.49667426416045
2.49182125649872
