1.99717335514402
1.99705518754317
1.99735007061031
1.997309768008
2.08692326465177
2.08659235267886
3.17339832587392
1.26666307234983
2.44391817704087
2.44397916601096
2.44402434950765
2.44402208374412
2.44402450429626
1.76745748770359
1.76871047054083
1.38899484807675
1.38907993175015
2.68798146615056
2.68799264260403
2.88349512845735
2.88279982759618
2.87723287508228
2.87850781307598
2.58284765457638
2.58788009194011
2.57161968107348
2.58675897968644
2.58472587569124
2.58537139646123
3.5418443506139
2.43205216854239
2.43261389019389
2.43260146314794
2.4320512228264
2.42960980263319
2.48435251080534
2.48499919638257
2.46320059170214
2.47898247577187
2.47297994800893
2.48428476963507
2.48293762144066
1.83021332232922
2.17310147515525
1.69898178077735
3.23943421280989
3.24496630078663
3.24511654733918
3.24399432555182
3.24528561761519
3.24255596937638
3.23954118308573
2.39866019180021
1.86127799466749
1.38315929824408
1.43968397469938
1.06981458778728
1.06887884816745
1.25623981614619
1.29814646806089
1.27041106228388
1.25223012341889
2.46891235350094
0.926599864449848
2.22043718136389
1.98714634155251
2.02020344347623
2.06129211578394
1.95999721922319
1.88312501685176
1.05265555403541
1.11994048265884
0.857463127568257
1.30378861713598
1.32553211744078
2.05276007999159
1.947914071149
2.10168217861797
2.03006444272016
2.90795416537933
2.9391659297013
2.95690580145332
2.78600202122758
1.89197973783571
3.31354907458799
3.29623877071923
2.96943601587995
2.98801755602755
2.97195199712117
2.96900047584106
2.9831886191084
2.99276495150414
2.98778687591713
2.98953856744528
1.99362517622004
1.99112839586663
1.99465174369713
1.96880676086669
1.98002228939361
1.97749812413571
1.97989845064489
2.30840812837582
2.32385515429428
2.3062502067434
2.32623437456324
2.3276538588313
2.327537239956
3.03068699543859
3.03061934580608
2.87559732323927
2.87563981455144
2.13979570201318
2.84913681756407
2.82146821176113
2.46456234919829
2.46344960930345
2.46244115190873
2.44650581904856
2.00570116269939
1.97918163135795
1.93156143310424
1.93469087561723
3.27181354343052
3.10222528940709
3.05741870480524
2.57919529071009
2.49701740949555
2.21463823261577
2.31520646013147
2.32940384816358
