1.86215578352674
1.28207382795067
1.30777262342323
1.24534106352068
1.27309398958649
1.97570231302624
2.2024306627777
1.82319408011968
1.7221374700956
1.7306154412833
1.49015612359147
1.32984867742703
1.42752896902451
1.14688447808166
1.50694547983277
1.15515597202347
1.44722879397107
1.19951265273565
1.07863509191267
1.03784282695991
1.02301860062618
1.0193642418364
1.02884741357028
1.01350665236909
1.23119441787134
1.13939770927891
1.06051616531849
1.01090984193209
1.00489254085117
1.01433486574181
1.00697045058263
1.00941622659295
1.00896133764128
1.01807244454531
1.05335311996911
1.030247419447
1.07030669514489
1.22853962396026
1.18384121304422
1.40508472045241
1.93458778628386
1.51798787890247
1.79540168234201
1.69314788678399
1.84155489876278
1.7851001184198
1.93292931489503
2.06496236332507
2.36024915437952
1.91393095164075
1.56084636617242
1.2369500659661
1.31363024841809
1.68148408879475
1.5891594175608
1.76983280442585
1.80759063752141
1.84079866086779
2.10855847493195
2.19034257935139
2.22689863509028
1.69566056184517
1.11624442883972
1.07494631548153
1.01772597629596
1.24303914723515
1.33359236918965
1.23712933028436
1.07182142645232
1.12309040994658
1.02192839714976
1.02240584853637
1.0286597560527
1.05874704933076
1.4256685901506
1.1753940957244
1.1059012171943
1.33959773475055
1.51173010427131
1.5140813403404
1.52963444407034
1.58381278962837
1.83315618613261
1.7243303131162
2.12833150354091
2.06451380395239
2.18978137097188
1.94072034662506
1.30060314734028
1.25317835097793
1.21506551175587
1.14180458382281
1.05994419664668
1.04307570721327
1.11918425831326
1.03678338874342
1.02836158042397
1.00962903117225
1.02080383879758
1.01883789657141
1.02879324601446
1.00807718907264
1.00541870508115
1.0026844463656
1.00024513660704
1.00467872426929
1.00735537887228
1.00282637942273
1.00093968188394
1.00079672263917
1.00057247017506
1.00171810911493
1.00098414559863
1.00109398206632
1.00437684240972
1.00195736350024
1.00136539216064
1.00200473030229
1.00293229933638
1.00107915822062
1.00351989027814
1.00296646408103
1.00150233321491
1.00706368521418
1.00492018306499
1.0107605122221
1.00885778815137
1.01258425773694
1.00942242171984
1.00098127433643
