2.4843801011671
2.49582708825098
2.4838918573526
2.48469421289845
2.49404787499441
2.49598646811175
2.49510754656602
2.48672608475769
2.49301146222595
2.49044127857526
2.48424744188546
2.48958577644449
2.49527376053757
2.49698195771603
2.49163707969212
2.4951667687319
2.49724955838761
2.48952375760157
2.48495953537851
2.47648542001348
2.45131345630413
2.2765153773839
2.21513787676584
2.26553130877725
2.40857160425932
2.32746379178444
2.46298611816437
2.46212409506113
2.48251562117948
2.49237647620046
2.49159801938417
2.48590080215794
2.47779520928982
2.49793607314542
2.49590521909786
2.49784250717883
2.49963883342538
2.49957556389166
2.49939165797352
2.49936847647674
2.49984962563852
2.49998085834385
2.49999250251784
2.49999702183897
2.49997151005733
2.49998198335061
2.49998406239745
2.499959200998
2.49998307469772
2.49983317010406
2.49991711426849
2.49978009144992
2.49972343534161
2.49981967812696
2.49988823216116
2.49988691024022
2.49996301932464
2.49997248107995
2.49999182114091
2.49989090868806
2.49997112617307
2.49984929344032
2.49976844333705
2.49977605338394
2.49968249635915
1.91939264946653
2.05683091217125
2.05034847914248
1.59003108506885
2.20870190922092
2.00452395170848
1.52383735350381
1.44096583176121
1.3778027819901
1.29637341197732
1.33598788795918
1.8755418766001
1.32818780574882
1.36394115467022
1.36692401929072
1.87865533128507
1.6983595892414
1.50963856783358
1.16231569497475
1.05919533525624
1.01152527676651
1.01931860192984
1.0650257741129
1.02455359930934
1.12627841620187
1.30807955540217
1.14789909398511
1.09749720754854
1.43237869924307
1.79397479010508
1.46226497297755
1.23244126162481
1.52102058865663
1.55491392322584
1.4379187525552
1.46691680799708
1.30896025491123
1.1645948855675
1.08306901349171
1.05105695939263
1.37832875997354
1.21995423501183
1.2885950190281
1.1511337241845
1.23219385537647
1.19949252668939
1.15125852672701
1.18233918861521
1.11550287741452
1.05041410086929
1.02523189363062
1.0580552211263
1.04450816249965
1.13953486471283
1.12337360406453
1.20190695050282
1.11403967533608
1.23243603182168
1.89876254812736
2.35021185696934
2.27253333668417
2.43901250149819
2.42877953160264
2.44042674911354
2.47070382548016
