0.113322538211115
0.107683896487968
0.048221586091105
0.0516410852086526
0.0435552609425888
0.0957845113835713
0.0924915916150862
0.0874415768656688
0.0948280674820684
0.0908386884172538
0.041821397717896
0.0491702578580114
0.0248630248415409
0.0242647657434172
0.182454211057086
0.124127326488408
0.126138572362007
0.114379671923455
0.134748154352701
0.134320751535779
0.134338040622949
0.0607505411072966
0.0607677167254025
0.0607790835376158
0.0607577774326779
0.089534888545586
0.379127772237436
0.187371131233903
0.187335135921741
0.187337281387073
0.187360866906793
0.187331006004463
0.0735727160976299
0.0735850282857127
0.0736091380871916
0.0735955126067483
0.113945215556206
0.0650042504020424
0.0649854074226619
0.0552166146451922
0.09960235546105
0.099596252764492
0.199279577773392
0.199272968513652
0.199279589088598
0.199283953455986
0.1993324997952
0.199285718339854
0.199270833394426
0.0309863679277362
0.0309864293701185
0.0741111948914722
0.0741009705881615
0.0741003987578721
0.0741048109749419
0.0741113626091273
0.0741046076409066
0.0741068925608652
0.0741156697926486
0.0883757523530225
0.0884118707355944
0.0416007954670183
0.0416963844925624
0.0418456002014737
0.0420654150539899
0.189798879411579
0.253826458610053
0.25382715233164
0.104085680683678
0.0567244723866842
0.0567246834121731
0.0567247773467799
0.0567244512397651
0.0537427320964216
0.0537427423087425
0.252644602401354
0.252639694365538
0.252640956090733
0.252658677145171
0.252666301570017
0.252671288403306
0.0148384638453878
0.0148382459278524
0.0396039742337469
0.0395979829694879
0.0395982722895137
0.0329066918144387
0.0248006786644644
0.024800904291841
0.182310385366358
0.31859890821362
0.0209306646136903
0.0209307184850198
0.0209308353121488
0.0209307269922569
0.0201692808575379
0.0537248145607986
0.0329816482197794
0.084940715452701
0.131321070087786
0.0925523277437023
0.0925939859748306
0.0930128734472908
0.0927189116424081
0.084068711440725
0.0842743892854288
0.0843305696002012
0.0853001407403017
0.316934233396981
0.316961305920755
0.306231087122545
0.0144420537402005
0.147406509782619
0.158327280237438
0.14779590514429
0.148377682871294
0.0144663977313288
0.0496141260594364
0.049879488042124
0.0496169212515914
0.0495887293410842
0.0496084757183422
0.0193223241928231
0.0646959443721613
0.227641373998682
0.228216412597646
0.227379915175014
0.105068479429749
0.0968353151930152
0.0968133260354898
