1.74275863111957
1.7530401260836
1.65083937924286
1.7059235243858
0.883742629952349
0.857163390669495
1.05505359215453
1.05943200658896
1.4524228172702
1.43476838214245
1.43144613918685
1.80643607991615
2.13313762302037
1.45334807106638
1.62855724089172
1.68887943226917
1.30069951767222
2.23901608791366
2.38329363621398
0.814372116110007
0.794570747360381
0.79356769862635
0.558438803258744
1.13633788020233
0.899807940275363
0.896618411616033
0.896734174165284
0.59177950024061
1.25283533593301
1.00839065840196
1.18960889629643
1.17459747984217
1.17410147305201
1.58096045436537
1.12060851772907
1.5558456063878
1.50890767022161
1.64552264319274
1.82910736437233
1.9895799476844
1.70765874167054
1.20541665138017
0.397128158996388
0.397052310441012
0.397003402256368
0.415163707747765
1.37470750609431
1.37468763240319
1.3747905399025
1.37482357273294
1.3751783421415
1.37887160612789
1.3751658994377
1.38155324794742
1.81811442153822
1.42778965678787
1.42922366520889
1.91873634091417
1.93034246227651
1.24646116224712
1.26168931381892
1.98148251853521
0.859853434265648
0.939247200473324
0.940221321556741
1.93250785235987
1.82517604254315
0.950176981730206
0.847904161136329
1.92706034496313
1.76599234738646
1.76815559845818
1.77201907684505
1.78415252778919
1.76902298378184
1.7661464074702
1.76637221179099
1.76579121703162
1.76704820483091
1.76571181721959
1.3083682645882
1.49425658292541
1.49426417679619
1.63141305225981
1.63140903980236
1.6314253632604
1.21515409033254
0.878249810758859
0.92447020256105
0.545307510715119
1.32921976860192
1.35272223254367
1.34726055956104
1.34781483425042
1.24379369048656
0.928797728422388
0.624084346641743
0.889839651164101
1.31542956979619
0.82831413610743
1.04359210491085
1.25215285630596
0.547076907376659
0.576684444853712
0.740964825836992
0.594244888450335
1.55247434200568
1.93702423845214
1.238029818281
1.30977583331642
1.30773390185195
1.32314809170088
1.24858718022386
1.25047155794347
1.96398049923595
1.51399395534829
0.969954589140132
1.15744069236716
1.13892638065578
1.16979317873982
0.649617871945323
1.55911136194116
1.56176983238644
1.1798162568103
1.55915446315941
1.56451763828373
1.40116962324321
1.23432979170832
0.619628804928503
0.619193924403482
