3.48064088009258
3.90059146032647
3.8819868063353
3.92718416087109
2.68537727135866
1.65283983892758
1.57300986774288
1.70653726076171
1.74211881143717
1.73913375819456
1.82379833773864
2.50948073495492
2.46357813872839
2.59546053322447
2.42625818431656
2.59157353575147
2.36563249330463
2.47783448908535
4.16658695757181
4.19698463719314
2.44626771246286
2.44785077769452
2.62488016367946
2.63201836091057
3.99925718764855
4.06675705339979
3.35287272343291
3.38252316783989
3.38611979905543
4.4627427807509
4.59147925352718
4.12575104598571
4.12608259457562
4.11944190867747
4.09372737297593
3.71025506988967
3.68390105371053
3.57980348595816
3.60920947555585
3.46365879167089
3.11531169550615
3.38938256943194
3.20687882375024
3.27414909101211
3.17651575324829
3.13953976325853
3.04452949656819
2.40700362865771
2.25266039986361
2.48594612264956
2.670499636757
2.83979674818481
2.79971684179314
3.02140261498683
3.07732105006037
2.96789230346534
2.94502345475726
2.92491029678338
2.76273577097208
2.71320145829159
2.6910604920465
3.01281632729962
3.36375224703798
4.0059176173718
4.67348004935938
1.7845940596966
1.75481666745614
1.77475575306273
1.82875688270273
1.40827685710204
1.43396036953842
1.90582186954507
1.90371144280493
1.89355826607394
1.76973791387664
2.16456741047737
2.19194371784993
2.09988036068528
2.19477520979479
2.19377479013061
2.18715715142774
2.16410498623628
2.05801268854036
2.10431664957941
1.55049157466808
1.57227845885037
1.52951305063215
1.61454061707145
2.68147712352759
2.70516106979254
2.72419462408012
3.06761886652686
4.19642786338566
4.2090458125742
4.20843390938443
4.27090736009838
3.80982966349335
3.82247985772848
3.8149334482622
3.81626105993331
3.74909472781007
3.76286243093613
3.76462923523016
3.76644639871698
3.76806754180819
3.76512101975099
3.76334213943373
3.82763008330085
3.82890436581645
3.82900092102061
3.82915238196664
3.82837861317739
3.82887433485863
3.82880015090096
3.89390304914349
3.89556592294234
3.8959727765117
3.89553336840601
3.89489586326498
3.89616950106976
3.8944920202814
3.89487238231687
3.89587865885262
3.89205641990292
3.89352961875897
3.88951564273544
3.89082335820727
3.88826220811342
3.89043529350322
4.26873152164416
