1.1933244284313
1.03135115868969
1.08574207209283
1.07499109397331
1.02710804344588
1.0057129458179
1.11404403488398
1.17307871352238
1.65413137451176
1.82232816684594
1.19137502194779
1.20269986510644
1.27200273833408
1.08341327243844
1.65506188682311
1.87589530130001
1.32140066151888
1.07399656417912
1.4836356210904
1.28673599061966
1.11369538677185
1.095297875554
1.3075615160057
1.38054338431951
1.38401169308833
1.05516395370398
1.04202269071198
1.01263118824435
1.09494283442768
1.02340594032574
1.02675907346403
1.04939030213452
1.02599998688693
1.02077918633307
1.00159916853842
1.0004628086517
1.00062536495514
1.00172550053845
1.00116954373685
1.00049064333725
1.00053711959846
1.00059288986184
1.00092821568391
1.00440937698399
1.02012958129986
1.03885722168735
1.02327137219528
1.0158966014009
1.06428276865387
1.01546255008681
1.00341734787739
1.00482961624255
1.00295649010574
1.00568131524644
1.00696907219982
1.03439688241969
1.0311022296548
1.04429967124956
1.05596573309107
1.59716808912087
1.22708707923643
1.66883192227176
1.27568614229849
1.37177179720976
1.4377000184616
2.49988541241742
2.49988189964457
2.49977673221492
2.49990198632295
2.49949011491977
2.49826260310087
2.49734232833388
2.4988489778572
2.4997020179511
2.49851260350793
2.49521466811473
2.49328824851525
2.4886994784121
2.47619642016186
2.4651124818314
2.38190077857048
2.44510559407794
2.48946470851841
2.49794127228899
2.49630480706939
2.49696263889175
2.48568245985438
2.48977055561363
2.43306085229604
2.41908667780916
2.47020011244912
2.43876469296649
2.47422615641763
2.48733437873276
2.45947242749799
2.36276700107844
2.29292546783895
1.96733345276673
2.14285981582084
1.71637518316054
1.21688316887227
1.09118178794922
1.38629391031533
1.39123418033554
1.07251777266958
1.15328308509318
1.13559285562187
1.01644534188948
1.05118718237629
1.39885953884356
1.05895052452339
1.01222048116564
1.01921772565246
1.01430640879235
1.00498017611664
1.00385325106387
1.00517672010736
1.04353436684796
1.05141592385979
1.11750235002674
1.16855346392347
1.17311787354512
1.098027470163
1.11765982709045
1.13201336024386
1.30627223070218
2.30860259217531
2.45190889773759
1.87363218379738
2.1478233135339
