4.81930511145741
4.23659907051267
5.85974479828468
5.85973767802439
6.07774392227462
5.35824396652644
4.97582072964709
3.94900744550112
4.34669881029764
5.0241147989694
5.60759024224476
5.60784622749549
4.8857344840096
2.83161480691829
4.75354669638317
4.50922428538206
3.10261469223163
1.82063802706771
1.82063788909215
3.45719827095792
4.90667155282709
4.83308451730269
5.71426738465651
4.00738396406274
4.33359336429441
5.37423980866189
4.94092676267445
4.33975728173136
3.29917924736543
3.29918556640824
3.56724202337698
4.44979962432667
4.44980038412516
4.83500810731121
3.58778528230248
5.81946012907135
6.26596746689286
6.45616828348519
5.73314939331103
4.22364620344527
5.79083100486936
6.16581689581275
4.49926311520066
5.8588825550341
5.50255011457672
5.17751504667144
5.17751507131248
5.17751503062715
5.17751497448662
5.17750962383862
5.69107222937965
5.69107173487687
5.69107546517054
5.69107140042946
5.53481277211693
6.28778759034433
6.43997471365817
6.42785389390704
6.42791173726142
6.41585281350013
6.41801774293247
6.49799576169656
6.27118549871213
6.0262875257002
5.12400471554009
2.78861280873312
2.82651732851554
4.606349292705
4.187590791049
4.11143767975441
4.43060894864778
4.79974078072996
2.97086162402561
3.11209685505539
1.38603437934754
1.45142224656317
2.8483006622734
4.39686564482616
4.64702080224003
4.11221175953825
4.50903514623494
4.49419903562935
4.20595941713229
4.75136661021609
4.17809477304519
4.15586759366738
4.25900032973633
4.67954375946083
3.12685079068458
3.10751819123384
1.52928469666801
2.14649837727566
1.55406601437199
1.04552988906789
1.73010541741801
4.06438475485412
4.48009076489688
4.55231760919024
4.56445287893595
6.09655885436555
5.81297581714309
4.49693064201345
4.430673485537
3.94624342696815
4.54024727708801
4.50118278588965
4.14235660456728
4.21195779616167
3.06921781550275
2.46986387926236
3.9483389608597
4.0568061104248
3.24714864281246
3.7893478489528
2.59066746821558
1.78670080060035
1.78690742493998
0.664380044112749
1.85002234013795
2.24717005562627
3.48804029907214
3.33314212624769
3.52945399699739
4.03045209333484
2.60573105136749
3.33437382840128
3.44058156422971
3.07916977636128
3.79280908382565
3.35320384782748
