1.4462080091006
1.31072074487532
2.90150546441209
2.06533310528852
1.87501193966836
0.978624373736266
1.46748787648913
3.42556066592462
2.65009537442489
2.0569639052351
0.845922645039437
0.631870240653056
0.891126397759523
1.02015308358076
0.926891293814655
2.58893034510765
2.51931866251141
3.2778487843951
1.74271025690594
1.6411332741609
3.21976326164087
1.52738074221785
0.843227007682497
1.28822386187415
1.727520423346
1.38284440452411
0.639301886044535
1.69185873239085
1.16421243771475
0.473256537971886
0.384902136703842
0.50518082537067
0.828926279978791
0.799747873702605
0.623855651363276
0.476310479890174
0.555195278724484
0.641662486106084
0.257943722335313
0.0649962465069014
0.0215760003074817
0.23049621092183
0.271090942080235
0.0573562438867574
0.0429400255284849
0.0459438336208283
0.0681486781484501
0.249124278977329
0.253009227503869
0.183745258101382
0.288011318165415
0.202076711533035
0.153986324324564
0.168684846139406
0.508975400844636
2.13887174736803
1.40572716256334
0.894819059232823
1.57787986876716
1.63947753077483
1.19714612748194
1.27046908651624
1.39452156885443
0.958311132099753
0.430077881940091
2.80915306998252
2.72764592534916
1.47229212940716
0.670877786193205
0.425762078555799
0.080273397715898
2.36198911660159
3.0783731588578
4.51084827301186
2.47572583420985
2.02081257231657
1.79783409217962
0.620628853736791
0.621073345795143
1.6526718158658
0.245005349053154
0.294880529052078
0.15896435537784
0.257761876100226
0.229149533792384
0.284133212149576
0.426494975660552
0.459367358924748
0.249310712119606
3.57202101997923
2.36454131321142
1.37777646999147
1.81477569818682
1.04813783491965
1.46936647653179
0.726245234015819
2.06861705607925
1.90810763822899
2.60235430523492
1.6531919330255
2.43779669874608
1.07149704862253
2.78141686926681
2.5574436506797
4.26538971612743
4.28660741763554
1.85514793707559
2.31540097279435
1.78024456643064
1.78575472628943
1.57223722173795
0.714663236448424
0.188359866983911
0.862271587686798
0.588943592232631
0.512154704643863
0.469343432115773
1.36480480070608
1.09827573497501
1.04152364445079
3.83262940543369
2.91937932714992
3.81526024272938
1.92398339532014
1.49017411729672
0.848043171198132
0.848099284691587
2.20653569405333
0.801607081586394
0.573435432229332
