1.00083117693373
1.00018578220968
1.00090784410347
1.00174566100633
1.00454730644946
1.00940587999883
1.00681475587386
1.0037855118122
1.02259794844695
1.00649414210518
1.00216441781014
1.00238446631643
1.00365557795233
1.02737465918851
1.00400473952145
1.00205686545667
1.00343429705188
1.02062015158488
1.03674786787064
1.07719656319799
1.01905057259854
1.07380712829518
1.07387981563109
1.40108461530431
1.18244359850091
1.42121628185836
1.55902060205868
1.64532377735814
1.10002378554914
1.17787607265442
1.16844666560484
1.10935862521257
1.03107394655123
1.00742555958143
1.00748173385469
1.00724739931462
1.02396619880569
1.03819350417539
1.08756068075086
1.19250995592199
1.33646423957528
1.12734298666206
1.22919648433061
1.36431929643064
1.28237052359161
1.19594280655568
1.04924059977637
1.109608205107
1.23995561759827
1.15003809055641
1.22556399003781
1.42391839214407
2.15782408005484
1.53325564678763
1.18566031679636
1.40337996229679
1.31548941906416
1.08121029932955
1.16483191018836
1.78180821057015
1.69334244701129
1.50028801012134
1.89874750572716
1.27462678519932
1.56258615738668
1.00697619088461
1.00253770274934
1.00173831079342
1.00087199879141
1.00051835963101
1.00117747408022
1.00662818363268
1.00456766246938
1.00134314274312
1.00060144671349
1.00089379644899
1.0009554526846
1.00203899335417
1.00135333693086
1.00140118288738
1.00043985100258
1.00072713892486
1.00201485031392
1.01649293427466
1.00819400224828
1.03223296000015
1.04147879877842
1.02043310751478
1.05786444288329
1.09466336975618
1.0743914818815
1.1735530415586
1.12315897685948
1.34189189004149
1.24059865532646
1.08478633298026
1.09076196858391
1.10114368899543
1.09670162807125
1.53000743914518
1.74395861384928
1.43465143103117
1.82389292102054
2.01421508328192
1.78351081065436
1.88290726984871
2.30567543604581
2.38630371273168
2.38567836672944
2.30973882656938
2.14879815655158
1.51885010574064
1.33688940213573
1.36456692838564
1.92620277128822
2.26207361775917
2.27414230849997
2.43185737626301
2.38631046462096
2.27986494505956
2.26484329733083
1.97995527272037
1.2193931746688
1.78445838631745
1.5833158734419
1.82943344947835
1.31378913133156
1.11981248922793
1.11029003729599
1.02814664739544
