0.811930548703015
0.743210874589386
0.806059448159643
0.718363798762413
1.0592739336127
0.628081416632245
0.306073460775825
0.197463307517331
0.19645105694992
0.111805774502692
0.120337140009043
0.187179658994847
0.52871631724079
0.535049542964468
0.532531311882936
0.302224023806828
0.396933479191207
0.447806456426314
0.466045008825305
0.538666044934774
0.331207296418732
0.233708846596581
0.241484267733765
0.25198696358468
0.242720548026587
0.228560045764132
0.273904693442003
0.358532928005058
0.754358731815811
0.775664002462459
0.623695243938144
0.596102512096681
0.644476706224673
0.322640394721903
0.257751933586259
0.382846643621134
0.306445205160994
0.833254544573426
0.84237933971472
0.933035979534118
0.971981930672244
0.342010978798949
0.290872613811153
0.391685336294438
0.285992143392387
0.153897375285812
0.192330168816643
0.182360063610962
0.0703502642096292
0.040889865155937
0.0461611576910557
0.0792844523564652
0.385134150505642
0.439529563159516
0.297177802446952
0.297204108781304
0.297250662491206
0.200043233374549
0.158969721532387
0.16101694298071
0.0818640826665667
0.0651766992756119
0.0822852783651847
0.104823654297434
0.105018538752925
0.918344474893719
0.834213366032106
1.65875227644361
1.31919006260534
0.690763150416622
0.734407153589983
0.775982487293132
0.75972046524001
0.410373497713189
0.171035283579736
0.162006391320551
0.125117998785344
0.186648706498453
0.169805262981785
0.152756089319862
0.105195387629456
0.296855676431878
0.213669231978481
0.213294428886748
0.214746396881809
0.208547990729136
0.338833276140088
0.386680141422417
0.403850007296831
0.196423807417519
0.591700227296969
0.276061390084462
0.355546557629829
0.556091972989034
0.604059915716481
0.681648157833846
0.473655186875494
0.126666604965753
0.359120221474476
0.303163730263452
0.227948740842796
0.502174978730065
0.635709696617352
0.592665037443191
0.592955597822486
0.66531358532614
0.504840897972834
0.11909762734423
0.115223263519676
0.148774591205449
0.150046283692104
0.182566846226279
0.097468091963905
0.0563703221189831
0.0583609389405902
0.059191035543134
0.0951871279862548
0.0950074025543065
0.097657822376349
0.112530135197447
0.0638050266946625
0.0521326624597267
0.0522744172707687
0.252994871194382
0.297318313754458
0.254779550472745
0.427484966097284
0.59564615844162
0.587317388404105
0.164225264298484
