2.35930236908212
2.35675656620889
2.49232337436449
2.44025993203319
2.42440078441993
2.33611108570126
2.45056119295423
2.38867012557268
1.97862559077037
1.45199173203099
1.11550312266536
1.17170992242535
1.56963028567944
1.17772645410322
1.25408511448042
1.27645204122639
1.1365984483791
1.02400044211315
1.01291461205531
1.00895137490054
1.00384587295739
1.00564178659079
1.00582631810763
1.10620793196233
1.03133968654136
1.00414835454879
1.0086467657361
1.00499689620146
1.02157841502395
1.04468549751879
1.01441847092619
1.02211998928064
1.03371576272462
1.03275528422806
1.07631184033063
1.06720531486053
1.03663133295241
1.04528854647927
1.14014507446701
1.25311142985959
1.31992956061817
1.21010410827576
1.10686589647279
1.04353671142973
1.05293740129769
1.05781639525499
1.32080936867804
1.14598858774118
1.22180915720759
1.44252594611354
1.4863397717602
1.21672923128863
1.05589060899397
1.2440486896321
1.29276885125956
1.27540240673556
1.22491077367632
1.37984227195855
1.06553817697905
1.08558296595493
1.0804522395642
1.27278127686298
1.41768751163495
1.17905094424558
1.12718329163154
2.40888540420877
2.4607713687871
2.33450421503483
2.04041857266226
1.43865461202066
1.83843056341899
2.34452826682698
2.34941999930694
2.4607131738743
2.47827530685248
2.441934672838
2.39376825898652
2.40596760009607
2.16576015102838
2.2781011805957
2.38296309736719
2.45786934861045
2.48005575848328
2.48846734029483
2.45518691783259
2.42972559502601
2.48221807663763
2.46678955021853
2.40661407333912
2.38835494497519
2.3382428855142
1.95788311048905
1.62092784126442
1.07321382624005
1.0506073366666
1.03695936984703
1.03943030525113
1.00695071331557
1.00887191842456
1.00813683495156
1.00215531277454
1.0182936210709
1.00354886829946
1.0041580094528
1.00108222150762
1.00121685895932
1.00051406742968
1.00028469016593
1.00045857112762
1.00105014065569
1.00389024759606
1.00267522229127
1.00477018392769
1.00392542934308
1.0162498509472
1.05061096070628
1.06886396431713
1.17440722220767
1.15548878576131
1.12094308911193
1.17835592784136
1.4795470272403
1.65779615392846
1.63402075823314
1.41743060487389
1.46502594925971
1.19460952594462
1.15809858867871
1.2072190285073
1.04306071418893
