1.00021270591522
1.00106563376447
1.00014523152542
1.0011750284118
1.00244786247168
1.00155854531173
1.00540989142773
1.00840870383404
1.01212151508159
1.01564077290743
1.00442714102987
1.00255263664733
1.0003352623394
1.00021263262967
1.00027153861004
1.00042854479656
1.00030604555157
1.0000593952859
1.00012590234121
1.00018013077155
1.00015109607384
1.0000609620784
1.00001012083264
1.00000839172951
1.00002798777574
1.00003891527991
1.0000870911226
1.00019589078825
1.00006915752759
1.00004325542947
1.00010405763706
1.00005500622164
1.00007678131229
1.00050377782264
1.00004506795947
1.00001014602982
1.00008334505537
1.00023588112362
1.0002169524683
1.00058680315082
1.00248523513419
1.0019112591157
1.00031632904396
1.00081952641474
1.00031682870007
1.00041409318664
1.00008885445627
1.00001831479062
1.00020952103041
1.00019365254423
1.00052154250273
1.00200068355495
1.0001434453254
1.00019368822557
1.00007985812365
1.0002218321054
1.00011269833104
1.00041543563572
1.00202174697696
1.00233026169003
1.00496365325273
1.03125639866686
1.11724367104331
1.04492520541658
1.08022775643399
2.49640603229127
2.48706291171379
2.46055196086248
2.44714544247003
2.44289772491032
2.45609715500068
2.44608608437179
2.44116015351541
2.37546158989089
2.41649296860311
2.32169452521054
2.45350397000629
2.39631880845006
2.32944709245015
2.46830883088874
2.47468481499728
2.47795499998187
2.47600105446181
2.46702432072067
2.3992228247678
2.3606823402919
2.44545796155347
2.44388949956644
2.45961200403603
2.47762533651452
2.48597827190065
2.49346713461676
2.48845519755307
2.48844152151493
2.49843008010671
2.49916577917975
2.494621570135
2.49687403628619
2.49448870850718
2.49111867783907
2.4826977142761
2.49315320008443
2.48608717135084
2.49323407293486
2.49052107295064
2.49601102973517
2.49742686170996
2.49933002618526
2.49953615499141
2.49930041173708
2.49812289540971
2.49954537080163
2.49951574274223
2.49969669373031
2.49859783041065
2.49511636429026
2.49821482094614
2.49491093536017
2.4843776989954
2.48242325312662
2.46350032184199
2.46329246874818
2.48608738724339
2.46353109804143
2.37756428760503
2.24911868659448
2.33496790417142
2.4732158681374
2.35256912810157
2.40655835250993
