3.28479577796703
3.12200837294335
2.86780593428786
3.77171309299983
4.77564394821577
2.61957052936723
2.618338333423
2.95616181139768
2.94611362766744
2.94737165061266
2.93401679696619
2.8620674126154
2.89114893052248
2.89914045436496
2.91381581407865
4.39328571401151
4.67056323752194
3.43429277015989
5.18410618858648
5.25011057930603
5.01634071712657
4.77825284334208
4.13276236006221
4.13585218061258
4.37742015395745
5.0754922381615
5.10652369833037
4.96202266484006
4.9344997907873
4.86272001170008
5.02610682684805
4.19044239044159
5.32822376771472
5.40634896144595
5.17465496263739
5.04759778898676
5.09354880698388
4.85625631438837
4.52188739739373
4.42243249685732
3.54292673450419
3.64489847091037
3.58030031000578
3.62220861541532
5.10343614705634
5.038751268918
4.39058926455498
4.38401834977173
3.7366059073961
3.47111585749458
3.27936828465303
2.98323114321124
2.99985613104298
2.98942363196314
3.2644241149936
3.24457533369735
1.76571481889613
1.76589543320958
1.76446746730065
1.76358225368203
3.31537178668901
3.31542477513378
2.68764403880656
4.03981882955509
3.25335206226141
2.85906042233919
2.27501008581424
2.2954241783724
2.30536973198468
1.99319861755267
2.01586612798812
2.00896864046388
2.78382786066542
2.09256877047078
2.47758229520491
2.47506339835929
2.47421376623804
2.47443468788449
2.47530463503537
2.47470886724876
1.98320443114902
1.98799409084809
1.98825888572347
1.98502282175935
3.87773786122935
3.87121796052873
3.6417169878401
3.64471498015096
1.81742510016518
1.81735848880345
1.81739022325572
2.04637407998558
2.04912009176926
1.46778574870707
2.87746387863432
2.89146314736162
1.37665995259215
1.35903407208875
2.1279186685364
3.23232157373654
2.20037869330558
2.79611817279591
3.14699608735351
2.20728162611139
2.67820193212896
2.70098726485942
0.72061990943619
2.20576718606348
2.20175882018458
2.20166243875588
3.03994419492318
2.92753931624674
1.62642825902987
1.62632174345198
1.35466258686267
3.25965321494844
2.4622282875607
3.173494610572
3.00703974325561
3.03027465579605
2.06387434376025
3.05834055937829
3.03294500290559
2.16958312211636
2.08981878130706
1.61267113589796
3.29739691298884
3.04850098158808
3.39099875832601
3.59164748448551
