1.23622112567767
1.45882962108631
1.83405073686429
1.60706967271597
1.65345604516853
1.85571621815748
1.48118798939635
2.07158477961098
1.61568144996357
2.02212943262464
2.14714326264473
2.18478396958223
2.28122436696917
2.05554102702533
1.92271377960339
2.1193338642496
2.38757695393167
2.41223149025775
2.41862963005398
2.40383711610838
2.47155129183034
2.36848018668043
2.39066578095818
2.21531985577411
1.90354382904735
1.92474026930906
1.59147453970032
1.25849177477378
1.21848487647384
1.05254164880761
1.0625708539857
1.08422471693171
1.23334243326428
1.14192295991036
1.04888258305452
1.42819844343713
1.56670886881158
1.45029637450332
1.30093106402875
1.08704036546048
1.50861337164566
1.27815880466192
1.19965701041832
1.04748438266544
1.01911466407107
1.04559651967136
1.05052037699661
1.10279292381002
1.28029177157351
1.07747504784209
1.14207090067844
1.06499281645374
1.19714668306458
1.09295903154811
1.16828004959308
1.38627846979019
1.25261906514016
1.21962844194849
1.24486097989159
1.65895400956435
1.31044294237194
1.09724357513996
1.12299405421725
1.04836148788914
1.02540709522021
1.54318696983383
1.32593440752869
1.84764185092624
1.38874705491545
1.28581819138515
1.25019210989489
1.07787401586266
1.0827125884219
1.01584908023552
1.01589343164773
1.00546182512285
1.00174238381617
1.00136679503477
1.00711579274056
1.00338239265195
1.00126145218455
1.00070608989153
1.00047893321614
1.00184169314583
1.00429355233209
1.00327727022649
1.01479038755917
1.00338419157161
1.00743776206435
1.00525870395648
1.01364572779012
1.04973716019761
1.05691689486003
1.02120943514238
1.02149247385211
1.00550067320044
1.00364237077304
1.00798565490317
1.00723570064491
1.0012946172813
1.000810052455
1.00030219844528
1.00002781322415
1.00005354946678
1.00003260646234
1.00001876182133
1.00007273076082
1.0000819184148
1.00011905279482
1.00037988915089
1.00038689594428
1.0009824419298
1.00034318526552
1.00020470520831
1.0000657456147
1.00069434680379
1.0001937149535
1.00008954244565
1.00035324168156
1.0011748290899
1.00145443935362
1.00817002992274
1.00952836643736
1.0223238443911
1.00674223786238
1.0160270748744
1.02655345130703
1.0349585528492
1.05949259008323
1.04601062401901
