1.90249867513938
2.46510688958283
2.75791575155532
1.83055042206401
0.769691544626089
2.7228361338241
2.72155536371187
2.41784646514451
2.40962804982652
2.4106569875252
2.39973404495922
2.34088660164568
2.36467239205863
2.37120866405808
2.38321164930457
0.734863016758852
0.569172066159182
2.08249199051938
0.33116915694457
0.313718219083574
0.52509301425449
0.687980643626325
1.47686602901964
1.47797019388784
1.19997909632112
0.592680026435351
0.506402411181328
0.546188787312753
0.281462970998073
0.277368665448158
0.286688219681258
0.934511567474115
0.14225072840337
0.144336482718394
0.138150811557788
0.483063008566525
0.487460592908292
0.539380481433766
0.51773223303241
0.597778736934137
1.09649792950581
1.12805709124307
1.10806465137917
1.12103482365599
0.233079922587294
0.230125688233299
0.527626311356474
0.707017380998969
0.809028223957428
1.10407609691551
1.04308593683231
0.948892037032388
0.95418003444593
1.00100871220236
0.927310071362913
0.921671718577885
2.35699534056932
2.35723643674787
2.35533029145316
2.3541486485558
0.79706104232693
0.797073781478899
1.45611056184715
0.134459664205163
0.668393531354879
0.81666989185154
1.40050095607918
1.41306791405597
1.4988534441641
1.53778044161353
1.5552687410237
1.5499472335143
1.10200404358534
1.78452855805277
1.26866592786258
1.26737610648711
1.26694104553049
1.26705417023522
1.26749963366604
1.26719456598242
2.10657501144638
2.11166262484464
2.11194389199938
2.10850651994878
0.270477324358221
0.270022552695026
0.483872247849315
0.484270588874533
2.09855618231336
2.0984792670749
2.09851591041772
1.64934335318968
1.65155659285466
2.07251087126775
0.42618163683156
0.428255070769323
2.36705323813258
2.3367469904336
1.38700964360093
0.519570544335897
1.74190753847792
0.886386936814262
0.597776399227365
1.73019956657538
1.40304922027815
1.33102252830058
3.37800297108045
1.88270308423042
1.71605030386359
1.71597518420085
0.798434424391939
1.16302068855372
2.47061958290366
2.4704577808253
2.76060295968261
0.803219074155986
1.69554928151562
0.519758950252655
0.790541288844921
0.796649674258553
2.04165730170344
1.31822961504023
1.30728342576446
2.25311274077465
2.1702774482685
2.67752086775329
1.04425620869994
0.965433085932528
0.776698803393571
0.564092675661332
