1.70885207970354
1.34647507985175
3.67568672510056
5.17315314672022
3.9028346924502
3.84862994730268
5.09192895682468
5.40300491834792
4.99270449034926
5.51901167025898
5.63902090809507
6.17743105385072
3.25333744186929
2.24076009568805
2.16452597711271
6.82959088133224
4.870881719782
6.62853898842445
4.0366832571392
3.98727790377255
2.93993694544273
3.9616356721824
4.89456925143541
5.04903118595571
4.21020013836087
3.52191525675613
5.15138808249981
3.76033092041128
5.51171327634573
6.51659646085699
5.93826091161388
4.69213834323097
6.51618803586583
7.03120676347045
3.71817555128835
6.82299803355571
5.96770917293204
4.63932631103458
5.73211887130675
5.68591671983447
5.92350121374843
5.36954647023376
5.65083629292013
6.88915098694124
5.63303001605234
4.90656795493394
4.91024480604004
4.61926540122179
7.00323592481341
4.8407837146296
4.33800913852886
3.99424948621487
2.52449611881051
3.01765460284398
4.48571958360143
5.33658107476881
3.71539447940415
4.78859119785377
2.03102862041963
6.09915600568389
4.74324654384934
4.32705593775068
3.48434972013747
4.59678060717511
3.19898131019486
2.88606108026379
2.56398273949333
3.3225518009746
1.1898967036333
0.595827608814936
0.542001448395588
0.611119444024029
0.971328304961162
0.67871966504139
2.22424166255588
3.17871293104302
4.79353524885544
2.57252876739961
1.89112547505858
3.51986142438712
4.60692810685789
2.65617707599064
3.27391212857898
2.57378911798438
3.83125480798011
3.80308931748084
2.66818558797175
4.78261266855918
2.71564500326326
5.79962677185416
4.53386398364637
5.57581450104382
3.04690783845238
5.60442612729143
5.89880714251273
6.68886340726489
4.72031887724148
4.66955691823285
5.17376323121823
3.6862984345293
3.71446299048589
4.16053828201895
4.16145991614381
3.53794629158944
5.01400873954134
4.43345678605595
4.2656938645664
5.23530096176199
5.72772100862572
5.69469620795039
4.60787227780817
4.53293471816111
4.06374962349181
2.85234432851713
4.05724447964331
4.43396775159972
5.96417197754934
4.58093363815753
4.33389173191721
3.83653422874204
2.53820148575713
3.65564657000601
3.84245372821753
4.66263620409348
5.28168150432493
3.38399121500598
3.11819138035742
4.88761951734471
4.33995784529259
3.51060159192478
