1.67369181294167
1.85765945589326
1.84243325216827
1.74094927826911
1.71298465849832
0.723081742677597
1.91374677618178
1.67890262581467
2.38660191951722
1.41118399862314
1.46500122577579
1.48338576024414
1.5302215028167
1.53062318894463
0.671160799427329
0.549115375852126
0.423090318457611
0.431976964775734
0.443009507515823
0.431481492831018
0.710150586107604
0.48797588453484
0.507105834513513
0.567782496790176
1.46870917331826
0.149604430520511
0.796762644950888
0.218727497142605
0.129632250873704
0.141884212575457
0.470332651992002
0.344294407795354
0.592123355420871
0.591349222018243
0.633799980435376
0.626064430852103
0.641371581246746
0.633141761652392
1.68359231803014
1.59804912314311
0.601009145985406
0.904966490878834
1.21903842545218
1.45191912823828
1.96092361306938
1.95694405262488
2.01276982322799
2.01324872266049
1.98352664591295
0.774029068715386
0.773318890482593
0.431276484373883
0.91450166707527
0.862220870191542
1.82774781125275
1.1864510912302
1.22295418729057
0.703311029074616
2.24351619152605
2.21231517285149
1.75772696938643
1.42057563956752
1.41119123993995
1.50988689908104
1.62161963662065
1.10852553756791
2.02835332992067
2.08648336407973
1.559842106471
1.56057125870168
1.337026450582
1.33257406434615
0.925630071541508
1.01879165799699
0.861197358086397
1.42557559178373
1.41601910962778
1.15160173532389
0.789132847516654
2.11345729735103
2.14168111813206
2.0911465203094
1.27834122080608
1.28680828451514
1.33860356258887
1.40286336916368
0.927672400652381
0.98475311354285
0.795073372321689
0.822370789802525
1.391169400392
1.00110598049517
0.906480515793073
1.40161980779618
1.39567276776017
1.40667489209282
1.40919006868853
1.36332972781074
1.34477504642365
1.28067320076923
1.72404596516087
1.69062073496013
1.49285145453877
0.752476949168982
0.559112315784158
0.130167818549291
0.191988344224233
0.487240682632229
1.24022885598344
1.20570318947591
1.16494903620972
1.1687988925547
1.16837956173694
1.17326332351677
1.28574842661684
1.27958805800211
0.797917746374211
0.662652369809729
0.673557449014921
1.51837378816507
1.43005074217148
1.43213646048912
1.78661921326835
1.73824355644123
1.74110689100843
1.75626282933736
0.826940295774507
0.827966602328259
0.849707279954701
0.846839569321599
