0.218843080371973
0.258134254036929
0.25691578580875
0.239943952717863
0.237799414201308
0.220979728748698
0.197419785932743
0.277321227314809
0.285998622306928
0.300728608845567
0.116635323719609
0.0547362282589339
0.16253934213862
0.1626796298569
0.0525839876763949
0.0522495471033999
0.0520732455609326
0.136590914522584
0.140588590928771
0.215736697837138
0.071462554037182
0.10900551107393
0.0683500496756102
0.0686239550696452
0.0686850486634844
0.0687108998418742
0.097065719790175
0.273773732304196
0.162622593984193
0.162464410091648
0.223667174916964
0.223665464297837
0.136684207016449
0.0562390352904622
0.056235471274022
0.0562841000591125
0.0190805142684949
0.0719418735738108
0.0404604708783899
0.0404597894964974
0.0868589528292185
0.0204465502874619
0.0388292167711473
0.0122294776997658
0.0688768091791224
0.0687787453440163
0.0384703530155309
0.141105114794398
0.14113214365464
0.163432854678462
0.163960761676862
0.137861363216691
0.209889079187628
0.258737091893613
0.293958209457975
0.297303589360493
0.392356824275065
0.224754284321217
0.227537842430567
0.0884063264509521
0.110559983567961
0.0435955280044414
0.127639095228017
0.050583505749429
0.0505853129321845
0.0785148871685221
0.0668063164115626
0.0668111205823719
0.163308621949776
0.217311495258393
0.217268502534267
0.217266543503628
0.210973404926259
0.0411637004835043
0.045454997089877
0.0619174927219973
0.128113697350564
0.101854624871602
0.0601163505945975
0.309355491652831
0.0202868328679807
0.0843544255184718
0.0854796833388171
0.0790785022848276
0.0776272831851299
0.0641937962211874
0.0623050878079966
0.0330595109993393
0.0330653960874049
0.0249390464044461
0.0141370016343039
0.0514907966942953
0.0677821946993196
0.146767287215631
0.097173060230701
0.0456870058531812
0.077208090516549
0.0546859770155391
0.0839386253781677
0.0839356689410118
0.083948731470073
0.0699607619895667
0.102394330674749
0.0215043214749078
0.0132703729637983
0.0132732578067745
0.0132680629273949
0.0172309878037048
0.0512340878293865
0.0599909547052396
0.131921547032426
0.142903945332595
0.262800287503558
0.354723687570502
0.226657180307338
0.226667732745035
0.226659095713547
0.226654472428646
0.0168339572985016
0.225391577042739
0.225393538565864
0.108165019726193
0.220541213653634
0.220570712100809
0.220553051034073
0.173897340943454
0.173878761517391
0.203450215273936
0.203561771155288
0.107655239615069
