3.9859528396434
3.98595197776774
3.98594594543613
4.49043712774817
4.4904400962181
4.09295451642757
4.09295199162895
4.10465131201982
4.46862286721523
4.74769172352702
4.62141686191148
4.62138290839553
4.74190112354476
4.74190213356628
4.42466796967656
3.87487045603767
3.87487127266429
4.02862121249729
4.02861934348982
1.12670478833055
3.30844143594983
3.28916226173507
3.81951973945816
4.18183528494787
3.45664981831744
4.59665265553031
4.44788035750398
4.44784968410055
4.44746026860529
4.9228881675912
4.68640165103782
4.71792839077642
4.23949210347279
4.23953114892089
4.77088834999915
4.82136089594489
4.82027672582951
4.99991991352798
5.00026737876777
4.89688667336494
4.94029696830165
4.68128737141033
4.50305174334891
4.81542702278535
4.57089999978969
3.71902431661734
3.47607358090067
4.50595378355148
4.30814348173619
4.4700468021775
4.52926830554987
4.60322321120173
4.70534863510392
4.64529961879253
4.35632170945859
4.73215738445759
4.60302293108687
4.38623688513368
4.05778744676517
3.72065725366531
4.97130008789434
4.93305113235674
4.799176495853
4.48253844808762
4.80598674981442
1.50581216604573
1.50593316765647
1.50646040230805
1.98163522502024
1.98085538697686
2.89075241498076
2.83649720112624
2.86136678154298
2.50780777906189
1.56095800972955
1.55889382932894
1.77633278522168
1.89681278536478
1.80955322057875
2.66717954555276
3.74681994385779
3.74436039195858
3.23788336499791
3.2357495589044
3.37752643186524
4.04082580221123
4.26641053140436
4.27243265659416
4.57782650271157
3.67883966204876
4.55177997267054
3.76298327201198
4.53066317016333
3.59984597222092
3.59834009346457
4.54908664057198
4.80309975616978
3.96381993566792
3.95562467949555
4.33405395814993
4.33822993155358
3.94530281343074
3.2775018194942
3.40641521420395
3.98198322785958
3.60840411702842
3.87849794530813
4.11244233206511
4.112545779115
4.11285168000873
3.89495299554734
4.25964341943381
3.80880885593391
3.81076877116857
4.73320757743278
3.87061418686525
4.34849728016627
4.45943868010359
4.29084447098973
3.95174360734882
3.9357502409902
2.7790978203157
2.78467588626459
3.78907637080246
4.57574649579903
4.55827836868835
4.13318825827588
4.20453429500482
4.24335145267721
3.98736833983624
