0.578558064943043
0.56970447307527
0.664612642268745
0.622458797729159
0.622105601093366
0.535559919689354
0.534749350896936
0.54351785592561
0.546805874348053
0.751772897171458
0.270242280129441
0.273881307308131
0.286990054181639
0.31126974224094
0.214513752092743
0.280081075804188
0.261375422413786
0.51527767080869
0.509945721451771
0.418103872140394
0.204258459328273
0.332320043775292
0.0882826988477356
0.118351676152935
0.315381627243194
0.378173476075134
0.36130660159771
0.376213403335998
0.467924190702965
0.518084387158696
0.511416921067371
0.213235915926727
0.616224505293102
0.620816399229457
0.617365909689572
0.63441766972634
0.62692730060081
0.430662092534996
0.420134669179899
0.677650083301877
0.675191208740427
0.550730841437715
0.548836620586441
0.550223458169588
0.562335943768171
0.559633070589864
0.425098347649612
0.236499106503477
0.236968699904423
0.237747562601217
0.224152320640153
0.0567321850536132
0.0614865102583182
0.0782481611420069
0.0646025253965382
0.0713536649774092
0.073036599638637
0.117720648046658
0.114589652823557
0.0861505668035082
0.147850714460098
0.147101449206663
0.133692255352403
0.133443981954164
0.133907164749064
0.279966873011368
0.243111413834817
0.243111451298357
0.24311144662408
0.243111405347331
0.122461148052134
0.279894017785697
0.218065449117943
0.218065428993315
0.218065425904016
0.218065422608622
0.218065423328631
0.218065419970058
0.251613912582576
0.403085026395195
0.403085028858845
0.403085026535686
0.397793876205611
0.39779387504226
0.397793875444198
0.397793876046286
0.39779387732126
0.492221430253434
0.267882068093397
0.267882109843002
0.335866859350853
0.335866683089752
0.389569809382469
0.327546045920261
0.362040043615583
0.362040047029894
0.391322609617657
0.420882916411191
0.273813810820674
0.2352580951268
0.235258093035328
0.223510805102224
0.231136117526419
0.0949107712549082
0.094910777415718
0.0949110274294429
0.136783662706459
0.153776262699316
0.153776050881498
0.140373018707472
0.139352726611518
0.139351023134903
0.139350927390619
0.139350913337499
0.18208391714665
0.425435596963661
0.500367798332482
0.685633854678791
0.68570092897756
0.551532461522618
0.551503216609206
0.551504854210635
0.556458435120609
0.41714851343113
0.171075661836334
0.171077234491973
0.208766755486195
0.271591922421049
0.271588126034568
0.16570073348398
