5.18113509951808
5.18114427396618
5.18115401334479
6.09204774237074
5.71258711399102
5.71258992229276
5.22209086630296
5.22208258531351
5.22201758628738
5.22204043454235
5.97903752569349
5.97868196233477
5.74345329352956
5.74348920207185
6.11522686550087
5.92029237123441
5.39496803793246
4.87963952903844
5.60830993425394
5.60892935025388
5.60907651724339
6.19373192903249
6.19353849720057
6.19377520550182
6.32322305308263
6.32325017962141
6.32326872756252
6.32325407393492
6.32318340397951
6.32325652748236
6.32326675957771
6.32327481426802
6.32327532005678
6.32327600246219
6.0879706487041
4.55932791519941
4.55932456229766
4.55932756315659
4.5593279846447
4.38598758166055
4.18771841348476
4.18771854805562
4.30110377853711
4.30110373405996
5.56257822061626
5.56257827048842
5.56257815132104
5.56257815552114
5.5625782135698
5.67914448501292
5.67914456713975
5.7065971228191
5.7065971593589
5.70659715679103
5.70659709578903
5.11110890152918
4.5640556417769
5.86808337871061
5.86808592880855
5.86808602177151
5.86808622876827
5.86808561822684
5.86808536422092
5.86808547734019
5.86808566744712
3.21602072050259
3.4413272896296
3.44872409880048
3.49962517078633
2.68174507233664
2.65297172148587
2.64345386326825
2.63235400472553
2.63963083925198
2.6616893255784
2.64506816221141
3.6616992865024
3.66197720317168
3.08603083814841
3.09117529682317
3.07816726962264
3.08126410688942
3.07863779137867
2.52806096756703
2.53019435263982
2.52905528606257
4.41914895308614
4.41918307674761
4.42016611272681
3.213610144701
2.13785303941539
2.137793247531
2.87407287673723
2.87435545159854
2.87557731931598
2.87618866147536
2.88561018293486
2.88364464341081
2.91882826518341
2.89280923283863
2.88424762050802
4.07266896966909
3.76857971522357
4.35207979212308
4.35810805724203
4.36442077937137
4.33995809782428
4.34896568828426
3.24231420712278
3.24056144881409
4.27492637578579
4.2744822075865
4.51813004016762
4.51514993640679
3.96267727732921
3.96356409003593
3.9606470891954
3.96786416847666
3.96483711839314
3.95980307457538
3.95864614030055
3.95810971048286
4.32673948071583
4.32391657176047
4.38389694196836
4.38367669573134
4.38329771121526
4.38345379429803
4.37237633617999
3.75697056545722
