0.609125137068949
0.682618055057188
0.679362171211972
0.687271876845273
0.847119729534749
0.334063502246163
0.317928678332749
0.344916549454377
0.352108109794372
0.351504786158812
0.368616756292014
0.402676029841057
0.395310412344802
0.416472511053867
0.389321981803345
0.415848796080236
0.833530934384916
0.873065323030513
0.547678008086011
0.551673638273254
0.397392333661286
0.39764950011267
1.39026511444531
1.39404585336352
0.498039281010418
0.506445238174381
0.695226920346002
0.701375017471158
0.70212078835179
0.728245820420546
0.676489550340627
0.866343641581586
0.866413261636104
0.865018820735651
0.859619167617239
1.10553727000444
1.0976846166015
1.06666687288867
1.07542891669677
1.0320594710176
0.928263184656247
1.00992753388296
0.955547258412429
0.975591645178368
0.946500035124712
1.08240389492025
1.04964766614858
1.13950754210032
1.06643940410957
1.17687996905677
1.26425005805154
1.34439756303697
1.3254232021028
0.987982912252921
1.00626794916212
0.970485319197849
0.963007324827155
0.95643042696817
0.903400202029087
0.887202739878306
0.879962759280416
0.985175240917571
1.09992945814021
0.717307949235603
0.643042691226102
0.144968777317608
0.142549856263069
0.202751499991587
0.208920692578711
0.578739268196263
0.589294051594982
0.316940697122777
0.316589730365109
0.314901243648404
0.29430975534065
0.312199741819827
0.31614827955181
0.302869803585321
0.686999184480242
0.686686037379637
0.684614612309876
0.677398921784323
0.644190362806866
0.65868423139535
0.70566517937883
0.715580902744106
0.696117359726804
0.734815404852511
0.531781314286319
0.536478232996442
0.540252901974886
0.370222405134574
0.543810467990744
0.54544561413806
0.758898443724504
0.770164155754623
0.572533247573214
0.574434292351482
0.57330023369247
0.573499744402583
0.678451264168271
0.680942723112021
0.681262451124741
0.681591292339578
0.681884660915056
0.68135144643003
0.681029533091566
0.569222218196635
0.569411721859307
0.569426080970897
0.569448605335528
0.569333535076125
0.569407255835148
0.569396223641331
0.690810064245428
0.691105071579027
0.691177250710566
0.691099296139564
0.690986197543662
0.691212151246834
0.690914552514522
0.690982031832532
0.691160553472528
0.690482457202259
0.69074381465866
0.690031702672385
0.690263702030793
0.689809333178116
0.690194856196741
0.737820641935349
