0.749923495738505
0.748658706851832
0.455354215132256
0.454811734741515
0.456151663307791
0.905652577619515
0.912558111009529
0.904454450311272
1.06784227363586
0.391305119365484
0.398387846381977
0.403447035754897
0.400289171432236
0.404811414198774
0.713785871810952
0.708757594863557
0.708561048751731
0.510401771198411
0.30072408051344
1.02082664048954
0.715982377195844
0.715577234357479
1.58640993297784
1.87666504884601
1.87660069939814
1.66609881463781
2.87607096917765
2.84813870839552
2.8206999124845
2.76709106261209
1.2380260869933
1.19725499184042
1.19530481359184
1.46141182576373
0.869349022071495
1.5294702186262
1.42139902877516
0.468592382911087
0.663767383392476
0.701181920878086
0.679498384510316
1.02415553719204
0.925103314713253
0.919484725412514
0.807215395200223
0.743518686251366
0.777675797114017
0.360161893081608
0.364903906758313
0.578448942914732
0.969936854425046
1.90949673921586
1.92086493621604
1.98056444571371
1.83518135051851
2.17550465669
1.708683968998
1.72047162584337
1.7497170413787
1.91298536922108
1.79834278505525
1.81621206841449
1.88683602084267
2.22071104353969
2.05452014396969
2.59381637079178
2.766792505895
1.36231610450465
1.36735631251718
1.26566559987782
2.06677556074461
1.84332628801527
2.54326398170754
2.54202491795374
1.71579113258808
2.80727429289011
2.64098786968051
1.24158382993427
1.30018294650563
0.414713579655405
0.813303737237247
0.823795662074047
0.814060554646824
2.5328427932832
2.43199789004004
2.46459057486981
2.04326827507611
1.79188398905065
1.68528271848015
1.66737091345831
1.62965304478519
1.62989133804012
1.63066160693069
0.900672264829052
0.712084814050123
1.88981208300244
1.67051361804532
1.71316363412333
1.10799046808992
1.89369290272525
1.97254629123972
1.86616617511312
2.00392003033725
2.07858677926861
2.12854014332336
2.03414827919981
1.97207468043595
2.05101442557025
1.95473557814851
1.90367354548188
1.83413785363985
1.87056531823969
1.91038794533339
1.95975003312552
2.0231504815591
1.94788051730918
2.01641287347839
1.72566230828928
1.71887601416084
1.77502593206003
1.71370371526728
1.72327026670236
1.68697164994548
1.88379782904774
1.75300222243532
1.69565603992644
1.61712914789118
1.64601460488389
1.70568783583284
1.77735950621476
