0.234349753456925
0.110837872607048
0.103592458344425
0.100707074149362
0.155595884060731
0.587188866472288
0.241816636332983
0.0535305241138954
0.0857872328960586
0.0745105766008253
0.0518433283446268
0.0432449314621766
0.0882056925211788
0.106652940463789
0.240912686859107
1.00752376923303
0.829779744989126
0.300272244069032
0.662670993910396
0.107824559645849
0.103579472777265
0.10927522276641
0.102427181668903
0.0218798884612213
0.0171506882113445
0.0180224186813188
0.0891001640773108
0.146781882420721
1.01207122831112
0.94184467582728
0.938512097513814
0.843708258282661
1.05494598693056
1.05747517514609
1.32211233913143
1.32170613697881
1.32178018154738
0.399555008143324
0.954363366871327
0.954383394501696
0.826217858369243
0.576656913876119
0.576550871235828
0.507960697555685
0.508026465213159
0.508284400281496
0.33710747978293
0.120444833672208
0.157133216659249
0.341154931079668
0.34108606806769
0.291338452955332
0.291463988123899
0.301801357064437
0.127278996679843
0.206519077773789
0.208122037644275
0.136573286146173
0.135674940949997
0.0867938551246749
0.202686280995713
0.188268620543327
0.104945969618295
0.15757345551461
0.434453190518197
0.09376923995307
0.0944107950440047
0.125964319727603
0.126006314820719
0.126964057096193
0.125490818085457
0.191486774752155
0.232554127239185
0.230337402417029
0.433375713262269
0.892765375541529
0.572600706218666
0.57675769765932
0.567584454838812
0.203758850154957
0.202424632993388
0.274694178322914
0.267363357431911
0.266794715051642
0.267419709135859
0.0900768063576366
0.333794492233211
0.627787797656566
0.277138413391931
0.377630160736678
0.399190402128171
0.584214151594152
0.539592564653932
0.431622672176272
0.316207296483751
0.0714328670516402
0.056936522225718
0.0580008483231378
0.233136943202674
0.230240304047749
0.290540415264846
0.29324287426612
0.14348345365081
0.139951425954538
0.133465629365594
0.216212526213354
0.191444822126394
0.0628678565310728
0.0671692775229639
0.213425539755885
0.071118182331879
0.0689023268514287
0.0707495313889563
0.289882918115738
0.441474703107033
0.591045147832713
0.605215276894665
0.568841611075694
0.132955825974538
0.265888563361606
0.199877707679928
0.200091677785688
0.234567983957379
0.226710972604411
0.207748044264365
0.150099278932801
0.418738795604989
0.554169760779639
0.357467942235995
0.359130329221786
