2.95493523622277
2.98927848551437
2.0341330775177
1.91098655224
2.35245449230678
1.70277284317265
1.62049068933372
1.75540111439256
2.66567868268845
1.5880305556485
1.88380166669917
1.88109932096043
2.42800909748797
2.51953975688507
3.49217881287024
3.32466176361826
4.12340993564025
4.28927963063517
3.62828805937803
3.44637637255417
2.94225343959783
3.04991356662914
3.05982991128616
3.04045639070886
3.095233638025
3.13639039707941
3.11205032417833
3.11168308108898
3.13845407629745
2.99662874479288
2.99055982727368
3.11001552145034
2.51936732693186
2.46139695408121
2.32155439601806
2.79303668844993
2.79260121408807
2.79238452078257
2.78178486768148
2.2121513255928
3.35624057627481
2.7366170985444
3.24558837565899
2.66256332235373
3.47520366849136
3.45303622957851
3.44368847640137
2.5637344681924
3.24964587809588
3.24403904441871
2.81883079769268
2.40928121754398
2.44462617562722
2.42653878349096
2.65475883789326
2.64090819614167
2.04760520943391
2.56529532208995
2.57128243312421
2.01556147353495
2.01001875920832
2.01195983561161
2.08532847520959
2.17721945203955
2.66204349529874
1.73700494584444
1.73307604973905
1.7347913472857
1.71229808648015
2.16999510374664
2.80104799705718
2.68154877195759
2.82435316016489
2.80979786483329
1.79263683898053
2.58538677218898
3.08777611605793
3.92195362352738
4.12146872587091
4.52774283084685
4.53390415763316
3.99822176839534
3.49969443602997
3.51500459611286
2.68029990953069
2.3814432536504
2.25160406725545
3.16487372676552
3.62936122714974
3.81851089346866
3.77467875979838
3.27333850320115
3.76992334016685
3.56833762572443
3.38026040209137
4.20120621410114
5.01658619430335
5.15163229847841
5.15939919132239
5.07216360704129
4.92894328146639
4.93778433227972
5.16550789146054
4.56932758606861
4.56553401482557
4.56937056448763
4.4935188120602
4.69531017142772
4.41483665930251
4.68104419413138
5.03371561465319
4.95939007730098
4.86266422987994
4.26440838615235
4.26484961647597
4.26485188972886
4.61779647014508
4.51126798534734
4.79074070685788
4.13049022027889
4.48366681835963
4.49469707168648
4.63305010697296
4.62881732498644
3.83092716189652
3.73388752496931
3.3090960360122
3.80879915858433
3.81556673470146
3.68295723405227
