2.89849048408333
3.05265610336859
2.85646315940059
3.44552456677589
3.44541407513678
3.43482036510631
3.3522493209498
3.37073149953992
3.37497653122134
1.64376045187087
1.61746818599726
1.15459668036923
1.26876113882759
1.11424637278122
1.12363995454554
0.952316613797132
0.720148445594866
1.36663499426453
1.36602659151749
1.74371401731098
1.74411269487399
2.52263876154348
2.14062882971329
2.13646517309016
1.76655634229951
1.51117833043553
1.38616540052327
1.50045470616137
4.06308103218669
4.12957820032789
3.89831419464421
4.00628533199945
3.31931124803388
3.40001555949765
4.35783962113124
3.50974980020678
3.63840352663253
3.25036378997022
3.64532136762429
3.87194678018179
3.44572016099427
4.08810396558748
3.41246326477657
3.33711183986295
2.22065488596139
1.74356538124924
2.07300867317981
1.25607053325247
0.543898839928265
0.781576766882777
1.30078481177161
1.28149246203765
1.85816905894186
2.10654004030869
2.55325017050392
2.50535896236607
2.68903166717609
2.50579808115424
2.52582087043135
1.48118474458755
2.94932452245852
1.96888645439493
1.34396884832176
0.810702474381561
1.35495749001284
2.88759474660946
2.45268760845489
2.56156879112418
3.91161653838936
3.37249413074684
2.02279483821332
2.65172534751611
2.05397303023083
1.35818463132834
0.875786469678373
1.57819340063325
1.45192892161347
2.1505765691575
1.9517641932987
1.94901055789247
1.45742660817222
1.45983724718361
1.4787518427506
1.41452216544774
0.846434122051326
1.45122450232627
1.49248929656547
1.45987415942732
1.47288939973605
1.45727546655889
0.614224101185327
1.02101533983224
0.641127691551386
2.31539681827066
0.891718937491301
0.531795839155531
0.68006029385557
0.701283476757875
0.453474894460117
0.455360367369273
0.648704198625517
1.40467730038404
0.415888614355945
0.899934042105039
1.39243869785149
1.64034400754442
1.53138195473519
1.49078316072533
1.34273115705816
2.87994057858255
1.39435646729182
1.39730088311555
1.372289438838
1.40542851185333
1.18252296725757
0.591586266373946
0.426326705955185
0.532635287061943
0.349635023668681
0.349812484903805
0.303636646841683
0.172338491419547
0.422691527756341
0.515538639382234
0.514631087614923
0.558393388013912
0.885163470615803
0.637547240500924
0.638792779728036
0.641354411918664
