3.33276989404952
2.88759682950064
2.88749927136223
4.163703762272
4.16354882483721
4.18589736889987
3.44326752937319
3.86245011330574
3.85854090775822
3.86119792323516
4.28594657649767
4.75341350997943
4.73894249638956
3.55204726043701
3.41057568928962
3.41018528174482
3.4030894136271
3.39496724385045
3.40610435410063
3.41362375538371
3.6660540436239
3.66640994482681
3.66643846303711
3.66645169606104
3.66645142143196
4.2673993616812
4.26739612377937
4.26741981318818
4.26743113229102
4.39294171272461
4.39294289987262
4.39295089066544
4.39295179104177
4.39295190970868
4.69086381689809
4.30337459414856
4.30337464093391
2.85687180619311
2.85687145526954
1.80498584390588
1.8049858449466
1.19124885071402
1.19124884781447
3.27196311116214
3.95805823837781
4.32145350398417
4.3214535077773
4.32145350879734
4.32145351083079
4.34364600848205
4.34364600659192
4.59970760906913
4.59970763260083
4.10592510034986
4.10592511815721
4.63206363938037
4.63206363181523
4.63206361266028
4.63206361278932
4.62925062978555
3.50480527595778
3.50480523592926
3.50480514574254
3.04696027073074
2.19366076798582
0.817411137995601
0.907304937733864
2.41313765981832
2.32610548708638
2.50554114273695
2.47141395994509
2.70059583285553
3.3574975037846
3.42445008406005
3.89559590254309
3.49820346888626
2.72159292733968
1.90117102953507
2.41351725299945
2.71970445727388
2.84189310094254
2.7866059533844
2.68220583023258
3.35199336278974
3.05635513288941
3.52693109399079
3.56540138801267
3.49146923377122
2.52852483258595
2.54257941080298
2.5459966044711
2.545638739279
2.53944211814526
3.13120191679809
3.70839482035152
3.10333327281166
3.10765092835438
3.16028843288099
3.29816573846935
3.29705865278713
2.30876663609234
2.31011815499594
3.03127610754607
2.10620562303043
3.43460397398377
3.4318819286088
4.2202582068939
3.95333545781648
3.97489989925756
3.97547408817652
1.35914771118637
1.35893830142293
1.29918249249532
1.39258824950279
2.95692257248143
2.9567473630896
2.04123428740829
3.17839174955457
4.42432827800593
3.03250009805538
4.18694745749641
4.71734602986724
4.71705395157367
4.75211557153267
4.5875853284882
3.87464281185643
3.62513731247575
3.27096443213774
2.19787576924554
2.08784253763812
