2.28743051724639
2.28301666877174
2.39444033112794
2.55954461568433
2.56206769513816
2.56233658262574
2.56237787303021
2.56240594933599
2.56241486637078
2.56241681494134
2.54116636360099
2.13503558057737
1.40170286638337
1.40174701445032
0.601643777015873
1.22095667087242
1.22100447041407
2.09918103515964
2.0992620934806
2.09930902071837
1.54482771564027
1.54472288487689
1.54474763863003
1.54470810899053
1.5444917687447
1.54477926836473
1.44924930060286
1.29235228823097
0.841950421524191
1.11271921956543
1.1126576435521
0.582775414398101
0.906710698997138
3.01353385894723
3.01392899655396
2.19486998675149
2.19429172814289
2.19406706063582
2.19475939254663
2.19494786298385
2.19427830090038
2.19502081487751
2.27517701275184
2.27167639436062
3.32023097160618
3.34507155095993
3.2657351603581
3.10581911803629
3.10282421415898
3.1281017804601
3.05870792700342
2.30144350520437
2.33548602932758
2.29448690357108
2.35623388579573
2.23160258489232
2.23288575271193
3.27017410138112
3.26708273646428
3.27188198059404
3.2722304349424
3.27282736011529
2.79134072534358
3.67614925171231
4.26167485394875
3.38776890986468
4.11604847375381
3.61173716301301
3.62533675860421
3.61263892401255
3.97558522564509
3.83381861805403
3.66029322917702
3.65861525569542
3.59006099413236
3.58589236195141
3.74466594177955
2.371314638042
2.39526690183798
2.38452371722825
3.5380709266161
2.23602660729665
1.88126448323363
1.94000012435013
1.68796001877825
1.6777433618747
1.6621929997226
1.73220390530606
1.74274079460977
1.73632831438504
1.43883473016024
1.34191553880666
1.30103840178278
1.30166846512413
1.33316912433086
1.34913846020229
1.2792283222052
1.31649434438357
1.26716769483034
2.20493956621941
3.70262359064415
2.81053053910436
3.70568137542089
3.75133686925367
3.77636074571519
3.68028642288455
3.63746204468629
3.44304102921194
3.54362444387883
3.42495534652562
3.44435872478205
4.68058813679184
4.76203508998656
4.54108579313355
4.05150134902802
3.97600445093154
3.93559245041126
4.21624472727659
3.73428719924323
3.66674374297641
3.80095370698219
4.1298765781723
4.25727482316578
3.16732784799688
2.64618855819702
3.11669062391039
3.01841171772401
3.32169750119066
2.74533447126924
2.65061275607356
