0.717643179860326
0.830602526935997
0.242832654949076
0.226912706430668
0.227931667012526
0.090229187109252
0.1550298618601
0.153787984860566
0.153085560108881
0.256250048011093
0.275732156609902
0.275546664427134
0.221295377412436
0.213982363757505
0.213980933976096
0.419661876113357
0.289537180356029
0.431136672218592
0.305812801988466
0.305399208123955
0.56399143322292
0.740869736601777
0.610577389005498
0.248692437490565
0.248796873560339
0.165103984256577
0.0737095849634363
0.206686639131966
0.15550551740804
0.170897625242854
0.322221460956388
0.323015846955477
0.322102930744616
0.505586638680805
0.426852563321124
0.51178150134491
0.267883638829395
0.267903813402815
0.405886187795308
0.380803180593047
0.311937200804044
0.381835660765581
0.517900405899106
0.719526339769428
0.267365272932211
0.268188949516597
0.271745292688597
0.311722357284245
0.406036380742967
0.244349944799642
0.249621233885098
0.286935614070895
0.298763106599583
0.312656026724922
0.279003379827551
0.384954871329432
0.357503350094429
0.350363286503201
0.33394330691925
0.523578933718702
0.22224230204001
0.127370224388892
0.113045326459372
0.188309360648491
0.188167283766513
0.465882543524215
0.413841899939203
0.547316173925827
0.549008007909788
0.547627566023928
0.548109149294274
0.24372855744715
0.233450810597766
0.471831371127285
0.351971887323685
0.468394256804217
0.318814923289897
0.180118707019229
0.202383209443176
0.200163035799206
0.612055374949061
0.454823150981334
0.405440219393405
0.683497593821618
0.684754458880092
0.458912786274725
1.14922495987493
0.646552208305133
0.868346617932297
0.681285864681227
0.198630134442791
0.512209214972305
0.952762563712317
0.952725360281991
0.410450547376933
0.558190151190425
0.558189264575997
0.558350855600813
0.270193069619407
0.121006326003247
0.149615733519768
0.18899054181866
0.18914592756915
0.175548795189596
0.175627615205117
0.240303067589733
0.239230679005693
0.232130030065983
0.184997495853221
0.323864218052188
0.323200748123722
0.547290171622057
0.545552499598968
0.671333085028696
0.670346080933916
0.320438969406014
0.320994095611697
0.163933248960985
0.168856974473976
0.163823425254521
0.169373110948989
0.47733578526173
0.396345390129674
0.381346127464705
0.155634993260116
0.15499144760819
0.154870670397728
0.154942874707432
0.155407935910429
0.158853800120078
