1.07888799746432
1.04453764443372
1.02259895156248
1.00279442148967
1.00394989568807
1.00410052825402
1.00659564098698
1.00607360530664
1.00056042943761
1.00025283229526
1.00113887162645
1.0011196236891
1.0032314426237
1.0027790898091
1.00132717909635
1.00166736865668
1.00103616959047
1.00296492786077
1.01511414960916
1.02450795682382
1.12796306811051
1.06496662258086
1.12537262228888
1.1815554914038
1.15716274358536
1.16627037928631
1.432608724706
1.78640457830725
1.17444956209386
1.26072767807621
1.16068418904408
1.43919881202645
1.33420260235348
1.05904797988487
1.02677808245984
1.0539991624222
1.20008240272923
1.16668387843271
1.36238281898662
1.35914159392092
1.46568667308292
1.65048294921467
1.05622837194388
1.30917309822188
1.73617743409901
1.91067860421062
2.19918280229163
2.23789099357609
2.28375079565527
2.33585039050159
2.22856550836621
2.44695993436619
2.44830767404671
2.45978090321908
2.48544392841763
2.49348719132232
2.48744255534611
2.4628333969199
2.4566755397503
2.39653473869676
2.31683892334769
2.37592097903034
2.39516366459643
2.41105347174345
2.25870841232778
1.37989468471433
1.3437502413711
1.71697086353702
1.84303163902634
1.86510764296112
1.36737795346378
1.71433149466927
1.80989147238454
2.00981716896957
1.67482401430674
1.69851842890131
1.7161978721583
1.99304061215864
1.36565478853656
1.65140857844345
1.77977031900049
1.35447301883306
1.73766043295007
1.71907360626839
1.45543208583621
1.53418539885576
1.77812952879168
1.29362267579933
1.28947491771857
1.26596552403042
1.68706557180904
1.43210192447643
1.33072245583616
1.3037218007994
1.4281625291229
1.20651631117028
1.19785300112562
1.0592378945077
1.04122040502833
1.03079553780323
1.03819210703633
1.05323737598495
1.05219374756154
1.18543762264873
1.67370588832198
1.55058972381146
1.42037912773968
1.12385412733341
1.04711503649202
1.16804687261996
1.20375921077601
1.37537490351854
1.19045617756007
1.13871036759154
1.29926628082806
1.59499420020329
1.79763748529006
1.47028545315499
1.79495510473919
2.12062342814784
2.13469411722727
2.28309718710655
2.41297652864741
2.36805374481039
2.42944664205688
2.47816342046448
2.48869091005208
2.46435685644249
2.44138647939301
2.05071315348065
