4.90936859720111
4.40948931582333
4.21543082813496
4.55913752162408
4.35768739456846
5.0356058760583
3.75473432699607
3.71212047729009
4.82417528295983
3.47288976857774
5.53529253829161
5.22770240763119
6.78015238044101
4.98634632981935
4.24322275960978
4.90958719214444
4.0791678512116
4.05340597340775
5.22623441929
3.95962799346577
4.47863019188891
5.38554518586994
3.68347003563934
5.44402243838233
4.43120930638456
4.64996973020376
3.79224462531472
4.27936030549495
2.96527346455475
2.83857412507609
4.21090229545095
5.06474479124318
4.53474322127705
5.09896722150555
3.02436773841265
2.70926833938615
2.33991699055881
3.13147526279089
3.33793762214021
3.83279577588964
2.90130732489379
4.47571520130908
5.39675467952965
4.42610716474563
4.9198421354345
4.40517747419313
4.54215236312566
4.62763365545302
3.5998820295198
2.9656047688201
4.12780830059243
3.48015598693763
3.50291440114756
5.4069717273451
4.14528311551088
3.34670985914044
5.11886864067959
5.45887333331383
5.39490822566065
3.6020546375461
3.72504067056106
4.69156176421522
4.84193357241769
4.30889339993246
3.9683232914994
1.75628042242149
3.11078786014306
3.07400786817701
2.89053999770701
2.36389089074435
2.27161734700082
3.16129757401061
1.81395877702649
3.89136678247377
2.60585139122328
2.92964676639006
2.0912952985872
4.58557818030713
4.01994634244497
5.12703398330859
2.03418502332026
3.84311771096568
2.79007034434388
2.89887100299103
2.85530855584667
2.75824112086623
2.46372820067099
2.82125365206496
4.62487851467629
4.81827856597553
2.81899958506135
4.3818705728224
3.15707370884495
2.65123254820743
2.42909725499842
3.83319734811984
3.78561950577455
3.06870247416454
2.59336945851118
3.19589492318642
4.15779345210654
4.36558666191948
4.84348163510646
3.35263307058091
5.0029596818048
5.25801345443478
4.45549226511206
4.55484302111822
4.63000344692979
5.01720565907569
5.01560025615745
4.83114300323665
4.87254785458177
5.2882528632217
5.45810585787325
5.29577079138331
5.8738669500855
5.29367436277494
4.4902828563702
4.10848230567294
3.98298009650609
2.84186931923061
3.17332727745281
3.45399656458864
1.9807997616416
2.99114549823914
2.18060307073826
2.71028270806195
4.00349218521606
3.37871485854658
