2.39737952985507
2.27033585503244
2.33296876201574
2.22638831042765
1.97337559368992
1.96682918061042
2.07260875572353
1.54710419960251
1.95575934964806
2.34936913948113
2.30208016963151
2.18855025318986
2.13829882535691
2.15468110434539
1.74510079574639
1.75868369366661
2.13016024570462
2.28926961757551
2.18178414415201
1.71728645757416
1.64707998652177
1.70053594494228
1.74018585279295
2.22365709409813
2.36453156219811
2.32465216813157
2.04849366729566
2.24469605800029
1.97201595256243
2.26486631431741
2.27368993376686
2.1970990417737
2.34246075686087
2.16117630680644
2.27672018656558
2.42131732794844
2.40920903977028
2.1883238767885
1.76804794394238
1.52182346281781
2.05509295434425
2.09321360942154
2.26714050066329
1.7223035019899
1.46831680888333
1.77589835453082
1.56991835881552
1.63678122832187
1.50287841682248
1.62767166519238
1.58390892320413
2.26116042189537
2.31572632606507
1.83298563068999
2.35437483439398
2.40463396239678
2.39624764111814
2.37344229496007
2.4883734372191
2.46725715423066
2.43991106842454
2.46490676405084
2.47934009809413
2.49077301065524
2.45330302521868
2.48827798713904
2.48383042303253
2.49386515187821
2.47537598286627
2.45007200567669
2.42070681521071
2.46395862677844
2.47006942877531
2.49012419336051
2.48302389157227
2.47933039066771
2.44006921504376
2.39210505562434
2.46509268488813
2.46516653456622
2.39787427668125
2.47920451667112
2.47401237019017
2.4990860497789
2.49946333783799
2.49761155192344
2.49908291066986
2.49772097794377
2.49938718123151
2.49951622016936
2.49994915006473
2.49996039411744
2.49975821366425
2.49973535837481
2.49986684145685
2.49982851503933
2.49978816595373
2.49894807624495
2.49931197317112
2.49974272254603
2.49927426740405
2.49986641832001
2.4999685470188
2.49994646591099
2.49993345373595
2.49993154369291
2.49978184539706
2.49943005022412
2.4999265716162
2.4999884591276
2.49998780333865
2.49999729969926
2.49999881496729
2.49999905369979
2.49999946548965
2.49999191046381
2.49999626388921
2.49999822392845
2.49999695201342
2.49999157940772
2.49995883552469
2.49997728602429
2.499966788615
2.49991385203061
2.49991715550112
2.49986230931882
2.49978943281334
2.49988522265449
2.49993055770786
2.49976143421107
