0.826271351956128
1.00834444945364
1.06854677994554
0.954911517405897
1.46445264830154
1.45180055439659
1.41501858384337
0.665288843448546
0.6790279914159
0.56390043484544
0.558127614460448
0.593971510054376
0.520040735097783
1.41531167137139
2.29259068703481
1.6913919060338
1.08078171333585
1.08367775285851
0.609688460394412
0.614242621108414
1.3041562555756
1.333994389229
1.61741215036549
1.52680224334874
0.396323954106204
0.367035362233176
0.361242538030961
0.308723581624855
0.285867198533858
0.310971926520034
0.400543450516806
0.695834880341705
0.215333395360546
0.43195261682062
0.377873481723669
1.01873937165446
1.30701321324045
0.828600350797625
0.831469648369563
0.827873732396587
0.872853559923755
0.397428341930505
0.36333285527526
0.568518533454231
0.624671036863447
1.21458338656281
1.20757267166615
1.20069782963201
0.580389284990863
0.422439576938473
0.702059062899436
0.866322644990119
0.889959249585406
1.26738551613469
1.08347651585455
1.57392826405471
0.657644935931877
1.27555964542389
1.4030825045648
1.31987123197896
0.332232461607253
0.307122778928471
1.70113346774408
1.49329000027675
2.46230400013769
1.12047156214003
1.12154383757289
1.08440266620085
1.12981791946421
1.13083066236761
1.12974380593349
0.779680690596657
0.748233777008295
0.720379458879827
0.759290598279726
0.994604166370262
0.59121396748772
0.569116170591215
0.55286656324346
0.549039989299967
0.543070734886994
0.56312423373781
0.837027970905209
1.28045625329862
1.50130690499941
1.55870926062949
1.83582294247172
0.823780636189231
0.779149526972439
0.415361834109307
1.13831529956851
1.1050583724262
1.63777447255259
1.89494410518255
2.78359077196688
2.84350473143097
1.12636339323673
1.77750628226254
1.73646586544147
1.02263003994263
0.83005661574099
0.511278335062716
0.78093953421989
0.781028928619284
1.08587906440134
1.08565401755587
2.3473633470802
0.894725908899988
0.585809755999521
1.55596734823228
1.55588180552515
2.13228843190494
0.874953793656967
0.603030022249634
1.06485589319469
1.14369489941464
0.584413689403647
1.09906322152708
1.10368984665558
1.10198398706598
1.28468895335955
1.30949103625497
1.59043901597153
1.29411929984351
1.30905340964697
1.58125888075403
1.54884900070144
1.89660324065954
1.55022038852368
1.58351409011616
