1.0001593186211
1.00005634198412
1.000060177095
1.00003660058366
1.00010032376044
1.00011105362113
1.00004574649882
1.00001575952012
1.00000109875278
1.00000333891132
1.00000065411845
1.00000035133701
1.00000125058229
1.00000070413324
1.00000117674401
1.00000053679212
1.0000003497308
1.00000167987817
1.00000154720731
1.00000557370141
1.00004448079017
1.0000465147785
1.00004684108315
1.00001110081837
1.0000068542444
1.00001091200787
1.00003609662535
1.00006841084745
1.00012879104617
1.0005572704471
1.00198214188323
1.0024183143111
1.00689783431037
1.07583913940302
1.01867147049501
1.12463860514434
1.16212426824452
1.24493105165563
1.2051995426906
1.0975230615317
1.11838126774131
1.20149877685126
1.53246188524521
1.59628621829642
1.52146713203493
1.28285466720254
1.55458801326551
1.22244411820819
1.13586374349541
1.06992722144072
1.07516239076267
1.20361826837533
1.38884258400243
1.0800779807028
1.04577313120341
1.03446139692295
1.01673258815294
1.00707065750368
1.00111246085331
1.00228506623978
1.02396753313274
1.03363277203417
1.01483410716694
1.0109445845177
1.01178939384456
2.44416685708088
2.41827900231016
2.42463642168275
2.45841332738867
2.4795451827189
2.467060724624
2.481235705559
2.49372572699664
2.49588018657688
2.48875900474631
2.47030594866821
2.48705873860978
2.4940229203894
2.49931697895937
2.49949688954137
2.49972525405821
2.49994377292812
2.49980621114605
2.4999353171516
2.49997445855699
2.49994917046126
2.49987591678045
2.49989866816148
2.49995288398209
2.49990193315346
2.49994542616183
2.49988306323216
2.49985439575224
2.49988288918857
2.49991626202766
2.4999313131002
2.49975109479069
2.49942334200537
2.49929945188747
2.49980607157256
2.49975492592985
2.4997748707275
2.49976677215242
2.49995992913646
2.4999555976016
2.49990419258523
2.49968171554042
2.4998879538623
2.49994146691211
2.49997240660744
2.4998954364424
2.49996997055503
2.49999005203714
2.49999156456667
2.49999787052242
2.49999244623474
2.49999204447677
2.49998793691542
2.49998807546356
2.49997641958603
2.49999256753887
2.49998940653631
2.49997755087601
2.49998498344205
2.49999370906031
2.49998754089063
2.49998851056984
2.49997239327412
2.49998638018114
2.49998582258021
