4.29111677870163
4.29111312203776
4.29109691637781
4.7325631811371
4.92907418579423
3.87309477689932
5.6034848288948
5.29233901180247
5.29234929714158
5.29234778268055
5.29231198613456
5.29233399896703
5.29234828854563
5.29233420226614
5.29235504386284
5.60033435250654
4.97511804599333
4.45283949830086
5.55548888501599
5.55576713758616
4.01651110232372
3.9884172690273
3.98839614468575
3.98832421552726
3.98832901890332
3.98814227806307
3.98731448601125
3.9865420908001
3.98641591806402
3.98676233765349
1.78945732173667
1.78948685640575
3.91178911785314
3.67334611772776
3.67333323854234
4.8255217163892
4.42332388866006
3.01476814191515
3.01431272744208
3.03577266821034
4.65576700682434
4.65639875062342
4.49039398085864
3.83626269413135
4.95992090882846
4.95371629541515
5.22947933094071
3.17948486973486
3.18048004943808
3.47253969053579
1.25548880679112
1.25314068368573
2.51219468510593
1.29559082264306
2.6347358620457
3.43171493737237
5.89951573527322
5.11984299853426
4.73927804640307
4.36893450819871
4.29263498721242
4.74618842343251
5.67608047676027
5.93454571928013
5.92363457647141
1.77190220658932
1.77291692520872
1.54534304245302
4.04695859642986
4.07827033717461
4.41669678797423
4.38816754144826
4.40215619638797
4.44880327044078
4.46567835043324
4.5296016713052
4.51968698340831
4.33294543503435
4.44661185746609
4.61784269272685
4.44877268402259
2.26862579727235
1.98001891877192
1.59602594685121
2.33815369683048
2.41918101522155
2.59233887199523
2.6013887427746
2.60833581867517
3.1302182393905
1.52782609108642
1.52195913021204
1.06768298471901
3.58476596511115
3.60678358299473
3.61393717024771
3.60974481547086
4.10890212866165
3.601091293493
3.27364238341535
3.32828488155439
1.44809454501955
1.47310493083122
4.80601040689601
4.76681017114868
5.31874379217927
5.05829357238373
4.85714896187514
4.92100949245625
4.60534516962686
5.3263492290882
5.44644997463154
5.04019970394809
4.48130165289151
4.43941414923708
4.27264024471742
4.53136637719858
4.46011032563775
3.59608467775709
2.54634532769565
2.70462266774436
4.65540935295053
3.50502337842974
3.26636359128693
3.66734668606123
3.81950079964901
5.75748712594267
5.55998023264387
5.86817564090074
5.97795337739053
