3.15567473365991
1.71685766794965
1.70278553834802
2.97994378182142
2.93207737018203
4.21515790360024
3.4784603934017
3.45722381833606
2.41618317810964
2.6971000846532
2.79995729395463
2.83509440542931
1.11784731863747
1.11814075573806
2.49345016285925
2.46630834971895
2.52492183548426
2.43750498266859
2.49975801950455
2.43470919624362
1.29335037438219
0.822195132601107
0.854427364270426
0.77400417754938
1.76676699820956
4.28341860723623
2.61814569988832
1.83819236262873
2.24854162014559
2.4610585334071
1.11797960155382
0.880900047519997
2.62740008412163
2.6239650597326
2.81232973951613
2.77800516265263
2.84592683449069
2.8094090574151
2.02643811023871
2.8378181335777
3.56620893246711
3.10548819797867
3.26206165324902
2.11893392572565
1.82414437702969
1.82044240069593
2.25789791660888
2.25843513950363
2.22509331651369
2.73909948769795
2.7365863406958
3.32218249933595
3.15412781095858
2.73801802963947
1.6876663183298
2.65883968279684
2.7299643261083
3.4528540477126
1.90361188543732
1.32064603098669
2.07088006855811
1.44051975362493
1.43100360209952
1.24682956777847
0.993743097213626
2.85549365013343
1.7882745400017
1.83952422049999
2.05975287913612
2.06071571595161
2.66616037254048
2.65728188270949
2.6588996422451
2.62672340089113
2.68188958212404
1.59166061239263
1.29110057938596
1.92056092978243
2.45169269154374
1.0782872482872
1.09268705948011
1.0669042757457
1.2728378600162
1.2812684723415
1.33284076761704
1.39682393060553
2.12893456512777
1.58245935429163
1.7620538845597
1.82255084268333
1.44518688714764
1.82279385934347
2.07587511821462
2.19671356631586
2.18739296207364
2.20463623706546
2.21257926360132
2.14057361900978
2.11144078292756
1.97317166659994
2.05553337751589
2.01568137953139
1.77988641514628
2.65429333147878
3.4615972380812
3.89767956689784
3.6671413695389
3.15774808680165
1.7956039231242
1.74561764685728
1.87643058920306
1.88263170872436
1.88195627559469
1.88982274846964
2.07100705930728
2.54566371659822
3.4630670798824
3.46840199533311
3.5254804880659
2.6931728094949
2.29940663850965
2.30276030590355
2.04116771597599
1.98589973932974
1.98917102737769
2.00648630742875
2.36178366296914
2.36471484683361
2.42680733102186
2.41861700318563
