1.29393040048881
1.29231654596564
1.29613975468484
1.30833699808743
1.34417236387487
0.276849042194987
0.252366088295927
0.145380891184022
0.153591887757018
0.334854927753027
0.950212601097418
0.437268707936375
1.34489647228989
0.913820344002242
0.908054609173613
0.936879495223026
0.905765779422169
0.202537560898161
0.185122163066342
0.186669820076556
0.200970083130576
0.391420186499436
0.135985435389397
0.136681993335647
0.131650087425853
0.13775043967637
0.291584628539321
0.291448403047572
0.366754666138948
0.36040991576889
0.364658282930996
0.185114737168995
0.192541588606672
0.196249703467905
0.195262685335406
0.127640176836792
0.111164108407406
0.107775216781388
0.111539305518671
0.107537919523555
0.324129032867612
0.337914270804125
0.33997846137379
0.287456282214643
0.0337593330905219
0.0321657556806493
0.033534489866831
0.0337367279218576
0.227924588290671
0.064506970549845
0.0625163313750191
0.0715474017475101
0.687121939915847
0.694953831597423
0.0439634290977595
0.348618768889336
0.289986608045526
0.173047484254125
0.159476218462856
0.266801239444973
0.20335909811273
0.201066689094206
0.524261308189207
0.936706955497445
1.23880165591105
0.714484078207529
0.715041474613184
0.201589392092204
0.426270550822673
0.426685667181033
0.428179166042801
1.6030075750708
1.11609130815775
1.11488312726942
0.981241978472208
1.07571474243814
1.07880244352124
0.466961392791359
0.469195236064977
0.837618634300491
0.830207259772083
0.82595314305623
0.817209522998572
0.821760336764033
0.821779335965881
0.81969083092143
1.36915298910365
1.36314075302632
1.36061181419974
1.15488497495054
1.17517376317103
1.17306744602076
1.1916549163027
0.36332013801132
0.399815267709945
0.410963971332991
0.632428984399534
0.632816415858788
0.469224785337036
0.473060813948437
0.448685153847959
0.102173469538015
0.101545052700932
1.30442358395429
1.01831544871812
1.00719835404366
0.78866755629733
0.784750703090378
0.904943665799292
0.155930640162747
0.155994837227632
0.0958410264314289
0.0452808877443885
0.0456479103447742
0.0808559239578725
0.076176302226971
0.0441866023428148
0.0393760735527793
0.0432679841932962
0.0438898911063651
0.382862029536096
0.206408427365099
0.205053212965238
0.204930803927313
0.204748910412363
0.218117147503774
0.218261533189271
0.132486992991398
0.108093396875841
0.145981955482789
