0.499300127056225
0.715189117873312
0.677752783440961
0.465723290016439
0.496071451008462
0.346737030886015
0.112364932015985
0.161121704253799
0.455831525246351
0.939794177844984
1.27381553093306
1.22121707552061
1.74836659203244
1.76975048702625
1.36403324923676
1.8185650457591
1.18175874384832
0.982145634020264
0.390283479928901
0.600304819947604
0.443550710950536
0.900068179777199
0.506758169346999
0.437110087311158
1.11753766831073
0.701198161028809
0.795736550228803
0.473552363775227
0.828645854381862
0.980842985918547
0.695961057044231
0.701374976090128
0.338626644386067
0.219700341831626
0.10894396522981
0.166071161495226
0.142640848553938
0.711484709532508
2.2842713509663
1.82779468946137
0.633041324810255
0.537120053749201
0.185547516451431
0.221205846736248
1.15233434865194
1.45779380688459
2.30059138751697
1.68089799818474
1.44784053086875
1.76511673699332
1.50822527236876
1.59012095077375
1.47876300865422
2.01551664035807
0.726648709969851
0.231182564616921
0.0736252940409019
0.668278569858331
0.252199675541196
0.355833456545415
0.276690231391038
1.32246653323558
0.132557397535932
1.22917756960799
3.25199352827171
1.96582898229377
1.76375420713086
1.2098035155029
2.20795031823038
2.26541869517972
2.52981710028943
3.11895122027312
2.82112954579488
1.60315169079328
2.03162169215733
2.3767999508434
1.79452697208009
0.737487818996944
0.371532782645315
0.83607290288806
0.821876690134163
0.529224415466202
0.486643091607594
0.621258118773297
1.17174066117403
1.30644141921753
0.462571575266224
0.353636865648663
0.35859047873033
0.247057905333618
0.38385728741057
0.990398065377435
2.04127300418062
1.23004819028536
1.33794689402347
1.85292597710684
1.63544479748513
1.52949494065135
0.651584439128987
0.212185333407431
0.399749333057449
0.483445148187041
0.462705092197182
0.492568457635647
0.527934951101072
0.210540135813493
0.36492214224041
0.215903676724409
0.788599104217606
0.842658525579782
2.47275376234578
0.892161728160851
2.45471209589095
1.96090181991757
1.74263936929274
0.928376791122963
1.07410887737214
2.40534017434471
1.84150558905805
1.35867009577401
1.8568564805621
2.17287243391265
1.27206385081831
0.690647104353308
0.728926894999763
1.88719163806435
0.93871242508299
0.602637643235552
0.461005265322409
0.609191128788805
