0.482098670547913
0.482098566304556
0.482097836697566
0.221577013195269
0.221577159672033
0.363019146761026
0.363018922827377
0.453648089209863
0.497848494641271
0.247145184276024
0.194350887922619
0.194349460028064
0.224753078538004
0.224753126410248
0.414765415944388
0.843822270951098
0.843822448786135
0.671115097479272
0.671114786127308
3.79435521897883
1.57747004699399
1.58509747437652
1.23590525300572
0.875061540575692
1.29337520565397
0.463863851906369
0.68751324013064
0.687508498912512
0.687448306576528
0.205660284427426
0.433827677201484
0.457121264044179
0.900244182183195
0.900252473373893
0.360120395385306
0.306525519210488
0.306456591408835
0.144319899259695
0.144329928650019
0.243019414590943
0.238598147583369
0.4418572098542
0.586658641848935
0.211701512247509
0.260202741743689
0.727106591772701
0.679607283788533
0.315730670530553
0.14985576462285
0.146620347916916
0.183335932360179
0.186329482458255
0.285494979897314
0.281851531975778
0.26431792313741
0.190232297551308
0.185041104240953
0.274441024623871
0.73089435124373
1.25091969958327
0.132558321021885
0.131538423361864
0.213278770059612
0.489912954476709
0.327054572286212
1.87371739457908
1.87386795972122
1.87452401016361
1.54883068907637
1.54822117372318
0.77490428918082
0.760360463944037
0.767027082792192
1.08134822796495
1.84536187338024
1.84292160286219
1.85995674515541
1.98610855116091
1.89474109037127
1.38973065803132
1.09469522423349
1.093976625593
1.30515546496795
1.30429535100763
1.28818374844281
0.790338075056967
0.674662730971598
0.675615031130456
0.383284087742063
1.27995424038802
0.505513194991212
1.27195957740097
0.465615868319111
0.982067575094519
0.98165675899015
0.235926572687992
0.265101868870834
1.02201653347347
1.0199034992186
0.699436161085642
0.700110085968548
1.19199182553828
1.6898670500904
1.71481705994836
0.967183113899639
1.52242658404763
1.27537021023384
1.07067180164039
1.07069873401545
1.07077837512274
1.29099888338285
0.917385541412818
1.35545195762025
1.35614943839235
0.430231665057813
1.12409622900808
0.573727030459077
0.41143476701562
0.575378935357364
1.04272006327363
1.03850000103316
2.18033249017858
2.18470874434704
1.30470824008386
0.51770163003405
0.515725279751721
0.854228437756932
0.868973910183231
0.882420002389573
0.631392992311978
