3.32989054072067
4.90720380590662
5.75502987722437
4.73694855585507
4.07992131123902
4.48281738684011
3.31173659371834
2.97100482200112
2.92076367895314
5.13727134011678
4.77895637089184
4.46025445193298
3.44514669444578
3.12067876375483
4.43291401624052
5.11549253983251
3.80618770926801
2.95989142510449
4.5475691643407
3.51843417524895
3.61131108090701
4.5289849092596
4.77038500234896
4.56606672781999
4.97555457974649
4.15811989024241
3.55824545747359
5.17864773546466
4.89094546825786
3.81688503945889
5.70072791321685
4.27196400139934
6.06930999818858
5.59879192280911
5.95492275360272
5.72180422784945
5.49033126551607
4.39342790242982
4.25825684160895
3.52601113237927
3.91670157067335
5.09237293528008
5.42336383164802
5.0567697098262
3.95714209212858
3.70045712991949
5.40338178226782
4.06013341085651
4.67563317830947
4.79020281747978
5.32200320877547
4.8106955500241
5.08979494082211
5.36853502314643
4.82831834264442
4.34405154235666
3.01939512298027
3.2159839591789
4.85182999592918
4.18829853249653
5.06121312357354
4.68668470878968
4.34186323112304
5.59188377629886
4.0695290826962
3.90273773961347
3.70518343671178
5.96764873839406
5.07967649974974
3.52990694253563
3.94033362470174
2.96544503421769
4.52328803974884
2.45463906488654
2.65005555029731
2.73694592543671
2.94133529527267
5.32844838140192
3.46328358758805
3.50698491836335
5.1298873849597
4.58054090984136
5.33360862280603
4.72954921555654
5.38981869495111
3.50284274330543
3.83995362206956
3.94031490674751
5.95478290295167
4.6801286837248
4.79956452899243
4.59539200793453
3.21264926194364
3.25810970624815
3.50856655195104
4.4785004737543
3.97212089837783
3.45250096031986
3.78286568812693
3.7042683623414
3.56725245324328
4.85987712916189
4.06381837371223
3.10082239853296
2.91045115130759
2.01442211584366
2.31410759919053
6.33454442285888
4.23846289734591
4.01486219665088
5.50451594935971
3.29742106198758
5.35076363597732
5.15933757476129
4.47246646204066
4.7467381748612
4.32538602324002
3.79024704633984
4.93240753266746
4.93986513606353
4.31347659659498
4.12341575699984
3.85200883603085
3.34517186014002
3.6837883193889
4.02922774581626
2.9907223263584
5.14827575722024
2.45342802477423
1.89027472706761
