1.00011139528861
1.00028617685624
1.00006374416261
1.0001847674994
1.00057509570504
1.00105942393488
1.00334042275122
1.00289642593191
1.02080311798539
1.02042893526285
1.01016275466471
1.00344647280551
1.00411445901931
1.00354706793477
1.00280999608449
1.00188893484102
1.00642120383234
1.00441345202931
1.01223115599738
1.04386977202418
1.17483817540318
1.17692182410914
1.40035810614873
1.11501244714888
1.26492658141285
1.15011999920086
1.10479753207692
1.15696691153341
1.33019775144299
1.54104182132519
1.4820233070064
1.25768595998047
1.3328176263522
1.5224690164098
1.43746647756493
1.22856210987374
1.38269357445314
1.35579946543385
1.04494842966219
1.09122891051905
1.0801435025407
1.1682346990935
1.05977297092093
1.01299366234701
1.00369504281615
1.00229257402311
1.00635962771452
1.02214098299098
1.03040339470885
1.15877414869739
1.10791046705271
1.17271679493051
1.0334545369565
1.01086949655207
1.01847599924874
1.00272919041074
1.01158538162016
1.00782991877386
1.02210409358022
1.01374962351145
1.00632725331165
1.04118086194535
1.09501398489008
1.01906539626152
1.00510745593555
1.01350637487819
1.09376917008161
1.49904236710649
1.44213620843831
1.04415508314628
1.04255916783724
1.1324026177909
1.17195270681227
1.13393312075715
1.22045386821576
1.19086181120634
1.36351149291571
1.29224403293082
1.40754461805174
1.17635395790083
1.0954548342139
1.18047975902045
1.07317191387317
1.0432909207037
1.05640716966263
1.09597011709532
1.11050861985722
1.08188838485176
1.09895884429096
1.13447591746932
1.13090491297377
1.38520271374726
1.26044737562567
1.69564444414493
1.96882305287772
1.33837183655727
1.50313904173895
1.28193484358782
1.11411226167407
1.09905462885602
1.26394776842473
1.26761408895881
1.26804424684204
1.12219467458519
1.1439273943351
1.15118370159198
1.13091196453344
1.17006521543802
1.44592775650878
1.19546334474689
1.07211383816922
1.02102502779247
1.10763975476932
1.05330258479511
1.01037424949368
1.00587246881751
1.00650486424489
1.01735829242255
1.03141053950073
1.03752405109709
1.12322446408621
1.04766004853511
1.06971169660745
1.15505152093624
1.3656268534355
1.14533402257282
1.12044270965486
1.22340978175001
1.1663376253189
1.26814236234251
