0.0940656207206744
0.246380353522491
0.247001096477062
0.247025385366835
0.247253623124311
0.27866314522771
0.311297741401991
0.122297134584737
0.122357284689042
0.0656685107285449
0.074063987367956
0.0740634575576742
0.263675203105596
0.201664268889903
0.0492263991178481
0.111082674031156
0.162814007956512
0.129403557407997
0.0885419094298707
0.0885406226963191
0.0884947454604065
0.0885863155667412
0.0886005749378047
0.137317790340341
0.0488285301950086
0.0488348083928859
0.169156575559658
0.083625667589161
0.0836282747309968
0.064430992294456
0.0382600300110061
0.0275168042445329
0.0804995341347589
0.181959681805842
0.279842448673275
0.283767541573583
0.157777117905993
0.11555985122797
0.403752909903393
0.162428128371015
0.242306005251368
0.242384734512205
0.242407157864848
0.242133942851273
0.0830899159977196
0.0746896436075975
0.0705053102872941
0.0649352232586596
0.182820358567339
0.182515420233125
0.184057608073811
0.16502099398384
0.163752464248241
0.313156738665513
0.135769122760334
0.138514377674755
0.200795812870219
0.480658922234463
0.334287720251471
0.332239103436225
0.340243866284721
0.341659812672477
0.0668604304645769
0.134445929819161
0.134506665276729
0.453329585841041
0.323622143533444
0.384604663203619
0.382451492658504
0.282809375871976
0.306997277210486
0.217719781524139
0.226873313072107
0.265185986019553
0.50628027075122
0.954982121148046
0.713290246669559
0.517306690350385
0.46162646059917
0.369280205360065
0.143542719654646
0.145703778287431
0.140370396952006
0.307988384080552
0.311544690349963
0.310084519369994
0.31127373486119
0.351660269323937
0.348607710009525
0.349887090188506
0.352804841913696
0.52350146792381
0.271963190119275
0.273571459012052
0.100196633172063
0.289263219597264
0.290431229129203
0.197842013014493
0.276977746582762
0.265727018859265
0.364058658764836
0.232036981044985
0.259777480128786
0.119572286003615
0.108877536030535
0.110823124019248
0.107558428541279
0.109323611649899
0.186383477558486
0.188298487243421
0.188831443878022
0.209205918479414
0.211860077398348
0.165441239090399
0.133200682542234
0.0775459928047186
0.0778046753171161
0.0568032198489789
0.0564460737147096
0.116118991136688
0.116231960830776
0.0708409078953183
0.0731256071883376
0.0730502297890866
0.0729670340117593
0.0576989254375412
0.130403994393214
0.193061653739263
0.192919410229845
0.289437841517353
