1.71341609401482
1.69829315102447
1.01509584477634
0.367320844386818
0.381576271779285
0.17074350619835
0.182724569232317
0.273830819124514
0.780655202411185
0.912001143303356
1.52680054151079
2.01690024315829
0.729860446541762
0.939844451565586
0.695675956015848
2.52329458195331
3.30773532961542
3.04539216833614
1.06240633199744
0.669830570873561
3.30609868164787
2.19766544445093
1.38936197599118
1.31232499292205
0.438533739474093
0.697773372383989
0.824817725160902
0.614151339286706
0.588614477397986
0.843257971540532
1.19702085123204
1.14505961478445
0.813439020069485
0.352507710683189
0.947149983529027
0.870759752829551
0.747813172029692
2.02815016082488
2.01755581574563
2.9382033789593
2.16832637889803
2.29155734155918
2.87701593549118
2.01399677159342
1.77340253662558
1.25422365654043
1.9419890822806
0.979803667976015
1.4837859445832
1.24901711625778
2.14640332448499
2.17056081053251
2.02323516971922
0.847213542428028
1.15345468181222
1.12291495986067
0.601596115099605
0.567244091593768
0.532987187660255
0.485711813029607
0.485936176321723
0.508325343524035
0.0453416946781029
0.043365955403853
0.0372675700417906
3.02172380546474
4.31417855696317
4.54653936416429
3.39711253717205
3.35492654624839
3.40278569606407
1.848801337935
1.22175974638103
1.29194801589813
0.409549075307709
0.794996586432259
0.668957826298099
0.223084733476994
0.779825266392314
0.692968839755857
0.270264922487479
0.314292475239528
0.30678741130602
0.756144407347532
0.632662008788323
0.443066972804513
1.13216772485586
0.983650999426128
1.64519887525275
1.81206740717983
2.61856669524753
1.5026009958808
1.50898450713695
0.810243486608383
0.819407823234307
1.65034540239152
1.21366411811164
1.91667376474859
1.34851546032264
0.275351007860082
2.25683818329326
2.27252711889096
1.3899403071559
1.25986129098612
0.90286405246338
0.815730387601708
0.767563133746437
2.03059750256666
1.35433834295744
1.37956590154813
1.01170564704225
1.18213247975274
2.48141822300522
1.61135878853309
1.0666554009542
1.30681790302673
1.09205359747401
1.69868870745014
2.37805159323754
2.86426911911742
0.600546539189925
2.57826311864046
1.3171493074164
0.707334948331783
0.439057787050034
0.316303348589244
0.264810099292196
0.753811401986404
0.380539139683411
0.388971211311242
