4.27359949356517
4.78519670431972
4.76472446561196
4.76470644141694
5.02111705745322
4.54467017125211
5.01790708380918
5.01793215569898
5.09318690191018
4.71482528636079
4.33935386435488
4.78118174337616
4.61137874695821
4.06165797387354
4.67618294331277
4.67618261047397
4.6761808027155
4.99182929226707
4.99177134284282
4.99181950092832
4.58777051837452
5.04508463174904
4.20334514623881
4.3396854255279
3.86863589952882
3.579663336604
3.46993238998859
3.57791652722121
3.1651628300021
0.872562594315356
1.26575464730165
0.575237247743376
0.719974521838515
0.706448235205906
1.80253024339659
1.08897095442033
1.21780868837368
2.6511357674439
2.65867395692386
3.40754962594132
3.44093618745616
3.44528616892502
3.55923963948767
4.57390549162893
4.57392297307264
4.32148597330836
4.02176866922529
4.02177246644683
5.05062345815534
5.05054048481775
5.14920294450735
5.35765372616984
5.0845516078511
5.08452857439778
5.20298581734777
5.20336914440826
5.12115090874439
4.82505119396749
5.38477197824103
5.38238245808975
5.40435422515437
5.51717585354861
5.4733415774594
5.1834890780465
5.1841324279586
2.59884516067728
2.59881882635789
2.59923066914387
2.59926780769349
2.59924743619543
3.36874525861848
3.74816663714909
3.74181044577128
3.45343456945578
3.50098570641763
3.47792951601751
3.38501416025056
3.7798548959683
3.75237824470439
3.71124267977143
3.68742964878582
3.32590399342939
3.55527377866677
3.21227173434702
3.09377438957086
3.16623583247532
3.71528588682139
2.66634869715483
3.54867976562083
3.40663825487712
3.73235308802572
3.79640122794402
3.67537884570882
3.50407567745883
3.55609022579895
3.79264255095247
3.70896632905125
3.27793017369424
3.25795694081787
3.11791658011507
3.4814806767764
3.55340097640259
3.55034567492671
3.38328986350732
3.76302187895668
3.76467682781474
3.76591836736852
3.76391981437948
3.43588568800324
3.43715239548703
3.37099713467111
3.44165545859649
2.14386474858468
3.25676598957491
3.2032723367339
3.20313024413809
3.08469038525769
3.08463951349728
2.95455110241111
2.9550682609586
3.37899452712877
3.49121736397209
2.39306515987635
2.39169578821671
3.2948524025116
3.39081811229576
3.39053857982598
3.47215288580689
3.57926216043503
3.47888237663257
