2.10264651245227
2.31419933955202
2.33387793409989
2.3785424195302
2.45172384277741
2.48038346077668
2.48311598263583
2.41882566215408
2.45550867802906
2.47119749902891
2.46500415866513
2.34175432846948
2.18694274376383
2.47490188595904
2.47525698540818
2.46469235880781
2.22216439962102
2.43356372544731
2.46312405151804
2.48086196825378
2.4943426379577
2.49855884077997
2.49780380643306
2.48884210009106
2.49671718480986
2.49664683006551
2.48850371570927
2.48522512801611
2.49167740330434
2.47873618046868
2.42074499485216
2.40309180594712
2.45681594841197
2.48565169234895
2.48618056204474
2.49361064602061
2.48241396991973
2.48763534842791
2.49263669724468
2.49329232311799
2.49773927435559
2.4778155635631
2.42166587263217
2.47064408198744
2.48304891212071
2.46018507060846
2.47009537732876
2.48753255103234
2.47093257565391
2.46409311992528
2.46280830472162
2.4866894179026
2.49647320939303
2.49942892259066
2.4985090168563
2.4996887363909
2.49878121221999
2.49830199964187
2.49515500491785
2.4772352138277
2.47521678927692
2.49416532141696
2.49914533148428
2.49744031682977
2.49586328715904
2.17712790031585
2.40364976635671
2.43008036522324
2.41858331914951
2.48550010595176
2.43299519865769
2.32993918230193
1.91511183188485
1.65390411909396
2.0303314322417
2.20604312705693
1.90383422975189
2.04456746814244
2.30596374769838
2.45912188281609
2.35978208142714
2.2759227138077
2.25958737575555
2.36661346651416
2.30555064659642
2.44819162039001
2.33112062086597
2.28009293962969
2.09381030472642
1.86552041224915
2.16799206638598
1.86127980533508
2.03233264573571
1.95940366450678
2.40221208404827
2.48032133445666
2.4686774099244
2.43205303648332
2.45179055085554
2.47974351603762
2.44879915308761
2.42564886431898
2.2940894129517
2.07586993891233
2.20112595320988
2.26680955495418
2.2689749072879
2.37806615746015
2.40692982489103
2.39481693954162
2.31128854620803
2.29280158295638
1.96857670031766
2.08621184330868
2.42287630525072
2.40653742705547
2.37325043498938
2.31955374262639
2.31834268869677
2.4365512597111
2.44511572321292
2.44704992687287
2.40032120660293
2.46398607700939
2.44862306452734
2.46499638503751
2.25584210532179
2.3778397652181
2.47071186485355
2.49404144489429
