2.89773830293572
2.95896506594607
1.79142004559305
1.8112318342208
2.72415988349252
2.84006632831009
2.77323793201899
2.80937665549534
2.00649100694936
2.20886800938147
1.08444637079156
0.650160282273502
0.607243963986486
0.649511390152577
0.641275992129919
0.638863684954979
0.882065645569343
0.961633530067173
0.968870969707961
0.96949159560603
0.406925945538958
0.932918276635052
1.81011460470367
1.52090675537229
1.67991201923393
1.68731703800821
1.68609198513822
1.68708595455594
0.785603264173453
0.846582530998134
0.8507453623154
0.849686119786296
0.848091273702131
0.848223374883355
0.567557336292374
0.568401349769861
1.49784070217138
1.60689509169623
1.11789059378869
1.09705114669634
1.85944759774212
1.89417756834949
1.92682446380954
1.94685097577215
1.94387820692996
1.94233532854324
1.85916937709829
0.917361024456781
0.905871975205939
0.872426881399942
0.86578779646211
1.88420214086255
3.41329287718909
1.72703054365429
1.59424370239266
1.22318391536528
1.23360834545465
1.20162141069679
1.26651218301683
1.26237376465572
0.96787398224946
0.937455023444027
0.914536503972984
0.952279509474594
0.960482950880844
0.956677615868827
2.10526330917528
1.78011430782066
0.689802736515626
1.55779968142922
1.32478401591868
1.49914363973991
1.49763330046957
1.66698955694824
1.53438829566511
1.54619767615902
3.08023528666826
1.63905884893917
2.59600650199136
1.15499157830175
1.52206365727751
0.941410936959795
3.24465147310378
2.91137311713356
2.92139083808377
2.93706742510302
2.13384112867553
2.14081941312418
1.4591622559731
1.46472054636391
0.947566894878671
1.02169983127804
1.08737313635139
4.75301542215386
3.16712089296944
2.85282278973309
2.85167901326692
2.86671355962731
2.06078067792921
2.06102535802593
1.05278375219465
1.05004245265913
0.550588827139055
0.729480270667436
0.729842404922342
0.456087515656378
0.456139224908902
0.456156101786829
0.555166590062662
0.555113615235177
0.554859284732899
0.318636002748692
0.318528290110468
0.318571723242311
0.49141472756931
0.488684094056598
0.616326297254568
0.605716667170147
0.607618424008842
0.61109109549714
0.605319727498935
0.575042794483876
1.04317439065515
1.04764948478844
0.626942854756029
0.950962888680066
0.880364567483824
0.885716914784702
0.899123389708591
0.923752786431231
