2.97648920368352
3.85938454332882
3.93785837584243
3.06532626041587
1.89209250010496
2.49649684153228
2.55885962143525
1.85242564763364
1.68074652863234
1.69640606207299
1.53122328246271
1.77058741953822
1.81422416989677
3.99587480029122
2.25363606553885
2.49291944917961
2.48653561372962
2.12583165196724
2.41315989226448
2.52104696234161
2.11672598020704
3.01378013313674
2.12310463992794
3.23155880494581
3.50206871025803
3.25852173076956
3.03741622498011
3.75767478190148
2.43556083951331
2.75816583590953
1.83639071221823
1.7434977075737
1.90488209299954
2.39380388410491
2.7780857529464
2.43631653960661
2.43817323648949
2.27659216091464
2.15815171770067
1.96981145260543
1.4615761897849
2.35118494620792
2.26527944364832
2.52141622063741
2.97391501043488
2.45141716408408
2.06511377195991
2.82190201036256
1.32509985232219
2.661378647535
2.53339823625396
2.27339954852835
2.33940872599703
1.77256318872375
1.7688596155963
1.58303259666359
2.08395225627399
1.89203853330903
1.73017997258317
1.45986422369789
1.26959068495656
1.50200297617321
1.20800480809018
2.2756202255727
2.19039388905588
1.4287157641903
2.21029485640516
2.73365420370892
2.3223361082178
3.07091889827619
2.91715669813963
1.50056457118056
1.62808071768087
1.61270364366887
2.55360770454355
2.39883961946732
2.40226514825457
1.67177439548274
1.58855856590742
2.05923731741361
1.70156280425221
2.05557383765704
2.06693929349394
2.47267242310896
2.27169999482354
2.58644295634729
3.06907434329103
5.29909560403851
4.70135849106267
4.52224087524598
3.9912597197855
3.00312876780318
1.79353367909739
2.13757114716199
0.893332355329061
0.987979880072236
0.347339486833558
1.20320054917386
1.10871595772862
1.12376719732759
0.950793761500254
1.63860335063916
1.44539911869578
1.38069150070697
1.44215053365285
2.20900332912576
4.3031074533035
2.42732196292046
2.747513519749
3.88356165281891
3.24959330985449
3.64258547112846
4.36218629074341
4.71137572060603
4.64081777560871
3.85278910065752
2.48375370277984
3.21708105594957
2.84496152163263
2.53517441298145
3.36278039253337
2.16769954247128
2.98334330707267
3.15528873672981
2.45565267608944
2.55586055411619
2.33037346404052
3.49288602142964
3.97512669851405
3.68828076452142
