2.37579077122127
2.42064822901774
2.0756482384527
1.90516162942823
1.45969435871477
1.95396831634271
1.76339184885719
2.08463880887238
2.11169289253359
1.92239268340996
1.68343940684916
1.75466868824532
1.53344336034945
1.71308001679493
2.0759647641448
1.99444887225214
2.13453989711506
1.60264964501505
1.49509972970679
1.67342848969014
1.67649344386281
1.13348800695659
1.06919840826162
1.05233765682917
1.04529969160898
1.11000251855919
1.05560682493308
1.02485966217606
1.13178893738417
1.09232777509514
1.10263854462665
1.0186851320875
1.02193908454346
1.00396052219129
1.00245529931383
1.00273313231179
1.00082701897092
1.00095076325415
1.00122130303824
1.00521102145182
1.01160218761529
1.03616113236815
1.00426239410771
1.00488222098597
1.00350405299368
1.00241352138566
1.00131968089828
1.00138555766817
1.00370887078191
1.01199999037584
1.00860832087059
1.00770357382078
1.01669416572819
1.00593309195065
1.03882195607167
1.03713764297267
1.02384762899994
1.01848436459583
1.0215863398515
1.02279780922746
1.0192457200299
1.01866548597009
1.09344500267368
1.32092558891476
1.11013455789406
2.14271226358096
2.27922316059337
1.97680825927659
2.37067863953145
2.41283193377461
2.38977162640942
2.34555003281098
2.45246361944753
2.35191934627357
2.4831800944434
2.45669454081019
2.42820113776593
2.27382143192715
2.37139279944199
2.41820371519377
2.45782102100038
2.46101344141361
2.48327037118551
2.47656788310283
2.49100451517958
2.49470136130465
2.47979218790503
2.44656772727099
2.42332598598653
2.40694909449865
2.41486786775741
2.27896885122765
2.37853737770242
2.47865861049614
2.42534277694974
2.37260746267859
2.44139087333834
2.46175248020154
2.49227802685808
2.43971651387564
2.39805050686626
2.38460194643755
2.28752421704941
2.20699062467878
2.38720451940831
2.11346964259611
1.79037434131939
1.7669825019675
1.84337454510718
1.66698176598236
1.73687582776019
1.88439743137138
1.32428674660612
1.68085080531972
1.51366495521009
1.92399836999208
1.51437721240046
1.72706737129926
1.49968712858771
1.25302942560989
1.47336976011193
1.64086599945383
1.46266261680775
1.11377397678824
1.05373900333706
1.14192509929177
1.42969875200991
1.7152785091987
1.88990310957695
2.3323274895855
