3.56886230845426
3.70774058892401
3.50767389579956
3.19754521098791
1.76207124643961
0.932530387184206
1.30471962569879
1.01244537204467
1.20476132528274
0.909495580033028
2.01184773578551
3.84875637356933
3.47523405701617
5.93902930839007
2.97638878592857
2.42586475801571
5.62146430672029
5.83866822017376
5.91931067215198
5.65606906578766
6.26243348401233
4.59526507854065
5.09534098666912
5.61877280582583
3.29859674601281
5.29089585394829
5.94212657264025
3.8980936708893
4.26476581079707
4.08958841725684
4.1619241855819
5.80374951987527
5.82800193612703
4.29772748843575
4.65015796097436
3.84738691488293
2.71132569681212
3.86479450413347
6.46103941648036
5.87885434317661
6.13837554327187
4.27386835902195
5.29431607538208
3.746958715466
2.9387392259999
3.07882676858867
3.15526374856626
4.05089293571274
5.11412538294895
2.73888725105953
2.8644207857052
2.04636921127109
3.69287794857936
2.62423093662409
5.88591493017577
5.2226411433409
6.68155184515568
6.69023843750065
5.55682833385277
6.86611920906467
6.82287169161838
4.34892278673399
4.33951339427156
4.54645565075871
4.62699362216149
2.10258822730256
2.0842068617055
2.15603936004724
3.26968467476895
3.41537113358674
2.44865775091533
2.6636193041517
2.41018934461678
2.96372981170225
2.84177941636982
3.02650105568784
2.32484716938393
2.95635383919896
3.67530950021866
3.98200361593123
3.81863232046663
4.76039781016529
3.35668338497932
2.65591373883537
3.80010676976432
1.14979683755803
1.82805351087956
3.55810758245838
2.53035591306055
3.4153811759144
4.29994980433902
3.39661964269292
2.82161134484607
3.6338559496584
3.58307986332614
3.91326798643352
3.81732090003563
1.68656693910392
1.79730508618832
5.22840994319457
3.57954524832002
1.52392687682789
2.04817003151256
1.723212525404
2.12443059176502
2.40190479909382
2.48777764620819
4.28602534158599
5.85912679081578
5.72014062916339
5.60793086785713
4.93775369245458
3.94113948113395
4.80847863575433
4.5620721074679
4.81755398288267
4.41170077457417
3.83790072926106
4.03609755562209
4.70771912471352
3.64641705013998
2.66500357617005
3.75060626312936
4.73736427593535
5.34796609358249
3.06247256483792
2.87138932425621
3.35692174888183
3.43880162428354
2.85756342360588
