1.95650706770898
2.80246787061225
0.701465668091764
0.349767959758141
0.462030803286707
0.322943778731546
0.113924169695501
0.243483622808935
0.969511760896342
1.99952858353678
0.939073191920331
0.900296934122572
0.829498082653745
2.1631428873804
1.63197043737819
2.17578596034138
0.589731354698257
0.279935600646416
0.290095155701725
0.44620264286595
0.625770915838538
1.33894603227622
0.430003426244333
0.67734249273264
2.12906416846256
1.41160536463352
1.60192374362459
0.541933256807833
1.57115637681674
0.157483545440447
0.195565683615607
0.197086999741752
0.152825166482653
0.0729066729735614
0.0672243888725666
0.321254403002357
0.275929910005852
0.394944438144928
0.223871403442186
0.173656952640368
0.209595233907461
0.277953845438461
0.0862875387248032
0.10287018889527
0.26415627657391
0.457566433815249
0.323139078680912
0.159354569550976
0.137259967484171
0.279694171466023
0.832917479816856
0.491550346106633
0.174879581596621
0.238356453809067
0.100674643527444
0.0734633330489229
0.0373080746215513
0.212884899632083
0.136010081290283
0.341152989817021
0.265274942408819
0.32684002226018
0.0593336494441837
0.227801284671745
0.284979748583026
1.07678846892974
0.451256942669189
0.458344449046142
0.48994344724847
0.502695661135648
0.709184274658536
0.893406811565985
1.79433925602195
0.879166758318725
1.1141392717118
0.83205830701981
0.628219078244469
0.862265159186901
0.835218888365526
0.358411968680846
0.209219966958949
0.452613226020154
0.416196027953288
0.531324015127854
0.219482003888234
0.244713177713873
0.238722525099836
0.182503833028334
0.18506027853094
0.127500888858495
0.198099895947748
3.60259277596241
1.54310663409743
0.929858729724778
1.01142508817257
1.40072511707602
2.12622408077995
1.51171946757076
3.15119353733768
1.64520358860921
0.520471515282873
0.629443023478168
0.781358161147437
0.831787656517522
0.891510142321938
0.541354582305665
0.985632861074363
0.237177655294672
0.314122890400325
0.335656394053621
0.745597416391637
0.50929630820561
0.979301521368524
1.51614650784638
1.34738851652444
0.150926422745642
0.403969853965176
0.644524994757107
2.00517773067326
2.66551841746198
1.81321069602156
2.12179863091418
0.825563492340432
0.325222052861079
0.343247802941925
0.22432196466395
0.176956562348441
0.0799214454312774
0.0611382438013339
0.0807905647833591
