0.654046222546975
1.41565458455754
1.31627733747002
0.765781571967991
0.260058176704824
0.214159705364045
0.216820222939023
0.249211672390915
0.191803501603864
0.108104846606454
0.116737763340597
0.115670622857806
0.099994739634975
0.129525766050318
0.15333135681207
0.253666671869561
0.166826605700608
0.0676359429233468
0.0370727740679756
0.045450237811453
0.200607257779397
0.280575342506029
0.264417669664182
0.244141274252533
0.306110839728628
0.407510142209935
0.206586182865941
0.700505986493989
0.201031882074125
0.264816872430666
0.0887128344857333
0.175027044107588
0.152590615999463
0.155713774966119
0.170609890328914
0.031796408933615
0.154132842753845
0.0802018656423783
0.297958095743159
0.330008900608136
0.165788667289418
0.338268131105606
0.172792462309918
0.841961599946939
0.483660430383696
0.415829974049121
0.543568170777749
0.676331306461237
0.311624391351591
0.0514009297201482
0.125587621056024
0.0924503948839423
0.513595174131834
0.295790390338733
0.158963231121817
0.0921064566157014
0.334596413434482
0.354844441068428
0.203399981441794
0.21753081778452
0.346634167511326
0.206471872391314
0.212714922287971
0.163011449582196
0.0738035962902198
0.493851358620839
0.857261884475844
0.68344021932382
0.640665053510941
0.664119225026004
1.08917162289969
1.14800730304658
0.174454154059597
0.467561336329131
0.441210940272096
0.484452179115292
0.115519021779499
0.189068860895526
0.226519248015973
0.105788044564645
0.524215746831242
0.401550462157541
0.368490754799024
0.299404605719935
0.290185699302629
0.346488774830744
0.0517964966431402
0.0514923069957816
0.0669395098478327
0.114408878034579
0.123055486632986
0.975455741830386
0.0342106254803575
0.0630179828175255
0.0304734939712086
0.023889889528045
0.0580909656418447
0.135188293147906
0.349373568949811
0.312042217778155
0.752133235515327
0.480492925704856
0.314184243523168
0.269605268119434
0.365689345322388
0.273258258857256
0.0421159988417757
0.0597159777625182
0.0685309359342565
0.344562360173045
0.509067173456078
0.436401057718031
0.215669579948397
0.819943422550293
0.147626221625081
0.346055676561272
0.129383585983253
0.12651525472131
0.350374954517232
0.345490071037092
0.0957006023115863
0.1400416068266
0.35232896180916
0.0662419946364493
0.161503327719052
0.169426427818183
0.199450706370279
0.16630937588
1.24211897342167
0.596399051120627
