5.2283792947358
5.24368972935254
5.22931938693903
5.5721276367703
5.1871641070162
3.6778237331708
4.82496852316792
3.91337806884896
4.3036809152592
4.71487595018374
4.71954529362799
4.77969885246564
4.77911606704316
4.77705567358768
5.4829845884722
5.48362614647908
5.4017108303328
5.40170931338933
5.39883403976106
5.35785542052602
4.44735385166002
4.61131650897162
4.61240431329317
4.61517685377244
4.22861757748092
4.23370718110626
4.63937793682525
4.61632224468261
4.43711291120467
5.15559212052877
3.81472993516803
4.63950707358416
2.91892989167295
2.92574949916566
2.92417158518766
2.92362291928162
4.11673632520158
4.98521805584447
5.48237236685802
5.48375862362719
5.89967771588542
5.87522656714469
3.8695841673593
5.05699181075258
5.50207797964837
4.39102997333463
3.45105267739793
3.66888142922442
2.64876747475045
2.54875067373655
4.7061569886833
5.49257195315697
3.21576290774465
4.69778132944015
4.66188823131138
4.32741948419671
3.86875258451362
2.57120605730035
3.27618276366113
1.96434522581743
1.84169221817544
1.83569866807824
2.80980456411362
2.80558737138771
1.27794120147454
3.74215798881316
3.90274182164283
3.93318010597504
3.47447669060891
3.95556167252402
4.11801927630462
4.05946304015153
4.11014797076344
4.27792824766785
4.41634908056227
4.35769325497735
4.22136029242884
4.297415047962
4.27612610923798
4.30064952114054
3.17723664231115
4.22734185240678
3.72837313247618
4.75753982925158
4.89284698142255
4.78800481998997
4.88153755206694
5.09704655988689
4.83390309167188
4.88072384015006
4.4747706147686
3.79924209744246
3.15504341835007
2.18153345506098
2.18027762736235
2.03505621869185
1.94777167259928
1.89702972660989
2.13680295696193
2.93884692423577
3.04025242428761
2.80664941070653
3.08035807009068
3.31242176076152
3.56989329792528
3.29037501984625
3.95784322898333
4.27841832580923
4.12661131944268
4.25795060742012
4.36807644340326
4.47467632899066
4.98422563112456
5.56645364769642
5.59478888890602
5.60047957631138
5.58989689249618
5.53759713456703
5.57445034221864
5.59223864374873
5.55857896526194
5.57855964380656
5.20484533132027
5.29575007312872
5.34682040973402
5.0519457310648
4.11826589852854
3.89315999420499
4.32042518347538
2.84770648082097
