2.38772559982426
2.38772565265363
1.02763668625447
0.221218220943924
0.290678087006212
0.290678038342655
0.368669855192483
0.368668918626816
0.710346320786238
0.238923594476169
0.253131443584444
0.35867447936863
0.358221047023759
0.362083249204495
0.286473347226308
0.289069306551219
0.365717458055974
0.36541082547203
0.222698372324358
0.228205640873061
0.211822495869812
0.21479401722731
0.118155907804155
0.169480786371433
0.670899145783301
0.623979868097476
0.96086465474151
1.02462047462226
0.921036713854641
0.326780799625972
0.386492976649748
0.290922465293536
0.74200609889974
0.750198077210421
0.742491779652126
0.303465469252835
0.25959403998806
0.681900828762165
0.646182542512357
0.28696001788814
0.269633575836743
0.286619969636341
0.585148930279725
0.300165261785176
0.366676597979549
0.511660687507624
1.12145760504828
0.855084435529622
0.858676815639695
0.607064533745301
0.599718899332693
0.602994061155115
0.577125593980964
0.583332768948347
0.390034420524966
0.568827591823554
0.353722235665097
0.522296597708519
0.567179519156534
0.568638696180942
1.40843454224818
1.31247363768368
1.00682521320778
0.995844972637643
0.548672523960359
1.95387597935847
1.95358704749763
1.95377617948868
1.95381713729098
1.95350348854032
2.70156013502
2.53598276482435
2.53620328310263
2.53740861928684
2.53608906738304
2.58155696573501
1.18431975080937
1.18443432681223
0.675228908717164
0.675254736726675
0.986371955114565
2.07029102279025
2.07021736087405
2.07051839706434
1.87086867559076
1.87040266055069
1.66055189187239
1.97862705915436
1.97812040524416
2.1537090514488
2.15275063047105
2.12476132548521
2.3836445667839
1.81276949961584
2.64181181509579
2.51749462503081
2.51588635727275
2.51493145969026
2.29572355487943
2.64588898412236
1.96920027300119
1.94975700386313
1.96009891778602
1.94841335827944
1.42435328545419
1.42413630531366
1.64522662107615
2.2144248202937
2.21258919593509
2.21440347047481
2.21483424464094
2.29851411860652
2.27407590665814
3.05834165083752
3.06144994098777
3.03994467628046
3.04141475781147
2.42520426833913
2.9134898951492
2.21239670029525
1.74271459936461
1.5731279567156
1.32536017259064
1.29437498214852
0.746021764942694
1.1408492843054
1.14507748733345
1.04020143830415
1.03480979496297
1.04571921378896
