4.58937745760112
4.03321210420933
3.41568308752265
3.41693820649145
3.60585204040893
4.08420773902198
4.30679080603055
4.44240120896652
3.39406542217228
3.59152164803133
4.7850635955557
4.46281115493448
4.70120469846169
4.47517345972329
4.46048267673993
3.78958149843018
3.94324311222003
3.99364487374407
3.95225181221041
3.76260551229369
1.9782150868071
3.22123167496105
3.79084681995461
4.1915222801179
3.9644320360952
1.403995049203
1.47295324952131
1.53052286939884
3.71037862412175
4.67774554818568
5.04241753894666
4.81311918160623
4.71790898138569
4.19963352022088
3.14245518967416
2.47464564717846
2.47867795886753
2.47166564954765
2.35495231232872
2.47749177918671
4.13676975075011
4.323580903205
5.44310010306761
5.12581223314014
4.26712742025072
3.75952286696083
4.29241831202961
4.26453849212577
4.51344749796805
4.26997877944949
3.24015048228894
3.24054892466434
4.12570119281669
3.95039651191917
3.85673792973636
3.92064811926822
3.92061635736809
3.92120274152915
4.36554969044789
4.22391206959225
4.63553347228668
4.64034661720675
4.6441434495501
4.63639937505152
4.09568698297011
0.774647937424243
0.77318081131944
3.10773786961775
3.92136006853528
3.92989574282844
3.91006961882283
3.89961346052572
3.25490341160982
3.25503423350476
3.25238193530349
3.25283960197323
3.25163774976017
3.84903655805568
3.75043230285562
3.75044321243052
3.75033835804681
4.32635226502384
3.92526042000318
3.92531139939188
3.92539828279255
3.92557123747483
3.89341678662957
3.89363921987836
3.89491462484648
3.89455258475302
3.60814009626609
3.79758293548416
3.79747941976329
3.79795902807787
4.13019198232414
4.12994052808233
4.12999454991703
2.98610319092099
3.14070992994367
3.1406860996139
2.69907539809824
3.54826234887489
3.17153194266486
3.17152972890569
3.64883999595725
1.20647535125867
0.959988033724398
2.32550398461047
2.32375254900777
3.37161239335131
3.74132891204166
3.74418711148138
3.74211397945581
3.74519967458745
3.75694668495465
3.91281902970919
3.98085179744087
4.80506409753418
4.88012385359761
5.12007014098016
5.78547024812582
3.90818206496009
3.9777917344058
3.96884116830076
4.05156645138753
3.97307325681833
5.27465572913908
4.1699403896575
4.23581545406436
4.93565812950369
