0.519162379749375
0.730923057351501
0.735084199811
0.640020884533058
0.345820322271077
0.258467780245999
0.308011461280014
0.204680978943988
0.0853492162928001
0.0817937644597301
0.103653518915919
0.124848982922029
0.125376792006179
0.0637143044792895
0.0632804976560379
0.126208399851356
0.125826282348354
0.15094070779152
0.150904536689717
0.053312108927372
0.0533042275409399
0.1057250073229
0.105717788391643
0.0791695467049037
0.0178487342454485
0.0179516568425192
0.0180896616089069
0.0176589251429201
0.0187949644988789
0.0223385922700537
0.0495014329901303
0.171940307716504
0.356513244667198
0.357667314923337
0.194233986364657
0.191616366480841
0.548209583675096
0.108701416656051
0.143624327593102
0.245847557010804
0.236490785660637
0.202337392183959
0.249381715312946
0.118148447188049
0.299022804973276
0.291262311637394
0.292003968607246
0.292977312205161
0.838040500182419
0.298320362669635
0.318877009211236
0.324518277614422
0.45364363999657
0.43085842707268
0.646872974474437
0.491567888782797
0.225563934761592
0.315843311259759
0.245204482795453
0.271735969118936
0.490881444895193
0.491920593913184
0.277606659342803
0.271393818889771
0.86724122402228
0.201976072514215
0.218369597689137
0.52286010976862
0.170635845979476
0.186825871944503
0.172259655695387
0.3487838945936
0.0534192748518614
0.175203894321477
0.171948579110932
0.155887544191611
0.143345373969082
0.0493035019592569
0.0710753772447801
0.109399294842718
0.11716693165786
0.380371191991708
0.54664401143593
0.355563186559316
0.371413168465387
0.551924224479068
0.367033199809191
0.23239269094691
0.295915081790715
0.451352716472381
0.4489430339376
0.127056645623507
0.0177079077949077
0.0174817961428051
0.0202173520648963
0.298271372175395
0.049685651174298
0.0403454966204728
0.0519738681225665
0.0249225525137214
0.0249169368547191
0.0249503795852226
0.0249596585872479
0.0502343911807425
0.0889834923062284
0.156252194700293
0.0885699739461103
0.0825159704146361
0.271980396548547
0.43437607412922
0.296930285278409
0.108318403681789
0.172879572348393
0.49145311804675
0.0517557738809918
0.0513240568061399
0.126458843061089
0.180006203330491
0.173313106316838
0.321008701093593
0.0468225139114404
0.14982297324009
0.0678762601477286
0.120065503430579
0.196819754407982
0.198161360903789
0.133557679052794
0.141544422273771
0.147374470515218
0.504982124845378
