1.14419778564806
1.34909528823851
1.3033341964554
1.48881282611234
1.22602777200416
1.50243305278325
1.99513404444619
1.79600327546252
3.36019680076449
3.27574758570532
3.5471297256322
1.79436395153788
0.604690416065695
2.13149419458111
2.67243398128095
0.771877621621566
0.744045825009199
1.01975271498681
0.798413157703181
1.48435482816343
1.80834074015806
1.84434413308076
0.800928133219273
0.84422981333361
0.787901531838087
0.895020447672894
0.164237283116407
0.16713039118293
0.243713856184264
1.57998545959695
1.84893378728452
1.61443108194473
3.11731943089353
2.37827014002856
1.68939640903652
2.50728401727866
0.646981671629465
0.852295388120552
0.445787297934922
0.959574900214622
0.904273479975546
1.40928514053171
1.49427243639158
1.61885235238089
1.45534334125784
1.07679147133249
1.00921219991496
0.312548695878246
1.45696251189832
0.523291829353633
0.425669168720307
0.367542812815123
0.785671515959763
0.71654262712443
0.72415566470771
0.114035463469606
0.0752804922874133
1.00888809312414
1.24840512596592
0.230005270836431
1.26289693637547
0.485221597524081
0.448002155290528
0.778431543812497
1.25356861573368
0.486173888107459
0.581855957747716
0.650421578118695
1.9512703165577
2.11319606520588
1.61088215507549
1.2243035919077
1.23695296393381
1.38450357462644
0.767860346996441
0.849043169326315
1.18877288538353
1.4218381694847
1.30553980795697
1.42590479680524
1.31782401571318
1.49946491487612
1.30839789553403
1.38529674415123
1.58548075594201
2.2005748422379
2.18372604277143
1.93808359766379
1.62710319339976
1.83351765072855
1.46951191811062
1.77324759850288
1.13942364366189
1.51479622709179
3.07494264363628
2.555171881009
2.77918378303275
2.13671541466021
1.66894575823982
1.71634806403589
1.3908955474124
0.867551227795998
0.905164095187135
0.739062018687879
1.28686883789771
0.511884841584433
0.553188623457212
0.535272282548794
0.598535842290147
0.543408023805103
0.599661390128377
0.606307586906782
1.24584497024126
0.371578598030461
0.431124226825196
0.300286072310207
1.09627823064091
1.02137191092735
1.59562919693349
1.15657215320154
1.36151628288441
1.50254387884039
2.86195460879961
2.58902285703878
1.60426369995754
1.83128218595986
0.652772702775091
0.490071539503777
0.33670920293417
0.101545447895965
