0.36493359256761
0.364839743942502
0.259630530560449
1.68442113296834
2.29815262094724
2.29740663742131
2.6663040405242
2.66065435068093
2.65834170206588
0.690767973178714
0.831191146498798
1.2436240500455
0.193797659762879
0.722514497928396
0.424632821012642
0.423866136358695
0.423324908342054
0.397525527932029
0.395479752612165
0.395487336682473
0.395496877478352
0.292169646308957
0.354857685435174
0.724811344035919
0.0686247044931732
0.0686268511192933
0.0479979914916863
0.038217866454391
0.0929092408368411
0.0340403082595461
0.0340404010688741
0.03404040404541
0.0340404112589804
0.0340404004660433
0.0483362088440023
0.348913449547446
0.348913483436411
0.0403246932859289
0.0403246950794262
0.0132715048941601
0.00716602713110517
0.00728626174736151
0.0327756665818425
0.0545012831790742
0.0545012830618818
0.0602085444956144
0.0760076761930711
0.0760076774293693
0.0760076769611489
0.048940417554619
0.0428300577660959
0.0144904872459475
0.040805386223482
0.0408053865167724
0.107323950784492
0.08810985978036
0.0765651777527484
0.0765651777483016
0.0765651777387793
0.0329068175644095
0.486031091197092
0.0373897822432466
0.0373897822587426
0.151668058286889
0.0239857277174997
0.235927362673995
0.237139926042316
0.235925286143629
0.496378727827817
0.731866387891267
0.307888096379969
0.307722285716113
0.206103195135908
0.729033164237163
0.600037500131032
0.601265118321944
0.127816861248161
0.357678035464992
0.360003367119687
0.365245905460312
0.363987713744029
0.158114936273875
0.0728365419207252
0.257349920051937
0.257430340803042
0.0123107917875017
0.132748666626684
0.0737170913661321
0.0755839998250491
0.0744955053337605
0.0830784300448645
0.0823277784666819
0.0859641057066205
0.0382879732276929
0.0527786479909733
0.0644117211088086
0.0332251460694072
0.0318879052431777
0.045237928881628
0.0120381800208988
0.0125167645924283
0.113937707003655
0.0788492277332383
0.0779070866204385
0.0280673431054476
0.0210074025388734
0.0210258217521764
0.0209670641676632
0.020938021486738
0.0258799951888016
0.0258683051030096
0.0441375486635017
0.044003332281246
0.0573554656622365
0.0574859357354408
0.0531030809859648
0.0544400590196895
0.0563593344999411
0.034544348250986
0.137634636411198
0.0535108056514069
0.0209414577838375
0.0210111312131728
0.131803604015185
0.0464567467087532
0.0999983171566402
0.0686772253395219
0.0420658998268232
0.0455720502101822
0.0431232782478559
