0.569709623029662
0.40485681486703
0.375395677050307
0.37539917544541
0.148103536623742
0.049918943785645
0.0921105116951224
0.0555009098671793
0.0309252895513494
0.0295676429066499
0.0270078852673634
0.0297689635181409
0.0468144760409389
0.0468335072878751
0.0192337935388835
0.0192345947520914
0.0192282667670735
0.0200300722967228
0.0200297382371409
0.0122898659391742
0.0122919145986321
0.0122921626470747
0.0303914408189039
0.030391476808435
0.0303901981777781
0.0500736982560178
0.0310393731395298
0.0310398665148826
0.0310395332857971
0.0223865839340492
0.176235388839977
0.176131042782529
0.175931674250542
0.444834697589298
0.459646776915808
0.461828891846997
0.461007635753449
0.119949441351837
0.12145084835682
0.0271817993685083
0.0314796119134919
0.0314358489630914
0.03141558889141
0.0191453069779194
0.0326256011714568
0.0340251896225979
0.0334790723749342
0.0148182340193574
0.0133963307781332
0.0587956491262303
0.0425560019155528
0.0162375621181467
0.0147970248803683
0.0196883581424523
0.0107854368660435
0.0346496139701135
0.0341403609386481
0.0341642418666386
0.0262203274191701
0.0222499632644819
0.0222182003744089
0.0222164735461476
0.0222313893263111
0.0141475842108321
0.0141213064506641
0.142578695844552
0.143088628518841
0.142628849603279
0.16018214526834
0.140491074407243
0.141824312530874
0.151254295480235
0.14471480336306
0.128407528003152
0.131832010243788
0.128226812531371
0.126241380933307
0.300256702944136
0.300549918651712
0.288225508656273
0.295931602585094
0.280983522383354
0.242344141083884
0.455210351721134
0.183233597261079
0.00813333608635391
0.00214367823456775
0.00214259713330019
0.00214682869943664
0.00218643776759952
0.00587898296505197
0.0226460313318424
0.017542222464045
0.022256567298173
0.0217746903747782
0.0212658516729934
0.0611866679850009
0.0611224837575867
0.0610659354417777
0.0500966862535648
0.0566004691584716
0.0346074887591367
0.0309421136404597
0.0309265576636106
0.0146632431049211
0.0307533214302479
0.0306672310629045
0.0307537997517633
0.0320627111804821
0.0325988270970447
0.0131422750450504
0.0092448077630282
0.00478968124032919
0.010657590614233
0.0101587270651999
0.0605716480742645
0.131578569802203
0.0740620369400469
0.199732049836581
0.204431316771949
0.199637349001643
0.197706056741989
0.239300134288087
0.240208383190881
0.239634526123708
0.239302619544565
0.0739094845505374
0.0307159331864535
0.023715446336132
0.0237965016348806
