0.393322398856474
0.393327683710646
0.393348822531808
0.393349717393488
1.12361281571204
1.12361979327257
1.12363160035474
1.12363430013109
1.12363393443408
1.12362259347319
1.12363154822605
0.498946221433229
1.70286447712546
1.70286287356207
2.00880740127878
2.00880420815699
1.97387017733512
1.97386146391053
1.97387233715909
2.24048411969751
2.24029004881861
0.522989721993724
0.865858254329564
0.865781747488518
0.865808626940753
1.33658157646357
1.03171178084973
1.03168999623483
1.52177089610778
1.94093173997724
0.868718829492585
2.15793998322017
2.15817920291154
1.26600886770945
1.55281287711989
2.64980662286397
2.6487808290367
2.64909541775121
2.64966449477617
1.7124517132303
1.71210475469752
1.71225211352282
1.80313632338997
0.52485964732457
0.52485932845388
0.525030311510769
0.525064719480204
0.234380703649592
0.234394853265409
0.925989486335497
1.0339754994925
0.262024994473617
0.261939651226476
0.262084944312413
0.117986831303931
0.117990804251407
0.117991239049514
0.11798425987066
0.117979353847907
0.117975863297477
0.117992469836976
0.324827693399293
1.80173911295735
1.80173345346082
1.80172568503109
2.73767341453685
2.73821769005773
2.7382979705239
2.73788392148152
2.73834034541807
2.30033844043255
2.31279876241461
2.70440863234754
2.99822708527729
3.02092473898926
1.72791897519043
1.90739132945306
3.60749342511389
2.74933372962474
3.67769004415107
3.66500250730924
3.43532357277677
1.44079139915378
1.20102869523969
1.1001141730049
0.671406522800753
2.66033829828851
3.16636008554623
3.04886669454693
2.79367815252875
2.99354117021884
0.99860942285947
1.14600013844234
1.16050178382869
0.677120344689955
0.747277967616238
0.785192739603543
0.741755297445573
0.608912883657681
0.638936701644777
0.940173558209697
0.947247838225896
1.86614686454597
1.66706197660006
1.63401020355405
1.24968585319815
1.30647546998676
1.33232565198176
1.13397975855427
1.12958753437113
1.1174311781568
2.71476463051315
2.9059063426832
2.77581071943772
2.6935587205729
2.65237883619629
2.73612518969759
1.30433978103011
1.31304591575027
1.30631681164197
0.887499545762807
0.964643075891281
1.41827046582402
1.36218275322739
1.35255179945683
0.775294766744328
0.79576677730052
3.35457271872308
3.36825623475921
3.38103830423449
