1.33573835764302
1.33574896334363
1.33574353392489
1.33573750144762
1.33574271070772
1.33573136750457
0.931214748976311
0.726783343949609
0.726775936362934
0.726772248639615
0.726782196132924
0.72677454235366
0.726776562021639
0.726718091438213
0.7267237763083
0.726634795990728
0.726429271135866
1.01184562979736
1.01189255291177
1.01273718316562
1.570262864122
0.93188690469069
0.932560748653988
0.933801365283335
1.52843829076471
1.53209386433704
1.37959682784172
1.34306998363313
1.79919562903235
1.8182641105028
1.81894365481778
2.46124641752206
1.27949186679158
1.2883886127162
1.24922611563796
1.1914758669943
1.20162387005941
2.94616436746517
2.9836762930729
2.95361579574644
2.9779862107281
2.93372925208242
2.9431980900563
1.41164509695724
0.482260782147278
0.487111379434144
0.475073046422005
0.279171201334206
0.285956259462328
0.265393226335022
0.280878931484462
0.489249912985403
0.423667183326913
0.405493040457981
0.227591595099061
0.789888710388656
1.44967438275707
0.65539566146977
0.40228620349231
0.366824872220825
0.368307840801716
0.344762619898137
0.817919223422554
1.30384172862447
0.98983083312422
0.578297115161436
0.545309340520845
1.67999616234928
1.67999498044897
1.68000394169176
1.68000133138012
1.53839520675759
1.53843016945047
1.53841666753366
0.500774554791788
0.500770260145028
0.269916972061865
0.269916429366897
0.269916996540243
0.269919042006212
0.218213179671574
0.218213265656286
0.326891801967949
0.326892604688413
0.166651709727399
0.166651796276367
0.166653144352605
0.166652936903759
0.957285107942794
0.957282998058236
0.95727963973269
0.977563209530378
0.7216664994949
0.324394807926035
0.131282318256328
0.342760384826214
0.342760625823536
0.342801879298679
0.386799613638314
0.386790608698671
0.386792941170344
0.386793501965573
0.38679260013694
0.386791208255317
0.782508303055339
0.921904650597511
0.921924123010248
0.945605831817307
0.615141040624047
0.61514864660164
0.449794005763248
0.881644840966944
0.708620225623727
0.707550385743125
1.05850219478717
0.562982713721042
1.06061463252438
1.05900403941538
1.05935526758665
1.42281690333838
1.42234996728359
0.492733861318569
0.591794866793756
0.836026007164454
0.836012546339231
0.394092588623676
0.206304689789292
0.560940225811608
0.440976684070973
0.440990924376506
