4.64000115368768
4.92562535376789
4.7168661051338
4.77269874958642
4.21946922801071
4.81217814842323
4.58115843129866
4.69115214802039
4.64097992193787
4.8296410354973
5.41323071340725
4.94205939903883
4.66453177614186
4.8271064275481
5.0160730411707
4.74409186711254
5.67472459674942
6.16600593465425
6.04842846880141
5.88497655897844
6.08448348782559
5.60990227690343
5.34027074025309
5.28061239542544
5.28383919204824
4.66074469199832
4.50419693791438
4.70447900081901
4.31085115540368
4.33436025092482
4.46713597717689
4.51159128039991
4.45786465336384
4.58644606435693
4.82913630171039
5.07944208790434
4.62954898712817
5.41198946846811
5.43425104472969
5.19553431686475
5.76648029217412
5.96288362512294
5.49118933296844
5.41363936253141
4.9744180701151
4.93253828495664
5.01931782781754
4.67523062220323
4.87506221397867
5.0944584946728
4.73319080992094
4.95311794366704
5.18542714184339
5.10669066248369
5.02987468099171
4.65680997904916
4.67740822840153
4.64810930746476
4.64548472456904
4.72902255735003
3.5439435575009
2.17256549106765
3.85852367386954
3.9446149153425
4.07715870352627
5.10694836857033
5.31116815262579
5.36248229537879
5.71673768582928
5.32734595899597
4.70346838265901
4.56984242253981
4.89329888178337
5.06340743355392
5.10046943426779
4.29791376737672
4.33146156492388
4.11901601198998
4.88211374974904
4.84808614915205
4.98417452903787
5.07007055575182
4.95387332793822
4.51768664013744
4.41967360989287
4.304792622762
4.35082213645692
4.25584003121176
4.28459994607561
4.30007722023265
4.31355808797006
4.37327493192046
4.49053030912902
4.46732443847774
4.41247489939354
4.25909758209437
4.37237174037222
4.15210785744205
4.07357727322964
4.38959712206587
4.37865611133855
4.37816840476168
4.96795857031479
4.9783084707651
4.98016307915442
4.64858070179468
3.99164703643666
3.9865015920074
3.83297624445192
3.86302757291993
3.87387003604607
4.4577967757054
4.47576722757809
4.47037658435946
4.46270021940685
4.47797828290947
4.5107178328851
4.48546648159701
4.68453556821851
4.73739841055281
3.88049352721244
3.85357860265498
3.8540842725228
3.95751213857461
4.39652370030246
4.43898420071611
4.31803910542658
4.29819953218228
4.23962173776034
4.21005804367815
