2.78340269413855
2.85388677074769
2.86183776693024
3.63368419097426
3.67301791430089
3.65469920125126
3.60879600005869
3.4660373414675
3.42303390499915
2.54424342260414
2.6840625470464
2.66583681968259
2.69147065845915
2.44393867838497
2.44662797454782
2.83583574065888
2.7643651283866
2.69765665193342
3.06077760907848
2.95099476432703
3.94399968472523
3.88312997083238
3.82131699144042
3.83935926578458
4.24844556676592
4.20270969619899
4.01685420750425
4.18733362303929
3.87905583121432
3.90478818906479
3.99004662224508
3.35417257957478
4.83029869194309
4.83392858082424
2.85642964511566
3.11348642583245
3.15833668735952
3.9271744496724
3.92360181949154
3.89344933367443
4.00588884388561
5.0512660626436
5.08057092488148
4.98230769226615
3.84934061175664
3.87639112529537
3.85749798536904
3.78913484378886
3.94163469736375
3.9583163276074
3.95532964729226
3.04894820224981
3.05444660645964
3.05704153665256
3.05773724659042
3.0469617885516
3.81494783894462
3.66506602259307
3.65675595696244
3.84557826795683
3.18803235540594
3.99885029735317
4.04110675900561
4.04286012280185
4.08130496296999
2.88595441374007
2.82048521982133
2.27183722253949
2.32398654785562
2.32348361611213
2.70579199066875
2.70706774677195
2.68844140076086
2.7059813651887
2.69817063185251
2.60711144346123
2.64221483723436
2.57305643634491
2.72789065650753
2.67296613519744
2.64221345748197
2.66818422879439
2.71485605546621
2.6278285461064
3.59845390247918
3.68996313626956
3.69204587328702
3.61908279190027
3.29582799810411
2.25706413608562
2.27868829988012
2.27508239222469
2.27134212036937
3.17562593506259
3.18491958661768
4.37106639320472
2.58846863435992
1.55447779812246
3.145306737194
3.76580478614649
3.76549094475881
3.25250359919068
3.25193038201022
3.25024914226796
4.41249299633021
3.7588216622081
3.75873191926601
3.75881755461824
3.4373822118138
2.49361458575838
3.49681423849274
3.4965882760726
3.61528364859576
3.28276131549314
3.28263102755195
3.28275784464525
3.28271947749225
3.28273102074155
3.23644392219538
3.41028049485676
3.89524592933049
2.86039807184581
2.86029354135119
2.53734898004254
2.53677060351376
2.50143832199582
4.93617803581327
3.75087603926293
3.71815002412361
4.22561001620703
