0.288667676489031
0.245298989864581
0.597466196310095
0.684280373080956
0.515250702471658
0.640825807661435
0.619405888811161
0.772248468894851
0.784449954066068
0.237282842141532
0.259545693544104
0.192283286132167
0.18672118213264
0.224628509693425
0.114151562883198
0.0905447345095093
0.0441658668188434
0.640112303624323
0.245250008884872
0.23060954200555
0.023447115256572
0.0526070354159438
0.0451247966559693
0.050601267032074
0.0494356188857532
0.0349283092495158
0.0766102639591237
0.125942924287254
0.285499854436394
0.264901690149596
0.0849840999905819
0.282502894352758
0.280938970552372
0.329052609893362
0.230023354737799
0.359981024765001
0.27939729028324
0.26757848777993
0.298527957802901
0.0401358325502558
0.0521818479272991
0.0407698863087376
0.0438502778657623
0.0673760310577391
0.103781021488673
0.232899846950068
0.0904747445220461
0.149966575574752
0.145853366277135
0.0813005983435987
0.0207676129491727
0.0895123791780186
0.0934866694286684
0.0239465643017185
0.0171725018891948
0.158452571788268
0.133388334655552
0.153461346896285
0.208827783352126
0.0836398487061801
0.0868169790140165
0.0911879329191546
0.0150088208016795
0.0149856604676131
0.0555908290672589
0.116802365814867
0.457717764713501
0.491442478529922
1.75198282126849
1.50942036919249
0.757831106171316
0.921947494530575
1.46147013956901
0.85925135242952
0.386757103464599
1.17221943173331
0.883625171899637
0.709580637834625
1.00828784854665
0.325487770652193
0.273499224023082
0.530806519970747
0.725321274915672
0.739203227628507
0.497474824275119
0.429623584279764
0.351219583009771
0.101539506735846
0.136951151855477
0.182128243485495
0.283519945213831
0.109283277207161
0.299882424966178
0.297430998786243
0.26732453992329
0.275166714234539
0.32278714499643
0.162643732605282
0.123966086940381
0.0773711766344481
0.112148474880923
0.283366169927709
0.28898935563635
0.272286348727065
0.19261030150866
0.558651115863811
0.537261278591352
0.456595807225507
0.454738582431497
0.397497016566782
0.483710181630539
0.600611406116579
0.642629288458467
0.672760597446135
1.53043832317139
1.42365607425976
0.840472785032026
1.99516449692861
0.460651150038673
0.258221577005455
0.216932322099256
0.284640066040307
0.204684944432424
0.130719511662364
0.0998480472624945
0.203642436115597
0.393708302530671
0.863952094294624
0.50305199016084
0.513752659445614
