1.82037404480801
1.852531063728
2.13127765491435
2.21830617635359
2.06190848331594
1.64609007007083
1.76959296244955
2.02199844693138
2.15088329917275
2.13312932549194
2.36964124142231
1.76657635206864
1.45404266075962
1.48571596108927
1.52000068430931
1.21213291942897
1.86662013966958
1.60771000047758
1.64256984355317
1.77491698398367
1.47752375335317
1.06998967182337
1.05172466948426
1.06093259036237
1.06072548476955
1.00726557921713
1.00119077474605
1.00033032201219
1.0008303875228
1.00288604152831
1.00156521681991
1.0133468999516
1.02534545325601
1.01742222766127
1.00545486206224
1.01753448427803
1.11638425941898
1.18496051354326
1.07618843659239
1.01148221335371
1.03505202414394
1.11859115658587
1.29270644646169
1.367357395517
1.74296755079054
1.56119245634133
1.86036731820276
2.05935350413551
1.98932756192766
1.61054751556326
1.96345575749553
1.6341809720277
1.42342929775187
1.25871890887874
1.0171220520625
1.07282283077029
1.23113643078547
1.32887337552563
1.35061638041607
1.15036133790505
1.04672631277995
1.10506307277671
1.02131173006584
1.05976602015118
1.01999878188463
2.49996523403504
2.49996251492509
2.49998713587314
2.49998499801662
2.49993745158505
2.4998772497579
2.49890474402429
2.4970525552085
2.49204279515484
2.48968613300442
2.49444429357885
2.4981267160503
2.499069952741
2.49871186970772
2.49862384808787
2.49838898935919
2.49963650061316
2.49448803042651
2.47577490456745
2.47214982436586
2.48794633778306
2.47107523182262
2.47580337290666
2.49798382613324
2.4970282812585
2.49652306942632
2.48098817295882
2.46360800342821
2.46434280333652
2.47964326107972
2.48382139891884
2.47173128400939
2.49180122086619
2.48960679516633
2.45498490853079
2.19077623951242
1.76376805694235
2.12078263498914
1.72884956867119
1.95925626441622
1.98127475555943
2.38718897212058
2.1849780982656
2.19919542891342
2.17099273915425
2.42633261446393
2.27035913653693
2.13581022680803
2.28184797100828
2.36939225134915
2.36772265298574
2.2031030470464
1.69223258707595
1.55681776968142
1.34715056386392
1.46081057122677
1.68884139240473
2.0888206894348
2.01452204302211
1.80938744674048
1.32841220166543
1.4093379223226
2.10225355386513
1.52946310956411
2.12419753982308
