0.263795848033919
0.0589503789801318
1.01468190342322
0.19019030692139
0.653274153659877
0.296511337435865
0.412552186890513
0.469078352083405
0.445210759909047
0.288534405163126
1.2274065733592
1.07837905354394
1.13197010289498
1.57365241458553
0.0552011718048254
0.394664665835253
0.513212539036463
0.465006336550258
1.06086814072576
1.49667445550916
1.45740659125129
1.34201719859749
0.389288591526264
0.338732958547757
0.0638249084488701
0.0642005312627635
0.116105673894151
0.181115882070395
0.273808513370669
0.253396178074079
0.300578856594002
0.241510434029081
0.272942860097482
0.216980398734444
0.191448490818154
0.0384381952230391
0.0534689272884629
0.0949108051025502
0.00850391693288077
0.00772618069186131
0.129909283581573
0.110663033611208
0.0323468817372696
0.167313625854124
0.177218466447465
0.181549556157224
0.532931233018215
0.398412856274166
0.0210406288727068
0.0207498817094921
0.0227140263023691
0.011906341093325
0.0599786465449898
0.0679430564709949
0.07645502774085
0.217058645420035
0.0848679194042302
0.215702359449293
0.225356737288793
0.2229414950129
0.0993845252461787
0.0949296966909724
0.057158672077959
0.0696380107893529
0.258621991033646
0.58543444820393
1.21542930784086
0.250303302185408
0.200711426079035
0.191770763933272
0.172078214891403
0.098363888725123
0.144651151870155
0.722988299004601
0.696255483026835
0.61488221151879
0.567104190994634
0.605650526624613
0.366963928873978
0.180879711857238
0.697656844156352
0.629843958304203
1.10598258188828
1.11221423847838
0.0250233048671206
0.191053822488261
0.192092063417771
0.130257714780441
0.0613781047081869
0.0480952693875596
0.0736942709262667
0.0645172678506044
0.0526086523426597
0.307126647184465
0.463727284973498
0.466123842020781
0.419308915137667
0.140611660981351
0.33814512573923
0.359061109684263
0.37819942225115
0.0321172157470532
0.0946714238291287
0.0871744590964492
0.0653368899245157
0.0348187349296361
0.019468661305129
0.328408682903557
0.311367082412341
0.0450754942132487
0.0582517104342798
0.342951605524615
0.287101616692638
0.267506408175295
0.955959475167659
0.866355072282572
0.977275077357209
0.714728574178523
0.486330256943855
0.0931932469565859
0.192138571368795
0.248232856912199
0.240515518795854
0.243880839740242
0.152951338450413
0.15240325018268
0.0833598930871204
0.0765447626320533
0.0626343804288444
0.274900060025015
