2.41110339450088
2.75682360960159
3.49180001432033
2.73552706483975
2.52414604259
4.39423786181224
3.50350826066917
3.38982722566932
3.22847392836904
4.58563170020005
5.30157461627037
5.01852665019473
4.41618247978933
5.58540936975617
5.2154238881614
3.30391598743904
2.9237786584833
2.44718879456608
2.79195924293833
3.18216133962252
2.86077087110422
3.15670145817527
3.4238777684828
5.06872446379337
4.51769185650509
4.84460946942986
4.718020418148
3.00141262633911
2.98855693318671
3.94637393404634
3.43638118745837
3.89123271003979
3.08047064387917
2.53869268685028
2.1757951100802
3.0422833046366
3.56734221466915
2.68981997619514
4.30418551780672
3.36535307508042
3.24418397657258
2.34267858332278
2.5533039671078
3.97928710542181
3.52815496336673
5.47391746941082
3.86444928648995
3.28154607669482
4.75309291442704
4.80168958326565
3.89718985923856
3.07150922274218
2.82221138660701
3.23328567884353
3.10458815578773
1.35596270937645
2.90344365902166
2.59654863571437
3.19690213174717
2.13980744395731
2.60748631756092
2.6497492968053
2.86468341692479
4.08791939595235
4.30084471462055
2.96298565461633
3.85819026329
5.75040340172917
5.43065793164753
5.33774295748039
4.18928074597581
3.86067055436308
4.26722745199342
3.20994907029807
2.95256554886634
2.87362090521192
5.20711423621647
3.50133455349617
3.46574799845083
3.62126089113444
4.77408136243961
4.92416796984826
5.68190884231655
4.71783203760351
5.57075656188802
5.98386639358551
5.06359681204732
4.16528628752111
4.73416326553123
4.3644631805343
3.10240739165347
2.51488260001266
3.01299585946401
4.70068348306612
1.39819055217468
2.58823416212343
4.0763921135751
5.20346982589815
5.57214570884317
5.30294793147318
2.99122146053942
5.07029527658625
4.69831658749368
4.91632452763946
4.43422830087811
6.46067465460421
6.01673190630956
6.63660888147134
6.59880305303929
5.60493246495795
6.01828501685296
6.76135073628529
5.29445646557972
5.48805737630855
5.64450283652197
6.17585425715382
4.29214080630251
5.01297815052624
4.5147423022072
3.74166393285408
4.91586826660488
5.23556362259016
4.12044334085083
2.68461011799885
3.35615763906006
3.73815127203006
4.45971431019736
3.59999925590126
3.42153747999228
3.92244593426939
