4.80364926246383
3.80774278247611
6.15446852188943
3.63853263494003
4.61001816127383
5.88177013535398
4.38758874119205
3.31545708746361
3.44078654245841
3.42420343466575
4.0378800194419
4.53062113093159
4.69268363491173
4.45998767215873
4.15182352242596
3.66372796270249
3.33920576868263
3.57731425327913
2.92917759030977
3.83779596659332
5.48419085164079
5.9316517728666
4.66628463737006
2.92688922680437
2.57646730331578
3.0627741533136
2.84061961735228
3.96366584194618
4.76653183475258
6.0762666461897
4.56374383512927
3.26685314218213
6.43516178051204
2.21185788095106
3.57817613942091
3.30021772433004
5.74624075107653
5.46792856673445
4.62065140002248
2.80073378822678
2.15994710686631
2.20102972366944
2.10683959836646
1.9965559719017
1.78316703075676
2.04716393673383
2.13884702798798
2.22777776128216
2.21701066013519
2.11898572195187
3.54175293736069
6.03558035946573
4.31025461159416
3.66873874703896
3.93158639618317
3.49735517816873
3.1843964022283
2.40781680144367
2.48907058027211
2.26841986962202
3.40404531065938
4.31340695044664
4.1899754148501
4.51006247169863
6.32907537526014
2.60782393275371
3.46321241475112
1.98896450300198
1.32713086953346
1.42886596251947
1.7580111260023
2.51046436065459
2.95791919732908
2.18404050592131
3.77512768539882
3.20727289937269
2.74604790757884
2.71766857891571
2.60291839804196
2.26622215321591
2.21425478548035
3.80550589820804
4.5037648492605
2.3803678531713
3.41701004864095
2.56776672037899
2.69856696041602
3.4969119197223
2.65887790746787
3.73506928754582
3.38126318425366
3.597442195786
5.3769981488632
3.25298799040847
4.69710686454194
5.8173600626022
3.82321732554357
2.85309066066924
3.2395543024108
3.77686530424913
4.58949330356397
3.82851939164232
5.86360994110104
5.37567602886059
6.13877925583237
2.66524570363202
5.09405326609071
5.27905604889344
4.25494063711115
4.16512135509966
2.10038477788497
5.33611477897454
3.92995786001199
3.76320409154827
3.2708057820067
2.47243206769066
2.88321151766659
3.86934417094608
4.64714018007578
4.86866199508577
4.86791296191825
5.00823186781083
3.74114593293961
4.17506211233182
3.47650362861978
4.06019270217228
4.75843151144682
4.12553618163796
3.04145677546181
3.09336821772292
