7.64796807449799
8.39026973145781
6.59215797610515
7.2142195906419
6.06448381281532
5.551606763885
7.5067771293842
7.61812200364207
6.70119198310222
6.72155251408376
8.27692572243655
8.41248728146877
8.37092721910827
6.63597196002331
7.58709046908884
8.72927995570982
8.42347475759081
7.27677291334387
8.58652232321501
7.41640353204909
6.69309430993626
6.81092180878458
7.69647605279761
8.77386261238745
7.42653394947212
7.07960264253552
7.74163768846864
8.1422000255867
6.56073925030289
8.36494317552397
8.46150301874184
8.33394971439376
8.64955645082228
7.98638435346576
8.63657818611739
8.55734763505883
6.44479587788113
6.26737938690913
6.45949010907616
6.26109787889271
8.34883845609661
6.66163141270591
6.61186229532738
6.82887324410894
7.85707416043753
7.15970247295428
7.23264267188811
7.72585116160667
6.77185255937703
7.18892421480611
6.22670108701885
5.88767753946815
6.27399453082916
7.76249327387269
8.04538109010243
8.55723355826589
7.68482971077632
7.23292546432837
8.46382792220424
6.91440388771869
8.5659592393477
7.94624759809989
8.13981088738577
8.74059900353508
8.24777785824316
7.50826161759381
8.67369970258718
7.37377725332826
6.03551344065482
7.8417691975808
8.08832476075601
8.55596364026543
5.82089871902447
5.54713353027155
6.11199031385539
5.83154677081256
5.89119630635325
8.00769927937542
6.98753151950222
6.07561315526284
6.53235313572705
7.12839656785846
5.91809294887618
6.24645084549086
6.04366611036346
5.62480483925776
6.19981513358504
7.61092129861554
6.25877072156756
8.08220532544046
6.23799461430509
6.58520350553492
7.60673819810156
6.85692326177553
8.64887178572735
7.99699882271694
7.9453930038473
7.7470302858381
6.9670023697057
7.5368291603832
7.65846478187059
7.98978956814745
6.94507036595256
6.60595643679899
8.18119977432472
7.45479904218797
7.752838298773
7.15523225412018
7.90880760943633
6.75804864473213
8.57892980759707
7.72204253748661
8.43185600814341
7.85784423983165
7.62932535249248
6.11136682554853
6.68669317584336
7.37897793842858
6.67994821025519
8.39726663966537
7.87644107994516
6.25098938119409
5.84591172091287
6.44939023595856
5.59910116344755
6.17974178323152
6.03126123821079
8.63204521793381
8.07283625250988
8.3369743058676
