8.38468097129323
7.10009171817432
6.1993894859142
7.35838251860991
7.97894628722033
6.31116650684742
5.72458752548083
6.85034898449506
7.06209895111296
8.08000544180256
6.00306023121276
5.75437151528369
8.19010520990443
7.37163637967819
5.6761210747383
5.60584565999166
8.19266655504427
8.41405300330043
6.84326604538023
7.92154554120307
7.47291845489481
7.82967653007384
7.61464572480445
7.12571634327829
8.7294602088909
6.22103551007466
5.64329580402079
7.5437177423105
7.78331193380042
6.34317718721187
8.25344688259384
7.32949590210827
8.79144871278445
7.94632433178973
6.35383816610058
7.42078928878337
8.41902810794812
7.95061128601451
6.98795883942148
6.17644647750868
5.5911816229424
6.8675758393007
6.11690037981199
7.72240037891406
7.14297075284649
8.76675733356194
7.55125710921884
8.74866260518358
7.97486914518472
5.81438736226285
8.03250045172694
7.10133964717367
5.89623607016519
5.72502800534583
6.99197851539187
6.52512233649654
6.18723820405766
7.32391604042791
5.69125649719696
5.99424857130282
5.67030505087235
6.03079751326027
8.31645005019271
7.18740562901665
7.83695074998251
6.01437812175914
8.49031320701653
5.96746187297019
5.96349248133376
6.34813614371945
6.30395839061557
5.58007536730705
6.88452583514669
6.81388236617172
6.88586479277119
7.65428581500286
8.58218649111222
8.4603427317822
8.38515347881411
8.01344275782627
8.24523196204839
6.14388358625974
7.49786484263487
8.17688985530559
7.91229262794215
8.60859178968283
8.49770392256086
8.1646248204187
6.78239461138928
6.1927878860667
5.97189484477621
7.60168615225078
7.75249629765667
6.62030004054242
5.66095221454505
5.96534827373023
5.73756932996125
5.56992689923924
5.89533298613584
7.69648943432554
6.75724698645849
5.9124735418758
6.08161591121015
6.2186597684584
8.02127334182843
7.73055650153807
8.77240459558038
6.6210580024474
6.03234435421447
8.47426350613944
7.88717967101436
8.62674110748346
6.32060177041556
5.80884317951431
6.78420307213982
6.53193542343406
6.74790621690202
5.75939885747099
7.28452552104918
8.12562165477213
6.39624079758266
6.17785463668742
8.48808968716851
6.12551532672599
5.97716977540376
8.01019147954739
8.15887961632721
7.36348246763278
8.17556232952588
8.40583444571737
