7.55908625652105
7.8548772677976
8.68632914377684
7.12638492956205
6.93926058091962
6.97389939240882
6.85035424831339
6.66633755230571
8.58091482886317
7.51784901518716
8.1044211838347
7.44497642068874
8.33810677246438
7.03820428218815
8.57558569607822
6.34223354680521
5.57415079199567
6.80680750574595
5.85283911681622
6.47701598844659
6.48903286899848
7.87619651056393
7.6184309028987
6.77144489909401
7.61221613191455
6.82633597751574
6.65562956876346
8.61290230365288
5.57929459956769
6.19909372571001
6.85440796835487
8.23388359801571
8.41412323634709
8.40116650374941
7.44811702737639
8.23482062518021
5.53496386661695
6.576317371692
6.55749175987531
7.48118389313879
5.81008932999379
6.32804848013525
5.6848844091774
7.37355499956716
7.26119119187862
8.0878963223837
7.94915038410566
7.22104536284609
6.39185530994236
8.53342457212514
8.46413879457334
8.08585910828023
7.16454265762337
8.57369120871204
6.93926720277216
8.47347690934767
6.82388313720124
5.72684456224123
6.4918371060513
7.5261095661463
6.33299334803648
8.46665090022617
7.84786572602963
6.68865290284124
6.35968073530877
7.84595805191078
7.93602795282797
6.28254424992626
6.13202862215097
7.00622186496431
5.68143137385458
8.53096890102452
7.76686504166896
6.44624289771258
7.46843028668723
7.66124312949935
8.05176050457137
8.50613155460559
8.18664028690126
7.62254838787208
8.55144617389075
8.23050969119094
8.47620855566944
5.89684655022017
7.47659804033353
7.24948915874986
5.69746897107514
5.66178673156
5.79995901391708
6.71455142286923
8.16768139353129
7.52544229537436
7.09912143996392
7.27779770950176
8.01044191618106
8.28690324314078
6.15177905652502
8.78850923134606
7.38217854102288
7.10186030369907
6.60523816926371
6.63011907829462
8.1680769207014
7.81868023750057
7.20768748892103
6.60771699449875
7.33458897174977
8.72814505010777
7.69159156602804
8.34146235536916
8.24706341701058
7.31902894759639
6.16039673833298
6.49458315727857
6.15211318488646
6.7166591600585
6.07909466917904
6.39491296111131
6.05023017645636
6.14872155807376
5.57165079227122
6.63793480260448
5.91395884087263
6.11259459242094
7.17449626296526
7.9624552611732
8.40722001259611
7.13105885485345
6.10667235350705
5.87265810890334
