6.77932852225933
7.74645934358973
8.5547020287004
6.78801479339935
7.20275000577129
7.20093283724686
5.97678821705967
7.77944651281295
8.60417165778387
8.13797400863204
6.04462224362118
5.65400176442899
5.64832361483122
5.73074889145037
5.8807397841947
6.63753542221499
7.69377827567741
6.81564518951939
6.61121777217904
7.39415675444079
8.67925220798534
7.37776591781001
5.85492233018633
5.98576910648711
7.0379622501551
7.58179547364132
8.46699822652702
7.95129660880184
8.49380711437834
8.61835902082257
8.65870778463218
7.95054328443588
7.60538363024971
6.53989878153175
8.02527806447038
7.80411484985512
7.51957247504328
7.59001142768511
8.58433308924471
6.11852473596246
8.41254497171127
8.2204818094254
6.53791674693125
6.84638403126536
5.58252397210151
5.74336044772208
5.70354941667381
6.51361895137677
5.796686046435
7.78060121888131
8.4676133621804
8.36256171598886
6.76106898108581
5.96232046443201
5.55458855469127
6.40441899887583
5.90621425521902
6.86243608152106
6.60264021621282
7.63586405081971
6.66484471195604
7.74463563238058
8.08008050326096
8.73232151651333
8.19108066290365
6.03276790192223
8.08331622168223
7.79512234694841
7.8139245419897
6.02605623837749
6.60425283815473
6.08738101143026
6.75692289468996
6.27811240760034
7.47132638207906
6.80791179777348
7.10335497854396
6.90126171967174
6.26194150387325
7.84524188871811
6.93045527626497
5.59781683170107
8.72890981302858
7.60493286635591
7.55738690255045
7.58899271777842
6.97072200001184
5.80435036036861
7.32667000556769
7.40112899477176
8.02838931093921
8.27474008166217
7.53338879838346
6.31864892843931
5.89777754163675
7.23546779858555
6.37671324239314
7.8361848618197
8.70101840461381
8.07980719574613
8.65211438310923
6.92129369727653
5.74222148102569
5.65372340785099
6.29736430368314
5.89290062744423
7.85514500342082
7.63575673575995
8.78767773462986
8.44515925567625
8.38998391031189
6.36600858805603
6.01849489536613
6.50523745463069
6.66940396575079
7.83420286872179
7.68784712786906
6.05611184834546
7.33931817303925
6.87810694687814
5.52658362467742
5.75508869749237
6.54784960138665
6.86755995985003
6.17662591421399
5.98137115687553
6.48912237085327
5.80998586335704
5.77426462391615
6.35024094890493
