7.44858240218464
5.58667908065333
7.91320402711685
8.12101885526334
8.14486641631377
8.14406777829263
7.97605527483633
6.67426804459991
7.65176814589916
6.33074529621219
5.671620115706
7.56858161613097
6.70773524245369
7.42173959904942
7.91707605086345
8.1323340333127
8.08640217930806
8.26124565426454
7.20712068396217
5.59029218089506
5.58869701867173
8.00301419460216
7.00993071112229
6.49838530141624
8.18023492914972
8.45960164438846
8.32284180170079
7.83778665386846
8.36407852029104
7.33315349207355
6.46511804642548
7.51376873434641
8.75236442087845
7.92508403852337
6.93765310271004
8.05320276739152
8.00955334642914
7.29321458202455
5.66026263199361
8.11556251039876
7.78935113990412
6.70669250414573
6.08795310411111
5.5486636417396
7.53243539408159
8.5915321541975
8.24096551387891
8.14538585959183
8.03289993218579
7.90206679076686
7.54334138115401
8.58699191482458
7.53434899737637
7.96881204410732
6.52802338662754
8.2685783258838
8.23317677621113
6.62539987880674
6.24595507894085
8.40462744630803
7.4799280979742
6.73086639878893
7.49772758349555
6.85758879709587
8.40060074382847
5.87349925706471
7.24068910961498
6.56390831881837
5.81979883156487
8.29474971091061
6.80569214976278
6.82098030873042
7.79439880794378
5.67049368903312
5.640354366277
6.0646168277562
6.0907282957872
6.21594627170793
7.37935334547328
6.30431365351506
5.52523780811357
6.97267143620089
5.7866849941736
6.58271654920177
6.22989992515327
5.62373714023214
5.57398816008159
6.0028716084154
5.64581069895836
6.56188910462689
8.60510082084331
8.12377611690485
5.90732326262376
8.58615202133402
8.03248826319004
5.69859052719835
8.24062501154877
8.44203624963221
8.45200959559435
6.17790758571212
7.82757663531647
6.00881084531789
6.8733715178321
6.67362310437004
6.57998728741763
6.27233872762892
8.12745935780831
7.56015975123695
7.73411657783152
5.88207594376613
6.7226377230984
7.75256061847471
8.69216063327439
7.13835937463161
8.62736848606007
8.73687954760531
8.54235283407756
6.1886509470839
7.69709819351664
8.72898988688247
8.51849079376705
7.39018544048651
7.51060837723828
8.76332892290796
8.63802777236475
6.77739735112591
8.63678373722696
7.93519640811347
8.21946435206729
8.66322057060956
