5.58490035365074
5.87589071295597
5.80631878479815
5.71505069079952
7.82479620718254
7.56969501246938
8.14857121286303
6.83635564195631
6.63518097311799
6.21381501135415
5.85476046362454
6.29988223666647
6.31527756634824
5.99528458861586
5.70959884102716
8.42773467112501
7.08797942968334
8.54342224944584
8.2414411703209
6.49838749323194
8.73612000712674
7.0059441501659
5.89710019189203
7.37132550441645
6.21546011040148
7.77039902639291
6.92456676297733
7.29965450423364
7.93769276915636
5.8839344488527
8.40909969680807
5.9618960810001
6.77582497373196
6.12897760132456
5.71417821881782
5.86576081192365
6.61766730770933
6.75395159265353
6.82760084544275
7.16808871024374
8.79580024219565
7.75478916370518
7.32367529090557
6.15745006519614
7.76012229071672
6.26972306958984
8.29103963446171
8.75000919977886
6.69943437990027
8.42941549010738
6.87616509265794
6.55220665549192
6.25686523788474
5.92131192757854
5.7498373757844
7.13503564170327
7.04708865704517
5.97533638637375
6.45045275379135
6.02186742331035
8.61087895289903
7.77680754154616
8.16595548238171
8.73155955762814
8.46010160839671
5.70844082807259
6.28593167468371
6.23893779478899
5.54290677975779
7.16243054617746
8.46244669781586
6.10131818983966
6.13878918569043
5.63039027242008
8.05733129406336
7.97383573539364
5.5936390094278
5.94272049249133
5.88423580123316
5.8303436793803
6.31065667622798
6.90920902102742
7.07285417388214
8.76071635380133
7.1930363667156
6.71552184302497
7.7801398143795
8.17948233811465
7.50164737348302
7.34734637225835
7.89218091442033
8.46676315544238
6.69552144516114
7.4089255330904
7.30403178229348
7.06658668505585
6.48734459994211
6.25686311940081
7.01117904588855
7.89059227684667
7.27309453408144
7.19926902186214
6.87106054469849
5.83129384510213
5.65335277728472
5.69529163093409
6.24576352295846
7.56627642008457
7.11654602937839
7.72385241539977
7.52848986826157
7.54029166982597
8.61407398206156
7.74046381868069
5.78357176481022
5.8770416444089
6.2835893466652
8.33710488713738
7.54667705473633
8.39474740790557
6.97102456598632
5.90000418575165
7.49888951736765
6.43062997189429
6.04313746184794
6.51891346731284
6.36374140411627
7.25869288907365
6.62876636696241
6.20882335394424
