8.232162516772
7.4294034872103
7.1587864356165
5.98780352504088
5.96481482923058
6.00031421205576
7.28042130247743
8.73236091920056
8.0676638198303
6.735824343893
8.168820522568
7.42468477887943
6.39733090802437
5.8301969061972
8.64622783329165
6.48999725152163
6.07863698144942
5.53726278236058
5.77710953363572
5.77080270528032
5.73949584692249
7.56700021506622
6.89674934291099
6.06127806288172
6.30336212646285
6.28069412738821
8.41712166717069
7.10467927987611
6.70197400333074
7.91631521524336
7.16191134484849
6.08884340912269
7.56296322759251
8.13618641208539
7.70354013729814
8.73483133988763
7.84104847788619
7.47095282243082
6.52815527654098
5.73829990972559
5.93604242925621
5.58158964748943
6.18014000772683
6.79460795093774
6.31924920494943
5.52610481277188
7.887119973899
8.75527918514787
6.92446915485382
5.56830326027149
5.62665369572496
8.26693110024905
7.46480464168836
8.55241042349227
8.59911677427775
8.57041935558722
6.48522511316656
6.58401307149086
5.54124046150001
6.46203767186017
5.53051908087439
6.6329207937333
7.7093665436068
8.44500952205658
6.91914834930247
6.19961722805033
7.57164846105322
8.26070910719418
6.66871503006572
6.60606803998678
6.73122762510423
7.4134915406128
7.58211521092075
6.95911360386849
8.41526813021193
6.73131443616232
8.69142525006909
8.17769844963359
7.27958204630437
7.79850995255983
6.02183797793078
7.63197284568872
8.55364969420863
7.41513829559607
6.3998366758399
7.51766464605996
8.01205782979231
7.69841172057732
8.65709002871782
8.65923086980154
8.42818918391794
7.45818278260358
7.11556110128396
7.64124312551294
7.96995789346239
6.98359998923096
7.77099537540328
7.7706600963743
7.80671676877605
7.76423894108696
6.85335767864553
6.12502694339169
6.1938633133056
5.79166482848951
6.51193814549752
6.90836281764241
5.72098035449319
6.80771820515481
8.30910244442389
8.75694870647256
7.60510406089799
6.70936312462551
6.03530791458711
6.79098923452998
8.5213567724314
8.51294797960003
8.1123376814707
8.20458800546292
8.00958502576676
5.96382125758825
6.01434969245005
7.88845405274147
7.90231985115976
8.17239380453977
5.95751275542923
5.97803214691216
7.73276641972247
6.90553067992971
8.42141557794752
7.79286622363586
