8.19491781054035
7.45044348118421
6.3139104063676
6.25752055982601
8.0027180152576
8.26874018633805
7.84227377686318
7.53196302998056
8.16537405893482
7.42146908447617
7.84983166775146
7.33463110312638
6.75125208761233
7.9784021802313
7.4221838123919
8.02722972394465
8.19432187205968
7.51652809252373
8.60830241586937
6.80788325280932
7.83865104668801
6.70682852739031
7.99441945585658
7.4008171801396
6.71116074174343
7.35329351855316
5.56667214256936
6.98423190689565
7.38144724089568
6.4003145594203
6.3556074355678
7.70189092962024
7.43369865784713
8.52412790057255
7.48627033643544
7.27385620989923
7.13494640004078
8.13432433725048
8.79293315528319
7.4249969247325
7.52212863731079
7.17855109357248
6.75403813218687
7.16595648185415
6.31848891483044
7.57801145721563
6.78315722421768
8.11251958533923
8.28152059366767
8.79223431556403
7.15463835428342
6.24992740630644
7.61007004094466
8.75596804407142
7.62821680481206
8.59634771763904
6.09214104393596
6.06748267841211
7.58115509200686
8.37587102560757
8.63309068647455
6.16292776234501
7.98559606804535
6.92888887066706
6.5632152700219
8.30975132184811
6.2403137719796
6.56040170977432
6.25098356222578
5.82245075580103
5.53582446508432
6.29822781909157
8.29609470389319
8.47500503912302
6.35403833870885
5.59068392033431
6.65183159468541
8.16074800613591
6.73803952504707
7.83063381652861
8.18203915416743
6.38081324408862
8.50302961879497
8.26538425508972
7.74327456876886
7.22060488087121
7.6173581274734
5.76532711417815
5.6382647265656
5.56476763229507
6.13001914725552
6.02844580689057
7.54911106399126
6.16273217761472
7.76894641327395
8.57536404058499
8.53217941491061
8.23763653945869
7.52572450593447
7.51528435045294
7.69729537454554
7.93526322671944
6.71584339452794
7.0826315439583
5.50007925093837
6.66385128599468
6.89989876436848
6.63647364277268
8.19747872197655
7.7312566991385
8.21668596872009
7.08823054108853
6.40507952836058
7.25805585913864
5.6825866745249
6.26727589538653
6.65750867946922
5.98442167465561
6.85930226847983
6.22621879984835
6.98933726158337
5.5859050301822
6.2353219550293
7.72410709201024
8.28994694471008
7.48126724537276
8.22409693802778
6.35273434399781
8.74641501678683
7.55253819550317
