6.66480796900252
6.12658211659699
5.66609720291547
6.72541345295627
6.69223650666732
5.68908178669452
6.67978824803104
7.48217606323345
6.94089459457804
8.63979426252367
7.81593178394988
6.5953775664924
7.64387580441458
7.41159675737342
8.72908325864736
6.05827339165465
7.02968975442402
7.30007280409216
8.50153724283791
7.28421243185888
7.43736008858726
8.57484228564237
7.39336185754198
7.93738097833322
8.7570135216406
6.37345303945371
7.18944865990782
5.91884020005522
6.86558564058937
7.11529568072501
6.72881239551885
7.525154624791
8.25700140185208
8.48969336227744
8.42995062177356
7.51108547524287
7.4430064234332
5.83842529486315
7.39536916517241
8.78260520621261
6.72112805814279
6.14121783155258
6.7730913415581
8.60972781860211
8.36947612601212
7.4038453120542
7.7253790690833
8.21962575390174
8.48776178218104
7.62927337676377
8.08332004740035
8.39734769159519
8.02687874431637
8.20814231898142
8.28256770665715
6.00388110476598
6.7054017845664
5.90894365155457
7.04984046542925
6.12629996405185
7.22379287142992
6.74524588383004
6.2514837634251
8.5627383634683
6.90554205280639
8.53301161727751
6.6342758857122
6.86826516966201
6.38200250723957
6.99663216146763
6.35844992509938
7.19637054510621
7.50728997972256
8.10721517369294
6.55615836335269
6.22944481205421
6.17576522683513
7.06530098555856
6.11828492585892
6.41068624479266
8.57900394735857
8.32212441737435
8.04661303964335
8.12950223992617
8.40754581753202
8.45277345271543
6.28244635312302
6.33241539865859
6.60084325346163
5.85966962335485
6.88176362715971
5.56560656443377
6.06392675420432
7.95970391463881
8.5651313499073
5.95066303568567
5.71138893890415
7.0454710473158
6.0700010323312
7.98262187212304
8.70326895144707
7.30676664819531
6.84018786274061
8.14844513647958
8.1939219703659
6.56430101241473
6.72511465444462
7.65964807467241
7.44617552207952
6.24556789019301
8.14478228497971
7.74443221191671
8.18490169443538
6.40598376454145
6.590975021711
6.18788502957159
6.55323428637154
7.41037814146862
8.35602287206739
5.8652325276595
7.4692895150852
6.58832543548482
5.74665440375792
8.28464657014666
7.4068000453265
7.52657919057452
7.9349123062875
8.43869606046015
8.40519725559762
7.85998438275787
