7.61871198826215
5.87095313290927
7.26394440081359
7.79262065659639
7.52431494073222
8.45887176222893
6.5079339344366
5.93226063825154
6.34702727327697
6.01330942496083
5.98691389568863
6.5784807999242
8.03283701930379
6.87484345824599
8.6487295951632
7.45646388810077
6.93845996473477
6.73199253299543
7.29519059923516
7.17301962047198
6.77319187686472
5.69350103549925
7.71189383554638
6.73746202660623
6.74006906287516
8.35473618955366
6.52778226015233
6.32627974759086
5.77576981487156
5.61725709732292
6.49101174004107
5.95897603917616
7.77439822553185
8.3633236800995
5.79550379601958
6.41702526081716
8.50534160302369
8.57325249455689
7.2332618531905
8.1396467815485
7.29670864082086
5.78810366800649
7.60980780977367
7.52706306324365
8.77295839984274
8.30838056043482
8.64393992416074
8.10651554380853
8.57516364065232
6.76609374595302
8.12690447683777
7.06646909791057
8.24684828964861
8.0562035989306
7.21105288946872
7.8510573524728
7.28560211238012
7.25957690189103
7.09942819107102
7.94277766672268
7.79598768383817
7.16222557989224
7.28170818872695
8.38704495074748
7.89105555293729
7.4064340581991
7.71771473697194
7.54486270947422
6.72045690558431
6.71826459703713
6.466761267227
8.14003230494448
8.48015594819052
7.46103495489869
8.04063393209298
7.66001286289997
8.63412501593009
8.2527191377074
6.73915494825932
7.2782817810617
7.65430303547923
8.17093607317783
8.4413584235265
6.96186514594784
8.49238800008939
7.55262987191307
8.27217245850661
5.73300766089456
6.652800982282
7.53097031601565
5.5744576215919
7.25669409493965
7.73180540169891
8.28861228212354
8.32729292807547
7.6054568694381
6.47398833817685
5.81019519468715
5.82242915764689
7.77326419357704
6.7706137034459
6.40422938039068
5.53185884298729
8.25484964450426
6.20689748308797
5.99689577299791
6.8538355737416
7.77113406717335
8.79979129460762
8.6649415022164
8.23838154420718
7.58650493984076
8.2645272175537
7.71059433663813
8.12897109338962
8.41448649340114
7.3647540155263
8.56060494301009
6.75723509326379
6.73933228762346
6.84797043117774
8.65898938977263
8.67723732172262
7.3091331476722
7.25740404886586
8.52074751699114
6.65460065970041
5.93424349398044
5.61888562328007
8.26652795731446
