"1930" "1931" "1932" "1933" "1934" "1935" "1936" "1937" "1938" "1939" "1940" "1941" "1942" "1943" "1944" "1945" "1946" "1947" "1948" "1949" "1950" "1951" "1952" "1953" "1954" "1955" "1956" "1957" "1958" "1959" "1960" "1961" "1962" "1963" "1964" "1965" "1966" "1967" "1968" "1969" "1970" "1971" "1972" "1973" "1974" "1975" "1976" "1977" "1978" "1979" "1980" "1981" "1982" "1983" "1984" "1985" "1986" "1987" "1988" "1989" "1990" "1991" "1992" "1993" "1994" "1995" "1996" "1997" "1998" "1999" "2000" "2001" "2002" "2003" "2004" "2005" "2006"
"12" 32880 32745 32620 32505 32401 32307 32224 32152 32092 32044 32016 32013 32034 32075 32136 32214 32306 32410 32525 32649 32791 32965 33165 33390 33636 33899 34176 34465 34760 35059 35357 35651 35936 36208 36464 36697 36905 37082 37224 37329 37399 37435 37435 37402 37335 37236 37104 36941 36748 36525 36274 35995 35689 35358 35004 34626 34227 33807 33374 32934 32486 32032 31572 31105 30632 30153 29668 29178 28683 28183 27679 27170 26658 26142 25623 25102 24578
"13" 32877 32747 32626 32515 32413 32321 32241 32171 32114 32068 32038 32025 32029 32049 32086 32139 32207 32292 32392 32508 32647 32818 33015 33237 33479 33739 34014 34300 34593 34889 35186 35479 35764 36037 36293 36528 36739 36919 37066 37181 37269 37330 37363 37368 37344 37291 37208 37095 36952 36779 36576 36342 36079 35785 35462 35110 34730 34321 33896 33467 33034 32596 32152 31703 31248 30788 30321 29848 29369 28884 28392 27894 27390 26880 26363 25841 25314
"14" 32850 32731 32619 32514 32417 32330 32254 32189 32136 32096 32067 32046 32035 32035 32049 32077 32122 32186 32270 32376 32510 32674 32865 33079 33315 33568 33835 34114 34400 34691 34983 35271 35553 35824 36081 36318 36532 36719 36874 37002 37110 37196 37260 37300 37316 37305 37266 37200 37104 36978 36821 36633 36412 36158 35872 35552 35199 34812 34406 33996 33581 33161 32734 32302 31863 31418 30966 30507 30040 29566 29085 28596 28100 27597 27086 26569 26045
"15" 32801 32697 32597 32501 32413 32332 32262 32203 32157 32126 32100 32074 32049 32030 32021 32025 32047 32089 32156 32252 32379 32534 32715 32920 33145 33387 33644 33912 34188 34470 34753 35035 35312 35579 35835 36074 36292 36487 36653 36796 36925 37037 37130 37203 37254 37282 37285 37261 37210 37128 37016 36872 36695 36483 36237 35954 35635 35279 34901 34515 34122 33722 33313 32897 32473 32040 31600 31151 30695 30230 29758 29278 28791 28296 27794 27285 26770
"16" 32728 32644 32559 32476 32397 32325 32263 32212 32175 32154 32135 32104 32068 32031 32000 31981 31978 31999 32049 32133 32251 32397 32567 32759 32971 33200 33444 33699 33963 34232 34505 34778 35048 35311 35564 35804 36027 36230 36409 36569 36719 36855 36976 37080 37165 37230 37271 37287 37277 37238 37170 37069 36935 36767 36562 36320 36040 35721 35376 35020 34652 34273 33883 33482 33071 32651 32221 31782 31334 30878 30413 29942 29463 28978 28487 27990 27488
"17" 32631 32570 32504 32436 32370 32308 32255 32214 32188 32180 32169 32135 32088 32034 31982 31940 31914 31913 31945 32018 32127 32262 32420 32599 32797 33011 33239 33479 33729 33985 34246 34508 34769 35026 35276 35517 35744 35955 36147 36325 36495 36655 36803 36936 37053 37152 37229 37284 37314 37316 37289 37232 37141 37016 36854 36655 36416 36137 35829 35504 35163 34806 34436 34051 33654 33246 32826 32396 31956 31508 31053 30590 30122 29647 29169 28686 28200
"18" 32510 32476 32431 32380 32328 32279 32237 32207 32194 32200 32198 32164 32107 32037 31965 31899 31851 31829 31844 31905 32005 32129 32274 32440 32622 32821 33034 33258 33493 33734 33982 34232 34484 34734 34980 35219 35450 35669 35873 36068 36258 36440 36614 36775 36923 37054 37167 37258 37327 37369 37384 37368 37320 37237 37118 36961 36764 36526 36255 35962 35649 35316 34966 34599 34217 33821 33412 32992 32563 32124 31678 31226 30768 30306 29841 29374 28905
"19" 32366 32360 32338 32307 32271 32236 32207 32190 32190 32213 32222 32188 32122 32037 31944 31857 31786 31744 31742 31792 31884 31997 32131 32282 32451 32634 32831 33040 33259 33486 33719 33958 34199 34441 34682 34919 35152 35377 35592 35802 36010 36214 36412 36601 36779 36943 37090 37218 37324 37406 37461 37486 37480 37439 37361 37244 37087 36886 36650 36389 36103 35794 35466 35118 34753 34372 33977 33571 33153 32726 32292 31851 31406 30957 30506 30054 29603
"20" 32197 32221 32225 32215 32197 32178 32164 32161 32176 32216 32237 32204 32130 32030 31918 31809 31717 31655 31637 31678 31763 31867 31990 32129 32284 32453 32635 32829 33033 33245 33465 33691 33922 34155 34390 34625 34857 35086 35309 35531 35756 35981 36202 36419 36626 36823 37005 37169 37314 37435 37530 37596 37630 37628 37589 37509 37386 37217 37011 36777 36518 36234 35928 35601 35257 34895 34519 34129 33728 33316 32897 32471 32040 31605 31168 30730 30293
"21" 32004 32060 32091 32103 32105 32103 32105 32118 32149 32206 32241 32209 32127 32013 31883 31753 31640 31559 31527 31560 31640 31737 31851 31980 32123 32280 32449 32629 32819 33018 33226 33440 33660 33884 34112 34341 34572 34802 35029 35261 35499 35743 35988 36231 36469 36699 36917 37120 37304 37465 37600 37706 37778 37813 37808 37759 37664 37518 37333 37122 36886 36626 36345 36043 35723 35386 35033 34666 34287 33897 33497 33089 32675 32255 31830 31403 30975
"22" 31787 31876 31934 31971 31993 32010 32029 32059 32107 32183 32230 32200 32111 31983 31835 31685 31553 31455 31411 31438 31515 31608 31715 31836 31971 32117 32276 32444 32623 32811 33007 33210 33419 33634 33854 34077 34302 34530 34757 34993 35243 35504 35772 36042 36312 36577 36833 37076 37301 37504 37679 37824 37933 38002 38026 38001 37923 37788 37613 37417 37200 36964 36709 36436 36145 35839 35517 35181 34831 34469 34094 33709 33314 32909 32496 32076 31649
"23" 31546 31667 31754 31816 31860 31897 31934 31982 32048 32143 32205 32179 32088 31952 31792 31628 31482 31372 31319 31343 31419 31507 31608 31721 31846 31981 32127 32282 32446 32619 32801 32989 33185 33387 33594 33807 34024 34244 34468 34705 34963 35238 35526 35823 36122 36421 36714 36995 37260 37504 37721 37905 38050 38153 38206 38205 38145 38021 37856 37675 37479 37266 37039 36795 36537 36263 35974 35671 35352 35020 34673 34312 33937 33550 33149 32736 32311
"24" 31281 31434 31550 31637 31705 31763 31820 31886 31971 32084 32162 32147 32061 31927 31765 31599 31448 31335 31279 31302 31375 31458 31550 31650 31760 31879 32005 32141 32284 32436 32596 32763 32938 33120 33310 33507 33712 33923 34140 34377 34640 34926 35230 35547 35871 36198 36523 36839 37141 37423 37678 37902 38086 38225 38314 38344 38312 38211 38068 37911 37740 37555 37355 37141 36911 36667 36407 36132 35841 35535 35213 34875 34522 34153 33768 33369 32954
"25" 30992 31177 31321 31434 31526 31606 31684 31770 31873 32005 32100 32100 32026 31902 31749 31588 31442 31332 31277 31300 31371 31447 31527 31613 31705 31802 31906 32016 32134 32259 32392 32533 32682 32841 33009 33187 33376 33575 33785 34019 34286 34579 34895 35228 35572 35924 36275 36622 36957 37274 37566 37828 38051 38229 38356 38424 38428 38360 38247 38121 37980 37824 37653 37467 37265 37047 36813 36563 36297 36014 35715 35400 35068 34720 34355 33975 33578
"26" 30680 30894 31066 31206 31322 31425 31525 31631 31753 31903 32015 32033 31978 31871 31733 31587 31453 31351 31302 31327 31395 31463 31530 31599 31670 31743 31821 31903 31991 32086 32189 32300 32422 32553 32697 32854 33025 33210 33413 33643 33910 34209 34533 34878 35239 35610 35985 36358 36722 37071 37398 37695 37957 38175 38342 38451 38495 38467 38393 38302 38194 38070 37928 37769 37593 37401 37191 36964 36720 36459 36182 35888 35578 35252 34911 34553 34181
"27" 30345 30587 30786 30952 31093 31220 31342 31468 31609 31775 31906 31944 31912 31827 31712 31586 31470 31382 31342 31370 31435 31494 31547 31598 31646 31695 31744 31797 31854 31917 31988 32068 32159 32263 32381 32515 32667 32839 33032 33259 33525 33826 34157 34511 34885 35272 35666 36061 36450 36828 37186 37518 37816 38073 38280 38432 38519 38535 38503 38451 38378 38286 38174 38043 37893 37724 37537 37332 37110 36870 36614 36343 36055 35753 35436 35105 34760
"28" 29988 30254 30479 30670 30837 30988 31133 31280 31440 31622 31769 31830 31822 31765 31677 31577 31482 31412 31384 31416 31478 31528 31568 31599 31626 31648 31670 31692 31718 31749 31788 31836 31897 31973 32065 32177 32311 32469 32654 32876 33140 33442 33777 34138 34522 34921 35331 35744 36156 36558 36945 37307 37639 37933 38180 38372 38503 38564 38576 38564 38528 38468 38387 38283 38159 38014 37850 37667 37466 37248 37014 36764 36500 36222 35931 35629 35315
"29" 29609 29897 30145 30362 30554 30730 30898 31066 31243 31439 31602 31685 31705 31678 31620 31549 31480 31431 31416 31454 31513 31554 31580 31594 31598 31596 31591 31584 31580 31581 31589 31608 31640 31689 31757 31848 31964 32109 32285 32503 32765 33068 33404 33771 34161 34571 34993 35423 35852 36276 36687 37077 37439 37766 38049 38280 38452 38557 38611 38638 38637 38611 38560 38485 38387 38268 38128 37968 37790 37594 37383 37156 36917 36664 36400 36126 35843
"30" 29208 29514 29785 30025 30243 30443 30635 30824 31019 31226 31403 31508 31556 31560 31534 31494 31453 31426 31427 31470 31526 31559 31573 31571 31556 31531 31501 31469 31437 31410 31391 31384 31391 31416 31462 31534 31634 31767 31936 32150 32410 32712 33050 33420 33816 34233 34666 35108 35553 35994 36425 36839 37227 37582 37897 38162 38370 38513 38606 38669 38703 38710 38690 38644 38574 38482 38368 38233 38080 37910 37723 37522 37307 37081 36843 36597 36343
"31" 28786 29107 29397 29661 29903 30128 30344 30554 30764 30982 31169 31295 31370 31405 31412 31403 31391 31387 31404 31452 31506 31533 31536 31520 31488 31445 31395 31341 31287 31237 31195 31165 31151 31156 31185 31241 31329 31452 31615 31825 32083 32384 32723 33096 33496 33920 34360 34813 35270 35726 36173 36605 37014 37392 37732 38025 38262 38436 38561 38656 38721 38759 38770 38755 38715 38653 38568 38463 38338 38196 38037 37863 37675 37475 37263 37042 36813
"32" 28344 28676 28982 29267 29534 29784 30023 30253 30479 30704 30900 31043 31142 31207 31245 31268 31284 31303 31334 31388 31440 31462 31458 31432 31388 31331 31266 31196 31125 31059 31000 30954 30925 30916 30931 30976 31054 31170 31328 31536 31792 32093 32434 32809 33213 33642 34089 34549 35016 35482 35942 36388 36812 37206 37563 37875 38132 38327 38474 38594 38687 38754 38795 38813 38806 38777 38727 38655 38564 38454 38327 38183 38024 37850 37663 37463 37253
"33" 27883 28220 28541 28846 29135 29411 29673 29923 30162 30392 30593 30750 30871 30961 31028 31079 31121 31161 31207 31267 31317 31336 31328 31296 31246 31182 31108 31029 30950 30874 30807 30752 30714 30697 30706 30744 30817 30929 31085 31291 31547 31849 32191 32569 32977 33410 33862 34329 34802 35276 35744 36198 36630 37034 37399 37719 37985 38187 38345 38481 38596 38690 38762 38814 38844 38853 38842 38811 38759 38687 38596 38486 38357 38209 38043 37860 37660
"34" 27424 27764 28095 28416 28726 29023 29306 29573 29825 30058 30264 30434 30575 30690 30785 30864 30932 30996 31059 31128 31182 31203 31195 31163 31111 31044 30967 30884 30800 30719 30646 30585 30541 30519 30521 30554 30622 30729 30881 31083 31337 31635 31975 32351 32757 33189 33640 34106 34579 35053 35521 35976 36409 36814 37181 37503 37771 37976 38140 38290 38426 38546 38650 38737 38806 38857 38888 38900 38891 38862 38811 38737 38642 38523 38381 38215 38025
"35" 26983 27325 27664 27997 28321 28634 28933 29215 29477 29716 29929 30115 30277 30419 30543 30652 30751 30841 30927 31012 31079 31108 31107 31078 31028 30961 30881 30795 30706 30619 30539 30470 30418 30386 30380 30404 30463 30562 30705 30900 31143 31432 31761 32126 32520 32940 33380 33834 34296 34760 35219 35666 36094 36494 36860 37182 37453 37665 37841 38009 38167 38315 38451 38574 38681 38773 38847 38902 38937 38950 38941 38907 38848 38763 38650 38508 38337
"36" 26556 26900 27243 27584 27918 28242 28553 28846 29117 29364 29586 29789 29974 30143 30297 30439 30569 30690 30803 30910 30994 31038 31047 31026 30981 30915 30835 30746 30652 30559 30471 30394 30332 30290 30273 30286 30333 30420 30553 30735 30965 31238 31549 31895 32271 32671 33090 33525 33967 34413 34855 35287 35703 36095 36455 36777 37052 37274 37465 37652 37836 38012 38180 38338 38484 38615 38731 38828 38906 38963 38995 39003 38983 38934 38855 38744 38599
"37" 26140 26484 26830 27175 27515 27846 28164 28465 28745 29000 29233 29454 29663 29859 30044 30218 30381 30534 30677 30810 30916 30978 31001 30991 30953 30892 30813 30722 30625 30526 30431 30345 30272 30219 30190 30190 30225 30299 30418 30585 30797 31050 31340 31662 32012 32386 32780 33187 33604 34026 34445 34858 35257 35636 35989 36309 36589 36821 37030 37239 37447 37652 37852 38044 38226 38396 38552 38691 38811 38910 38984 39033 39054 39044 39002 38925 38811
"38" 25730 26073 26420 26766 27108 27443 27765 28073 28360 28623 28870 29109 29341 29565 29780 29986 30181 30367 30540 30702 30833 30915 30955 30958 30929 30874 30798 30708 30608 30505 30403 30309 30227 30163 30122 30109 30130 30190 30295 30446 30639 30869 31133 31428 31749 32093 32456 32833 33220 33613 34006 34395 34774 35138 35482 35798 36082 36327 36554 36785 37018 37250 37480 37705 37922 38129 38323 38501 38662 38802 38918 39008 39069 39099 39095 39054 38975
"39" 25322 25664 26010 26354 26696 27031 27355 27667 27960 28233 28493 28751 29006 29256 29500 29737 29964 30181 30385 30575 30731 30835 30893 30911 30893 30846 30776 30688 30588 30482 30376 30276 30186 30112 30060 30035 30043 30090 30180 30315 30486 30693 30930 31195 31486 31797 32127 32471 32826 33188 33553 33916 34274 34621 34953 35265 35552 35809 36054 36306 36562 36821 37080 37335 37585 37826 38056 38272 38471 38650 38806 38935 39036 39105 39139 39135 39091
"40" 24913 25254 25596 25938 26276 26609 26933 27246 27545 27827 28102 28379 28655 28930 29202 29467 29723 29969 30202 30419 30599 30725 30802 30835 30830 30793 30730 30647 30550 30444 30336 30232 30136 30056 29995 29960 29957 29991 30068 30186 30337 30520 30730 30966 31225 31504 31801 32112 32434 32764 33100 33437 33772 34101 34422 34728 35018 35286 35547 35818 36096 36379 36664 36947 37227 37501 37764 38015 38250 38465 38658 38826 38964 39070 39141 39172 39163
"41" 24500 24839 25177 25514 25847 26175 26497 26811 27114 27406 27695 27990 28287 28585 28880 29171 29454 29725 29983 30224 30426 30572 30666 30715 30724 30699 30646 30570 30478 30377 30270 30166 30068 29984 29918 29876 29865 29888 29953 30056 30189 30349 30534 30742 30972 31220 31484 31763 32054 32354 32661 32973 33286 33597 33905 34205 34495 34772 35047 35335 35633 35937 36245 36554 36862 37165 37459 37742 38009 38259 38486 38688 38861 39001 39105 39169 39191
"42" 24079 24415 24749 25079 25406 25728 26046 26360 26667 26969 27272 27583 27899 28217 28534 28846 29150 29443 29721 29981 30200 30362 30473 30537 30560 30548 30507 30442 30360 30265 30165 30065 29970 29887 29820 29776 29759 29776 29832 29922 30039 30179 30342 30526 30729 30949 31185 31434 31697 31969 32250 32538 32830 33125 33420 33713 34002 34284 34570 34872 35185 35508 35837 36169 36501 36830 37152 37463 37761 38041 38299 38532 38735 38905 39038 39130 39177
"43" 23649 23982 24310 24633 24952 25268 25581 25892 26203 26514 26831 27157 27489 27824 28158 28488 28809 29117 29409 29680 29909 30084 30208 30286 30324 30327 30300 30249 30180 30098 30009 29919 29832 29755 29693 29651 29634 29648 29698 29780 29885 30010 30155 30319 30500 30697 30909 31134 31372 31621 31879 32146 32420 32699 32982 33267 33552 33836 34130 34441 34766 35104 35450 35802 36156 36508 36854 37191 37515 37822 38107 38367 38596 38791 38946 39059 39125
"44" 23205 23535 23857 24172 24483 24791 25099 25409 25722 26041 26371 26710 27056 27404 27751 28093 28424 28741 29039 29313 29546 29727 29860 29950 30002 30020 30010 29977 29925 29861 29789 29715 29643 29579 29527 29494 29483 29499 29549 29627 29724 29839 29973 30122 30288 30468 30663 30870 31089 31320 31561 31811 32069 32334 32605 32881 33161 33443 33738 34054 34388 34737 35098 35466 35837 36209 36577 36937 37283 37613 37920 38201 38451 38664 38835 38961 39035
"45" 22747 23073 23388 23696 23999 24299 24601 24908 25224 25551 25892 26242 26598 26957 27313 27663 28001 28324 28626 28902 29139 29328 29473 29579 29648 29687 29699 29688 29660 29620 29571 29519 29469 29424 29389 29370 29370 29394 29447 29524 29617 29725 29848 29984 30135 30298 30473 30661 30860 31069 31289 31519 31757 32004 32259 32522 32791 33066 33357 33673 34010 34366 34735 35115 35500 35888 36273 36651 37017 37366 37693 37993 38261 38490 38676 38813 38896
"46" 22272 22594 22903 23203 23497 23790 24087 24391 24708 25042 25393 25752 26116 26482 26845 27202 27548 27879 28189 28474 28723 28928 29093 29222 29317 29383 29423 29443 29445 29435 29415 29391 29367 29346 29333 29332 29347 29382 29442 29521 29609 29708 29816 29934 30063 30201 30350 30508 30677 30856 31044 31244 31453 31673 31904 32145 32397 32660 32943 33254 33590 33947 34320 34706 35100 35499 35896 36289 36671 37037 37383 37701 37988 38236 38440 38595 38695
"47" 21778 22096 22399 22691 22978 23265 23556 23857 24175 24515 24873 25239 25610 25981 26350 26713 27067 27406 27728 28027 28294 28521 28711 28869 28995 29094 29169 29224 29261 29286 29300 29309 29315 29322 29335 29356 29389 29438 29507 29589 29673 29761 29852 29948 30050 30158 30273 30396 30527 30668 30819 30980 31154 31340 31540 31755 31985 32232 32504 32807 33137 33490 33863 34250 34649 35053 35460 35863 36257 36638 36999 37335 37641 37909 38134 38311 38432
"48" 21265 21578 21875 22161 22441 22721 23008 23307 23625 23970 24334 24705 25079 25455 25828 26197 26558 26908 27242 27559 27847 28100 28320 28509 28671 28807 28921 29014 29091 29154 29207 29251 29292 29331 29371 29417 29471 29537 29618 29703 29783 29858 29931 30003 30075 30148 30226 30308 30397 30495 30603 30722 30855 31004 31170 31354 31560 31789 32048 32340 32661 33007 33375 33760 34158 34565 34975 35385 35788 36180 36555 36907 37230 37518 37766 37966 38113
"49" 20730 21038 21330 21610 21885 22160 22443 22740 23059 23407 23775 24149 24526 24904 25282 25656 26024 26383 26732 27067 27378 27659 27910 28135 28334 28509 28664 28799 28918 29022 29115 29199 29276 29348 29420 29493 29570 29653 29746 29837 29912 29975 30028 30074 30114 30151 30189 30229 30274 30326 30389 30464 30555 30664 30794 30947 31127 31337 31582 31860 32170 32507 32867 33246 33640 34045 34456 34868 35276 35676 36061 36426 36765 37072 37341 37565 37739
"50" 20174 20477 20764 21040 21310 21582 21862 22158 22477 22826 23197 23573 23951 24331 24712 25090 25465 25835 26198 26550 26885 27193 27476 27735 27972 28188 28384 28562 28724 28871 29006 29130 29245 29353 29457 29559 29659 29762 29868 29963 30035 30085 30118 30138 30146 30147 30145 30143 30144 30151 30169 30201 30250 30319 30414 30536 30691 30882 31111 31376 31673 31998 32347 32718 33105 33504 33912 34323 34733 35137 35529 35903 36255 36578 36866 37113 37314
"51" 19596 19894 20177 20449 20717 20987 21266 21561 21879 22229 22600 22976 23355 23737 24120 24503 24885 25264 25639 26008 26363 26697 27010 27303 27576 27831 28068 28288 28493 28683 28860 29025 29179 29323 29460 29590 29715 29836 29955 30055 30123 30162 30176 30171 30149 30116 30077 30034 29994 29959 29935 29926 29936 29970 30031 30125 30256 30429 30644 30894 31177 31490 31827 32187 32564 32955 33356 33763 34171 34574 34969 35349 35710 36045 36349 36617 36841
"52" 18996 19289 19568 19838 20106 20376 20655 20950 21268 21616 21985 22359 22739 23122 23508 23896 24284 24672 25057 25439 25811 26167 26506 26829 27136 27428 27703 27964 28210 28442 28659 28864 29056 29236 29404 29562 29711 29850 29980 30085 30150 30178 30176 30149 30101 30038 29966 29889 29812 29741 29681 29636 29612 29614 29647 29716 29826 29983 30184 30422 30691 30990 31314 31661 32027 32407 32799 33198 33599 33999 34392 34773 35138 35481 35797 36079 36324
"53" 18374 18662 18939 19209 19477 19749 20029 20325 20642 20987 21352 21725 22104 22489 22879 23271 23665 24059 24453 24843 25226 25598 25959 26308 26644 26968 27278 27576 27860 28130 28386 28628 28856 29069 29268 29453 29622 29778 29918 30027 30088 30109 30093 30049 29980 29894 29795 29691 29586 29486 29397 29325 29275 29252 29262 29311 29405 29549 29739 29964 30221 30506 30817 31150 31502 31870 32249 32637 33028 33420 33807 34184 34549 34894 35215 35507 35765
"54" 17732 18014 18289 18560 18832 19107 19391 19689 20005 20344 20704 21074 21453 21840 22233 22630 23029 23429 23826 24220 24607 24989 25365 25732 26092 26442 26782 27112 27429 27733 28024 28299 28560 28803 29029 29237 29426 29594 29742 29852 29912 29927 29903 29847 29765 29664 29549 29427 29304 29186 29079 28989 28922 28883 28879 28915 28997 29132 29314 29529 29774 30046 30343 30662 30999 31352 31717 32090 32468 32847 33223 33592 33949 34290 34611 34905 35170
"55" 17070 17347 17621 17895 18171 18452 18741 19041 19356 19689 20040 20407 20786 21175 21573 21975 22379 22781 23179 23569 23953 24337 24719 25098 25474 25844 26206 26561 26905 27238 27557 27862 28149 28419 28668 28895 29099 29277 29428 29538 29596 29609 29582 29523 29437 29331 29211 29083 28955 28832 28719 28623 28551 28507 28497 28528 28606 28737 28913 29120 29355 29616 29900 30204 30526 30862 31210 31566 31927 32289 32650 33004 33348 33678 33990 34279 34540
"56" 16450 16721 16995 17271 17551 17838 18131 18434 18747 19073 19416 19777 20154 20543 20942 21345 21751 22154 22549 22933 23312 23694 24080 24467 24853 25237 25616 25990 26356 26711 27054 27383 27694 27986 28256 28503 28722 28913 29072 29188 29251 29269 29247 29191 29109 29006 28889 28764 28638 28516 28404 28309 28236 28192 28181 28210 28285 28413 28585 28785 29012 29262 29534 29825 30133 30454 30786 31126 31470 31817 32162 32501 32833 33151 33453 33735 33993
"57" 15916 16182 16453 16730 17013 17303 17599 17903 18215 18535 18869 19223 19592 19975 20368 20767 21168 21567 21959 22340 22717 23101 23491 23884 24279 24674 25067 25456 25839 26214 26577 26926 27260 27574 27867 28135 28376 28587 28766 28898 28977 29009 28999 28954 28881 28786 28675 28554 28431 28311 28200 28105 28031 27984 27970 27996 28067 28189 28355 28547 28765 29006 29267 29547 29842 30150 30470 30797 31130 31465 31800 32130 32454 32766 33064 33345 33603
"58" 15448 15707 15974 16251 16535 16827 17125 17429 17739 18053 18379 18722 19081 19452 19832 20220 20611 21002 21389 21768 22146 22533 22927 23326 23729 24133 24537 24938 25335 25725 26105 26473 26827 27163 27478 27771 28037 28275 28480 28639 28742 28795 28804 28775 28715 28631 28529 28416 28297 28180 28071 27976 27900 27850 27833 27853 27919 28035 28192 28377 28585 28816 29067 29336 29620 29918 30227 30544 30868 31194 31522 31846 32165 32475 32773 33056 33319
"59" 15025 15277 15541 15815 16099 16391 16690 16994 17301 17610 17927 18258 18601 18955 19317 19688 20063 20442 20821 21199 21580 21971 22368 22772 23181 23592 24004 24415 24823 25225 25620 26005 26377 26733 27072 27390 27684 27951 28189 28380 28513 28592 28624 28617 28575 28505 28415 28312 28201 28089 27982 27888 27811 27759 27738 27753 27812 27920 28069 28244 28443 28663 28904 29162 29436 29723 30023 30331 30646 30966 31287 31607 31923 32233 32533 32820 33091
"60" 14632 14877 15136 15407 15689 15980 16278 16580 16885 17189 17497 17812 18136 18468 18808 19155 19510 19872 20241 20617 21001 21394 21795 22202 22615 23032 23450 23868 24285 24698 25106 25505 25894 26269 26630 26973 27295 27594 27867 28093 28258 28368 28428 28444 28423 28372 28298 28207 28106 28001 27900 27808 27733 27679 27655 27665 27717 27817 27957 28122 28310 28519 28748 28995 29258 29535 29824 30123 30429 30741 31057 31373 31687 31996 32299 32591 32870
"61" 14253 14490 14743 15011 15290 15579 15874 16174 16475 16775 17072 17371 17672 17977 18289 18608 18937 19278 19633 20005 20391 20786 21189 21599 22015 22435 22858 23282 23706 24128 24545 24957 25361 25755 26136 26502 26852 27181 27488 27751 27950 28091 28180 28223 28227 28197 28141 28066 27978 27884 27791 27705 27633 27580 27554 27560 27606 27698 27828 27982 28159 28356 28573 28807 29057 29322 29599 29887 30183 30486 30794 31104 31415 31723 32027 32324 32612
"62" 13875 14104 14351 14613 14888 15174 15466 15763 16060 16354 16641 16920 17195 17470 17749 18035 18334 18649 18987 19352 19738 20133 20537 20947 21364 21786 22212 22641 23070 23499 23926 24349 24766 25175 25575 25962 26336 26693 27032 27327 27558 27731 27850 27921 27950 27945 27911 27855 27784 27705 27623 27546 27480 27431 27405 27410 27451 27536 27655 27798 27962 28146 28349 28569 28804 29054 29317 29590 29874 30165 30462 30764 31068 31373 31676 31976 32269
"63" 13485 13706 13946 14202 14472 14753 15041 15333 15626 15915 16190 16448 16694 16935 17177 17426 17690 17976 18292 18648 19031 19423 19825 20234 20651 21074 21501 21933 22367 22801 23235 23667 24096 24518 24933 25338 25732 26112 26476 26799 27058 27259 27407 27506 27563 27583 27574 27541 27491 27429 27364 27300 27244 27202 27181 27187 27225 27303 27413 27544 27695 27864 28051 28254 28471 28703 28948 29204 29470 29745 30028 30317 30610 30907 31206 31504 31801
"64" 13074 13286 13518 13767 14031 14306 14589 14876 15163 15446 15708 15943 16158 16362 16564 16773 16998 17251 17542 17883 18260 18647 19044 19450 19865 20287 20715 21148 21585 22025 22465 22904 23342 23774 24201 24619 25028 25423 25804 26145 26427 26652 26825 26951 27035 27083 27100 27093 27067 27029 26983 26937 26897 26867 26854 26863 26902 26975 27076 27196 27332 27485 27653 27836 28032 28242 28464 28698 28942 29196 29459 29730 30007 30291 30580 30873 31168
"65" 12632 12834 13057 13299 13556 13825 14102 14382 14663 14938 15187 15397 15579 15744 15903 16069 16253 16469 16732 17055 17420 17798 18188 18588 18999 19419 19846 20281 20720 21163 21608 22053 22497 22937 23371 23797 24212 24614 25001 25351 25645 25888 26082 26232 26342 26418 26464 26485 26487 26476 26456 26433 26412 26399 26398 26416 26458 26528 26622 26730 26851 26986 27133 27293 27464 27648 27843 28048 28265 28492 28728 28975 29231 29495 29768 30049 30338
"66" 12151 12343 12557 12791 13040 13302 13571 13845 14118 14385 14619 14803 14951 15076 15191 15312 15453 15630 15860 16160 16509 16874 17254 17646 18051 18467 18893 19327 19768 20213 20662 21111 21558 22002 22438 22865 23280 23679 24059 24404 24701 24953 25162 25331 25466 25568 25644 25696 25730 25749 25759 25764 25769 25777 25794 25824 25873 25943 26031 26128 26234 26348 26472 26605 26748 26900 27063 27235 27418 27611 27816 28031 28258 28496 28747 29010 29285
"67" 11627 11809 12013 12238 12478 12732 12993 13258 13523 13781 14001 14166 14289 14385 14470 14559 14669 14818 15023 15303 15637 15988 16356 16739 17136 17546 17967 18398 18837 19282 19730 20180 20628 21072 21510 21936 22350 22746 23121 23463 23764 24025 24249 24440 24598 24729 24834 24919 24985 25038 25080 25116 25149 25183 25222 25271 25332 25410 25499 25590 25683 25780 25882 25988 26100 26220 26347 26483 26628 26784 26952 27132 27326 27534 27759 28001 28261
"68" 11057 11227 11422 11637 11868 12112 12365 12621 12875 13123 13334 13489 13603 13690 13767 13847 13949 14088 14283 14552 14874 15214 15570 15943 16330 16731 17144 17567 18000 18439 18883 19330 19777 20221 20659 21088 21506 21907 22290 22642 22958 23238 23485 23701 23887 24048 24186 24303 24403 24489 24564 24632 24695 24759 24825 24897 24979 25075 25175 25268 25355 25439 25521 25603 25687 25773 25865 25963 26070 26187 26317 26461 26621 26800 26999 27220 27467
"69" 10439 10599 10783 10987 11209 11443 11686 11932 12176 12412 12614 12768 12884 12978 13062 13151 13260 13403 13598 13861 14173 14502 14847 15208 15584 15973 16375 16788 17210 17640 18077 18518 18960 19403 19842 20275 20700 21112 21509 21881 22218 22523 22797 23042 23260 23453 23624 23775 23910 24030 24139 24240 24337 24432 24528 24629 24738 24859 24977 25079 25166 25241 25306 25365 25421 25475 25531 25592 25660 25738 25829 25936 26062 26211 26385 26588 26823
"70" 9776 9925 10098 10292 10503 10727 10959 11194 11426 11650 11845 12001 12128 12237 12339 12447 12573 12730 12930 13191 13494 13813 14146 14495 14857 15233 15621 16020 16430 16848 17274 17706 18142 18581 19020 19457 19889 20315 20731 21126 21489 21822 22125 22402 22652 22879 23084 23270 23440 23595 23740 23876 24007 24135 24265 24398 24538 24689 24832 24946 25036 25105 25157 25195 25224 25247 25268 25291 25321 25360 25413 25484 25577 25697 25846 26031 26256
"71" 9073 9211 9373 9556 9756 9969 10190 10413 10633 10843 11030 11191 11331 11460 11587 11720 11868 12042 12253 12511 12805 13112 13434 13769 14116 14477 14849 15233 15627 16031 16444 16865 17292 17724 18161 18600 19039 19477 19912 20331 20720 21081 21414 21722 22005 22265 22505 22727 22932 23123 23304 23476 23642 23806 23970 24138 24312 24496 24665 24795 24890 24956 24996 25015 25020 25013 25002 24990 24982 24985 25002 25038 25100 25191 25318 25486 25701
"72" 8338 8464 8615 8787 8976 9177 9385 9596 9802 9998 10178 10342 10497 10647 10798 10956 11128 11321 11541 11797 12080 12375 12683 13002 13334 13678 14033 14399 14776 15164 15562 15969 16385 16809 17240 17678 18121 18568 19018 19457 19869 20255 20616 20953 21268 21561 21835 22091 22331 22559 22775 22983 23186 23385 23584 23786 23994 24211 24407 24553 24656 24719 24750 24753 24736 24703 24662 24618 24577 24546 24530 24535 24568 24633 24739 24891 25096
"73" 7578 7693 7833 7994 8171 8360 8556 8753 8945 9126 9296 9463 9629 9797 9970 10151 10344 10552 10779 11031 11301 11582 11874 12177 12491 12817 13154 13501 13860 14230 14611 15003 15405 15817 16240 16672 17113 17564 18022 18474 18902 19308 19692 20055 20397 20721 21026 21315 21589 21852 22103 22346 22584 22817 23050 23285 23523 23770 23990 24152 24261 24324 24348 24338 24303 24249 24183 24112 24043 23984 23940 23918 23925 23969 24056 24193 24389
"74" 6807 6912 7040 7190 7355 7531 7714 7897 8075 8239 8399 8564 8737 8917 9106 9304 9511 9730 9960 10203 10457 10722 10997 11282 11577 11884 12201 12529 12869 13220 13582 13956 14342 14740 15150 15571 16005 16450 16908 17362 17798 18216 18616 18997 19362 19711 20043 20362 20668 20962 21246 21522 21791 22056 22319 22582 22847 23116 23355 23528 23644 23707 23726 23707 23659 23589 23505 23414 23325 23244 23179 23137 23125 23151 23222 23346 23532
"75" 6037 6131 6249 6386 6539 6703 6872 7041 7203 7352 7499 7659 7832 8018 8214 8419 8633 8854 9081 9311 9548 9793 10049 10315 10591 10877 11174 11482 11802 12133 12476 12831 13198 13577 13969 14374 14792 15224 15668 16113 16546 16965 17371 17764 18144 18511 18865 19208 19540 19862 20174 20478 20776 21067 21354 21639 21922 22205 22453 22634 22752 22816 22832 22809 22754 22675 22581 22480 22378 22285 22207 22152 22127 22141 22200 22314 22489
"76" 5281 5365 5472 5598 5738 5888 6043 6198 6345 6477 6610 6762 6929 7111 7305 7509 7720 7935 8151 8364 8579 8804 9038 9283 9538 9804 10081 10368 10667 10978 11300 11634 11979 12337 12707 13090 13484 13891 14311 14734 15150 15559 15961 16355 16740 17117 17486 17846 18198 18541 18876 19202 19520 19831 20135 20432 20723 21009 21256 21436 21554 21618 21634 21611 21556 21476 21381 21278 21175 21079 20998 20938 20909 20916 20968 21073 21238
"77" 4553 4627 4723 4837 4965 5102 5243 5382 5514 5631 5749 5887 6042 6212 6395 6588 6786 6986 7185 7376 7567 7769 7981 8204 8437 8682 8938 9204 9482 9771 10071 10383 10705 11038 11381 11735 12099 12473 12855 13242 13630 14017 14403 14787 15168 15546 15920 16288 16651 17007 17356 17697 18029 18350 18661 18961 19248 19523 19757 19929 20042 20105 20123 20104 20055 19983 19896 19802 19707 19619 19544 19490 19463 19470 19519 19616 19771
"78" 3881 3947 4032 4134 4248 4371 4497 4621 4738 4840 4943 5065 5205 5360 5526 5701 5882 6063 6240 6408 6576 6754 6944 7144 7356 7578 7812 8056 8311 8577 8854 9141 9437 9743 10058 10381 10712 11049 11392 11741 12095 12454 12818 13184 13553 13922 14291 14659 15023 15383 15737 16083 16419 16744 17056 17353 17633 17894 18115 18278 18388 18452 18476 18465 18426 18367 18294 18213 18132 18057 17993 17949 17929 17940 17988 18082 18226
"79" 3284 3341 3415 3505 3605 3713 3824 3933 4035 4123 4212 4320 4444 4581 4730 4886 5047 5208 5365 5512 5658 5815 5982 6161 6349 6549 6759 6980 7211 7452 7703 7964 8233 8511 8797 9090 9390 9694 10003 10317 10641 10972 11311 11656 12007 12361 12718 13075 13432 13787 14137 14480 14815 15138 15448 15742 16017 16271 16486 16648 16761 16831 16864 16864 16839 16794 16736 16670 16603 16541 16490 16455 16443 16459 16509 16600 16738
"80" 2757 2806 2870 2947 3034 3127 3223 3317 3404 3479 3556 3649 3757 3878 4008 4145 4286 4427 4564 4692 4819 4955 5101 5258 5424 5601 5787 5983 6189 6405 6629 6863 7105 7355 7612 7876 8145 8419 8697 8981 9275 9579 9892 10213 10541 10875 11213 11554 11897 12238 12577 12911 13238 13554 13859 14148 14420 14671 14884 15049 15169 15249 15293 15307 15296 15267 15224 15174 15122 15074 15035 15011 15007 15029 15082 15172 15306
"81" 2296 2337 2391 2456 2530 2609 2690 2770 2844 2908 2973 3053 3145 3249 3361 3479 3601 3723 3840 3950 4059 4177 4303 4439 4584 4738 4901 5073 5253 5443 5641 5848 6062 6284 6513 6748 6989 7234 7483 7739 8005 8282 8568 8863 9166 9475 9790 10110 10432 10755 11077 11396 11710 12016 12312 12594 12862 13110 13325 13495 13623 13713 13770 13798 13803 13790 13764 13730 13693 13659 13633 13620 13625 13653 13710 13800 13931
"82" 1894 1929 1974 2028 2090 2155 2223 2290 2352 2405 2460 2528 2606 2693 2788 2888 2991 3094 3195 3288 3381 3481 3590 3706 3830 3963 4103 4251 4408 4572 4745 4925 5112 5307 5508 5716 5929 6147 6369 6598 6837 7087 7345 7613 7888 8171 8460 8754 9052 9353 9654 9954 10250 10542 10825 11099 11360 11606 11822 11996 12132 12233 12303 12346 12366 12369 12359 12341 12320 12300 12287 12285 12299 12334 12395 12487 12615
"83" 1549 1577 1614 1659 1709 1763 1818 1873 1924 1969 2015 2071 2135 2208 2287 2370 2456 2542 2626 2705 2783 2868 2959 3058 3163 3275 3394 3521 3654 3795 3943 4097 4259 4427 4602 4783 4970 5162 5359 5562 5775 5997 6229 6468 6716 6970 7232 7499 7770 8045 8322 8599 8876 9149 9418 9680 9932 10173 10388 10566 10709 10819 10901 10957 10993 11011 11017 11015 11008 11003 11003 11012 11035 11076 11141 11234 11360
"84" 1254 1277 1307 1343 1383 1427 1471 1515 1557 1594 1631 1677 1730 1789 1854 1922 1992 2063 2132 2198 2263 2334 2410 2492 2580 2674 2774 2880 2992 3110 3235 3366 3504 3647 3797 3953 4115 4282 4455 4634 4821 5017 5221 5433 5652 5879 6112 6350 6594 6842 7093 7346 7600 7853 8104 8350 8591 8825 9037 9215 9362 9481 9572 9641 9690 9722 9743 9756 9764 9772 9784 9804 9835 9883 9952 10045 10168
"85" 1005 1024 1048 1076 1108 1142 1177 1212 1245 1275 1306 1343 1386 1433 1485 1539 1596 1653 1709 1763 1817 1875 1938 2006 2078 2155 2238 2325 2418 2516 2620 2730 2845 2966 3093 3225 3363 3507 3657 3812 3976 4146 4324 4509 4700 4899 5104 5314 5530 5751 5975 6203 6432 6663 6894 7123 7350 7573 7778 7954 8103 8226 8325 8404 8464 8510 8544 8570 8592 8612 8636 8665 8705 8759 8830 8924 9044
"86" 797 812 831 853 877 904 931 958 984 1008 1033 1062 1096 1134 1174 1217 1262 1307 1352 1396 1440 1487 1538 1593 1652 1715 1782 1853 1929 2009 2094 2184 2279 2380 2485 2596 2713 2835 2962 3096 3236 3382 3535 3695 3860 4032 4209 4392 4581 4774 4972 5174 5379 5587 5796 6006 6216 6425 6620 6791 6938 7063 7167 7253 7323 7379 7425 7463 7496 7528 7562 7601 7647 7706 7780 7873 7988
"87" 626 637 651 668 687 707 728 748 769 787 807 830 856 885 917 950 984 1020 1055 1090 1125 1163 1204 1248 1295 1345 1399 1456 1517 1582 1650 1723 1801 1883 1969 2061 2158 2260 2367 2480 2599 2723 2852 2987 3128 3275 3427 3584 3746 3914 4086 4263 4443 4627 4814 5004 5195 5387 5569 5731 5873 5997 6104 6194 6271 6335 6391 6439 6482 6524 6567 6613 6666 6728 6803 6894 7005
"88" 485 494 505 517 531 546 562 577 593 607 622 640 660 682 706 731 757 785 812 839 867 897 930 964 1001 1041 1083 1128 1176 1228 1282 1341 1403 1468 1539 1613 1692 1776 1865 1959 2057 2161 2269 2382 2500 2624 2752 2885 3024 3167 3315 3467 3624 3785 3949 4117 4288 4461 4628 4778 4913 5033 5139 5231 5312 5382 5445 5501 5552 5602 5652 5705 5762 5827 5903 5991 6096
"89" 372 378 386 396 406 416 428 439 451 462 474 487 502 519 536 555 575 595 616 637 659 682 707 734 763 793 826 861 899 939 982 1028 1076 1129 1184 1244 1307 1375 1447 1524 1605 1690 1779 1872 1970 2072 2179 2291 2407 2528 2653 2783 2917 3055 3198 3344 3494 3647 3797 3934 4059 4172 4275 4366 4448 4522 4589 4651 4709 4764 4820 4877 4938 5004 5079 5164 5262
"90" 281 286 292 299 306 314 322 330 338 347 356 366 377 389 401 415 430 445 460 476 493 511 530 550 572 596 621 648 677 707 740 776 814 854 898 944 995 1048 1106 1168 1233 1301 1373 1449 1529 1613 1701 1793 1889 1990 2094 2203 2316 2434 2555 2681 2810 2943 3074 3196 3309 3414 3511 3599 3681 3755 3825 3890 3951 4011 4070 4130 4192 4259 4332 4412 4503
"91" 210 214 218 223 228 233 238 244 250 257 263 271 279 287 296 306 316 327 339 351 363 377 391 406 423 441 459 480 501 525 550 577 606 637 670 706 745 787 832 881 932 986 1044 1105 1169 1236 1308 1382 1461 1543 1630 1720 1814 1912 2014 2120 2229 2342 2454 2561 2661 2756 2845 2929 3007 3081 3150 3216 3279 3341 3402 3463 3526 3591 3661 3736 3819
"92" 155 158 161 164 167 171 174 178 183 187 192 197 203 209 215 222 229 237 245 254 263 273 284 295 308 321 335 350 366 383 402 422 443 467 492 519 549 581 616 653 693 735 780 828 879 933 989 1050 1113 1180 1250 1324 1401 1481 1565 1653 1743 1837 1931 2022 2110 2194 2274 2351 2424 2495 2562 2627 2690 2752 2813 2874 2935 2999 3065 3134 3209
"93" 113 115 117 119 121 123 126 128 131 135 138 142 146 150 154 159 164 169 175 181 188 195 203 211 220 229 240 251 262 275 289 304 319 337 355 376 398 422 448 476 506 539 573 610 650 692 737 784 835 888 944 1003 1066 1131 1199 1270 1344 1420 1497 1573 1648 1720 1791 1860 1928 1993 2057 2119 2180 2240 2300 2359 2418 2479 2540 2603 2669
"94" 81 82 83 85 86 88 89 91 93 95 98 100 103 106 108 111 115 118 122 127 132 137 142 148 155 161 169 177 185 194 204 215 226 239 252 267 283 301 320 341 363 388 414 442 472 505 540 577 616 658 702 749 799 851 905 962 1021 1081 1143 1205 1267 1329 1390 1450 1511 1570 1629 1687 1745 1802 1859 1915 1971 2027 2084 2140 2198
"95" 57 58 59 60 60 61 62 63 65 66 68 70 72 73 75 77 79 82 84 87 91 94 98 102 107 112 117 122 128 135 142 149 158 166 176 187 198 211 225 240 256 274 293 314 337 362 388 417 447 480 514 551 590 630 673 717 763 810 859 908 959 1010 1061 1114 1166 1219 1272 1325 1378 1431 1484 1536 1588 1640 1691 1741 1791
"96" 40 40 41 41 42 42 43 44 44 46 47 48 49 50 51 52 54 55 57 59 61 64 67 69 73 76 79 83 87 92 97 102 108 114 121 128 136 145 155 165 177 190 204 219 236 255 275 296 319 344 370 399 428 460 492 527 562 598 635 673 713 755 797 841 886 932 979 1026 1074 1122 1170 1218 1265 1311 1357 1400 1442
"97" 27 28 28 28 28 29 29 29 30 31 31 32 33 34 34 35 36 37 38 39 41 43 44 46 48 51 53 56 58 62 65 68 72 77 81 86 92 98 104 112 120 129 139 150 162 176 191 207 224 242 262 284 306 330 355 380 407 433 461 491 522 554 589 625 663 702 742 783 825 868 910 953 995 1036 1076 1114 1149
"98" 18 19 19 19 19 19 19 20 20 20 21 21 22 22 23 23 23 24 25 26 27 28 29 30 32 33 35 36 38 40 43 45 48 51 54 57 61 65 69 74 80 86 93 101 110 119 130 141 154 168 183 199 215 233 251 270 290 309 329 351 375 400 427 456 487 519 553 588 625 661 699 736 773 809 843 875 904
