-1.5
-1.03109151696006
-1.10878316588386
-1.20991295470876
-1.27015493644093
-1.33910407261977
-1.39260005411162
-1.34923424369216
-1.39177039579246
-1.42371849745218
-1.52192990799277
-1.477129786109
-1.55786052356761
-1.48799008834534
-1.51277943669419
-1.59756251718679
-1.53036552777607
-1.51643727521943
-1.55492400803046
-1.56677161639903
-1.58813497075902
-1.61249469076871
-1.59265800951379
-1.58340787832257
-1.54293791622776
-1.62089508325055
-1.59381183573015
-1.56710799319732
-1.50892643892915
-1.52552889152902
-1.55509560982029
-1.61020971555823
-1.65181791563329
-1.58329373292308
-1.68574923919423
-1.73477193048314
-1.74480593175412
-1.71547671719871
-1.69675773087195
-1.6298092190866
-1.62750966750634
-1.76799283587818
-1.70394069065006
-1.70389553181222
-1.7189160864578
-1.79307383541172
-1.72916083561732
-1.61552635896114
-1.63849324413859
-1.71921687057974
-1.61612899783011
-1.69016537781915
-1.65302289933771
-1.70228086605622
-1.64210032866505
-1.62014071658748
-1.64504731356171
-1.63856638966562
-1.6481338512645
-1.69785498199431
-1.69255654079392
-1.68013598903764
-1.73250029873579
-1.80408031378374
-1.84859606003725
-1.68944436161473
-1.7361960466713
-1.66457498498769
-1.68899621241693
-1.53428948799964
-1.74020582862675
-1.67956398474821
-1.69811875655598
-1.64722579160767
-1.58191837208386
-1.66737150334127
-1.62513202223935
-1.56010940409493
-1.68841487180218
-1.72186885725993
-1.72977105914151
-1.73254621227236
-1.81464637906053
-1.74010348138165
-1.76553882541071
-1.80685209117925
-1.6461396918125
-1.83060967823508
-1.73800600044863
-1.83921337035623
-1.73701140905007
-1.62341469250698
-1.63349886016542
-1.69868298858348
-1.82336474140071
-1.8227492897272
-1.81777549048858
-1.78047368329893
-1.83996208557929
-1.60306928806494
-1.77078384184694
-1.72590712535583
-1.82057406040476
-1.67978397647289
-1.8016537972053
-1.69679314473768
-1.62046130795097
-1.65395734102959
-1.51383112246723
-1.56404095077647
-1.59889839765826
-1.79252855680917
-1.84343288473265
-1.68804920509777
-1.61517412641754
-1.74012272081224
-1.65921851988993
-1.76016309627937
-1.69370671804546
-1.57883527661959
-1.56434303934076
-1.67955646474259
-1.51634118256238
-1.57550713114868
-1.59073102275386
-1.5399425961171
-1.60787535695971
-1.5653980562234
-1.57645816220393
-1.7255101281953
-1.61520280913442
-1.63245218433643
-1.63283110818778
-1.6464321401213
-1.67934092277918
-1.57889916722477
-1.63163821149127
-1.74267033333794
-1.74527852666436
-1.60415727645223
-1.71328145451089
-1.57992290150599
-1.6124737311205
-1.59167467526576
-1.53015357318306
-1.53939263772014
-1.67203233822643
-1.60170536963819
-1.62382427032176
-1.56364512480763
-1.64693588866513
-1.69878009886379
-1.62414615824965
-1.61951147669087
-1.56833538327982
-1.5544333943215
-1.68386075614934
-1.68859927044166
-1.68342890845726
-1.78683006629041
-1.6740059010655
-1.6492434472737
-1.62003325634421
-1.67001437676867
-1.63328685451663
-1.62853271653484
-1.73904226937566
-1.65410823258581
-1.47050541556952
-1.58799546693702
-1.64472845412267
-1.72402501436754
-1.69975484664923
-1.63917964203904
-1.66446776966814
-1.58273548440745
-1.51016707816775
-1.67565693902667
-1.66508880385388
-1.77931242202701
-1.757199799304
-1.64299388831981
-1.63808910121421
-1.54575772815768
-1.61930601315502
-1.59449102008747
-1.60943940582929
-1.65244006801051
-1.58421398028018
-1.6523455162675
-1.68470352786443
-1.64714484376264
-1.62758412966755
-1.54802158429437
-1.71642653508533
-1.72379198184181
-1.60451344047732
-1.59419571919708
-1.54399729823826
-1.65342554112535
