0.8
0.986170311590346
1.04705947710487
1.16037751969769
1.29256542845836
1.39940783459
1.39621921116463
1.44313152706093
1.44066658677459
1.51612609912101
1.46027746383027
1.50617350391969
1.51231651194201
1.65026004814816
1.60159123104255
1.52527651210553
1.54492308508605
1.46881391936388
1.53344565007776
1.49397869995488
1.50335367151388
1.58424367126395
1.64017530450915
1.6540058812298
1.54914681798919
1.5431155604671
1.54574683457318
1.46600467401728
1.61324281422127
1.57798621116047
1.63592745025483
1.60841823019394
1.62115535795996
1.61119049102375
1.56838115100799
1.556187381166
1.48649559617227
1.49279545659849
1.5145218207102
1.52434171718282
1.66216022731473
1.56965947398653
1.62565631490115
1.50829356508919
1.57718934673474
1.64464358988342
1.63991822742981
1.62214713286398
1.608737195979
1.52358844754962
1.60345933593744
1.61073240997345
1.66091883125823
1.65480702153491
1.56818628753732
1.6098340080605
1.63821028968747
1.62908095319218
1.64687738035146
1.62475910169751
1.60305194586263
1.55030675985369
1.5498761117555
1.66425218710164
1.57201856516721
1.60926302393767
1.60515495723343
1.63680479146666
1.59505869513038
1.59311726588975
1.5132527759274
1.55844772351509
1.49066958705464
1.45309770245015
1.50351416960221
1.66766510615453
1.62287474604182
1.54016759148754
1.55922157259148
1.55811462025015
1.53214091756713
1.5269969921365
1.56703652024948
1.55584745274605
1.57346872037956
1.53307618718511
1.54748679260574
1.57182812672015
1.58153796405438
1.45904833096917
1.51264338235901
1.55490762880639
1.53614200150279
1.51535351132214
1.50758332267598
1.46485654557142
1.45033427857746
1.54446745507502
1.51982350703714
1.48707212371717
1.5247218022092
1.54536542521945
1.46238556597072
1.46688266670953
1.46993359018229
1.4784452553584
1.489977408537
1.47591641986399
1.48328441342726
1.48975931496323
1.46373770307678
1.47281859338491
1.39337810013677
1.50484835673813
1.52868550448436
1.38778565726932
1.40832916080358
1.41129482450504
1.52174755128829
1.41160702622759
1.44229324589281
1.43267712365928
1.47787873955536
1.48603883214387
1.44938080149922
1.46318264191067
1.42704478471989
1.41985717595709
1.41191461027157
1.45552728957852
1.44739611110483
1.55282795893793
1.55123799747457
1.54500171217489
1.54207134629953
1.54832556789163
1.58320848193373
1.56429273415087
1.48142113458561
1.56918887248469
1.45276408745522
1.50358522618972
1.5219646576453
1.55071494706311
1.54740465578027
1.62242395985355
1.5471622579074
1.53396034802259
1.53133435760942
1.4713204684122
1.48952529582205
1.45980520197132
1.46235132547968
1.50596193481134
1.51112912728814
1.52096579601885
1.42334131142953
1.47480275096269
1.56654230741215
1.52620330311312
1.52048058568706
1.4208779765593
1.41463777210155
1.42538847857212
1.60259429441356
1.60138605948594
1.58989370477726
1.4874013309815
1.45175567022141
1.491355443454
1.53378864611893
1.4747559766215
1.49175514644708
1.56126645681117
1.57851978528925
1.58719458205306
1.56293292995688
1.64675668896053
1.62347505708508
1.59421692724565
1.52247948505637
1.52381322089184
1.55414788902579
1.63327354146475
1.57769737635916
1.57805495761333
1.57560997218954
1.57713427352848
1.50072954241316
1.51653954688549
1.37891582991038
1.35446359341999
1.36010666432825
1.41713909640943
1.52050298993976
1.52991872082033
1.45803420835319
1.45146242634537
1.46098773428505
1.46879564884851
