0.17
0.146721993406953
0.131648912200408
0.130053988561787
0.157721546200285
0.134343971860677
0.158756226933281
0.141556251802221
0.121418244693118
0.136218019452684
0.14005139448194
0.141429440074128
0.114906127954353
0.0966723475113985
0.141727488045961
0.129820834160029
0.135209406957357
0.134391189917014
0.139969634858473
0.158806069706587
0.159041545637899
0.104259419198334
0.107045630268341
0.0977438654646607
0.14366125334975
0.100715397217647
0.100719477617651
0.107279395674104
0.107007705096578
0.109121362150683
0.112325625103649
0.107778728382773
0.0928498087793608
0.0832521458113057
0.103811816689332
0.0755208621842601
0.0737438460896217
0.0715668073235392
0.0740313536664922
0.0811673111902768
0.0912046185484144
0.0959198080458135
0.0899100379687537
0.0907688087360924
0.084127249280156
0.0944029042763048
0.0921946143564931
0.0858496399501954
0.0923650056274604
0.0881734192898834
0.0912417667007039
0.0686069282631313
0.0710595598301843
0.0723478775484262
0.0704702147787907
0.0729118101386705
0.0869265314876071
0.0965747772377695
0.09749506354539
0.106019744979267
0.108074205188891
0.145708259508113
0.162737822918316
0.172852026510424
0.159431996857148
0.120607484925235
0.108250673393103
0.10971124091866
0.11557716548906
0.117416790187723
0.12369194143468
0.164623826164397
0.122623222618109
0.153782940347569
0.170588837646999
0.170148758813245
0.177620777388874
0.183182888995305
0.143073217193169
0.168280961660139
0.142520825452727
0.142177815353991
0.159681473105677
0.167294113755421
0.157473046737192
0.161687862162023
0.202390340863479
0.175488378639995
0.152629341240031
0.133337454588987
0.140056684740439
0.159841903101336
0.134606794186139
0.142721882996888
0.141719372452749
0.122718961412581
0.142861711663182
0.147865668972355
0.139723501384654
0.0897571675452906
0.084276008944016
0.0872589993177219
0.115169646724009
0.104578933359016
0.0872397522907759
0.0763162488924842
0.0906338959532578
0.0804237513766387
0.0828632527303324
0.095115105402188
0.122968879769359
0.16759737683468
0.196746386982561
0.190007615200815
0.194074750239373
0.139777676722976
0.135920664463404
0.155534214910858
0.158299710213951
0.158658822465306
0.116922498128324
0.116062964386548
0.125501607201322
0.131351247327787
0.118640450046733
0.139008816595803
0.12887531333055
0.124687161457735
0.160585181994764
0.182603595008414
0.203615990618606
0.186751830909424
0.201285046392083
0.173992155180312
0.146215884500412
0.199880163373763
0.19479780758418
0.192180240021415
0.135060931233511
0.0990995536583779
0.114977526023041
0.0998837681018863
0.118285782015111
0.109429331262838
0.105290735831917
0.104124014520604
0.112426815385274
0.0923706809109415
0.118694746785323
0.116612948339493
0.101769167876532
0.114014229116147
0.162294872536215
0.135155829870683
0.0997337709573851
0.099078649627966
0.100712124579
0.0922106884843035
0.0999173606968198
0.116146231444105
0.110481310732527
0.0948223110367655
0.082152221293877
0.0785323622461942
0.0994641754489361
0.102125953323484
0.140953955559896
0.0953641072940537
0.102785226362785
0.128367949517019
0.154534257155298
0.154262926552681
0.144551268565206
0.137748889175902
0.126929656659541
0.100321123360959
0.115742799423653
0.1007562544328
0.0794146551100389
0.0684883620949532
0.0699261348529165
0.0676235621332676
0.0596721798127339
0.0633230776776747
0.0618528766141911
0.0612149202098196
0.0615714711325545
0.0658958183954226
0.0659161914314687
0.0713756724041465
0.0717281724616925
0.0704005578335296
0.0687051723707542
0.060428929806416
0.0628346234829609
0.0656310219234161
0.0652002465749679
0.0702648455570951
0.0695468186726864
0.0652478809403107
