0.17
0.164960561018926
0.137636791293186
0.117975188262421
0.1276127714685
0.140054830207186
0.134587517367267
0.158956803291379
0.144982192793626
0.198549676182907
0.143888333583603
0.145933510285707
0.142260643163336
0.137783375405768
0.153588549047285
0.147795156624339
0.155836482622522
0.141254252700031
0.149096266854588
0.155475124636377
0.163254085938776
0.17530434331393
0.149515025298815
0.127956060276087
0.118622969004265
0.0960318428747709
0.100559561760523
0.113643862817538
0.112177614020158
0.121027567457781
0.119849526325297
0.105126045691377
0.0923195081160012
0.104246574775405
0.102817158731512
0.0842831910295782
0.0923030083779807
0.0875563041108907
0.0847624908891892
0.091144844635871
0.0898479046033374
0.116875585861229
0.0905238423921163
0.0767679840236363
0.0774750268504222
0.0733976379644667
0.0756059766289172
0.0766105972142649
0.0808473575010523
0.0803521974226308
0.0808530518837745
0.0863971838927741
0.072379690329863
0.0858991556587165
0.0939067649433839
0.0847066285377239
0.0830648337635158
0.0816159434541351
0.0868858808524709
0.0792051601947757
0.0751032437003864
0.0760020522819318
0.0761385154723487
0.0753617840693562
0.0684307032904039
0.0789596193821891
0.0861556786856523
0.0825138215251928
0.0858908389622752
0.0957921477653754
0.119015805011683
0.134543794785676
0.115950837122703
0.122468652208522
0.121420984103585
0.142829508490757
0.129171462938869
0.13263119135983
0.134020925641786
0.139129836251062
0.148560696513547
0.139225065367254
0.141957400475449
0.128754927933595
0.108593660826599
0.082560011084402
0.106276608202045
0.109150436362748
0.088868220453093
0.0912621315579282
0.0901232068550726
0.0833780085252813
0.0814987836294902
0.083873671549208
0.0835156027120116
0.0683638980790117
0.0757615914435019
0.0774363184315697
0.0774663593994758
0.0962565642500076
0.113860951624605
0.179955461804252
0.125400176426373
0.126007045415247
0.173935036356827
0.129129683434712
0.0952376607845492
0.113501814982196
0.114284089103167
0.11722591582344
0.108691870839389
0.0823418118372287
0.0739877935885474
0.089697508690006
0.117007725426386
0.153458382419854
0.125123110989421
0.133546215373366
0.125139473217869
0.1180031593883
0.101555538654989
0.104908348072953
0.101344504446933
0.0816630594268537
0.0729061988774238
0.07335447211262
0.07342572722029
0.0634363557452969
0.0665956788822061
0.0667413929170442
0.0632347442432114
0.0685912540818288
0.0713827402168842
0.0830745967319607
0.0827287522301976
0.0714758906598326
0.0881224234443497
0.110878189123951
0.0939519134260124
0.109199977946208
0.100471659306069
0.11324436343397
0.125037727479716
0.124163996800691
0.178168282378477
0.176687096763669
0.138820212901079
0.134360388573479
0.11871456586725
0.113419751197046
0.106406957147822
0.0965695340295241
0.0928509353491486
0.113383961687864
0.144305887243144
0.121990303669006
0.13573308953802
0.138195408479233
0.142651805560746
0.128048242119568
0.149587839155334
0.20280870690809
0.214931878812208
0.219265370856822
0.167333567053041
0.175587101674281
0.177149218548629
0.14091407794509
0.165297340656278
0.182722282021646
0.183464512221951
0.179648060463433
0.173080483231315
0.151040954777639
0.120857621146292
0.0990375229839688
0.0788481519518206
0.084062769869839
0.0961734747510655
0.0974152465156291
0.104515307096257
0.10272676530231
0.12447103433208
0.120416866301891
0.115719094430728
0.174589616214985
0.173724075389182
0.177612167426162
0.148043782148474
0.172379017474158
0.166396995640852
0.208829849100021
0.192197964881419
0.2197366915279
0.220557996781159
0.18094767582894
0.170490861108039
0.174106100511078
0.194671466847142
0.197449651117012
