0.17
0.165046618390297
0.152158106781846
0.152274755812427
0.138974258040993
0.126710383566675
0.130745531495067
0.129315096983988
0.146612242629138
0.150664815950975
0.116790055421666
0.0973508942580315
0.109064882713781
0.0861824999040039
0.118010835497616
0.139838464588288
0.140217717408877
0.160091895328291
0.148997292079423
0.134046375836742
0.106216186871586
0.103582820492682
0.125851105660989
0.101180423197044
0.105752473721028
0.110833535236843
0.110646264997876
0.107148815214574
0.131101644677073
0.125011277238726
0.128864515022424
0.114555020411085
0.0871217359601437
0.0877341666876772
0.129959879258391
0.135764615929751
0.107605171286628
0.102542475281077
0.0872675496276801
0.104445757152814
0.103653136470399
0.108803631375524
0.125946202522827
0.104820948526321
0.121564958299867
0.101018619522558
0.0970925934798858
0.0981908493593545
0.0719191587370816
0.0711225499646394
0.0684306324873287
0.0780220800263331
0.090701396999106
0.105410678458625
0.112709847946471
0.139213099344541
0.143161642585337
0.147743076400539
0.164825014634687
0.178543951880091
0.149101948241954
0.158692154159318
0.159989749626596
0.166315860856119
0.130357646410102
0.123585114055534
0.143267678205928
0.122266942892577
0.108882243388452
0.101571385013269
0.0997912534243247
0.0996807328367926
0.0792399008363479
0.0903365245756317
0.0917902114744601
0.136987812424193
0.123913689460363
0.0967176372583397
0.0959903369014687
0.106312718819359
0.104745530432808
0.114394988249553
0.122668932104163
0.128821238668064
0.123412361320153
0.0987772774126999
0.0991600384222739
0.108625239497229
0.0945037699566141
0.0974246916970121
0.095146276634799
0.0876699074278312
0.11037559040357
0.1025828759848
0.11513920863757
0.133619635422258
0.104892513526531
0.113185654477756
0.119909168074482
0.112332435060543
0.171188395048082
0.18216627508642
0.215794342084087
0.219656571572934
0.277525605488677
0.288366324665666
0.225511579724896
0.239018892740265
0.189620277561174
0.16051820008088
0.102174937741963
0.131154168427744
0.120274254129815
0.111751136273149
0.102385394624248
0.118722574800968
0.110612006707544
0.0983565003815484
0.0720040305221212
0.0779204816375888
0.0816922452179249
0.0803714163129007
0.0804518157055629
0.080790934596683
0.116905982916523
0.161331268834708
0.117159874600311
0.126621940183894
0.177005206682673
0.15563380367913
0.11623234140152
0.135260877793719
0.151029915995599
0.157413473295619
0.15201859148941
0.180246073093584
0.201230913458914
0.190027069652014
0.212126522450453
0.222745223453958
0.22529094135692
0.212697011934345
0.232464598306897
0.21146242476747
0.23120470547179
0.243010007239707
0.17632240757925
0.182035398622084
0.151889077969121
0.178674949993945
0.166520221068802
0.13531838706359
0.157078818363585
0.158637057675764
0.165105642449302
0.160831507736052
0.157591688941111
0.132597962210468
0.107952550135634
0.109921395030578
0.128830262908224
0.123453381543751
0.13462236529531
0.122929358689052
0.107936919478355
0.116015643596622
0.122885671243428
0.183291296447114
0.18706096162715
0.180414372341862
0.166028517994249
0.24722556251587
0.243793038258402
0.245429760416739
0.248472959696616
0.268172482906614
0.26665977190429
0.235395896019613
0.167253897852324
0.15421294692131
0.133097668881626
0.099604101355943
0.116876130488189
0.147689903957365
0.135569794836388
0.147784205285451
0.142640481041656
0.15289206086954
0.180095966058429
0.214756488518493
0.173126138049669
0.166100558541718
0.226260939698261
0.142378701902528
0.116783503592722
0.129387296190614
0.132871721795141
0.130296093526539
0.139251509817944
0.177340779356044
