0.17
0.159743291378409
0.153005697134722
0.146731787882658
0.169260274990613
0.174843387072468
0.189856193824257
0.188204725324323
0.195084578666377
0.191367508276248
0.170837950235993
0.155629223237451
0.156592854291383
0.162568799626954
0.130922410777854
0.163415454619713
0.140647961228788
0.126746147485513
0.130028499491029
0.134439640201292
0.12564919241512
0.111595484029869
0.10632587325611
0.111891474374598
0.111826015846769
0.100420928970279
0.0884859876615116
0.0866077035488025
0.0872753211369219
0.0851073961754986
0.0915381784797102
0.0893378996746871
0.101294912818727
0.0989987679830192
0.0862539730961543
0.0834447540303301
0.11245507352702
0.125106737315606
0.133959811193339
0.140313354082846
0.1650603826667
0.209124749949271
0.214688047122514
0.143660689134947
0.109547762368579
0.13508031009784
0.0943567853900826
0.114953979697975
0.117675846057859
0.112532524687069
0.108744114902556
0.124114323394825
0.120935636342457
0.0883015970100675
0.111793954439671
0.0941505190962698
0.108422931221532
0.0984531850146025
0.102334124893373
0.0903738252834592
0.083101878833169
0.11337461269577
0.101967787634202
0.12445699740119
0.179648921481215
0.15593312187735
0.131168302455487
0.12432185461195
0.11306933984905
0.0873796590328863
0.0873601832800315
0.0847592853819626
0.114865896670424
0.109380359827307
0.0894797477520153
0.0811036264569241
0.0800242166427085
0.0705471332329174
0.074541616141094
0.090074396000475
0.120428361422285
0.12355336030329
0.155353942291024
0.146636127435973
0.100924510374282
0.100237467992087
0.147919426300278
0.133112384243052
0.122752827081369
0.104171221623077
0.157760089126871
0.148244052837158
0.171924319290651
0.179972232816536
0.199240299820412
0.207548810265506
0.217009818954889
0.202747382919054
0.177939134575187
0.164087486317142
0.16377391797328
0.155791434920929
0.157639845931092
0.137323293930259
0.136384793659926
0.113748355993798
0.123371683557184
0.175106843650849
0.211586106483047
0.129689303999491
0.0986306984302714
0.0778793875625219
0.090755281238583
0.110453857119872
0.084278663053104
0.0883909690727624
0.106322392717261
0.136727729932183
0.12752142932527
0.136670594070788
0.112433643061531
0.140915294859652
0.158924717522347
0.152296649397407
0.158441525122991
0.126663802033246
0.157918536578032
0.183206968614864
0.176605097502492
0.123685402217717
0.134443390455158
0.130524522110489
0.103184222348271
0.106507597802832
0.112205308256461
0.100367302864206
0.0786329513997208
0.0941571581926267
0.0964388219604646
0.0877660948812859
0.0931969629239762
0.105073879281231
0.104712425456292
0.0965252849661758
0.0818662464874147
0.117594843446575
0.123043763261193
0.0878578396308276
0.0971415017677001
0.0844030342744788
0.0854870390631578
0.094026642349098
0.0912753726569292
0.0697902309434986
0.0882368322185089
0.103027451232087
0.103109233736811
0.0873476944262399
0.106402834810765
0.0871686830520846
0.0770318464970516
0.0836978761715576
0.0899201435853688
0.0872876274292525
0.115542915886726
0.108433806534418
0.10263779286463
0.122618266483046
0.146625723728582
0.137535956602509
0.113519745543254
0.151346036835388
0.120333714453489
0.141117573324973
0.119521007770858
0.0995654350598806
0.107674405781119
0.0989980489865817
0.0889103988389947
0.082182624517666
0.0774096950809453
0.0689508892061093
0.0754191956948538
0.0720844071332945
0.0938400724705374
0.108091432490366
0.131617837100221
0.110939940101643
0.113276362235372
0.105066118262778
0.105653858590411
0.102050458534924
0.111000274306665
0.101135233575877
0.100440075889622
0.110834361783886
0.118872081074694
0.154291257222556
0.117788916172894
0.106499766218943
