0.17
0.165776487403877
0.154896527158633
0.129681677035522
0.140030863930884
0.137817994208221
0.159680023687855
0.154798393496569
0.117660093968472
0.129522604426705
0.129676257596931
0.0886097765111454
0.0819256212516621
0.0903407755175193
0.0926614768452569
0.0938175001289994
0.0995579841139073
0.0866298575808501
0.0811251323308894
0.0767523481551465
0.0953142854979139
0.0967688765098757
0.100755821148545
0.094801538188641
0.128534924681981
0.121900139256584
0.150250790211655
0.094428466041407
0.0903199862791746
0.0942528629650768
0.0880371759657332
0.10144144961974
0.0900481747366717
0.118198550248222
0.126468036692472
0.0973260111539778
0.0733411810834476
0.0793228770605487
0.0938999772302979
0.100280000725873
0.117084524829666
0.117394852021561
0.105180499125925
0.109396593712367
0.118889811270335
0.0930256417933096
0.101052882883411
0.0957776903953754
0.141206937233674
0.111804883739869
0.110328779496249
0.111978268330039
0.157595086710169
0.190752094468626
0.179765284300162
0.174435607391872
0.192724126949835
0.183273591750451
0.201386311868978
0.227593383159182
0.288241082288353
0.256725275303756
0.228483411957983
0.192008853972535
0.235877467482476
0.185765175065169
0.187347819910266
0.130837515464375
0.142792050767939
0.110499228111086
0.114354512630195
0.0951021214488472
0.107452647775117
0.125364216839977
0.1708563535848
0.136262049013563
0.144856922671293
0.14017368069212
0.148230280404316
0.112595055332846
0.119618565025915
0.14840013946696
0.18136256742853
0.179150016525531
0.167514546983048
0.161071460291323
0.156193926622243
0.171484966490979
0.130127976969297
0.131726736100629
0.114573263333268
0.0930743939478694
0.091130693133891
0.0974788386488958
0.0842504857964323
0.0790755557673325
0.0707885210748872
0.0715297180031174
0.083776960825532
0.0824428701339387
0.0894276935188059
0.104723893315642
0.0997894619029769
0.0866001994904628
0.0960356012259603
0.0761425427729552
0.0738504796942617
0.0703817406323495
0.0841249443838562
0.0860035529870898
0.0935454160170082
0.099011025636733
0.0881261805153002
0.0676331471320976
0.0631699554488053
0.0805091766633172
0.0842223294303294
0.0817601605404684
0.0893261484999309
0.0908729925145454
0.0829757499333699
0.0843810266203737
0.10777133648837
0.101719720843253
0.0925495936080319
0.0831077890538616
0.079653835664297
0.0702462418985941
0.0742527776695125
0.0703657315937253
0.0741805621752998
0.0680466494622403
0.0663800354742456
0.069244749669399
0.0838196141153347
0.0655169413523259
0.0709665399654541
0.0649188660199301
0.064466369462129
0.0640292739839646
0.0629745029088292
0.0624168730390474
0.0623142966745414
0.0624656104841692
0.0615605532652785
0.068899248196273
0.0754888789011209
0.0971734215593424
0.0983981081253833
0.0920700632885685
0.0873170901010957
0.0878130647299661
0.0983683231613209
0.113225859013535
0.109797613889409
0.135471347489687
0.166172850833509
0.166954732453555
0.144432770668844
0.0973136283778813
0.148495673391738
0.125913633120196
0.110739793758612
0.0978053561735212
0.0997559175445572
0.0963375181566721
0.0877262141901881
0.10212824036307
0.0990728488811515
0.129735639785366
0.103980072832021
0.110336619047159
0.0902264484038921
0.0903314581571795
0.108501046496158
0.0875746911932754
0.0982524110934195
0.12439339543354
0.0984113293747421
0.108016751002047
0.0865564085526691
0.0844124203246794
0.0803517787084292
0.0665343945456843
0.0676196139060755
0.0631389710812385
0.0761254318121303
0.0619629315861852
0.0616255134739706
0.0684608848229589
0.0722033216255704
0.078589950400745
0.0738933039350709
0.074643512421795
0.0799902422680084
0.0862686168972575
0.100478920863438
0.100926607215903
0.129442808722236
0.127164899353075
