0.17
0.166956013122573
0.163666517956137
0.156254438110729
0.15719933922523
0.144028939777663
0.134494366218903
0.129217627534281
0.113573654365964
0.138658005081819
0.146701114519101
0.146402843616838
0.134512947916049
0.108400067504585
0.104969222257707
0.0877927745810862
0.100226746334981
0.0984523760199968
0.0961886743074934
0.111639010027558
0.107429979913262
0.103353511092099
0.129070352642552
0.137256136181798
0.140363985841743
0.120097141554452
0.125654646866473
0.129963085916866
0.15727675418492
0.164896260637727
0.154570377890693
0.151675786012428
0.175921273298597
0.155026719714474
0.121671699411353
0.100147994015889
0.089992293065546
0.113674084240797
0.102734384300598
0.0921295676841303
0.102346761705134
0.107023428563455
0.0935033298891219
0.0862853630729507
0.0984467967015626
0.0918492520692117
0.126768164335249
0.110591865370794
0.103704904861401
0.0963860621686938
0.0939290643186223
0.0843525764751497
0.0922010421837344
0.102914683856371
0.0901694295758225
0.0836892950422188
0.0847385996803453
0.105091877094449
0.105699706650432
0.102454098261885
0.136362043598464
0.113741335550348
0.138603513575246
0.12589162431919
0.127265890606008
0.124193477643425
0.125169236264347
0.091263066328426
0.100899320048978
0.100068601139676
0.1039393944485
0.100425489049463
0.0921968508497818
0.0896877820341743
0.10556517141611
0.0983974482329928
0.0988835146446976
0.0981357764881246
0.1090064397916
0.100221281310486
0.112193041599032
0.0903310913061921
0.0855567310432001
0.0807833317033784
0.077166433224313
0.0723567123993735
0.069929731153164
0.0731110630040081
0.0728355222968404
0.0746320937535538
0.0829610349783768
0.078085806179731
0.0785405255236866
0.0893087041464907
0.0757572183348692
0.077504477037851
0.0962203203259641
0.083386321038091
0.0883545800486322
0.087471015370203
0.0923309747729193
0.0900085251182927
0.0948413054937337
0.1058097622598
0.108193692252221
0.117672460237226
0.104608801020094
0.0860446149428263
0.0880829031552453
0.0877961680117796
0.0829659877250144
0.110100844167253
0.110923022838218
0.0862725222323176
0.0840369196457268
0.085043455791824
0.0775868349903373
0.0781260708743547
0.108835279880947
0.10783121798035
0.102000061914083
0.110315640243054
0.0825544635070806
0.0850015292549242
0.107370796211169
0.12929535920352
0.118621427827997
0.13572350783318
0.124376228855617
0.11112390956833
0.0785559477416241
0.0767214833227995
0.0867935152317223
0.0817413316365041
0.0850588874884593
0.0817497901408776
0.102991113731742
0.108890432060928
0.115038857294217
0.103067170862365
0.105643941760571
0.0950282133199289
0.0749678117710472
0.0745815856142009
0.0707214896380313
0.0698835929545101
0.0745184742850231
0.0826553349009783
0.0700003166391929
0.0892909712955189
0.0894331534638962
0.0807475455095897
0.0898882859491395
0.0780155022050118
0.0764501712728979
0.0771762959017539
0.07855284052631
0.0823098068571991
0.0925765012790281
0.0916692164107174
0.101613556426476
0.100408945762933
0.103360843211378
0.0984497347544428
0.0906249562769685
0.0811026853027571
0.0943546841755797
0.0909566402759139
0.0998654249969096
0.0992628847639075
0.100967455344585
0.112933745117604
0.0935169303886843
0.0921284880456953
0.0824426582693588
0.096811775570017
0.0864951013912519
0.0822112831145749
0.0756065018893554
0.0722848949170766
0.0730856917456154
0.082501379566915
0.103122390916579
0.0871642139837494
0.0834002282413258
0.0840355953233572
0.0820743395462044
0.0994119696110183
0.0863102443512116
0.0878803448086492
0.0839585407139109
0.0815900919690163
0.0846440885775209
0.0802487712976122
0.0793763024135403
0.0740102686582664
0.0693672059558497
0.0694412398963874
0.070977481583438
0.0782439121761798
