0.17
0.152171094010577
0.14017415390563
0.137529820078419
0.123270455702928
0.151633979807887
0.146021678671498
0.147854418455201
0.12187598879291
0.094832859516784
0.097294563527783
0.0965596475237161
0.125719779036314
0.0988315705757577
0.0900273842679875
0.11062083254711
0.144519322961689
0.143303344798503
0.12392451795467
0.0947691517514207
0.0966672817583987
0.0982354958998586
0.0833311863485811
0.0950605709721848
0.0978587610981728
0.0989653109414266
0.105977501976622
0.0866238285268654
0.0801991456361085
0.0812239542981176
0.0717700796963377
0.0722598297028286
0.0738018314728605
0.0821870868054362
0.0814756776102292
0.0785299715412014
0.0760995110744057
0.0846562599029111
0.0872279026979411
0.0915364175676537
0.08127709739712
0.0803693292411529
0.0874825831089035
0.0846931578417039
0.0770145062322161
0.0801128872876817
0.0812967636277254
0.0838050136705047
0.0846201852187719
0.0842046667574978
0.0813344563807903
0.0809797064287385
0.0874400932917696
0.0747798637366261
0.0736737959015021
0.0906590000348111
0.087202870816576
0.0912679948535152
0.0977875424420186
0.106513089615226
0.110158197839911
0.0875227326622587
0.108082310397251
0.101768928098132
0.103446723112258
0.108514998441949
0.11000250661278
0.119959159944588
0.121978500057184
0.155724774130011
0.169178643619515
0.161734293057902
0.168414979551532
0.144675761860433
0.161660676140488
0.1195608662057
0.1192281689148
0.113822765052017
0.159659291264572
0.193902228444748
0.189859037714832
0.159587273562515
0.166006841390487
0.164656930455806
0.130556048127332
0.131104161520099
0.137849420530695
0.146108632274551
0.181782844978264
0.247278690301011
0.19086307415145
0.236044588931381
0.189175757508093
0.189955612887419
0.187907663684185
0.244780923888147
0.238298548767287
0.269102957338602
0.262927770407694
0.263926763740277
0.252264407614261
0.23722441216237
0.199028856510929
0.22218372897547
0.260553522929983
0.215571405527784
0.288134347848555
0.296666423983434
0.308576934664749
0.303363612084248
0.238433832297161
0.271375590191625
0.262354870015945
0.280833879923593
0.239626946236143
0.248502770171616
0.174953722574113
0.149574601211004
0.202171214570417
0.251412857102413
0.231276644357759
0.239231184255881
0.286629287874422
0.257555837521043
0.260883211804649
0.22794122422465
0.24168604589934
0.230486791404711
0.250008535939053
0.208357872960147
0.175067579278205
0.220488900869945
0.157995583487629
0.209602866912053
0.140153328722466
0.134029493007846
0.138200009634923
0.140526886001325
0.126583903919844
0.121800571057442
0.144207678369442
0.122094113067844
0.132373456219413
0.124259161703342
0.124765116938284
0.119312436247409
0.133563349353715
0.185222839924824
0.191565010002924
0.180325354181832
0.189108392490073
0.211120611197493
0.205698012504264
0.187893212300964
0.195698535682506
0.183385188976564
0.216389670634586
0.210246006945638
0.207079361745105
0.209584848629873
0.203946225841589
0.165893654662667
0.135559040338542
0.147860014389096
0.142762108371248
0.126211945620327
0.159122994188924
0.12601081978254
0.151565601567136
0.147154622990681
0.157026410291286
0.103477572017303
0.115787356646838
0.114871975141112
0.131698723975879
0.111736575878587
0.126807613249888
0.136047020469045
0.131086368251905
0.130363120855324
0.139133664289886
0.123956049131308
0.137019593893983
0.146606383292715
0.131662479962621
0.14844148548468
0.104340592870554
0.159825782370626
0.142299401585847
0.159599482363433
0.1325401334551
0.182363556024721
0.167544512630372
0.198752755891543
0.175199745696519
0.156342838167754
0.130223224893485
0.131697281916232
0.143627772376243
0.133721675492562
