0.17
0.155981831305896
0.15301678859431
0.143131867080012
0.12815121978722
0.139809810763936
0.144801945893055
0.141339962703909
0.117083996705871
0.121149910252537
0.116466622544099
0.108177393254309
0.102206123582599
0.0938482213818004
0.084150912453482
0.0784679123334537
0.100715512452696
0.129795138591917
0.114705914182264
0.0979093381781936
0.0980090297783431
0.119792599655023
0.121959031210812
0.117511960421791
0.106318512846041
0.0965147217517137
0.0958934272581784
0.106438947939751
0.0876609519435354
0.119074812772838
0.126053378834288
0.100877972608597
0.084054767413615
0.0814469693608683
0.0771824980656438
0.0762636546394197
0.0921415764507849
0.104192949361799
0.127828005957617
0.100603033628941
0.0897168593840983
0.0848626120405005
0.104167134343285
0.097873070702548
0.0844767395509828
0.0819374570974274
0.0770728419748535
0.0983236982145258
0.0985619043778675
0.0968358352892593
0.0959648066300556
0.0732634831825655
0.0731568788542655
0.0730097040176117
0.068976537041171
0.0847334997015002
0.0989485404275234
0.0774160860288479
0.0818028551530039
0.0793823094111409
0.0780597581888814
0.079837917527446
0.0846221984442716
0.0795418131678627
0.0863058737192357
0.0970896705301275
0.0947300746349468
0.0782634141306193
0.0675317878842477
0.0666995445309076
0.0682064794721639
0.0750001849732064
0.0711440085558081
0.0805011307091275
0.108028230000124
0.127651496226296
0.102848446119847
0.113974722610332
0.128401172025629
0.122127427216715
0.112409813661001
0.1033662962045
0.115604029144037
0.124835090832541
0.113964452897444
0.113525294296426
0.102249556231312
0.133995227787998
0.129048165855731
0.127834385749614
0.121943395533979
0.1276826919993
0.127402349410409
0.105601333801882
0.0962682422036869
0.0816526716082058
0.0865875358642608
0.0925237400116692
0.0930941198313072
0.0812280334369511
0.073824630143992
0.0702241196745064
0.0725805153156328
0.071163046586712
0.0698375143152104
0.0758191831264826
0.075717907791672
0.0793525220258832
0.100377608656167
0.106545766184359
0.095956968682833
0.10314655978389
0.0918978173982092
0.094469140964029
0.10731279982677
0.139386858582531
0.139595657815249
0.135314082179927
0.127402008254742
0.121320820948898
0.126634414312566
0.1213797708444
0.131122722034725
0.166712258548645
0.16183411692726
0.122370064161777
0.100173033223182
0.0945351568646595
0.10924729387719
0.122567020696927
0.123094570422911
0.135863378806764
0.134631873205861
0.130054678650871
0.121257418234807
0.144087464136754
0.142282363690848
0.146174483432606
0.170053757029105
0.170156011544377
0.15699233971763
0.145538977461819
0.1319139617871
0.130869635113383
0.133511294563864
0.134795835158995
0.11806940818385
0.116412048813449
0.112098645008175
0.093570823866049
0.082032385290597
0.089040358352401
0.0740000955600698
0.0778971777212503
0.0719539863781267
0.0734238652143562
0.0729422592569862
0.0620410250146516
0.0618681188621771
0.063639584814134
0.0709504053069221
0.076525549687285
0.0709694551099537
0.0815414454019102
0.0653435245956487
0.0672677801772967
0.0789119447866555
0.0772775059896223
0.081476343440653
0.0747106655851501
0.0699158593973923
0.0792865488666154
0.0795109524110194
0.0729380378300439
0.0716311449719099
0.0722309459241806
0.0736445581636555
0.0736439901585138
0.0698484357447622
0.0731049843549927
0.0763313485878541
0.0836629484457272
0.0912247340540671
0.0988424615511566
0.0898604379581353
0.0777724450749558
0.0932503561175698
0.118028721545074
0.111615173743413
0.102755015585935
0.118482547362681
0.112540263523024
0.116877583915255
0.108622984144793
0.109655789382046
0.112226917123059
0.110436777685341
0.115688176119532
0.125963285819195
0.117271420082188
