0.17
0.186904316485394
0.215246098728753
0.21409704144311
0.182625416438528
0.18591105435629
0.211034240029654
0.267008879018001
0.256286871690217
0.260067994988378
0.19903625027091
0.258199615808969
0.304739204698401
0.277701952052489
0.282497475980724
0.268959346878915
0.294025779203755
0.280384227831522
0.287152679301812
0.29089145711486
0.293800574186732
0.289794362541847
0.299427435954382
0.323244743998981
0.307065613431149
0.280238388758124
0.282316485517575
0.298425997303416
0.284119656519903
0.314615693385315
0.232386457464753
0.240023612615368
0.238104630322199
0.245234057966203
0.238076880353161
0.252385765805649
0.249954341295969
0.274451242927901
0.285988564072841
0.268188103053477
0.271325608575411
0.272418531567127
0.325707716332478
0.332426868236608
0.368918286442006
0.382282650093501
0.38308039704216
0.380794627566823
0.355266830119227
0.360730593632
0.370407748801202
0.384987109712135
0.375095645166575
0.320747814789196
0.314116340216203
0.340445370779227
0.380084049640407
0.372826142519972
0.355438392501375
0.345337733837487
0.33660070209413
0.361787616197396
0.352585206829116
0.318966983342203
0.299585945947352
0.310620869375749
0.3221230979059
0.333942285530437
0.388482596819358
0.390928936693057
0.40321009340611
0.411717003209943
0.420588075504482
0.424024790069162
0.418796307269175
0.40183472612521
0.348430102399923
0.331656914866776
0.357575801037194
0.392055711831442
0.390376719481897
0.387200560252543
0.379562265100243
0.367701052344913
0.350824098504598
0.363233221562665
0.353405277985925
0.359885720419182
0.330492672205915
0.299396309263464
0.314563890220911
0.38427382553709
0.375936534228894
0.372835268614242
0.345204819131007
0.342439125361441
0.356091869905982
0.321371380983809
0.335770246653791
0.336932177257126
0.350472472305094
0.335857791717545
0.331528126362992
0.368416282993496
0.340524253009701
0.332625073632465
0.356930783256987
0.374115357498875
0.37413637275954
0.366860878974604
0.363883433093792
0.345451443375722
0.330921695631078
0.314548480400528
0.284156840830279
0.306178346629373
0.31282520175772
0.271403127121807
0.30507868677056
0.323431714729399
0.302474842633917
0.339178634028308
0.339239776141588
0.338483707212211
0.36261607369954
0.360804376766811
0.363921165259081
0.35612720995905
0.335319154309427
0.30719520692536
0.329169375822364
0.341491135962359
0.348668020072503
0.325140657764571
0.316154706014357
0.286855860077014
0.283044345323632
0.311508852430484
0.294125125471768
0.307525736306328
0.286096382071248
0.338809330805584
0.347431698549572
0.350081493940184
0.336403465863888
0.317509936876985
0.308506006759893
0.334805941610982
0.345393452080178
0.36674652060044
0.361830575679945
0.369828160641343
0.342167243479192
0.322034301178573
0.331278194776841
0.352522641655639
0.329446629718037
0.367041418438117
0.341019883550375
0.373571530662567
0.3681603143011
0.316046577438815
0.367597049151248
0.318913857282536
0.321174625024173
0.284968762182892
0.291027458904352
0.304019182109158
0.328484738432758
0.342463089738077
0.289839441357693
0.300653094596711
0.298140957662943
0.311865007607376
0.29996237221561
0.28374289401749
0.329946719940043
0.319904983705648
0.371895064316992
0.340845792693004
0.345304421033919
0.318000995711409
0.313357166472953
0.317778781361712
0.368841338843628
0.352625009323725
0.32347426466897
0.317977673528494
0.307266493958934
0.328703129034044
0.340831131156882
0.335529785258313
0.373869759594991
0.372168945469807
0.36064760060629
0.385400511719773
0.425075081107335
0.43305239440559
0.414815393506955
0.3858729260725
