0.17
0.166593793863693
0.157361983104761
0.132857406524193
0.179959589459486
0.191988000576266
0.179914659330356
0.1882064311952
0.158632296334768
0.172351728396694
0.176194866507381
0.169375714049497
0.186215407115915
0.14728601161372
0.135738314208559
0.122827393076161
0.135874831156611
0.119385357815511
0.119019154370826
0.125905991616344
0.125693278175845
0.127943713592587
0.143400449267153
0.154854291347879
0.151074983223201
0.148978879694668
0.152670343837081
0.150305899004422
0.136694752173153
0.135901882197609
0.13995090034326
0.129819845762667
0.146140625590966
0.132282599905942
0.150409738391564
0.12983393771399
0.14137844047033
0.143391161054192
0.146364639347613
0.13719864923781
0.159762403883097
0.166451489915979
0.159356824942985
0.165000286644489
0.155693211727431
0.13779008780921
0.135380694718432
0.135826271102874
0.145202196154312
0.131993498816598
0.13060041862807
0.152841240413797
0.154817646382594
0.122374504645836
0.126377424062204
0.132678003716485
0.123082877548763
0.145943165862436
0.158559403318565
0.136272767154833
0.1493943106493
0.13905969046199
0.149015114726406
0.15413589649526
0.149536241035028
0.140688147796745
0.164979260482614
0.175890156253042
0.170886821328571
0.15065594366836
0.171872477394447
0.16196815797482
0.173502846061188
0.175922868492745
0.171496703994953
0.154865539803868
0.153878684054962
0.159229114627427
0.149105604385682
0.156002626185481
0.176072034398545
0.151947508686779
0.159205599968098
0.148196977067502
0.169759649584122
0.137184506604181
0.156835817739584
0.174421500854009
0.115424773010522
0.136863689785259
0.173725331778503
0.175161169076393
0.17511760560298
0.165321994451471
0.148875901463445
0.183363186321915
0.172995021389553
0.175878990842693
0.190756603302073
0.205598180219586
0.187384155569822
0.174000422638531
0.175927420467703
0.200868337209104
0.154231589842004
0.158158248923056
0.159080261869749
0.211221556845043
0.21178986501853
0.16722819830985
0.165285775280289
0.174114817520096
0.154168952199549
0.162150624177697
0.193407261194096
0.192730551001691
0.175675157229817
0.173374472895018
0.167480971452107
0.170180491705055
0.169983719997808
0.168199722517648
0.181887502875594
0.156601896413233
0.155227280119941
0.177150225177669
0.192694858882293
0.185022450767678
0.156007312818147
0.198052785916165
0.165918985783658
0.154934772889762
0.172427663837088
0.191685954417668
0.152295842095847
0.156407693872012
0.159510438920624
0.160850635439855
0.181437246308437
0.181149481694451
0.152091482225575
0.184709338133495
0.171661060926132
0.137721639945262
0.137805656148269
0.162591514392062
0.17450752447723
0.160652891996311
0.168719702347468
0.155164042232785
0.131839679154478
0.143531115189735
0.172510851930315
0.135503277666862
0.183151931277181
0.16226763994917
0.156023945739572
0.154568661915178
0.154417205021541
0.150704483613936
0.144573761156933
0.122649442244309
0.126108024090933
0.134144294368444
0.133024386214059
0.138742779566982
0.163311310046958
0.166653713816413
0.166171528998783
0.169322577142706
0.120454557679935
0.158302112534373
0.149991976268345
0.15801097916474
0.12182047899903
0.176474681746273
0.144893643173976
0.162071055745752
0.161256769275793
0.160918580185142
0.152331496240477
0.152281023244872
0.173457785978727
0.147801893660474
0.147396922303208
0.173931496091569
0.174071174229791
0.177092327009915
0.164862593512512
0.157440237215082
0.120481459440415
0.122654239629533
0.130394745911955
0.131461035168912
0.131055606748618
0.124409847770643
0.101302393906117
0.0975368643699516
0.097148600967339
0.129433706074547
