0.17
0.150047236265732
0.148242517687493
0.149692411587282
0.100969644513474
0.111765982727863
0.110455498793141
0.108674853822744
0.101855377384129
0.0971180732654636
0.0954100157661922
0.102111504767878
0.0976535328475748
0.0993152237569166
0.0829923363511484
0.0899836245824422
0.0969009173387084
0.0956104983404719
0.0899304233808596
0.101126544064979
0.102350691831223
0.120350861063504
0.12010725365123
0.0886820070654783
0.0822485996670039
0.0912368886107292
0.0949207864065685
0.103105276619964
0.0920361106789294
0.0856529881250082
0.0902548022926749
0.0847975313631204
0.0778131982011391
0.0756310415861687
0.075797804815745
0.0959942538140688
0.0762894749581777
0.080557117481784
0.111085735958296
0.100995285794795
0.108576738194459
0.105528938271245
0.100706817499429
0.100183986573465
0.0957188539802463
0.10102098983217
0.105436389389757
0.0828797578904126
0.101105231506465
0.0771638283932999
0.0797989109599004
0.0995732991783433
0.0948354754358652
0.0862520431639758
0.0836386661023039
0.0854604879073957
0.0958333853251385
0.0855329677431787
0.0761480148501114
0.0649763798639144
0.062267328492292
0.0643511613583134
0.0664740776686944
0.0771053299987189
0.0727382491791835
0.0651806736959069
0.0647170365395018
0.0608365077653231
0.055595246694422
0.0563036042321408
0.056179048892435
0.0545746140145311
0.0546265260202858
0.0562676150138981
0.0563551766629791
0.0573158997926856
0.0581687302066311
0.0617113532035875
0.0693273906113782
0.0652921926200856
0.0601898754719173
0.0613032814681198
0.0671320173414483
0.0713603230245531
0.0775755530681701
0.0735901116938316
0.0662869547996149
0.0662457644829844
0.0823614691313492
0.0935686422780243
0.106038032590293
0.104587829424724
0.105583352858342
0.102545273263487
0.0941345807246683
0.0708989967451569
0.0714006202455376
0.070518963072142
0.0866343137797231
0.0787367042241863
0.0836128872505979
0.11342469354969
0.109515445942605
0.104368188104869
0.0963936828453843
0.104891469382172
0.0973481967388365
0.0950489646671691
0.0956371824392114
0.102887563498579
0.118196299042573
0.118307801755815
0.14321784917197
0.156315108706089
0.155395411651694
0.168799746835405
0.153169230172188
0.1179103530075
0.144568627485746
0.104016435387942
0.112464220676656
0.0886289255863452
0.0898235116042244
0.0728427014216262
0.0665019457172925
0.0645323809530653
0.0604944408290241
0.0602269542884795
0.0575527073468838
0.0562032392770674
0.0642818490858077
0.0589323792239849
0.0545743930832588
0.0545040477455436
0.0555144274229944
0.054522467167432
0.0550845679725085
0.0528899140267897
0.053065757311713
0.0539353065340286
0.0567291174975475
0.0549568797500829
0.0572206416272602
0.0592904993785388
0.0602977048764725
0.0582084571712035
0.0612051006156356
0.0573021153298951
0.0609929508562017
0.0598315286319606
0.0594257328561315
0.0581702986358688
0.0624942709094804
0.0599430815371111
0.0663396294266593
0.0628741464706013
0.0614851876013615
0.0674652560072081
0.0670442198644589
0.0718410738767101
0.0838046407973677
0.0848595161745036
0.0818815723884281
0.0804476644047481
0.0746595934398713
0.0744347993968333
0.0763950762259848
0.0725579840509206
0.0855915237813515
0.0921356810610801
0.0891712565108015
0.121841159880192
0.0899386689618024
0.102414750921881
0.101052126638847
0.0891830990923465
0.0890930494868038
0.0946389116395692
0.0995730597857814
0.103727766815414
0.104513788005566
0.110064888407713
0.0863362883897958
0.0741422250943006
0.0879837630201621
0.10161619192925
0.0945119930135675
0.0778333481045427
0.0667881756867414
0.068854139250322
0.07119460161135
0.0802179589345259
0.0724629198956927
0.0692327834583688
0.0666753211009994
0.0863853936494723
0.124856807431124
0.100435465467939
0.102257538501553
0.104328462260395
