0.17
0.164208514292965
0.112264440916275
0.140320437144687
0.131774569933976
0.123014468051598
0.123667324457672
0.104766594463715
0.0930482416181506
0.0854214559724422
0.0946473971647996
0.0868425806007184
0.0846445305915719
0.0852636170097873
0.0873313192999859
0.0887432020240035
0.103482261847028
0.0857719145528917
0.0879541903257076
0.0911288888705183
0.10619318296787
0.132003365084578
0.145574197333046
0.128057761853329
0.136324059549135
0.0911598219887966
0.079602600967424
0.0877856056150951
0.0940893348939614
0.0995334681299601
0.0777788588436843
0.075534935733136
0.0759009514797206
0.0764537630941592
0.0877522909773025
0.0966143495975613
0.112468820340875
0.1088673181843
0.114646169657676
0.11698651944182
0.124057076680585
0.121309499713781
0.115792537969997
0.115762320937242
0.136983006396126
0.121014328808927
0.123207150253883
0.113563723857807
0.110355337377781
0.121299453533839
0.121063618693318
0.101212371584271
0.120082421539295
0.119736377090026
0.114809935103506
0.113468363902291
0.110116486483484
0.11937280862681
0.107052596943447
0.11402657798098
0.135915749416188
0.161089201732241
0.159491791779523
0.155857284632682
0.137460353788837
0.131864147820539
0.140571947670873
0.136255862793358
0.163048937546724
0.159653617883182
0.143547440513946
0.162268022231045
0.154107314161923
0.147929145851149
0.117028083298193
0.155064920697828
0.150738680521172
0.132164373325918
0.141051538402941
0.101993628592016
0.0918173920468999
0.0814593496367091
0.0936728446931102
0.109331534589201
0.123719325112432
0.138154061757005
0.136858634597175
0.146325189358847
0.14622568804935
0.128580524484587
0.122523047631708
0.120836012189824
0.12109045831802
0.122316567641975
0.111680702812952
0.140738485414675
0.134802669532793
0.113382059052312
0.115904290115013
0.118674541351317
0.120431986454496
0.11786838790285
0.117600355593672
0.115149292582483
0.0808972578404207
0.0764650745401808
0.0847062896388906
0.0924686070202942
0.0915769467748587
0.103615918231835
0.0952109851469823
0.0958750732928503
0.0952177468062922
0.101147814506616
0.125435928344437
0.117159716208277
0.127109249024505
0.153543855210173
0.154777845451833
0.10496125072799
0.116074191051224
0.125350509320504
0.11089666107155
0.11176390079049
0.126613220353849
0.115826170720129
0.0995482065912468
0.106428887559509
0.138903603284505
0.112388695481298
0.117885097326761
0.0885515780551626
0.102640870530871
0.0917129637157696
0.0929285213441489
0.121975152867956
0.0991669638009867
0.103761210015165
0.118773943834713
0.109121846178024
0.100114781751117
0.10452286337568
0.102986541456638
0.109804861218713
0.108302961610194
0.109721317102105
0.101462050007326
0.107620441533733
0.115873446509185
0.119464072699629
0.121047867222725
0.10224761062626
0.0998261634294151
0.117087736011102
0.0891265978241509
0.0883306115852454
0.11624362144307
0.13533917838822
0.115706145438391
0.11995715660551
0.100928737877858
0.135036257561462
0.134286018511074
0.162108525882132
0.127839046052745
0.112655330477577
0.0938887207756595
0.0901233153246873
0.113970209674042
0.10188185418559
0.0858267421509276
0.0896569239809003
0.106198130968921
0.0969739278516487
0.0978021135583282
0.0971945290441427
0.0924435474953677
0.11825502185596
0.110928558319898
0.119751820891954
0.106856955850931
0.113508426193092
0.119410983957241
0.113714000970026
0.103733210781891
0.113215168650368
0.103635099498525
0.103310730065175
0.110106729580416
0.124538719957391
0.116760652901246
0.0805580749183298
0.0751614124616963
0.0833820227973736
0.0838402351664255
0.0804762324317703
0.07799887592066
0.0774660946769925
0.0674047632139982
0.0630959479545226
