0.17
0.167719218490598
0.158623058397757
0.146879637660984
0.127554753150259
0.158215904515942
0.122219656492945
0.125172104312525
0.13579651933825
0.145051136006366
0.145724873165004
0.140682979452497
0.115162159508712
0.116155916738265
0.145646679548976
0.14610825221697
0.122264761783501
0.141756097628456
0.176533458505426
0.189977906605411
0.179674204786748
0.179521720652965
0.140062773280012
0.131634826825413
0.129566693263654
0.140873916218477
0.185033632757424
0.168059792766781
0.200386949344398
0.202282811814217
0.182172728470655
0.170021059804064
0.170718154030682
0.164119334559992
0.16678958439807
0.192621113203428
0.177451272772744
0.155673932810771
0.1492746630663
0.151035872196331
0.15958290228717
0.151446280912213
0.164177269711394
0.161864884633265
0.1610408577742
0.115043107502526
0.114675718649272
0.134536208304466
0.147941371583376
0.139945740383565
0.165037875333437
0.169455657803767
0.186621205753755
0.151374517966914
0.201929700808773
0.162961800895315
0.144736973290335
0.173814030965198
0.168697577669099
0.177368532553549
0.150088401732141
0.171037839038422
0.189147425563865
0.197383551996322
0.153302403494613
0.170192869790085
0.147643093165562
0.152920667151128
0.18499857368123
0.155460871281567
0.148555394486691
0.162432636411611
0.176545611803743
0.182956006310268
0.210407066591839
0.243689398700379
0.231202622395796
0.198741126525517
0.198333468500597
0.177335540963873
0.215071233163705
0.18266903209899
0.199617061458472
0.202637309437778
0.167677863424513
0.170371670063122
0.172809407205545
0.20066763765968
0.187510573248148
0.178098426264659
0.181262731287258
0.150594756534174
0.151700180479678
0.147928878406195
0.173618840592469
0.172731433105983
0.204397561851763
0.211974808330898
0.232519891583796
0.250400352788114
0.259760954742818
0.278093392135963
0.263721525361895
0.21887710449091
0.26421362587819
0.337232256012646
0.300829155861775
0.279979839459466
0.262730700880227
0.223105401981822
0.211418541588816
0.235582562709736
0.242178613530874
0.238577884814141
0.255487791275954
0.228742438099124
0.194866549792472
0.183292791625804
0.17926949554899
0.171297400637364
0.179583700863636
0.218160366360106
0.21544370362204
0.218445004684794
0.195674068720026
0.216384466840906
0.22058352555882
0.222549899665961
0.252951245785073
0.209077912318735
0.210919757600076
0.203426987368734
0.263618662231766
0.216285400714482
0.22929974195437
0.181983493909776
0.192579398207697
0.247327683109831
0.214399907007469
0.244704557370929
0.262864898720904
0.246217838880184
0.320765602955896
0.324159551205755
0.304443158572451
0.253261112661578
0.245835284288052
0.265923663987478
0.253227405032427
0.28687339825923
0.231327462937502
0.231831038337145
0.232431225540144
0.222467256906971
0.194383782684365
0.197003236770451
0.177987552410986
0.170849350514647
0.171154278455076
0.134124434831928
0.178450614023397
0.179427406473069
0.187226502450193
0.14703795026544
0.187246454820272
0.198142348035745
0.180250508656959
0.181271145723164
0.156758225396705
0.178592288341999
0.182327763795931
0.163191824675209
0.178567212893336
0.15787609870165
0.170672822113582
0.247566740978003
0.213486438473149
0.146381933530231
0.119126768004436
0.114892487039925
0.117937973810717
0.140953744503602
0.125051325471418
0.134485716771373
0.190176803624261
0.193422160423434
0.178797225930994
0.222032614827215
0.249199417876092
0.24816013833924
0.253365949274676
0.210644516590763
0.214749047187999
0.26470957872785
0.267680117922654
0.265274484122845
0.286188412758905
0.265752324197506
0.240769338516158
0.206019106728445
