0.17
0.168144645013116
0.163778377962097
0.168477354187687
0.157920651529487
0.136886424612288
0.143870385004052
0.161956946556968
0.161581473911908
0.156942488894064
0.15312302066577
0.132795181467208
0.117893473545025
0.144423754801417
0.131267306548684
0.143119976348595
0.141800254049191
0.12144236545079
0.109878029542848
0.137390119931454
0.125347412928488
0.1226607702445
0.121972645798949
0.119117446744894
0.101610320062265
0.105731903522636
0.162698616131699
0.155183509215482
0.170172930688147
0.138674498596495
0.153430694884078
0.163576763934308
0.127590160612615
0.130809143100737
0.0940918379976444
0.116691946910697
0.102634739328229
0.103565949923872
0.0915524856566275
0.0753712713641
0.102998763109922
0.112701448750978
0.125354135923958
0.18401367495241
0.138994597313604
0.133117002536167
0.102867719494884
0.0833207385065176
0.091443654785025
0.0880962542519979
0.101167587285123
0.0985118720348463
0.0935916841901482
0.0788058924556211
0.0802728272263076
0.0907499778204093
0.110100588627779
0.120929222033494
0.0981057581271896
0.0941978587419303
0.0963307291678275
0.11147319277922
0.118909636192297
0.154602314805048
0.239089932147856
0.300329722942217
0.271285558668109
0.285617034573634
0.200679575009289
0.24717639371098
0.24261441739194
0.180513821166575
0.145844419537414
0.174993128732311
0.232554569037106
0.253386557822574
0.260423889687545
0.21089692764272
0.208223810860722
0.236930078735573
0.19315201327197
0.139282641106115
0.145734533810098
0.149628931967394
0.148793205289666
0.120263904495394
0.112785611556497
0.0816294052677202
0.0839736703026339
0.0780055965325057
0.11128712878867
0.138775862840788
0.120140658593543
0.0952247809669167
0.10201768147882
0.158359117116419
0.147754638118406
0.143831242853702
0.166177266815325
0.161728610301729
0.14425581675551
0.130869859853908
0.0847125287263642
0.0723782344886781
0.100606496030118
0.108314202132834
0.0864932695896225
0.0919087356469143
0.0726745473387039
0.0846672422579064
0.0941253084323806
0.0734884046978324
0.0790390147645276
0.0788263521525189
0.0807041900363262
0.0762106266381514
0.0982715662856971
0.0971181804193309
0.0915451723559345
0.078037058439343
0.0780382733507268
0.0892683881086506
0.136587121598939
0.138424129267064
0.127873506987631
0.137325244044846
0.0987757712143351
0.0832011001323401
0.0817697900856428
0.0734722072606813
0.0826218312109663
0.0985668084458724
0.112702347835463
0.089230385477158
0.119395046580052
0.105672262511363
0.0866755690379146
0.128496610036079
0.0991394474977276
0.094859152091671
0.0908430485472042
0.121706555650492
0.139942899883514
0.186534492120998
0.187989946746114
0.204148374315649
0.169605075193151
0.112012685877169
0.101403867664312
0.100753753242591
0.158101513987915
0.133756220157952
0.216359996324495
0.195739238181588
0.199652118886893
0.197721201212825
0.126358738260641
0.183618516062013
0.122884810798516
0.144597442243435
0.165398450119934
0.14961880125306
0.167819337663109
0.155946573411917
0.186302688733371
0.206940752615749
0.213083054546011
0.206264640969164
0.254049860743657
0.203465408705946
0.211694170685554
0.226602363395199
0.250029378750242
0.231784958045824
0.292767232166278
0.226735177331832
0.247310822744487
0.245200423079103
0.321860451642164
0.332638236088314
0.350003297136569
0.333167674148815
0.300562000575187
0.211802437125269
0.205125623601121
0.226110700969259
0.262610150182747
0.253556400978896
0.179292787285306
0.174375963992882
0.155646507530403
0.154648523055705
0.143367784354181
0.158391815124013
0.153526048719932
0.165882600629302
0.216506917560784
0.227765379047532
0.203593626146063
0.300233937313976
