0.17
0.157930874099612
0.156342736289945
0.116104770938981
0.118236659442525
0.111556844391866
0.116002109498409
0.124523018211349
0.131118821190701
0.141696970058657
0.103066056738158
0.107342917136243
0.106821451912352
0.115050230669023
0.116526042506623
0.139800722433726
0.135464471459393
0.118390801737172
0.117541579252041
0.113059967759364
0.120091336246913
0.117279318163412
0.0908672482725558
0.0841868005463491
0.0858848116594986
0.0939099772747047
0.0894918302507701
0.131055503167593
0.110402366044648
0.10239326135623
0.0979790033346827
0.122526490481514
0.125759717194018
0.125368613648426
0.143170917991894
0.107514630513068
0.102769879232886
0.108986203950281
0.088318593991941
0.0895749197263239
0.0743153570904243
0.0786336991226632
0.0892243867960644
0.0892083457240996
0.0916510841700125
0.0805621594463822
0.0792174690735771
0.0805679992508389
0.0899400723524437
0.102373275378594
0.101678251722259
0.102503820262524
0.115704107935724
0.119638762929796
0.11860920595909
0.120383145005981
0.104217473104869
0.105943584563689
0.151360957661487
0.155209834186607
0.160798262864285
0.110303023592987
0.102195032389425
0.079628427148011
0.0876734820591365
0.0880396923696495
0.0898121972103065
0.0946205567087974
0.0753833772322767
0.0781924317860288
0.0827030779621348
0.0809325127512625
0.0782728301380699
0.0794796563528753
0.0859006276806972
0.0910617443861027
0.0858603922786745
0.0942991948577408
0.131033079077188
0.137602314234626
0.132309427700006
0.121121888636038
0.119845380719977
0.116172760402887
0.105417256472528
0.106914911607695
0.111473950838532
0.113491821092297
0.115796552527561
0.117934904229178
0.171083022857305
0.169405779137586
0.167793978264168
0.170631968605345
0.194545130078611
0.198848792007378
0.176373377618665
0.162063433434275
0.103131881582191
0.114217676137237
0.113420670872353
0.151988561240801
0.182016929045016
0.188771622297744
0.184370171958834
0.17643690566816
0.144348537372732
0.143488996834594
0.149584445819156
0.129919058781821
0.136284714192375
0.134517211970138
0.159298594343052
0.149778012453324
0.147151986989049
0.144103554736291
0.183387060348462
0.193381372659194
0.200512337693384
0.212637939527017
0.208680344450507
0.173374485525937
0.182327329444165
0.141766711572978
0.125372218378603
0.106767551457901
0.118453223636989
0.116541838790951
0.131724788512185
0.1329212288513
0.112018661065124
0.111212677877482
0.0865776629288179
0.0960389229860728
0.122340798225853
0.124218199396095
0.124604930349063
0.126791615071822
0.172643423700993
0.155136029768419
0.14222962915755
0.18789336098274
0.178833832737045
0.185054369859302
0.149420547211436
0.137916871825836
0.096342914725522
0.103404946849116
0.112365380540401
0.116345354462293
0.145486203868076
0.160092645418942
0.152398374360048
0.136511413611572
0.184597507605696
0.1642305075159
0.160583832432282
0.147290744065463
0.115200696689699
0.150115468539041
0.155564957764354
0.150459454812982
0.149859084760199
0.141460401430372
0.126088768665674
0.147562450223939
0.138667016283488
0.14343226130099
0.153589977431167
0.157895582108778
0.172712678611681
0.173263050816315
0.173747486640249
0.132484239683513
0.147944133352093
0.125206155549851
0.104986389782869
0.156669498900701
0.194752843905841
0.194355518395599
0.189350007775976
0.182965953823937
0.17062912211337
0.177519159429931
0.186952583047492
0.136782593375537
0.154173793939349
0.146956981350584
0.153751165379355
0.134369050380399
0.1414519434382
0.129626527742516
0.185133968266643
0.176149035927067
0.177797204004295
0.159172561963948
0.14927925786145
0.138856952559138
0.118858213344342
0.157458174720695
