0.17
0.16448728979378
0.159098041536573
0.144251501564115
0.150265827534942
0.148521819442332
0.182192103524241
0.180195160882675
0.118472862158918
0.114613034108079
0.117510377771473
0.123599602908886
0.113903480116473
0.114904450884082
0.116853882426417
0.115032125140886
0.13649368414043
0.139449228913941
0.143274739217881
0.125870583277882
0.118779886691243
0.12097389143072
0.1242566577927
0.122402149845544
0.131643820829558
0.147486806779101
0.153526439036478
0.173740837081814
0.164605528721207
0.171856014132083
0.166905424530053
0.154269020723761
0.140701361818623
0.171000972885401
0.178930067135287
0.180656334749303
0.120457976367325
0.115506900162257
0.13450035689933
0.133500962775723
0.125632028835174
0.152859524382164
0.147102504852303
0.143124483651172
0.140931407159943
0.126828475545175
0.121616804932552
0.129369121221407
0.137533895089465
0.100351315045304
0.0938585894775424
0.0943042235093326
0.0887019875609122
0.0945039212647842
0.0976429444320798
0.0971443861457672
0.0920337244343499
0.0937999743486634
0.118650953839342
0.122712727195287
0.116296306995012
0.118180357469941
0.124145873998343
0.123133270206304
0.121800497126575
0.159192927150761
0.189152078247488
0.157058853569781
0.13481094098913
0.17598110634721
0.174367722544924
0.192160257414669
0.132288329535692
0.138663130638132
0.172695880427797
0.137911360934712
0.12797598930083
0.106651086746771
0.119190701112722
0.107672190477826
0.113324675077727
0.114314347538746
0.122444301397229
0.12354965541869
0.116184427176844
0.115292511968669
0.124785406405736
0.121987079558364
0.167172656887248
0.143212798041245
0.148532601752334
0.170419096801577
0.163462005095361
0.155772897376113
0.162835852477615
0.135419459558674
0.153050173384953
0.192117405332561
0.159395775270066
0.149535369016711
0.138737381030198
0.120676520345055
0.100617503767872
0.0984908866233543
0.129537812893731
0.113213532637041
0.126227804510466
0.164192653234182
0.155989034679664
0.110793101216365
0.115760881062634
0.098336385013491
0.118626143543031
0.0940508489260838
0.0808394540079116
0.0957205180413502
0.102330379796575
0.129362205117539
0.137490546402917
0.147570754366085
0.143312150930136
0.195680857360518
0.20345533912572
0.206944874030883
0.196796600483931
0.198697077865357
0.207335867451138
0.206196746679659
0.194899856436418
0.185599581291152
0.173593929494458
0.161235758459731
0.165540965055458
0.206583096782629
0.153733808301003
0.185216210309599
0.140093534823089
0.166425942625803
0.165202325866552
0.188870665714785
0.168947260749333
0.19965239899003
0.161547456320494
0.17978131927455
0.147926219471511
0.169483925381554
0.127063642818502
0.15392709544169
0.128917603794169
0.157001388604184
0.135686415690009
0.148591885863905
0.146085735723525
0.159410382184879
0.157680274202163
0.13424902980945
0.171780511841101
0.188283974154513
0.157558319197009
0.167369290628716
0.178715384068362
0.163524726516232
0.157643685952609
0.166453286731208
0.166830009380402
0.163634142859599
0.11518212972085
0.10054567212097
0.099779236501008
0.0850590467823917
0.11467015784164
0.160310288791285
0.183390875680048
0.13403651332645
0.136633610784346
0.156577898821235
0.127217665181605
0.17396696513887
0.181742305760989
0.192759689216227
0.148014102007236
0.142330541861548
0.128954581433938
0.164314266597944
0.1918993107271
0.197202014013576
0.196092796425164
0.202542467268922
0.196040196872371
0.193711296694923
0.190969276329677
0.20282219394943
0.204913850193947
0.217365972296158
0.186719271613087
0.191450642371165
0.185270689784878
0.166922152525323
0.147638100157256
0.128419699173178
