0.17
0.139788138308625
0.127908308700854
0.128728248374596
0.135214690074013
0.115990549914859
0.118803867808117
0.139802741735621
0.130459204756729
0.138636991779109
0.125754054862635
0.167527610152833
0.132631896793919
0.0926816905182306
0.0859532154487194
0.0875287031600714
0.0892312663529932
0.0928861178556156
0.0884642023990201
0.097592980850422
0.0987855616693659
0.117410173229393
0.143055872326412
0.14455013435497
0.17152565427535
0.18507341899531
0.200052272017411
0.161849816420481
0.144199057461559
0.128518187337376
0.166664671733811
0.147142626353426
0.149984436489615
0.125306057074336
0.107004820505974
0.0750874235353846
0.0698147985736549
0.0784135655776121
0.079875790912737
0.0847307041106283
0.0794717888518462
0.095616672866303
0.0858463862724753
0.0818307353101811
0.0910271673716697
0.102279067280421
0.107478061397361
0.0786092536634649
0.100564231464397
0.0934767088096379
0.0907333863190996
0.0985416096043029
0.102399368125978
0.101391077914653
0.09328688992449
0.0959663683466294
0.11647125447437
0.116457297212775
0.141374503997012
0.106915958943334
0.0981818335889966
0.0881025357907696
0.0937613104831825
0.0937824017807117
0.115586790120514
0.122326122973087
0.115050077669049
0.126968307458231
0.165534488362498
0.156550025514174
0.119877577045558
0.131236167337957
0.150545462160257
0.19501392152514
0.18486768145035
0.18729153612573
0.187305378350761
0.188282912384254
0.190330473860046
0.158402185019916
0.115964534361028
0.133552648593584
0.126818045471837
0.132725266517966
0.153144066353442
0.115249217164649
0.114539589166272
0.116114148350649
0.113498373866076
0.101971069942581
0.0903579782583696
0.0828852690344056
0.0707274026286106
0.0786682836505612
0.0855248975111086
0.0870804556069743
0.0726606871874841
0.0723244944393207
0.0688606228512054
0.0696090126317061
0.0743127486474694
0.073717381217062
0.084724337126604
0.0937628904073049
0.103182200392369
0.104792613027166
0.122842468644109
0.123507195565874
0.0833645547771906
0.0825553977567368
0.0883589525448594
0.0834616277795695
0.0774336426822556
0.0734391848597646
0.0851892223676666
0.0855133816829476
0.086514152996893
0.0933241297664971
0.0824145141488966
0.0753765780851558
0.0741787469002288
0.0722861111920893
0.0779831875822732
0.101122138696772
0.0887212954647492
0.0916268011188297
0.0855624701921988
0.0950972475950453
0.116335706661889
0.0909293694457654
0.098696130205158
0.0905528490215548
0.0978388267934511
0.09368433925992
0.0955749716386113
0.0966869783046646
0.131491086786705
0.143431628717509
0.136752952978199
0.11649319817168
0.113227229972679
0.114307072999413
0.0960189917824743
0.120797658972066
0.189124233977793
0.145116781623985
0.214520956138724
0.249926911299724
0.216616725882789
0.200635190619782
0.165563555470941
0.16367746201743
0.172002102249114
0.202807650229683
0.214370340414786
0.204969768446164
0.1669544284609
0.216727700092572
0.214350541372313
0.187175601757696
0.229082858002365
0.210202054935132
0.200365522468151
0.182953480917565
0.164178273800212
0.200687048563405
0.192730857333305
0.170495312113928
0.149189610088719
0.109085573641051
0.0947783414152499
0.0975552614322724
0.0960470954054675
0.0967047222876878
0.0988319158000255
0.100861979218962
0.107346389291525
0.100433533617037
0.124944960768122
0.123010272782695
0.109541050964889
0.132987607550628
0.145250812962937
0.13486579395028
0.117626983905137
0.10737182309813
0.0857045552781958
0.11465381445498
0.0946256698566538
0.092265565530751
0.0918093803086233
0.0899638409123509
0.093899939586354
0.0972078709856216
0.109138454386266
0.0943329480705152
0.103891740931753
0.110781628898682
0.12727423748303
0.098454091685692
