0.17
0.170503426797663
0.124362327494477
0.116017869256545
0.102843317916641
0.0966573281900902
0.0832564041805192
0.109069311939256
0.105535657382018
0.100034570058261
0.0997006988002009
0.103837145933514
0.10673259565816
0.107199390870378
0.119620004616604
0.118447849437208
0.123072252945121
0.113329684376514
0.11537818325969
0.114030765188584
0.132347443917009
0.0890694422800985
0.0862417338115739
0.0870113964528949
0.124938027493675
0.127014955304625
0.126148913120024
0.107741801243383
0.122699076071797
0.105531847288314
0.104555441776274
0.109205434140838
0.101021808455505
0.105700653666133
0.0991992009831004
0.0865336802801509
0.0882247345345168
0.0956635856663427
0.105784613390051
0.115081986276729
0.120213604251249
0.122849992395195
0.12498658212517
0.112524433144831
0.113671451418198
0.0942111469847813
0.0845877253660006
0.0858206598968931
0.0922404060732471
0.103091190282815
0.0961615436983171
0.107211337665294
0.103840363759105
0.109737476145012
0.107864441063261
0.107771988535623
0.10214536483347
0.0845611068529069
0.0799149470764995
0.0909241496202532
0.103861143853948
0.0882156875876889
0.0967508883610131
0.0995078335809287
0.0922136413883363
0.094391819818189
0.0972268142755586
0.115049450744348
0.123776929950005
0.0905728067556377
0.0783532000735263
0.0847767764884276
0.0881445031852272
0.110887995878138
0.105611174136345
0.0971001344837042
0.0942054649287339
0.0852648276053589
0.0874570679000055
0.0823053499278705
0.0914907486331681
0.0940333960561082
0.0944259261784209
0.106272167943034
0.0894519190877228
0.0808582575058666
0.0823365163247867
0.0960337449587796
0.0742121589642467
0.0827424903563514
0.0653515326886731
0.0712986881010272
0.0734450733718908
0.0765565333620741
0.0898896908543553
0.0867587517904518
0.0896166065735396
0.0841436778278221
0.0955365911485054
0.0905533479046719
0.100034862350885
0.0752505249837167
0.0952472342754804
0.0848516607979619
0.0919688753197084
0.105846384484426
0.101001371003589
0.106674863982317
0.108551390607879
0.0898588119776196
0.0759784430727134
0.0732538121187038
0.0750633183861558
0.0737103617570916
0.0793765270407588
0.0800988832256454
0.0946955385044495
0.102847554718163
0.0928054462494825
0.0962350981726801
0.095748292769502
0.0876826698626563
0.0900160669722949
0.0848831484230687
0.0805715735799975
0.101226516771091
0.0958583579405918
0.0776659655129111
0.0752472572217601
0.0930749519460016
0.0903077434814141
0.0943848012296605
0.108912364052793
0.102269969652976
0.0928203015977261
0.10915710978696
0.0926368516099283
0.0919415982567312
0.105914949434007
0.104726692774143
0.0816796175039013
0.0869570836755264
0.0841575847592667
0.0818080131745174
0.0856430306091259
0.0863525309454563
0.0752899177398627
0.0714669884658382
0.0757419314362244
0.0674482784376321
0.0659438908759572
0.0689721253666065
0.0658727152114603
0.0632633365700819
0.0615679043674573
0.062343118115159
0.0622917938549597
0.074238690340645
0.0717772746638476
0.0728229202776925
0.0734849630605691
0.089563905465895
0.102952184614404
0.116022193456733
0.134552800447525
0.137821605597525
0.114882395170811
0.114962436805835
0.114817827628818
0.0987122852784876
0.0998565756311926
0.119750164056629
0.100509396818116
0.0950634890409378
0.117144948606938
0.116114577802415
0.121766834668805
0.123374135626348
0.100499526835835
0.101306813005429
0.1101931948726
0.108173517744182
0.124293771958922
0.10805507602281
0.115994297882946
0.107923399697974
0.119245520404731
0.115082457798748
0.114464881318853
0.086486010594133
0.0872272009424035
0.119474751417283
0.115108832733396
0.123366600396252
0.115210749331909
0.119580341332346
0.107570357552338
0.132040576914192
0.118193554403427
0.0966730586227914
