0.17
0.162667260920197
0.139406601986107
0.138544478338912
0.136907005373234
0.136293949094162
0.153857705362598
0.178210545179038
0.138448905602681
0.144052011445871
0.110456879577106
0.116231949306818
0.108520729990112
0.15817231116033
0.131362385999435
0.0962508714679932
0.0921968611374984
0.0967032506986151
0.101312558079986
0.12032908792066
0.114493699224869
0.115242743985411
0.109387257289137
0.148452539704171
0.147758164472495
0.120835686986836
0.115966463395592
0.145871952085504
0.170318099375129
0.160797315708406
0.172314455405091
0.149109272238704
0.134585939268273
0.155177899911831
0.174515878170178
0.170082537270076
0.198209812892045
0.189662354081293
0.190824350455827
0.18961270717129
0.186523725395996
0.170440790857062
0.175308714815782
0.147570496678744
0.140126369848292
0.161742695107876
0.161107833841204
0.149757547519329
0.155141243989554
0.178686996356342
0.181762850076639
0.166297262897535
0.144310866141447
0.194245796597282
0.194843875416518
0.151081372563002
0.173586723803651
0.173865790290633
0.172645228474828
0.166845709216655
0.16205786416957
0.158046590454601
0.168057485393598
0.187739676537157
0.196287213815078
0.221926401927683
0.211371772123922
0.201404055911219
0.174611579096648
0.197359285646809
0.212524459901879
0.226727140972201
0.192491032969727
0.19296739251787
0.178767347691747
0.190891815347769
0.188454004194697
0.176075118971344
0.169381986294762
0.168657807770313
0.179353909164616
0.1911993334722
0.1811821443729
0.173120870781088
0.207775600439
0.217897261177124
0.207684724437085
0.210205375123919
0.208942487087572
0.214818276827987
0.215314572794453
0.175816466235236
0.189461590253542
0.210633110743842
0.211954832854687
0.200033521803294
0.19396263628628
0.227895112547382
0.196855162662244
0.216972065502642
0.186161281318269
0.199624712565722
0.21212605123505
0.228781043903398
0.22857096083477
0.241114431506086
0.217102322135515
0.208046901406046
0.21410288037939
0.218788335431973
0.160390587586881
0.194629616834516
0.21610204178734
0.216642881194942
0.224381853479637
0.210847515571294
0.217211935819955
0.215562594548015
0.224805553195882
0.214015311798937
0.210494697149933
0.211366838047334
0.239472625662262
0.244201536704833
0.245698192505888
0.216682644472775
0.201528976538166
0.201491040582066
0.204210376905316
0.218724541328564
0.241528007337259
0.213538537852361
0.214654816451734
0.19647244398322
0.2193577222055
0.228013432690787
0.206016405389734
0.258278267102199
0.236149396445245
0.20918297716066
0.210374424700343
0.176983627231627
0.178792474011222
0.17223988161923
0.189189244805378
0.176227432024633
0.200510785979959
0.203994471383721
0.214848420824541
0.248624271314679
0.194929149506808
0.19446774510774
0.179277342339635
0.168999237757143
0.186328466434742
0.179261453056406
0.177672872550681
0.176956948672643
0.177242964572456
0.174744657827269
0.176771232590659
0.175442648962457
0.1867441747172
0.191382810057503
0.195236427321207
0.207281459919122
0.202100866227658
0.187838716984317
0.194110428910947
0.195910590464888
0.192306076834341
0.184759414336085
0.190779181548854
0.216369577229801
0.215067299534172
0.215106194477173
0.176500108389814
0.180912794977051
0.18220091570268
0.17265703667094
0.189522224463654
0.189380369508969
0.244615035918612
0.235271833850845
0.207549407198354
0.202083974619021
0.219442946846259
0.223252235402799
0.217744160981189
0.235885432809752
0.208859005646246
0.21580300225935
0.211524736781926
0.221698948999345
0.210664314245992
0.205861890346407
0.198828584565725
0.207387192938619
0.21255964247467
0.225978978832076
