0.17
0.165238822338955
0.165167037044269
0.140491765076587
0.130615177857405
0.140773839774405
0.118736806424289
0.112584831309699
0.110224394365997
0.144295854576604
0.129304717174529
0.140133860265447
0.145499673095907
0.146990116091003
0.13155934633076
0.122475110470998
0.0963106644202115
0.0884197868479551
0.090064111633982
0.0952826760634114
0.0886032094332687
0.0901194050840907
0.0911799947616955
0.0909704879136016
0.121261971080742
0.128186249209615
0.0906548297613422
0.0914727450681752
0.09522300509331
0.130379768162149
0.109742217727245
0.152379421628436
0.136601265664646
0.136084116147093
0.145717526110211
0.116006192743573
0.111176502384262
0.109321622156797
0.134227632523342
0.122795844086974
0.109589772964403
0.0884573051803694
0.101032570046661
0.102065034997561
0.0990216194852562
0.116456505755811
0.129542481514921
0.160169247034755
0.19708506859543
0.185545651955903
0.168742539225291
0.224855207143493
0.261690997448171
0.219187926304558
0.210940310069924
0.256553316903749
0.238572352760929
0.255015837548279
0.279041156604283
0.314032852437459
0.276465851207831
0.296591569000533
0.279401639898874
0.228170339926014
0.178475302645597
0.221750943342618
0.219781334248131
0.2120293228211
0.135656472748724
0.195436328443487
0.208637020256585
0.178822237499706
0.165425960019784
0.184803535859477
0.160332220290102
0.125341632673998
0.144390880087025
0.150083460194853
0.169491538309635
0.150102882260045
0.169883550002132
0.131969616880597
0.154781302991205
0.147126133650894
0.142081349145616
0.147969363349291
0.120614704011947
0.121767703136682
0.107623324608405
0.108822899588071
0.104775195986318
0.0957755887034069
0.101031361450428
0.113636277860373
0.101104976306549
0.0986223314889124
0.0959654373281227
0.138137513485219
0.138780723895769
0.142036394144493
0.13178221499124
0.174088765466759
0.18150845525642
0.148578623909166
0.177582491753967
0.177137097075854
0.157829481382593
0.171918683632125
0.177486284211871
0.148228231045076
0.126831258240981
0.133880179765822
0.170969248519146
0.129590788617085
0.109977295518307
0.0958172395605369
0.0911835659868812
0.0888945274384049
0.080538621048167
0.0843766820227792
0.101536930261822
0.0880829475734357
0.0919199820695289
0.100892775443616
0.0880275418016128
0.078251460338894
0.0868772614670184
0.119828483179531
0.1343275248539
0.151295864785725
0.133153549019582
0.140607786273936
0.12764190326843
0.159477973856136
0.187291777176763
0.203810061329551
0.215286038212491
0.255847912056836
0.273996614855522
0.279288769410761
0.29613154038002
0.280025184134982
0.31290754780376
0.356119264397065
0.293843904836468
0.24961177024328
0.182327110684063
0.223118007923549
0.215258041462744
0.195668349372618
0.1886601529468
0.176392631907325
0.194146013963585
0.201867195682123
0.15777573400107
0.169167362347147
0.190904094504758
0.225119500479959
0.212760127892609
0.23750238320445
0.292301314442929
0.291189306248584
0.309091880409133
0.316607876038371
0.226277660831172
0.2263690860154
0.167023702530905
0.19534782867765
0.152600448509173
0.105821952950504
0.130334663779081
0.117312449506879
0.104031279019175
0.0929381870857252
0.0876500096069808
0.105046940421887
0.117800938300424
0.16902300827105
0.108295394914623
0.11204079706419
0.115397282574576
0.0993129971763031
0.0845881729120646
0.0871605848470856
0.0993063794100727
0.108412725005121
0.10209643833846
0.0962235016048558
0.132641615524134
0.158521015700345
0.192933278781357
0.171876316147719
0.152151524694586
0.183416998153743
0.240224535995617
0.18149588954094
0.189837677899137
0.263891355436827
0.203727892647444
0.156292761624028
