0.17
0.143843747943123
0.141027009863092
0.121379062137254
0.124811538719712
0.131409687309262
0.133088477892606
0.105839333353611
0.106968622787047
0.115993610947919
0.109318532769759
0.110324368523973
0.113538437321324
0.103612960774621
0.0887797537810336
0.0866974927706047
0.0843992360408795
0.0811380966248776
0.0876787538291685
0.0836814963802324
0.0870337738601566
0.0806491734921102
0.0710595909466668
0.0684367114501923
0.0751242553219203
0.0816025046743509
0.0899423079050487
0.110127995127994
0.092270443258777
0.0905804355493299
0.117504675135351
0.113100396742698
0.139323838540989
0.113352296868456
0.109001538602864
0.119710801080992
0.1101826067736
0.102014469100299
0.12529057638123
0.125154774693468
0.106383885447517
0.111609461624207
0.124055320979967
0.165222483440873
0.154373003050466
0.150212238336124
0.170908526804788
0.198933481143357
0.227010476611165
0.188745586877467
0.209692523465825
0.207650633067102
0.15309219521852
0.169593253040052
0.222124930332075
0.220791570443917
0.20671584792713
0.217964408093118
0.152528752050588
0.163008560216908
0.129450673232896
0.138402845727206
0.11698271193829
0.10572833749729
0.108064622230842
0.165592275954936
0.152308436045703
0.163513286522337
0.193280108347746
0.161140715031688
0.169741349619649
0.155029588555872
0.180660848209585
0.162617076566192
0.163207322240345
0.167881303053396
0.166188170454384
0.177113400669903
0.173857662297148
0.136241712535661
0.14164262901935
0.139326682167828
0.143991795782865
0.172572752688393
0.162537298966583
0.146174560332896
0.143554588925437
0.123303241043089
0.106426213381347
0.113665214958941
0.111436567350594
0.109428271498609
0.165460376890215
0.161070312432232
0.173320348028284
0.237449484523653
0.170672355113967
0.189651296909952
0.19226730160435
0.174581043343425
0.149508315571142
0.196635386477877
0.177014458612441
0.183290488874197
0.168834384561996
0.174404015965407
0.194341357891398
0.171795574952845
0.160843659086121
0.166564090693814
0.177402353056042
0.178904344365192
0.172212085383062
0.165841179445259
0.18507611252169
0.198626440988807
0.229295297780037
0.253825451681485
0.247698337345719
0.224928900125451
0.225816676687295
0.189387510067397
0.197172585896675
0.185866546675071
0.215463780301127
0.226723142006484
0.257401292729226
0.232113311006937
0.241033316786187
0.244424874381263
0.174451329168852
0.225331348508204
0.218708377908997
0.213952716056645
0.207636759168763
0.200309521983463
0.183976805938944
0.199332821531203
0.192617344681687
0.237919276785656
0.244732094604946
0.211299728998524
0.206977441497765
0.220018471791279
0.201409599234271
0.196346033097948
0.175495168357133
0.209822469117433
0.222177681702286
0.218408786962011
0.21592043455847
0.215584750604271
0.211942891122401
0.220995650001138
0.222734354129021
0.217018874472603
0.200280577962049
0.189270776847211
0.189195033639493
0.171187355264808
0.17636561008529
0.190146813595568
0.193172361869875
0.190221055166502
0.189993210991568
0.224348014077215
0.217615099766466
0.215656004808861
0.221422645148485
0.185818201741972
0.195663309819759
0.200315839385338
0.213724926862409
0.214041233955347
0.283323462622032
0.251786294790949
0.241500547341063
0.191883045649891
0.186457951994997
0.190213161454964
0.158446018168931
0.141711847871662
0.15694163381257
0.149951658051748
0.192191230729518
0.242502237332865
0.207509595487792
0.215578042649014
0.229909409603019
0.222255876812318
0.228372854981257
0.23693695348093
0.25151950184092
0.250360626024808
0.175025878611821
0.188565988300037
0.171387533662248
0.192358947190888
0.203460965958809
0.195037094570829
