0.17
0.170583468030506
0.164531704823013
0.183001863309758
0.177679612759753
0.140736015470012
0.141130542798031
0.149416417350484
0.133777458267902
0.122595387201364
0.125416098706701
0.135760713952801
0.179009207995267
0.189195913928563
0.148375056524853
0.134440624647728
0.190956049397673
0.155564477012387
0.182482447053396
0.167741562295825
0.14897410529694
0.136571323949721
0.131430687620993
0.157356233560961
0.185924906088195
0.174531597202194
0.176293651051996
0.19091072411565
0.180902464417908
0.179510196289144
0.186683731961822
0.155964038352982
0.161731803987337
0.172382964566925
0.149338810676063
0.149212257566097
0.157336434667851
0.160150241772495
0.175371115500158
0.175738124279589
0.162555474545157
0.174048750676328
0.154011989373014
0.173208127866091
0.16111934782188
0.174777812818969
0.172916113619465
0.20163727244719
0.194612452009979
0.226237119039021
0.232572703359186
0.225600455253488
0.215630121730614
0.230161914943615
0.234834109918263
0.250015671259211
0.246400373056181
0.235363459512757
0.241803868384791
0.199754478647964
0.242069033829532
0.240447864859277
0.216617349051985
0.227808196024142
0.212600784261048
0.233344076083233
0.241321765134422
0.244881512380473
0.235354696477323
0.226372830355141
0.209118133941999
0.201507107108999
0.189259591063229
0.224434674604604
0.20860642568988
0.211795080789312
0.205851423538691
0.20623875464468
0.203585468639527
0.200775880192547
0.185645810950632
0.164158684086025
0.167147130576618
0.143009368425758
0.135848867629705
0.171814773744491
0.159450033079907
0.166425894894953
0.152720568902155
0.143117896905346
0.151451763297781
0.147503207751583
0.181717917468124
0.160755800025216
0.165916214128839
0.136640136294515
0.161908338972883
0.170725243537068
0.168900485007746
0.192079511954164
0.162948194762132
0.188402540355577
0.14745638682027
0.152358297180882
0.145496263157232
0.146888203030051
0.143186532080223
0.17302907010864
0.173872485446046
0.154645066663377
0.16230063330675
0.161152383751685
0.186245549175134
0.192062512457284
0.195448584483097
0.193700189886415
0.191777176811466
0.166941335770905
0.192335338604231
0.184479971195151
0.188153035801267
0.187766454740887
0.180614671980729
0.182080423857159
0.184339513989093
0.183515159945091
0.178896620216677
0.200448970197865
0.197856853371649
0.204681835474935
0.221828617104284
0.222186599907284
0.191651063335927
0.234475954774753
0.202540235204543
0.263230181400918
0.266392299154906
0.262072940550221
0.238785957369355
0.269650968538922
0.269358794711224
0.261866837767806
0.257676697353626
0.258035361966655
0.237728096618596
0.221334587432103
0.221240992229337
0.227191637419359
0.228076033428241
0.211641077798457
0.186031064125084
0.246747597538822
0.245791637559855
0.219855305850263
0.247357199078573
0.239834327067491
0.220129915916396
0.196966043206555
0.238315758797926
0.225512329176897
0.278667054868313
0.290872315791324
0.283990475380313
0.238665635807959
0.199187615432962
0.188258619966068
0.240113729697008
0.169547704135353
0.179352271623412
0.176957033672217
0.206477248546511
0.222632260459367
0.223806783340984
0.186889970791399
0.191914253502632
0.194201960902149
0.245308847151585
0.224884654041805
0.212051423954168
0.251739256161016
0.250697474433157
0.249333154289748
0.193704337487222
0.20364292372068
0.265972714638361
0.250978299776482
0.245889457806506
0.263595923867449
0.259230079484126
0.199298183834315
0.19900840469612
0.228522660684819
0.246624476985405
0.241621286760463
0.198077996279429
0.197486254085059
0.208226215869891
0.219854001131375
0.209083704183778
0.244386760851102
