0.17
0.148230634375197
0.139774745445743
0.144592769485759
0.146080386636422
0.133949393527746
0.160569013743318
0.130994296365773
0.0951289459401046
0.139341885545747
0.140151893871098
0.103423905454114
0.0988793697549043
0.0966770763625147
0.135849357403906
0.161637719107978
0.172211966329667
0.203894841305936
0.177051251707269
0.183109401394961
0.185289793045725
0.213794632324777
0.171252250207901
0.158935372335229
0.150743964658054
0.162030936189445
0.173599597883737
0.14404389377977
0.156294933230753
0.218770950832487
0.218549538077033
0.201270176063399
0.21882590236615
0.224960468409809
0.186370511729275
0.164624405808438
0.12235347413449
0.134001420537394
0.147940089037987
0.137754534920895
0.137292806301241
0.138012332031429
0.096364883735109
0.0923380978304017
0.108549506885548
0.0986715466827865
0.119222747384167
0.123160799474171
0.108755011140722
0.145341995449644
0.109746609361708
0.0885687953649883
0.0853754189363773
0.0883116556841385
0.0779699147793774
0.075413663620691
0.0813724683045163
0.11420410639129
0.105282896520625
0.0908776654765894
0.0817170802434143
0.089874398271704
0.0970378402840473
0.0884595397308833
0.0797785543966669
0.0779644510475061
0.0980672962008332
0.107141718050179
0.101293996495736
0.0937721535385877
0.0985477707902239
0.132018091942616
0.0918852238325814
0.103782055411641
0.123609449609997
0.129380952708388
0.120852128804244
0.106278857470552
0.11920946524479
0.125548905396197
0.111036346690778
0.153524327844544
0.134345398922615
0.115267424135181
0.124462417196052
0.132355531017604
0.122730263283523
0.122094437009306
0.130501205136183
0.119432077131385
0.137090161758075
0.115303098923104
0.1139504257485
0.0927582632597433
0.080665579609065
0.0798692197357008
0.0931035996283308
0.0775884339696144
0.0708062288824968
0.0673861588194684
0.0723134720632204
0.0728776682314581
0.0708439084916026
0.0658305740064933
0.0675622619807309
0.0630708353579068
0.0630628725530668
0.0632939003505281
0.0769130790950755
0.0763482700016646
0.0774873527038798
0.0929109832628112
0.087218060023605
0.10745305898838
0.0788333214301601
0.0793806089400782
0.0815048645012159
0.0712528995416689
0.0715409875666529
0.0656446864725834
0.0652663131012567
0.0745607861076715
0.0678767665204559
0.0688353166592113
0.0690603817742077
0.0693377612592153
0.0675819006163467
0.0636461013676821
0.0745673369574613
0.084484020152627
0.0805364304134152
0.0809414108112827
0.105453241445868
0.106066205096156
0.109132592115851
0.127334896550717
0.11586758307769
0.113574498463221
0.0987671554586985
0.121916688099569
0.100026439602635
0.126024936905281
0.0973436301467655
0.0988610670977294
0.0950807927825041
0.120004287664206
0.1131134733696
0.142974746506826
0.131956449116078
0.128669459000241
0.132686741248284
0.10098042665131
0.0912784083601077
0.0974966297264862
0.113067922301297
0.100842792426844
0.106223323101376
0.0930375776323676
0.0728720084285137
0.0965588572039514
0.0881015025872287
0.109615035543045
0.100431569873649
0.0888157262991684
0.0890960251776611
0.086649484927296
0.0735512741815319
0.094288472940479
0.105506695181476
0.126069370875995
0.118375502822812
0.129348654032495
0.142123917984585
0.118328552430727
0.118188537767401
0.105488676114195
0.0924711705515243
0.0817765236864322
0.0796002898045342
0.0674309111177981
0.0675754765648689
0.0674779993735487
0.0709185074650952
0.075507151779796
0.0792585355443535
0.0941580676926288
0.110914805646091
0.102352507090726
0.0935122281943899
0.0904300126925582
0.0940002688595012
0.125837735028242
0.124805316584644
0.123690621748542
0.112288631581529
0.138848074349722
0.115141617217881
0.0910683954073402
0.098961688702213
0.133594983690199
