0.17
0.170152416646746
0.146123486968082
0.155840925412175
0.162075244165345
0.158644392145299
0.188328249270371
0.192316339516855
0.170986497710564
0.1814339954136
0.165035250183739
0.148139084046576
0.178118805224636
0.185916359926871
0.168596498048745
0.139906041892648
0.156190554787117
0.157962811841908
0.156815503194447
0.158575680759792
0.152651745161821
0.218490301088559
0.227377126650185
0.191153279071524
0.177543899201817
0.148528236626159
0.213612737194081
0.203643472593966
0.186728167517639
0.215708719470098
0.204108598442297
0.186847498800055
0.178433416895044
0.195848061047564
0.189272062925528
0.184475041350166
0.166984387599183
0.173119304079934
0.221099347567742
0.180341478243629
0.179452280830571
0.169268938500863
0.195379936503583
0.188905637033526
0.222295890628748
0.224717934373487
0.175582077436636
0.20272251578899
0.197455708035461
0.212007557714282
0.23089666388339
0.224319844376846
0.249475062860223
0.269219616734585
0.248036486900387
0.208151121263511
0.259820072949884
0.245985230673642
0.233395979446888
0.223903165175361
0.255431333750682
0.26951251128879
0.260422685953279
0.198635843890463
0.179385530995197
0.153756108510843
0.149853215646333
0.204055179072124
0.191345633080983
0.246482215845052
0.226278175973082
0.27515495667916
0.260443165896082
0.226637481329936
0.268696645370231
0.214784287467471
0.300551945267408
0.284386987682655
0.2376359849698
0.22692590705906
0.212107931216526
0.219352366932329
0.238296073234401
0.222326333617358
0.2031038554861
0.203352186447867
0.229267400706804
0.200522355618326
0.220058292853547
0.223058737092137
0.223205288833032
0.263802727345931
0.232689134603528
0.225445830237316
0.219952663153553
0.192114394658689
0.200389646569533
0.235611502958456
0.240800755274737
0.189578565809238
0.178177287511676
0.190564378349372
0.168200287146941
0.189518496291387
0.208289731988727
0.174130340831136
0.236383568906421
0.265873623969495
0.252451501293281
0.254883335569793
0.280773703757036
0.256607658979387
0.227836340396885
0.244586847311979
0.203677159113372
0.193140685899745
0.198591317096618
0.214019565972444
0.19057910396561
0.192214373895547
0.19115401158639
0.190672248986505
0.200282425319452
0.198460383832815
0.175920403933371
0.165879783905646
0.192538048867279
0.168320313049776
0.211966587529101
0.22352315349638
0.220181225791653
0.21806104887974
0.22352558910208
0.187135734459468
0.214418842656111
0.19791903342436
0.194628496847012
0.238197187308778
0.180089873902335
0.180478962908656
0.19646309340451
0.209794359057262
0.212078313386866
0.205047525241653
0.198135990322182
0.207100617076374
0.200432150609557
0.215348364613325
0.195089392185338
0.214057504332345
0.218746285268955
0.223096103407721
0.197452876085896
0.199528907664622
0.25775875702596
0.257674301261289
0.218756010001219
0.22983020356429
0.237371089013058
0.208014164173208
0.165006718021789
0.167309071340746
0.150754887571008
0.163296263710291
0.14954426452561
0.184741054960228
0.13746998573016
0.186849666549799
0.1590118166808
0.14768581283638
0.155079082865324
0.178433579530682
0.168718045003687
0.224371381568102
0.226087741610739
0.196285204383606
0.207261557555415
0.201259135693092
0.221486002927299
0.219948063436842
0.200580362638879
0.184950129447678
0.169625331553675
0.201723229791165
0.193235500947837
0.211445632660998
0.220455109335262
0.218786579521313
0.197040054427497
0.209437977257306
0.225573818907571
0.2329190734785
0.19869398891194
0.216377500636576
0.16187929545759
0.144361804473134
0.171116627427027
0.171276881599175
0.211905512300266
0.158860474395118
