0.17
0.16232289680428
0.161612225167648
0.137621943238784
0.115351817823201
0.142487257372817
0.134600783545921
0.125113275288781
0.139902373147611
0.119532187905322
0.127618353114047
0.124269732424515
0.126194483802529
0.101799687079727
0.107678106115336
0.117440474438919
0.112586681612892
0.109765489796374
0.0967796640600915
0.0855608117102281
0.0862169181908443
0.0903436085115201
0.0909846254151047
0.0874286340907259
0.0989134466377875
0.119116776073362
0.114880772260601
0.134060093768904
0.148057127700902
0.173127200834055
0.138345706267113
0.14067734762028
0.140799810524421
0.109125426299732
0.112790916994031
0.135025593609669
0.112456742138275
0.127477173085403
0.0992794853908966
0.0985324917959889
0.107298439489053
0.118531123750952
0.12363906371112
0.118520140111921
0.119464427305174
0.111086762085946
0.11043761658275
0.118715778689025
0.13005179190233
0.111701088319243
0.130668132758132
0.124987334923529
0.115792915267022
0.123220359826775
0.118622616953407
0.118893553188255
0.117667233720367
0.134816400828412
0.129114888750746
0.108890373595004
0.128571522714595
0.151480050166754
0.156095972993939
0.148924414000504
0.115870121471922
0.152609077654943
0.140258519063872
0.148233539902646
0.102684769315736
0.139330092717128
0.127212291397031
0.0973553508069604
0.118242638506251
0.134070995815146
0.131676736603814
0.135915350299528
0.130604193496249
0.134220808351988
0.128375481662635
0.133364259857814
0.128951143589327
0.12959949034422
0.11535828728448
0.112755143635993
0.120902384026202
0.0994057003657355
0.10396275058154
0.103192651992976
0.113129407175399
0.130903451173448
0.147318889948912
0.15372835304733
0.146079734460717
0.142417488700104
0.110130681939148
0.147504450477137
0.151372700998132
0.158077738739204
0.15674859725221
0.151490881676673
0.165616386687714
0.128660112268197
0.126984316022445
0.121227265316999
0.126283705521777
0.143754487995844
0.162286134267603
0.181752226870656
0.176935092559689
0.163425330281433
0.152792839307632
0.154712697295627
0.168783365818736
0.172467117592801
0.180849748066693
0.13157661757357
0.135988162885437
0.150818927038312
0.177071598861631
0.140709188408331
0.128234007843991
0.141586904944908
0.145252796711341
0.143778339215037
0.151625966072763
0.159515122543482
0.175994877422277
0.143539711808192
0.114577984062455
0.104913246992306
0.107405156450555
0.128531539259576
0.137411296589198
0.18116263943846
0.145532314701617
0.14332053185729
0.103477392397598
0.107439456449881
0.128366708158387
0.134053895396156
0.140978962522657
0.167637829666269
0.131856761144102
0.134013275948828
0.153294826144646
0.159556202643141
0.145670796223455
0.13799335250419
0.154159378690713
0.151561775816242
0.156184407200819
0.155199750522966
0.124935228161464
0.1257932801341
0.120798827862283
0.122621771394566
0.120132478146343
0.106690634792701
0.106468139555106
0.103579718609632
0.117997883122722
0.144660478928478
0.120245612863953
0.14125397958091
0.154107112000687
0.135420932829036
0.163650611236311
0.129824213072511
0.160021833268212
0.176488766984799
0.173237824011094
0.177159871037736
0.150793044058591
0.145639773365288
0.162667776464013
0.146861771658892
0.169334096532461
0.150701790688192
0.153828885604034
0.149320045531486
0.147196148381246
0.148058677581303
0.130468912249872
0.121987902983294
0.135633190316313
0.123990436208817
0.145108690688491
0.130755489788207
0.151360125974595
0.135810011517434
0.157025316707625
0.167336745131095
0.145006591666196
0.137204770131309
0.148445221431435
0.155485378013307
0.1552012313559
0.184692679173903
0.19015042453795
0.174375190407633
