0.17
0.160883344307877
0.161520437500478
0.130583395755828
0.130420068698743
0.108086622805671
0.113870809127272
0.151296278698739
0.140695822553079
0.116249319862463
0.120948597380432
0.0967847092531771
0.0942854715816939
0.0951313527030848
0.104400093251701
0.110902455323361
0.103917027527003
0.0991632920775205
0.123016954588412
0.118747281566605
0.119261775810382
0.112113202448143
0.0944164703904948
0.087233995352201
0.115036416629849
0.13226059534141
0.133244635165186
0.148058666321394
0.105511459611696
0.105784600341758
0.121521197244839
0.083552824969248
0.0870526763216629
0.097055922120499
0.105444826903653
0.109140080563152
0.0870659251304851
0.078401702479572
0.0716826916947424
0.0691343793025939
0.0903622605048914
0.087988465975068
0.118367454212324
0.106213749531369
0.100079813107214
0.0973817161880269
0.0768605868516471
0.0791536196142366
0.0798741066184756
0.0688129676967201
0.077454358192473
0.0726189712209572
0.083248315668148
0.0873269533094082
0.0751193455169833
0.0732408941583548
0.0807163781787041
0.0894624658024782
0.09716191030027
0.0856807190341713
0.0937573482391418
0.0836624776987692
0.0705721757166462
0.070695883581324
0.0689333630352472
0.0823946223786119
0.0764536931023961
0.0845348432101868
0.0832103923148955
0.0874501568827128
0.0786579529638976
0.0924106704995114
0.0897423857459348
0.0806637062218448
0.0817700941540545
0.0815477427797992
0.0895924430561747
0.086777779472937
0.0892120005845678
0.0972930078455401
0.0950480125882779
0.0771613006043677
0.0886473714897151
0.0949438538655355
0.0961274514312339
0.118101134708059
0.114902797804356
0.105633402811381
0.110700788690678
0.105907482591001
0.108887437458857
0.0926286069252085
0.0825113081997095
0.0972935133518874
0.0970239125886143
0.10773053996996
0.111565434463595
0.113975309652022
0.101307925138739
0.10109527193127
0.0926790442124775
0.0899083945885863
0.0918963973288867
0.135999099076011
0.141019056395781
0.105054313275265
0.0869951816457665
0.0986636335741963
0.0941789207982893
0.10653973685412
0.105190090493404
0.0855437878801389
0.0972779820493689
0.0928752104983641
0.0979704940621626
0.108870006770758
0.121761659774442
0.101168300883387
0.0999989216397192
0.088050233464978
0.0888423579075133
0.112559461818927
0.118206378160354
0.11184939888882
0.108270583692789
0.100440277847484
0.101972115567662
0.0781124945563459
0.0799301104430469
0.0854394499808325
0.0935174812514126
0.0944219622961318
0.0912476128668922
0.0925539754438398
0.108355571670675
0.107732584253283
0.0850078394910867
0.0997710517640142
0.100594819425745
0.0949087508218525
0.0907892608846604
0.10094909639346
0.109056480332718
0.0898463361656851
0.080245590688156
0.0829443007398128
0.0924472146972965
0.0980111472649065
0.0947524428536501
0.0960071040193543
0.106115976354039
0.0932664359333694
0.0748680162760039
0.0794632777375942
0.0842400556681213
0.0760656042310604
0.0829176794521772
0.0795842772411144
0.0846705411897933
0.0847007735238669
0.0678078218777107
0.0678656062948945
0.0741546678108183
0.090832297229301
0.110612239787644
0.104680242403315
0.0960467746806494
0.0943518178732131
0.0940133423290046
0.0870082669907916
0.119696783007785
0.09411979424516
0.109079391685573
0.137989966827388
0.141831115367568
0.132749754600182
0.113447889616706
0.101269497647323
0.133098425350485
0.11890896252426
0.115493314286512
0.104821600324784
0.0875380455420417
0.08757378622507
0.106200546714069
0.102402277719413
0.110453598568704
0.0922747718424313
0.112954934548409
0.0771420572699702
0.100790809036862
0.0923561028791616
0.0934361725504549
0.10674343433604
0.100611541772945
0.113379341787492
0.11978138180728
0.104080955749829
0.10320102401974
0.111353782562411
