0.17
0.17310785779009
0.139020753099277
0.142651867602418
0.131398631110493
0.139452423638609
0.148832339225047
0.139151639538743
0.14293748541513
0.146182560912587
0.100383784603
0.0965086242718034
0.110057266837488
0.105570498834112
0.130071482482715
0.12260836153731
0.115795525609464
0.125018868600941
0.111745942781976
0.113662702069238
0.106707970494741
0.092233073519407
0.0961268242719403
0.0972061467848672
0.0963336308143512
0.106405096918759
0.0992073239413534
0.106572013584247
0.122106119936669
0.124229587208541
0.133560529344754
0.135045428190086
0.14859329760856
0.132969348755818
0.134355128507333
0.146871623491163
0.12253886968116
0.141955222416338
0.143624945807137
0.146714045012165
0.151225947338981
0.147395313057987
0.133244669574079
0.109001995452418
0.167187027996771
0.158927724483763
0.135423978486768
0.133864170329739
0.123711529582219
0.129390383085069
0.131354104517067
0.115583821505456
0.112662311602822
0.120545022590395
0.122453575626831
0.127061067121491
0.128279295948698
0.135774047269535
0.131005802197419
0.132364612513666
0.14113626938268
0.115970662858366
0.126066768115138
0.159182514004959
0.14217899888479
0.132779506499912
0.136422084971998
0.146495423687822
0.145554944607564
0.156917693891692
0.142276481748765
0.141297035180096
0.186049063975021
0.189760127089759
0.178162707321689
0.153928701506724
0.136336417115163
0.128236692511125
0.12623924394346
0.168295703974474
0.222513721731726
0.141502640358217
0.176122438637715
0.188986568036196
0.151798161502724
0.13101172909426
0.156710289667787
0.145161639979551
0.138740741766862
0.142777101207969
0.132853234802197
0.166464557952668
0.1232457631572
0.162887938695282
0.147057234956485
0.150778252404314
0.164242754118046
0.13331343893452
0.124014296714203
0.156394704607779
0.136393800013508
0.141317506634751
0.133966133048431
0.149376749309594
0.163287555752931
0.192262369433645
0.129305164301292
0.149215289847888
0.134406864392426
0.142722040371565
0.148684784476715
0.160798316999489
0.127794333065798
0.159015568067966
0.1977502485891
0.191564561394858
0.150797944038281
0.180105107023864
0.201604680856984
0.20082037298931
0.207038836916504
0.158799881563287
0.147263607031864
0.152836342088976
0.221758593927217
0.19872763084845
0.191788738965599
0.180409104397451
0.144647428501693
0.132049008962022
0.155924891358483
0.157335946164254
0.158594459634961
0.164781917721413
0.163529485118925
0.151155413288792
0.141430389132833
0.13869034067189
0.128781482293602
0.134083734613763
0.151817999781653
0.187463431063078
0.17249041903142
0.157801522461798
0.136670611792046
0.15735236350192
0.168095320439335
0.184400887297399
0.167919848341954
0.177900051220492
0.170303710989229
0.2045100951845
0.192698229066471
0.176651121525336
0.172141413103915
0.183097687192609
0.195051520338313
0.192292231315327
0.190429481530504
0.188296200104171
0.177008987183742
0.166238178110196
0.164459814292327
0.195897719474113
0.217404829768064
0.19476452984991
0.200009790364203
0.189270670861831
0.182888639934053
0.206714471993735
0.200177769842891
0.218006697587311
0.209499923312911
0.191036893130708
0.187046319329899
0.238590433455972
0.225623283391763
0.189115276037406
0.213931173858832
0.199626988888907
0.190617080731279
0.182295339733812
0.211684786001189
0.176226425619892
0.21383213217385
0.265660677187741
0.251420032064313
0.264181447100542
0.207989921443115
0.203372474134689
0.203598944820192
0.207237488444547
0.216872934592993
0.235546819049785
0.224021562036894
0.229824814368845
0.235975177689001
0.228961508506399
0.152838575699637
0.195604914367982
