0.17
0.1536098832894
0.141596464908521
0.145927014538597
0.13352927205234
0.143704360178013
0.120246199697358
0.122020646214199
0.118990897460335
0.120904589200286
0.103379248703849
0.11913344581222
0.140099289007869
0.147792516063224
0.150740526013312
0.147068910122643
0.151596559584239
0.117614631611726
0.131153295491814
0.143345924121868
0.141277814074889
0.118594778802914
0.115258813992887
0.11902636324665
0.110973856281465
0.111388539001485
0.151662214487044
0.120736165382495
0.131963225598052
0.118292458586115
0.113478552681756
0.135040495678705
0.13133210717366
0.112819796553872
0.114630013210025
0.130877746290995
0.131173784860854
0.141771925203121
0.130061945830782
0.138584866510571
0.118286397926398
0.126285138457925
0.13106001691515
0.138622763152723
0.153116534168309
0.166356257355568
0.139206516267001
0.13828833885779
0.13852682844859
0.144770189405214
0.138705097653541
0.142412125801461
0.14037202071788
0.122985989453206
0.120877540760775
0.124908285425243
0.117632387256369
0.117677571850687
0.0997533303980491
0.11833251613284
0.128703659326868
0.141107176289142
0.145919650775669
0.13951349086212
0.154128235792969
0.170367540345133
0.130752177955926
0.130021353307354
0.134454910518001
0.128594810087901
0.141132550748244
0.182021553104961
0.176926741490055
0.156085204681793
0.151468874104861
0.136038195664031
0.129497239878316
0.129703112218688
0.133230643569536
0.13715503343801
0.160670422569195
0.172295794303771
0.152367787978751
0.144973566217801
0.150741320070679
0.139040543767361
0.137881948106545
0.140598895289918
0.121768642246248
0.131564998293912
0.129013615260324
0.114555105503847
0.141404550292553
0.127183847842953
0.140003780953963
0.142666591063903
0.145303656573871
0.143232759881289
0.135471320535292
0.14020094717865
0.135138558824976
0.137216980951517
0.134656335476529
0.13486768415161
0.154756389048331
0.134981136623274
0.128840712859741
0.127453620390672
0.122811506018481
0.116841945562297
0.138537119921731
0.157189496712929
0.152844502218506
0.124950834826092
0.120284312932236
0.145890051315606
0.142703667240132
0.141071085187381
0.115565234699307
0.120331456563279
0.152888766425748
0.15344182661317
0.161512987440328
0.128298885960486
0.12176108976749
0.144820730483249
0.129709351109489
0.144404379043603
0.130620049138675
0.122946419377262
0.136717781461755
0.151299964603153
0.156288300397576
0.122899621770626
0.145375500369364
0.134736247484994
0.119336321638484
0.136463365644277
0.116478737691967
0.127968358809852
0.130301514035869
0.139605941029256
0.151075557296709
0.137606981814193
0.133827478067221
0.122894969772966
0.123912048744696
0.120525910620797
0.14184390517604
0.136563647775192
0.114637301529728
0.135039061900256
0.124841404753701
0.139368030246385
0.146178259210121
0.142921986830339
0.132222414691126
0.144383100165476
0.126892239021078
0.13063094922036
0.146351229742747
0.139861796849154
0.135360743574872
0.165894315503345
0.166073215929626
0.135610894317712
0.133250732247291
0.130681446462589
0.128941273120115
0.134152062681432
0.134521260258686
0.134213132005601
0.147366083377125
0.144123137350862
0.132715985362412
0.141286000009771
0.168571009516091
0.131714222056513
0.125879828907643
0.153242195054743
0.169965700806288
0.12612294846812
0.153787183660439
0.155821697822183
0.138256069917255
0.152300004361363
0.157941444668562
0.135083567547304
0.123636622093857
0.116516303047064
0.138808598927027
0.129553053752715
0.123734784150109
0.111094470612265
0.129242299517171
0.115828285405043
0.117025051552195
0.156726635121267
0.157953879125192
0.147333777076142
