0.17
0.161391585520729
0.161272003086172
0.140934814519805
0.12218805928711
0.126259253820283
0.116393462051282
0.133984704323691
0.138390989284829
0.15176938756474
0.148892781905252
0.134820798235904
0.123783834728857
0.126233365603248
0.107146526121942
0.0993727782954651
0.100210131798735
0.0986961227311771
0.120405097033879
0.1156823469037
0.11364827720924
0.104857313494359
0.112268810822327
0.124068558294491
0.0888390195230736
0.0939496697287192
0.0903815865543978
0.0844643596505257
0.0884368933188569
0.0931277123696877
0.0820588238081698
0.0804631963046333
0.0939106438956726
0.135938869864553
0.145102975930208
0.131527572297665
0.113860229648001
0.110513630309591
0.0927904286551006
0.0922859486081426
0.0904833634158028
0.105289767224279
0.0876708387923268
0.0813283214344087
0.0903376861225892
0.0874746828805511
0.0912337805852673
0.0822111558813263
0.0843094983575639
0.0905375830828611
0.100143236513662
0.100911708572739
0.102479224082386
0.110493103468972
0.123711968619494
0.11606380233146
0.116782397633
0.0937022469684861
0.0854582340261011
0.0727123536771761
0.0833596500533031
0.0795550370902827
0.0727654491993339
0.0847770610160443
0.0808497319836412
0.0785720832921272
0.0691879780270438
0.0771464673506158
0.0743054329491567
0.0761064116992109
0.0935263808402807
0.100835545605305
0.0863175980683591
0.106716061299628
0.0962345739420168
0.100782374239907
0.108896364176125
0.108897413599493
0.103017755663392
0.102901016667009
0.109441580322902
0.112428983568929
0.110506700446007
0.105989300301063
0.119086148895654
0.118719129873311
0.117382716476546
0.100295738115228
0.101223709992736
0.0743472244253862
0.0818803893860107
0.0828822193829515
0.0789020908156142
0.0918216432497628
0.080032087715548
0.0653117972842891
0.061652484821562
0.0626672790644236
0.0636483058154614
0.0667076324216978
0.0671541073234546
0.0717463449432483
0.0722368707394384
0.0773371325353403
0.0666421735765216
0.0818339722353106
0.0885435668647947
0.0844530922462712
0.0702213624506998
0.0691773284033557
0.0682064863209095
0.083200291902426
0.0849310200932269
0.0918594114151922
0.0986133901873529
0.0895476267424718
0.090208167968759
0.0908602818535301
0.0856589185028099
0.0826735398859516
0.0731875498237138
0.0767343815004554
0.0830660411364558
0.0793225674215443
0.0795549573530922
0.0808729430212049
0.0810033670890664
0.0657480285277667
0.0763825890859887
0.0858282964244414
0.10413214293497
0.0943335984843942
0.0869817566967006
0.0696648827848111
0.0629193585617446
0.0654192205190494
0.0604781476016425
0.0661926155995753
0.0694845546276722
0.0759950785514287
0.0819771785633536
0.0865728381249501
0.0752368171263588
0.0886159429557663
0.0902545042073267
0.0947183302095563
0.088658328116322
0.0883826931462809
0.0827061954773973
0.107028204812352
0.108834718879136
0.100936955887679
0.101161067261922
0.094442481783539
0.0795595321874426
0.107848184644694
0.108657285837916
0.0796348814824976
0.0738091857655217
0.0817777234839933
0.0706018513579542
0.0660578035982506
0.0703584941314172
0.0859580869342355
0.0726693180893984
0.0695524948640631
0.0714449782489412
0.0839745252217571
0.0780595039444667
0.0830058237707706
0.0821105253635361
0.0677278516395154
0.0682226959341075
0.0788869230161349
0.0718876859749966
0.0697487094615129
0.0660411626606408
0.0679886364670332
0.072174616641888
0.0682790685111446
0.0648386201351012
0.069554066822613
0.0808907976175839
0.0789484596191063
0.0765688765076328
0.0785952650941923
0.0743108236921879
0.0690214956508432
0.0836035642825685
0.078464527639462
0.074247307914716
0.0801231161663088
0.0743979510635833
0.0644854581686649
0.066160763561982
0.0760247664758166
0.0790486696462
0.0800804791430612
0.065375289769309
0.0726131077885364
