0.17
0.172335120404518
0.175288132601366
0.179073733311148
0.185555901877826
0.12247178452834
0.111673258864948
0.107673351504222
0.13005316771264
0.125263957448993
0.143591192167295
0.110561858442405
0.143589092511463
0.146061093260456
0.173298471979272
0.135478004574274
0.107386573130432
0.151072356922916
0.180971264706042
0.162993750539096
0.146237308276561
0.11343874747823
0.137468332305713
0.121750664920212
0.115150449661855
0.0887100242102705
0.0901249948908557
0.0837068416375877
0.0917774422322746
0.0939824969016266
0.109199039405645
0.142866589330931
0.161728073386637
0.187797554075686
0.225977434752814
0.231230350104791
0.218639948448355
0.24916264835428
0.252737010242967
0.205274285173473
0.205834235435529
0.184129050876742
0.153756966311569
0.143552677898677
0.104474619285628
0.0831286036936111
0.09716205190069
0.127785125653699
0.132053007275132
0.19104433404675
0.156653538207623
0.178171731066205
0.165257981480296
0.200403940009617
0.150447798596887
0.173995031440945
0.17705322210033
0.133604237281375
0.125817487792004
0.122880580560904
0.160075272454753
0.118164965330133
0.0973402884588644
0.0968505643400685
0.093784702060187
0.0868835546844021
0.0854731029430468
0.0794597191946158
0.0776968506227664
0.0747782040658601
0.0729696481815315
0.0807156210056654
0.0851168405471765
0.0975377701516955
0.110577928955917
0.128899375691873
0.125550533640364
0.0972259455309774
0.11043762733488
0.116535439438912
0.130525217390903
0.152112475611421
0.12223829566711
0.113486735721932
0.0858136618038735
0.0883360449446871
0.0970299356475243
0.114799510526289
0.0827134088265034
0.0865178747134582
0.0893096657908908
0.109350895837279
0.098591145543139
0.103522838536323
0.0802844171671165
0.0889672726623648
0.0944210184671692
0.0909482763394573
0.120043711391376
0.11901712443368
0.147276705312059
0.14284244065251
0.118177025220521
0.0938253292160316
0.0974341286729246
0.108447451142782
0.108387784653005
0.126329564782527
0.141507115947176
0.19300725793345
0.18846451166824
0.161199178078694
0.15454745620548
0.200047365218906
0.174461949347913
0.206758151971918
0.200520657357038
0.25719958020774
0.240445400333621
0.229359602699136
0.22910834437727
0.212238034606871
0.185902675322489
0.19741878404345
0.147497152870804
0.189670696907974
0.198286756762582
0.244866152434331
0.203823644996411
0.186159018322084
0.172540186336559
0.154810825674922
0.120081238228406
0.143951369635813
0.120063093654676
0.120791049882068
0.147080521039428
0.0976797919969977
0.108399816008775
0.145630582156186
0.150091706533246
0.156020068852266
0.167140876509585
0.163953311854537
0.230646368142217
0.227150103078709
0.216153561746134
0.254367828976164
0.280357521751409
0.242750733626212
0.290719305283075
0.259945440042694
0.234880901746057
0.232353538750986
0.27449000805243
0.278474847805207
0.22624066398993
0.240143717084213
0.189734296175259
0.163944903977306
0.116403361288149
0.139671618075464
0.200150078506651
0.185921661961428
0.212630202940469
0.1938441385515
0.171396727661517
0.152944980420544
0.119664616805529
0.129688495501604
0.137210712339716
0.146265119059874
0.148456325005968
0.145743284703792
0.16792090794535
0.267912704818898
0.267891041421552
0.273640304181483
0.280503519085506
0.285835157987849
0.250717722835518
0.250416032227166
0.197463703838789
0.190204294171065
0.213027560310483
0.148167037967953
0.129462841721467
0.119926476489284
0.0859832146653363
0.0938771859727543
0.104192241541884
0.0939119967845085
0.078240627949664
0.0728319857212761
0.0770696881471813
0.0759696384358726
0.0909490878514672
0.0820505674572002
0.0771064619986191
0.0765521435727834
