0.17
0.146684097407372
0.154341050225421
0.154628194553947
0.126531539031827
0.152356076429047
0.150726985020574
0.120966212537505
0.140795927539557
0.141385877693839
0.131805581160627
0.116336582077519
0.116000986035085
0.119239683562572
0.121321370742491
0.126198385532891
0.138318912658021
0.113756354014599
0.103234977965969
0.0921773995704764
0.0953724724819798
0.114419255074006
0.119772953035825
0.147023554608076
0.150533871711181
0.127701271210797
0.119657254741185
0.123741895540831
0.119050841795474
0.128952540340424
0.12862259418673
0.12055358497438
0.12887183264691
0.142096129312408
0.146077991325305
0.142843657406741
0.162317445273179
0.189129775195888
0.190029159187343
0.154749425789723
0.126714195366753
0.117672143149299
0.116392815882506
0.120734564125372
0.124922380292845
0.122307821560192
0.0938302637712525
0.0934634836345363
0.0996829268073789
0.12514190649156
0.100648422804448
0.111026012295076
0.179052325692785
0.124538601385075
0.126002397010382
0.133880560234821
0.136669041263616
0.140576752549764
0.136526248066058
0.137119566685599
0.149892249841599
0.156483718195531
0.143941308177621
0.13062049809133
0.116284634078728
0.144820119212497
0.132037201666925
0.135757646288994
0.126585361141318
0.146980375044362
0.144307347395208
0.118768965098248
0.140333070918423
0.160674851262514
0.156847505184202
0.149150067044327
0.136388304168167
0.139228456969656
0.135076690309608
0.150437637702467
0.140996204482711
0.143301430935952
0.14228737228083
0.14218263711621
0.144176804801484
0.150047356007113
0.144080679857356
0.138669462861714
0.161785123570688
0.178029385369146
0.178040149160261
0.17229264781531
0.171716294618606
0.169938941343971
0.17020999721389
0.132413821372887
0.138335556421625
0.145931780803929
0.161269501642428
0.157510433109968
0.107889657914505
0.116761062029518
0.126304069716026
0.171653288200738
0.172318537293742
0.161649510582384
0.17704377725564
0.190558398739447
0.190762876395441
0.153176383772412
0.141214250789675
0.168208298350041
0.14734093602451
0.168813053945458
0.149986337888607
0.1350152246062
0.133407067492785
0.13630703951217
0.199490564259335
0.183544055103624
0.153642168365376
0.154190797200339
0.13584775626793
0.158503160290374
0.141418996093059
0.128958195007205
0.145144190089598
0.146932254277591
0.150656255765102
0.182635601322732
0.144773202371857
0.146932122676988
0.128919314766424
0.12187121865099
0.12897748191119
0.132867191339036
0.13942549517427
0.140948208047732
0.142066423365894
0.152791840453618
0.163914529151206
0.147241825283247
0.143579149430168
0.158224202339646
0.161119331671329
0.119475230126426
0.131036119160759
0.147479930228258
0.166529368376234
0.167190296524027
0.153035228009344
0.163851484288722
0.142098663891143
0.179386670432225
0.182643911275253
0.212888093437585
0.184971498350047
0.165074860621479
0.150614360310677
0.15958053465647
0.168609163609995
0.139983486752179
0.136930509584627
0.154683033577507
0.117147551670169
0.138765681021444
0.144946052934716
0.14623065356953
0.155727060383264
0.171617689460102
0.155413229191377
0.152363366764451
0.154311700278948
0.128338575623846
0.143617070877657
0.137190911633251
0.108267022847202
0.119384192203572
0.157724070630273
0.137713768672472
0.101255749494424
0.110261194503377
0.110575918741207
0.110458567955107
0.112074716645969
0.11555312503645
0.155557664439471
0.155313324408146
0.150086114564817
0.172188014834043
0.179734736296533
0.16173177580048
0.161369181619199
0.157965808740957
0.140067732970567
0.140452046133834
0.175326199936103
0.17174890966299
0.170583937339177
0.172482162091087
