1	1	1
1	1	1
1	1	1
1.21643839748296	0.454668776758239	1.41639396262756
1.21643839748296	0.454668776758239	1.41639396262756
1.21643839748296	0.454668776758239	1.41639396262756
1.21643839748296	0.454668776758239	1.41639396262756
1.21643839748296	0.454668776758239	1.41639396262756
1.21643839748296	0.454668776758239	1.41639396262756
1.21643839748296	0.454668776758239	1.41639396262756
1.21643839748296	0.454668776758239	1.41639396262756
1.21643839748296	0.454668776758239	1.41639396262756
1.61481733166359	0.765013931731849	1.67808592535643
1.61481733166359	0.765013931731849	1.67808592535643
1.61481733166359	0.765013931731849	1.67808592535643
1.61481733166359	0.765013931731849	1.67808592535643
1.61481733166359	0.765013931731849	1.67808592535643
1.61481733166359	0.765013931731849	1.67808592535643
1.61481733166359	0.765013931731849	1.67808592535643
0.741582814845345	1.43918762914284	0.620621812879676
0.741582814845345	1.43918762914284	0.620621812879676
0.547704371306863	1.08829476940699	0.499256714963906
0.547704371306863	1.08829476940699	0.499256714963906
0.547704371306863	1.08829476940699	0.499256714963906
0.547704371306863	1.08829476940699	0.499256714963906
0.241262001759874	-0.0668032345629381	1.15956782206525
0.241262001759874	-0.0668032345629381	1.15956782206525
0.241262001759874	-0.0668032345629381	1.15956782206525
0.237967772571303	0.61232121062715	0.844016271041142
0.237967772571303	0.61232121062715	0.844016271041142
0.237967772571303	0.61232121062715	0.844016271041142
0.237967772571303	0.61232121062715	0.844016271041142
0.237967772571303	0.61232121062715	0.844016271041142
0.237967772571303	0.61232121062715	0.844016271041142
0.237967772571303	0.61232121062715	0.844016271041142
0.237967772571303	0.61232121062715	0.844016271041142
0.237967772571303	0.61232121062715	0.844016271041142
0.237967772571303	0.61232121062715	0.844016271041142
0.237967772571303	0.61232121062715	0.844016271041142
0.237967772571303	0.61232121062715	0.844016271041142
0.237967772571303	0.61232121062715	0.844016271041142
0.237967772571303	0.61232121062715	0.844016271041142
0.237967772571303	0.61232121062715	0.844016271041142
0.207662776778833	0.546929296598366	1.5147318283342
0.207662776778833	0.546929296598366	1.5147318283342
0.207662776778833	0.546929296598366	1.5147318283342
-0.35386127766832	0.235516886685974	1.28618461474467
-0.35386127766832	0.235516886685974	1.28618461474467
-0.35386127766832	0.235516886685974	1.28618461474467
-0.35386127766832	0.235516886685974	1.28618461474467
-0.35386127766832	0.235516886685974	1.28618461474467
-0.35386127766832	0.235516886685974	1.28618461474467
0.476792878702111	-0.355573942167108	1.9571975049862
0.476792878702111	-0.355573942167108	1.9571975049862
1.37333879167641	-0.342933771071521	1.98305109100016
1.37333879167641	-0.342933771071521	1.98305109100016
1.37333879167641	-0.342933771071521	1.98305109100016
1.63379422639095	1.18596218592881	1.23149360706276
1.11821337275883	-0.000460205170574879	1.34881571299511
1.11821337275883	-0.000460205170574879	1.34881571299511
1.11821337275883	-0.000460205170574879	1.34881571299511
1.11821337275883	-0.000460205170574879	1.34881571299511
1.11821337275883	-0.000460205170574879	1.34881571299511
1.11821337275883	-0.000460205170574879	1.34881571299511
1.11821337275883	-0.000460205170574879	1.34881571299511
1.11821337275883	-0.000460205170574879	1.34881571299511
1.11821337275883	-0.000460205170574879	1.34881571299511
1.11821337275883	-0.000460205170574879	1.34881571299511
1.11821337275883	-0.000460205170574879	1.34881571299511
1.11821337275883	-0.000460205170574879	1.34881571299511
1.11821337275883	-0.000460205170574879	1.34881571299511
0.943570526420109	-0.290402728017776	1.94009428254691
0.686567119636365	0.107260385504849	1.6454720988185
0.21056395638075	-0.782403839177972	1.39636293573731
-0.488295788253695	-1.44199161875989	0.821545823582282
-0.488295788253695	-1.44199161875989	0.821545823582282
-0.488295788253695	-1.44199161875989	0.821545823582282
-0.613680168776451	-1.04817118920009	0.86169163771685
-0.613680168776451	-1.04817118920009	0.86169163771685
-0.0965576873936926	0.913230550248741	1.81363426453692
0.600666843142593	0.402328719055073	1.91754333545014
0.600666843142593	0.402328719055073	1.91754333545014
0.600666843142593	0.402328719055073	1.91754333545014
0.980894400508394	0.172984851412729	2.3770696710674
1.05379014132449	0.270098638322985	2.11938929416804
1.05379014132449	0.270098638322985	2.11938929416804
1.05379014132449	0.270098638322985	2.11938929416804
0.359326002212249	1.0196239483212	0.980740851292332
0.359326002212249	1.0196239483212	0.980740851292332
-0.114505761660817	-0.136927687354971	2.18859360216869
-0.114505761660817	-0.136927687354971	2.18859360216869
-0.114505761660817	-0.136927687354971	2.18859360216869
-0.114505761660817	-0.136927687354971	2.18859360216869
-0.114505761660817	-0.136927687354971	2.18859360216869
-0.114505761660817	-0.136927687354971	2.18859360216869
-0.114505761660817	-0.136927687354971	2.18859360216869
-0.114505761660817	-0.136927687354971	2.18859360216869
0.362952064065904	-0.517052659664251	1.16746865657265
0.362952064065904	-0.517052659664251	1.16746865657265
0.362952064065904	-0.517052659664251	1.16746865657265
0.362952064065904	-0.517052659664251	1.16746865657265
0.599338956382159	0.335305780523886	1.69916144193539
0.662629012181643	-0.420902071847642	1.43334784426469
0.662629012181643	-0.420902071847642	1.43334784426469
0.662629012181643	-0.420902071847642	1.43334784426469
0.662629012181643	-0.420902071847642	1.43334784426469
0.662629012181643	-0.420902071847642	1.43334784426469
0.662629012181643	-0.420902071847642	1.43334784426469
0.662629012181643	-0.420902071847642	1.43334784426469
0.662629012181643	-0.420902071847642	1.43334784426469
0.662629012181643	-0.420902071847642	1.43334784426469
0.662629012181643	-0.420902071847642	1.43334784426469
0.662629012181643	-0.420902071847642	1.43334784426469
0.662629012181643	-0.420902071847642	1.43334784426469
0.662629012181643	-0.420902071847642	1.43334784426469
0.0721229311910508	-0.734832864202288	0.749845449091224
0.0721229311910508	-0.734832864202288	0.749845449091224
0.0721229311910508	-0.734832864202288	0.749845449091224
0.0721229311910508	-0.734832864202288	0.749845449091224
0.0721229311910508	-0.734832864202288	0.749845449091224
-0.111810414117496	-0.212087946991159	0.752324698371314
-0.111810414117496	-0.212087946991159	0.752324698371314
-0.111810414117496	-0.212087946991159	0.752324698371314
-0.111810414117496	-0.212087946991159	0.752324698371314
-0.111810414117496	-0.212087946991159	0.752324698371314
0.429756608244105	-0.855730501524037	1.08445131075625
0.429756608244105	-0.855730501524037	1.08445131075625
0.429756608244105	-0.855730501524037	1.08445131075625
0.429756608244105	-0.855730501524037	1.08445131075625
0.429756608244105	-0.855730501524037	1.08445131075625
0.429756608244105	-0.855730501524037	1.08445131075625
0.429756608244105	-0.855730501524037	1.08445131075625
0.429756608244105	-0.855730501524037	1.08445131075625
0.429756608244105	-0.855730501524037	1.08445131075625
0.429756608244105	-0.855730501524037	1.08445131075625
0.443217969950918	-0.43643882778742	1.67423801160511
0.443217969950918	-0.43643882778742	1.67423801160511
0.0379978975794206	-0.446109798878979	1.63711843421224
-0.687588733361521	0.26883266751017	1.09840243703568
-0.687588733361521	0.26883266751017	1.09840243703568
-0.687588733361521	0.26883266751017	1.09840243703568
-0.765778259055754	-0.27050131105394	0.269820388629528
-0.765778259055754	-0.27050131105394	0.269820388629528
-1.27537075817441	-0.523610742024518	0.58803011579435
-1.27537075817441	-0.523610742024518	0.58803011579435
-1.27537075817441	-0.523610742024518	0.58803011579435
-1.27537075817441	-0.523610742024518	0.58803011579435
-1.27537075817441	-0.523610742024518	0.58803011579435
-0.79435363364394	0.693534333157543	-0.0179642128646893
-0.924047119179026	-0.457292208701321	-0.0308334657580139
-0.924047119179026	-0.457292208701321	-0.0308334657580139
-0.924047119179026	-0.457292208701321	-0.0308334657580139
-0.924047119179026	-0.457292208701321	-0.0308334657580139
-1.07785493167284	-0.619576985462249	-0.667477173131828
-1.42042970415575	-0.991282486474075	-0.220535677615121
-1.21120019209771	0.670304419697745	-0.542973225436921
-1.21120019209771	0.670304419697745	-0.542973225436921
-1.21120019209771	0.670304419697745	-0.542973225436921
-1.21120019209771	0.670304419697745	-0.542973225436921
-1.21120019209771	0.670304419697745	-0.542973225436921
-1.21120019209771	0.670304419697745	-0.542973225436921
-1.21120019209771	0.670304419697745	-0.542973225436921
-1.21120019209771	0.670304419697745	-0.542973225436921
-1.89183314469864	0.301657002722464	0.0575905485665613
-1.89183314469864	0.301657002722464	0.0575905485665613
-0.937004132391581	0.671681016624441	0.524743811995932
-0.937004132391581	0.671681016624441	0.524743811995932
-0.937004132391581	0.671681016624441	0.524743811995932
-0.610693397299072	0.382914385113011	0.146972330841942
-0.610693397299072	0.382914385113011	0.146972330841942
0.272690645317565	-0.408953663145453	-0.342463793177966
0.272690645317565	-0.408953663145453	-0.342463793177966
-0.0293931965670895	0.393567586469816	-0.922810700579307
-0.977250790769069	-0.792909991852328	-0.256769700158675
-1.31396371259829	-0.623335901339201	-0.662515286225963
-1.31396371259829	-0.623335901339201	-0.662515286225963
-1.31396371259829	-0.623335901339201	-0.662515286225963
-1.31396371259829	-0.623335901339201	-0.662515286225963
-1.31396371259829	-0.623335901339201	-0.662515286225963
-1.31396371259829	-0.623335901339201	-0.662515286225963
-1.31396371259829	-0.623335901339201	-0.662515286225963
-1.31396371259829	-0.623335901339201	-0.662515286225963
-1.31396371259829	-0.623335901339201	-0.662515286225963
-1.31396371259829	-0.623335901339201	-0.662515286225963
-1.31396371259829	-0.623335901339201	-0.662515286225963
-1.70518918699677	-0.785896659215736	-0.561416285820682
-1.70518918699677	-0.785896659215736	-0.561416285820682
-1.70518918699677	-0.785896659215736	-0.561416285820682
-1.70518918699677	-0.785896659215736	-0.561416285820682
-1.70518918699677	-0.785896659215736	-0.561416285820682
-1.14325235315574	0.647903968576618	0.751689117102278
-1.14325235315574	0.647903968576618	0.751689117102278
-1.14325235315574	0.647903968576618	0.751689117102278
-0.873804899136729	1.35775395372099	0.358070435271766
-0.873804899136729	1.35775395372099	0.358070435271766
-0.873804899136729	1.35775395372099	0.358070435271766
-0.873804899136729	1.35775395372099	0.358070435271766
-1.66650085402536	0.869196537209959	-0.0954634873138231
-1.66650085402536	0.869196537209959	-0.0954634873138231
-1.63952188109327	-0.0657417236371638	0.015251770691685
