1	1	1
0.0355267454365817	1.35804901817455	1.37958705207867
-0.516909964420515	0.661087753393389	2.14344380115409
-0.516909964420515	0.661087753393389	2.14344380115409
0.230375108244922	0.589750482137876	1.07892910065753
0.230375108244922	0.589750482137876	1.07892910065753
0.724457948304926	0.0286007642923963	1.02124353541572
0.724457948304926	0.0286007642923963	1.02124353541572
0.724457948304926	0.0286007642923963	1.02124353541572
0.724457948304926	0.0286007642923963	1.02124353541572
0.679632590454688	0.398767498216276	1.08776555726361
0.679632590454688	0.398767498216276	1.08776555726361
0.629584985721124	0.308408123159213	1.81653805152964
0.780186204345718	0.684136820846469	1.43731291290808
0.780186204345718	0.684136820846469	1.43731291290808
0.780186204345718	0.684136820846469	1.43731291290808
0.601074359226886	0.477035838287919	2.06397675543832
0.0482907793042879	1.22688829067894	2.00337443835439
0.0482907793042879	1.22688829067894	2.00337443835439
-0.0538766469221479	1.27010685862048	2.19152038016882
-0.0538766469221479	1.27010685862048	2.19152038016882
0.5488716223902	0.918098386785672	2.318031222637
0.5488716223902	0.918098386785672	2.318031222637
0.5488716223902	0.918098386785672	2.318031222637
0.5488716223902	0.918098386785672	2.318031222637
0.483274964172794	0.613198237469477	1.78814170397955
0.483274964172794	0.613198237469477	1.78814170397955
0.483274964172794	0.613198237469477	1.78814170397955
0.604776255524569	1.37402023151794	1.24789435170327
0.90481439540494	1.13372572098938	1.54338300304857
0.90481439540494	1.13372572098938	1.54338300304857
0.015177518902626	0.751650460817491	1.74303707087318
0.015177518902626	0.751650460817491	1.74303707087318
0.015177518902626	0.751650460817491	1.74303707087318
0.205558424242237	1.3873952140795	1.52169368752599
0.205558424242237	1.3873952140795	1.52169368752599
0.205558424242237	1.3873952140795	1.52169368752599
0.205558424242237	1.3873952140795	1.52169368752599
0.0781308197388164	0.922758595553002	2.04447306758507
0.0781308197388164	0.922758595553002	2.04447306758507
-0.468759142809236	0.781764793010749	2.34710912009789
0.328333470579448	-0.251902086794489	1.52925571885828
0.328333470579448	-0.251902086794489	1.52925571885828
0.722645152291912	-0.871481276793388	1.37886070264905
0.722645152291912	-0.871481276793388	1.37886070264905
0.722645152291912	-0.871481276793388	1.37886070264905
0.722645152291912	-0.871481276793388	1.37886070264905
1.13315163065075	-0.352794829249514	0.774467918549987
0.320143089211661	-0.438613844539569	0.665341723621984
0.320143089211661	-0.438613844539569	0.665341723621984
0.265042581056003	-0.734010822329635	0.831239470534415
0.639316133030691	-0.416393571852402	0.639987058573295
0.639316133030691	-0.416393571852402	0.639987058573295
0.639316133030691	-0.416393571852402	0.639987058573295
0.68188033179555	0.286723095575722	0.881403580490627
0.191965776617043	0.123548521450383	0.678206769829189
0.191965776617043	0.123548521450383	0.678206769829189
0.191965776617043	0.123548521450383	0.678206769829189
0.648741479966252	0.388484565986902	1.11542969677424
0.242522993388577	0.140504502740143	0.850035838308609
0.242522993388577	0.140504502740143	0.850035838308609
0.242522993388577	0.140504502740143	0.850035838308609
0.242522993388577	0.140504502740143	0.850035838308609
0.242522993388577	0.140504502740143	0.850035838308609
0.242522993388577	0.140504502740143	0.850035838308609
0.430821415587647	1.08536763798328	1.82074781847939
0.430821415587647	1.08536763798328	1.82074781847939
-0.761846936666831	1.01740267208099	1.94153874995439
-1.18829462307415	0.858102089534996	1.87900495295591
-1.28554637534038	0.661251824108903	1.97727841006336
-1.31794269990806	0.0761343760428718	1.78895221246789
-1.67415609583974	0.555457436826745	1.46937729729133
-1.4516113967877	0.977981928964862	1.73428176031039
-1.4516113967877	0.977981928964862	1.73428176031039
-1.01336543204903	0.577244006884403	1.89542832521486
-1.01336543204903	0.577244006884403	1.89542832521486
-1.01336543204903	0.577244006884403	1.89542832521486
-1.92658474502804	0.46839506777978	1.40018383282546
-1.44266302884746	0.274970466421809	2.10096025735665
-1.37996932832723	0.164592135601893	1.69572184891816
-1.37996932832723	0.164592135601893	1.69572184891816
-1.37996932832723	0.164592135601893	1.69572184891816
-1.37996932832723	0.164592135601893	1.69572184891816
-1.13212299930449	-0.58219774825203	1.76190900389526
-1.21102129988808	-0.215208930424186	1.54817970610136
-1.21102129988808	-0.215208930424186	1.54817970610136
-0.811663806158797	-0.0866035892209503	1.12792916554042
-0.929219944592248	0.848523461406389	1.57639070467976
-1.69990639050779	0.834675806340858	1.93768088023264
-1.60435206991907	0.770139222421304	1.91605533156808
-1.60435206991907	0.770139222421304	1.91605533156808
-1.60435206991907	0.770139222421304	1.91605533156808
-1.60435206991907	0.770139222421304	1.91605533156808
-1.60435206991907	0.770139222421304	1.91605533156808
-1.60435206991907	0.770139222421304	1.91605533156808
-1.60435206991907	0.770139222421304	1.91605533156808
-1.60435206991907	0.770139222421304	1.91605533156808
-1.60435206991907	0.770139222421304	1.91605533156808
-0.956607251285222	0.733106116331098	1.82405350688487
-0.956607251285222	0.733106116331098	1.82405350688487
-1.27162392673285	-0.438081386792125	2.28834745320695
-1.27162392673285	-0.438081386792125	2.28834745320695
-1.08423543410366	0.984054982565491	2.06336193603511
-0.676639771147636	0.168078967976432	3.16718913660909
-0.676639771147636	0.168078967976432	3.16718913660909
-0.676639771147636	0.168078967976432	3.16718913660909
-0.832285156015234	0.277788973697531	2.71908729477315
-0.832285156015234	0.277788973697531	2.71908729477315
0.00574731960163744	-0.274318204460319	1.95980679519144
0.70147783425611	-0.717729615733073	2.05580844742633
0.70147783425611	-0.717729615733073	2.05580844742633
0.374060691096455	-0.665335410385266	1.68190038777812
0.224466253049281	0.0950978636625315	0.792966072405504
0.224466253049281	0.0950978636625315	0.792966072405504
0.224466253049281	0.0950978636625315	0.792966072405504
-0.275477895750386	0.625466259983215	1.30285360097604
-0.269079179104916	0.474453415293482	1.86831758113473
-0.269079179104916	0.474453415293482	1.86831758113473
-0.269079179104916	0.474453415293482	1.86831758113473
-0.370008682208518	0.594600230194981	2.05853658632142
0.262854145176685	-0.374258821604917	1.57623187379016
0.262854145176685	-0.374258821604917	1.57623187379016
0.184388044977878	-0.342914255321699	1.84454629463798
0.184388044977878	-0.342914255321699	1.84454629463798
0.0127148403519964	-0.475070174116896	1.99254283452647
0.0303212612730057	-0.302629694365339	1.62877749719045
0.160022151416573	0.193976727538585	1.41282516781299
0.160022151416573	0.193976727538585	1.41282516781299
0.160022151416573	0.193976727538585	1.41282516781299
0.634256186268616	-0.167689291155334	1.36457673096395
0.634256186268616	-0.167689291155334	1.36457673096395
0.477522662898288	-0.361978367951003	2.65968277804014
0.477522662898288	-0.361978367951003	2.65968277804014
0.477522662898288	-0.361978367951003	2.65968277804014
0.477522662898288	-0.361978367951003	2.65968277804014
0.410648548753498	0.346978389655166	2.38824089435301
0.410648548753498	0.346978389655166	2.38824089435301
0.410648548753498	0.346978389655166	2.38824089435301
-0.0788185867084432	1.02656599078905	2.06221752705913
-0.0788185867084432	1.02656599078905	2.06221752705913
-0.376413546865213	-0.180483124890844	2.12306373498009
-0.295695385234902	-0.170572932901602	2.60676697891228
-0.421827126316978	-0.266190859732251	2.02649554316664
-0.421827126316978	-0.266190859732251	2.02649554316664
-0.179925224637197	0.742441892710657	2.51761240153565
0.0171452565036494	0.30049205126723	1.59180187604164
0.0171452565036494	0.30049205126723	1.59180187604164
0.57721268888092	0.387272259799683	0.95805060790685
0.57721268888092	0.387272259799683	0.95805060790685
-0.145860433094456	0.654431017513667	0.73863226031698
-0.145860433094456	0.654431017513667	0.73863226031698
-0.145860433094456	0.654431017513667	0.73863226031698
-0.145860433094456	0.654431017513667	0.73863226031698
-0.230816427232031	-0.197626155639238	2.26279758192152
-0.396394048072022	0.237777723338543	1.61129882073077
-0.396394048072022	0.237777723338543	1.61129882073077
-0.78130850329871	-0.431204440321894	1.99963903748628
-1.4270997068376	0.900511817332532	2.07619481965057
-1.86557147693139	0.901096738839669	1.4613166318755
-1.86557147693139	0.901096738839669	1.4613166318755
-1.40351389993876	1.45265783851139	1.73620202095751
-1.40351389993876	1.45265783851139	1.73620202095751
-1.40351389993876	1.45265783851139	1.73620202095751
-1.40351389993876	1.45265783851139	1.73620202095751
-1.30156595832496	0.293223030802421	1.53186764702386
-1.30156595832496	0.293223030802421	1.53186764702386
-1.30156595832496	0.293223030802421	1.53186764702386
-1.44504296076796	0.362609536160673	2.11449219806252
-1.23273843160492	0.623796095870689	1.35189874832163
-1.1401860912889	0.831165970367542	1.02007741813369
-1.17260771656608	0.0351602827481462	1.36804737874216
-1.17260771656608	0.0351602827481462	1.36804737874216
-0.383459859328972	0.199332326502416	1.17402452169991
-1.08990919735641	0.330353489799842	1.45602531065907
-1.08990919735641	0.330353489799842	1.45602531065907
-1.47116926597378	0.0330925517435347	1.69142586178705
-1.47116926597378	0.0330925517435347	1.69142586178705
-1.47116926597378	0.0330925517435347	1.69142586178705
-1.76923168154001	0.296316788439074	1.1700082827225
-2.08959332987788	0.646712031322155	0.255447397805665
-2.08959332987788	0.646712031322155	0.255447397805665
-2.08959332987788	0.646712031322155	0.255447397805665
-2.08959332987788	0.646712031322155	0.255447397805665
-2.08959332987788	0.646712031322155	0.255447397805665
-1.77859442183521	0.350378226785714	0.519297924529949
-1.77859442183521	0.350378226785714	0.519297924529949
-1.77859442183521	0.350378226785714	0.519297924529949
-1.36511359724474	0.371017913808678	0.243045613572602
-1.55136281318125	-0.327092273965687	1.14673251448119
-1.5486406081217	-0.13297770339246	1.45404396008065
-1.5486406081217	-0.13297770339246	1.45404396008065
-0.852636846514469	-0.653678880700308	1.4782767934141
-1.32973757551681	-0.480885784128363	1.7985242300018
-0.940668818553998	-1.02396316187843	1.96460147097847
-0.674115508132303	-0.54499332080453	1.87132134807435
-0.666707176721692	-0.056425517926446	1.74947077301681
-0.15345762746693	0.0102279241374214	1.86257637974824
-1.01174279361237	0.688982175259327	1.81090645544035
-1.01174279361237	0.688982175259327	1.81090645544035
-1.01174279361237	0.688982175259327	1.81090645544035
