1	1	1
1	1	1
0.637099825493029	1.60756041513811	1.25128138061885
0.520390296668892	1.26683102591393	1.17817682035479
0.520390296668892	1.26683102591393	1.17817682035479
0.520390296668892	1.26683102591393	1.17817682035479
0.520390296668892	1.26683102591393	1.17817682035479
0.642134374003834	0.316216767458148	1.00532875254561
0.642134374003834	0.316216767458148	1.00532875254561
1.10465928495751	1.60743685254988	1.58613803594664
1.10465928495751	1.60743685254988	1.58613803594664
1.10465928495751	1.60743685254988	1.58613803594664
1.10465928495751	1.60743685254988	1.58613803594664
1.10465928495751	1.60743685254988	1.58613803594664
1.10465928495751	1.60743685254988	1.58613803594664
0.490779144920084	0.455410229705757	0.98579505032926
0.490779144920084	0.455410229705757	0.98579505032926
0.0821391757582897	0.115333502144272	1.97783954155297
-0.744435025621327	0.69364054572217	1.26876051045811
-0.108798300396587	0.199491725669086	1.48344193334022
-0.108798300396587	0.199491725669086	1.48344193334022
-0.108798300396587	0.199491725669086	1.48344193334022
-0.108798300396587	0.199491725669086	1.48344193334022
-0.350158812305339	-0.39877884063458	1.63429960860371
0.74594005310966	-0.228715478277571	2.0079370269967
-0.566550654670323	0.1476977049936	1.75752362634523
-0.566550654670323	0.1476977049936	1.75752362634523
-0.566550654670323	0.1476977049936	1.75752362634523
-0.566550654670323	0.1476977049936	1.75752362634523
-0.566550654670323	0.1476977049936	1.75752362634523
-0.566550654670323	0.1476977049936	1.75752362634523
-0.566550654670323	0.1476977049936	1.75752362634523
-0.566550654670323	0.1476977049936	1.75752362634523
-0.566550654670323	0.1476977049936	1.75752362634523
-0.566550654670323	0.1476977049936	1.75752362634523
-0.566550654670323	0.1476977049936	1.75752362634523
-0.566550654670323	0.1476977049936	1.75752362634523
-0.566550654670323	0.1476977049936	1.75752362634523
-0.566550654670323	0.1476977049936	1.75752362634523
-0.570443139320142	-0.46868836330751	1.74661276997117
-1.18075247168899	0.120689756476112	1.63043994803335
-1.18075247168899	0.120689756476112	1.63043994803335
-0.383532990773586	0.769089876792867	1.67212882467328
-0.383532990773586	0.769089876792867	1.67212882467328
-0.383532990773586	0.769089876792867	1.67212882467328
-0.383532990773586	0.769089876792867	1.67212882467328
-0.387935450593139	-0.160877294470774	1.3229843462902
-0.387935450593139	-0.160877294470774	1.3229843462902
-0.387935450593139	-0.160877294470774	1.3229843462902
-0.606133358376323	-1.71889906350978	1.2596992394175
-0.606133358376323	-1.71889906350978	1.2596992394175
-0.606133358376323	-1.71889906350978	1.2596992394175
-0.606133358376323	-1.71889906350978	1.2596992394175
-0.606133358376323	-1.71889906350978	1.2596992394175
-1.27219313993589	-1.54013930654502	1.5527946195734
-1.27219313993589	-1.54013930654502	1.5527946195734
-1.99202105326682	-0.533579972576086	1.93338327324135
-1.99202105326682	-0.533579972576086	1.93338327324135
-2.34745092201238	-0.613403460392048	1.30637815044069
-2.34745092201238	-0.613403460392048	1.30637815044069
-2.34745092201238	-0.613403460392048	1.30637815044069
-2.34745092201238	-0.613403460392048	1.30637815044069
-2.34745092201238	-0.613403460392048	1.30637815044069
-1.41670760030173	0.11733066829792	1.54650613692734
-0.350259443851021	-0.456642475341055	2.17901118292514
-0.350259443851021	-0.456642475341055	2.17901118292514
-0.350259443851021	-0.456642475341055	2.17901118292514
-0.350259443851021	-0.456642475341055	2.17901118292514
-0.350259443851021	-0.456642475341055	2.17901118292514
-0.350259443851021	-0.456642475341055	2.17901118292514
-0.350259443851021	-0.456642475341055	2.17901118292514
-0.350259443851021	-0.456642475341055	2.17901118292514
-0.350259443851021	-0.456642475341055	2.17901118292514
-0.350259443851021	-0.456642475341055	2.17901118292514
-1.47863332695001	-0.134278861641188	2.28718923277111
-1.47863332695001	-0.134278861641188	2.28718923277111
-1.61989121090728	-0.43893251851749	1.00297507119747
-2.58141822208665	0.526981832814227	1.02582117204834
-1.71960751205375	1.37228436221922	2.71980198052701
-1.71960751205375	1.37228436221922	2.71980198052701
-0.464801748538303	0.263164282871253	2.45443473966166
-0.464801748538303	0.263164282871253	2.45443473966166
-0.464801748538303	0.263164282871253	2.45443473966166
-0.478092810942776	-0.438682776881044	1.89454445466579
-0.478092810942776	-0.438682776881044	1.89454445466579
-0.478092810942776	-0.438682776881044	1.89454445466579
-0.478092810942776	-0.438682776881044	1.89454445466579
-0.478092810942776	-0.438682776881044	1.89454445466579
-0.478092810942776	-0.438682776881044	1.89454445466579
-0.478092810942776	-0.438682776881044	1.89454445466579
-0.478092810942776	-0.438682776881044	1.89454445466579
-0.478092810942776	-0.438682776881044	1.89454445466579
-0.478092810942776	-0.438682776881044	1.89454445466579
-0.478092810942776	-0.438682776881044	1.89454445466579
-0.478092810942776	-0.438682776881044	1.89454445466579
-0.217731297373545	-0.398082656394998	2.11456881672649
-0.217731297373545	-0.398082656394998	2.11456881672649
-0.312730496904809	-0.160183479209057	2.88932822924512
-0.312730496904809	-0.160183479209057	2.88932822924512
-0.312730496904809	-0.160183479209057	2.88932822924512
-0.312730496904809	-0.160183479209057	2.88932822924512
-0.544289703252312	-0.128231714250429	2.6383562771366
-2.43807184241557	0.839215674438925	2.35795889873318
-2.43807184241557	0.839215674438925	2.35795889873318
-2.43807184241557	0.839215674438925	2.35795889873318
-1.80855157478881	1.14037750862024	2.34405928391539
-0.740508152189413	0.0809480157011264	2.15503311795188
0.50967195498749	-0.251395012278661	1.9192744782575
0.50967195498749	-0.251395012278661	1.9192744782575
0.50967195498749	-0.251395012278661	1.9192744782575
0.50967195498749	-0.251395012278661	1.9192744782575
0.50967195498749	-0.251395012278661	1.9192744782575
0.50967195498749	-0.251395012278661	1.9192744782575
0.50967195498749	-0.251395012278661	1.9192744782575
-0.145122525471916	0.991457040039762	2.75966082206586
-0.145122525471916	0.991457040039762	2.75966082206586
-0.620717416484173	1.57973824830754	2.35081313180518
-0.620717416484173	1.57973824830754	2.35081313180518
-0.620717416484173	1.57973824830754	2.35081313180518
-0.620717416484173	1.57973824830754	2.35081313180518
-0.620717416484173	1.57973824830754	2.35081313180518
-0.620717416484173	1.57973824830754	2.35081313180518
-0.620717416484173	1.57973824830754	2.35081313180518
-1.0680271200566	1.33937160472401	2.73163548164648
-1.45580577212877	1.21911840666879	1.86736619078055
-1.45580577212877	1.21911840666879	1.86736619078055
-1.45580577212877	1.21911840666879	1.86736619078055
-1.45580577212877	1.21911840666879	1.86736619078055
-1.45580577212877	1.21911840666879	1.86736619078055
-1.45580577212877	1.21911840666879	1.86736619078055
-1.45580577212877	1.21911840666879	1.86736619078055
-1.45580577212877	1.21911840666879	1.86736619078055
-1.45580577212877	1.21911840666879	1.86736619078055
-1.10535500317242	0.836647089706371	2.14988352987766
-1.10535500317242	0.836647089706371	2.14988352987766
-1.10535500317242	0.836647089706371	2.14988352987766
-1.10535500317242	0.836647089706371	2.14988352987766
-1.76906318578529	1.47347062105228	1.70463383294758
-1.45133910696046	0.698730637986316	0.859665790249929
-1.13471547551851	0.827318944789314	1.62282506390425
-1.13471547551851	0.827318944789314	1.62282506390425
-1.13471547551851	0.827318944789314	1.62282506390425
-1.13471547551851	0.827318944789314	1.62282506390425
-0.925110430883748	0.881349805315736	1.44049644797094
-0.925110430883748	0.881349805315736	1.44049644797094
-0.925110430883748	0.881349805315736	1.44049644797094
-0.652111082709017	1.07580133711382	1.94312078329817
-0.652111082709017	1.07580133711382	1.94312078329817
-0.365300389649283	0.308813199221502	1.27932607798301
-0.610793552447976	0.318826375417172	1.11592302189602
-0.610793552447976	0.318826375417172	1.11592302189602
-0.843886912566906	1.02028495973971	2.08406056432388
-0.843886912566906	1.02028495973971	2.08406056432388
-0.843886912566906	1.02028495973971	2.08406056432388
-0.995550325592211	1.44259717902851	3.37474146616589
-1.00341176424779	1.13478575120564	2.85432369229387
-1.00341176424779	1.13478575120564	2.85432369229387
-1.00341176424779	1.13478575120564	2.85432369229387
-1.00341176424779	1.13478575120564	2.85432369229387
-1.00341176424779	1.13478575120564	2.85432369229387
-1.00341176424779	1.13478575120564	2.85432369229387
-1.00341176424779	1.13478575120564	2.85432369229387
-1.35611137201507	1.51566994170232	2.57290164494022
-0.421974684119472	0.899346541866617	3.38283215749094
-0.421974684119472	0.899346541866617	3.38283215749094
-1.19720642284886	0.360171561056124	1.47959434023016
-1.19720642284886	0.360171561056124	1.47959434023016
-0.847203843121809	0.999310150882131	2.42326790561805
-0.847203843121809	0.999310150882131	2.42326790561805
-0.847203843121809	0.999310150882131	2.42326790561805
-0.847203843121809	0.999310150882131	2.42326790561805
-0.847203843121809	0.999310150882131	2.42326790561805
-0.847203843121809	0.999310150882131	2.42326790561805
-0.847203843121809	0.999310150882131	2.42326790561805
-1.60018780798279	0.320325099677652	0.732216558476408
-1.7238126468532	0.80069743387705	1.8272663262995
-0.627899881181186	0.0787221868089916	2.20703139096301
-0.627899881181186	0.0787221868089916	2.20703139096301
-0.627899881181186	0.0787221868089916	2.20703139096301
-0.774844309350088	-0.0108937166299854	1.26831827045394
-0.838854714487826	0.775639860957879	0.961330376476045
-0.72821681836328	0.15133870427164	0.986331632182528
-0.72821681836328	0.15133870427164	0.986331632182528
-0.72821681836328	0.15133870427164	0.986331632182528
-0.72821681836328	0.15133870427164	0.986331632182528
-1.28571604150723	0.319812272683937	1.59438073137895
-1.28571604150723	0.319812272683937	1.59438073137895
-1.28571604150723	0.319812272683937	1.59438073137895
-1.28571604150723	0.319812272683937	1.59438073137895
-1.28571604150723	0.319812272683937	1.59438073137895
-1.28571604150723	0.319812272683937	1.59438073137895
-1.25620970349685	0.212056539410839	1.63202941881405
-1.25620970349685	0.212056539410839	1.63202941881405
-1.25620970349685	0.212056539410839	1.63202941881405
-1.25620970349685	0.212056539410839	1.63202941881405
-1.25620970349685	0.212056539410839	1.63202941881405
-1.25620970349685	0.212056539410839	1.63202941881405
-1.25620970349685	0.212056539410839	1.63202941881405
-1.25620970349685	0.212056539410839	1.63202941881405
-1.25620970349685	0.212056539410839	1.63202941881405
