1	1	1
1	1	1
1.54559680680796	0.978652128788652	1.59390417365882
0.0594680343079996	0.456775857590662	0.791400434507828
1.76761684163161	0.832387287704361	0.850496363761583
1.76761684163161	0.832387287704361	0.850496363761583
1.76761684163161	0.832387287704361	0.850496363761583
1.76761684163161	0.832387287704361	0.850496363761583
0.926163378019784	0.0554237479931551	1.35310273875152
0.926163378019784	0.0554237479931551	1.35310273875152
1.91698119242894	0.633645953026989	1.72258962050403
1.91698119242894	0.633645953026989	1.72258962050403
1.91698119242894	0.633645953026989	1.72258962050403
1.91698119242894	0.633645953026989	1.72258962050403
1.91698119242894	0.633645953026989	1.72258962050403
1.91698119242894	0.633645953026989	1.72258962050403
1.91698119242894	0.633645953026989	1.72258962050403
1.91698119242894	0.633645953026989	1.72258962050403
1.48632161147481	1.56229541062228	1.95151186958132
1.64406091655196	1.92476571992523	2.02606334358261
0.769783142153886	2.10779457555228	1.01481370776546
1.32497447681808	1.59777682988242	0.717576781466624
1.32497447681808	1.59777682988242	0.717576781466624
1.32497447681808	1.59777682988242	0.717576781466624
1.32497447681808	1.59777682988242	0.717576781466624
1.32497447681808	1.59777682988242	0.717576781466624
1.32497447681808	1.59777682988242	0.717576781466624
0.540714926878204	1.78905430578536	0.625958881239627
0.540714926878204	1.78905430578536	0.625958881239627
0.540714926878204	1.78905430578536	0.625958881239627
0.540714926878204	1.78905430578536	0.625958881239627
0.540714926878204	1.78905430578536	0.625958881239627
0.540714926878204	1.78905430578536	0.625958881239627
0.540714926878204	1.78905430578536	0.625958881239627
0.540714926878204	1.78905430578536	0.625958881239627
0.540714926878204	1.78905430578536	0.625958881239627
0.540714926878204	1.78905430578536	0.625958881239627
0.540714926878204	1.78905430578536	0.625958881239627
0.540714926878204	1.78905430578536	0.625958881239627
0.540714926878204	1.78905430578536	0.625958881239627
0.540714926878204	1.78905430578536	0.625958881239627
0.540714926878204	1.78905430578536	0.625958881239627
0.540714926878204	1.78905430578536	0.625958881239627
1.4894911174588	1.48824685181745	1.22176196019729
1.18091742893689	0.548000916767379	1.98224587501344
-0.464746602140224	0.308783253442576	1.65131081897695
-0.464746602140224	0.308783253442576	1.65131081897695
-0.464746602140224	0.308783253442576	1.65131081897695
-0.464746602140224	0.308783253442576	1.65131081897695
-0.464746602140224	0.308783253442576	1.65131081897695
0.167119569709025	0.700221471718804	1.86286215620258
0.167119569709025	0.700221471718804	1.86286215620258
0.167119569709025	0.700221471718804	1.86286215620258
0.0422807159770304	0.56562139442839	2.00397355821545
0.0422807159770304	0.56562139442839	2.00397355821545
-0.603673577439826	0.485632737273624	1.49097615489373
-0.603673577439826	0.485632737273624	1.49097615489373
0.773897884501853	0.0667914629679832	1.74451072487475
-1.66654386274858	-0.068386756753655	1.71178585255284
-1.66654386274858	-0.068386756753655	1.71178585255284
-1.09113614158908	0.324245701297453	1.25005648311997
-1.09113614158908	0.324245701297453	1.25005648311997
-0.687313543653768	0.975336190346889	0.780463545346479
-0.687313543653768	0.975336190346889	0.780463545346479
-0.576231989632032	0.69126881455968	1.24975646086394
-0.576231989632032	0.69126881455968	1.24975646086394
-0.576231989632032	0.69126881455968	1.24975646086394
-0.576231989632032	0.69126881455968	1.24975646086394
-0.576231989632032	0.69126881455968	1.24975646086394
-1.06311231402575	0.788725168808103	1.8728783426875
-0.235120241835172	1.20003335176376	1.79483453268418
-0.235120241835172	1.20003335176376	1.79483453268418
-0.0132145258605185	1.512907901223	1.55070062070602
-0.0132145258605185	1.512907901223	1.55070062070602
0.67481129001002	2.08545452944271	2.16980674610365
-0.218476489047649	1.2302386121621	1.95964875385298
-1.32904769865458	1.54090289379593	2.33806053960133
-1.32904769865458	1.54090289379593	2.33806053960133
-0.586154370277709	1.1968319057892	2.30635973213973
-0.586154370277709	1.1968319057892	2.30635973213973
-0.0845698241856404	0.868073289750454	1.73092402100845
-1.38531474644044	0.468353559182627	2.24772083798937
-1.38531474644044	0.468353559182627	2.24772083798937
-1.38531474644044	0.468353559182627	2.24772083798937
-0.113828033800832	0.841312159216857	2.55923196530574
-1.70488477104975	1.11198152625153	2.12625048253954
-1.20734454001441	1.33977877652881	2.11057381139041
-1.20734454001441	1.33977877652881	2.11057381139041
-1.20734454001441	1.33977877652881	2.11057381139041
-1.20734454001441	1.33977877652881	2.11057381139041
-1.20734454001441	1.33977877652881	2.11057381139041
-0.496269749094272	1.55253620120905	1.60155790183462
-0.496269749094272	1.55253620120905	1.60155790183462
-0.496269749094272	1.55253620120905	1.60155790183462
-0.404439741351285	2.0674693684351	1.56306282262798
-0.404439741351285	2.0674693684351	1.56306282262798
-0.404439741351285	2.0674693684351	1.56306282262798
-0.382465368015507	1.86565868724992	1.56658921807302
0.0854626599459004	1.8048442187274	1.19150137283412
-0.159769075790522	0.962823725631538	0.561712400175143
-0.159769075790522	0.962823725631538	0.561712400175143
-0.159769075790522	0.962823725631538	0.561712400175143
-0.159769075790522	0.962823725631538	0.561712400175143
-0.159769075790522	0.962823725631538	0.561712400175143
-0.159769075790522	0.962823725631538	0.561712400175143
-0.159769075790522	0.962823725631538	0.561712400175143
-0.159769075790522	0.962823725631538	0.561712400175143
-0.159769075790522	0.962823725631538	0.561712400175143
-0.0909132906381009	1.48400859395868	0.224810950374816
-0.0909132906381009	1.48400859395868	0.224810950374816
-0.0909132906381009	1.48400859395868	0.224810950374816
0.348506614739506	1.69141448728271	0.128294425577024
0.348506614739506	1.69141448728271	0.128294425577024
0.348506614739506	1.69141448728271	0.128294425577024
-0.352450611883934	1.06312896193583	0.147470190899437
-0.352450611883934	1.06312896193583	0.147470190899437
-0.352450611883934	1.06312896193583	0.147470190899437
-0.352450611883934	1.06312896193583	0.147470190899437
-0.352450611883934	1.06312896193583	0.147470190899437
-0.352450611883934	1.06312896193583	0.147470190899437
-0.352450611883934	1.06312896193583	0.147470190899437
-0.352450611883934	1.06312896193583	0.147470190899437
-0.352450611883934	1.06312896193583	0.147470190899437
-0.352450611883934	1.06312896193583	0.147470190899437
-0.744420294025854	0.182792332965402	0.0903880467306316
-0.336508412953458	0.898795294605944	0.55109433373689
-1.3687032902685	1.11585724452022	0.794752641472657
-1.3687032902685	1.11585724452022	0.794752641472657
-0.378186329702499	1.48302376013148	0.363764321513622
-0.961667099663198	1.51906258787593	0.433809951323733
-0.961667099663198	1.51906258787593	0.433809951323733
-0.133883024578257	1.46934926593751	0.927583591998079
-0.786311085532244	0.948501286180827	0.509987271307294
-0.786311085532244	0.948501286180827	0.509987271307294
-0.786311085532244	0.948501286180827	0.509987271307294
-1.22425851735735	0.938083376947392	-0.429842774330162
0.0731887935448583	1.3097840195329	-0.0634222038442209
0.0731887935448583	1.3097840195329	-0.0634222038442209
0.0731887935448583	1.3097840195329	-0.0634222038442209
0.0731887935448583	1.3097840195329	-0.0634222038442209
-1.31196586763581	0.96688012400619	0.350408475511638
-0.775102977474746	1.64274915010399	0.2939051552509
0.431090910056823	2.28388203687483	0.365326950673669
0.431090910056823	2.28388203687483	0.365326950673669
0.431090910056823	2.28388203687483	0.365326950673669
0.431090910056823	2.28388203687483	0.365326950673669
0.0047274661979736	2.40252606556112	0.357463853020584
-0.925580645858746	2.01536891042288	0.450104702989182
-0.925580645858746	2.01536891042288	0.450104702989182
-0.925580645858746	2.01536891042288	0.450104702989182
-0.925580645858746	2.01536891042288	0.450104702989182
-0.925580645858746	2.01536891042288	0.450104702989182
-0.925580645858746	2.01536891042288	0.450104702989182
0.604006486538542	1.61115078745926	1.86125652094432
0.604006486538542	1.61115078745926	1.86125652094432
0.604006486538542	1.61115078745926	1.86125652094432
-0.573955537191992	1.88052789589253	1.96352465097804
-1.04732431781082	0.363185281387184	1.66137607946069
-1.04732431781082	0.363185281387184	1.66137607946069
-1.21496766056771	-0.608975046978689	1.24974536967445
-1.21496766056771	-0.608975046978689	1.24974536967445
-1.52575853363762	-0.596820912792373	1.71930228908187
-1.52575853363762	-0.596820912792373	1.71930228908187
-0.522861239045472	-1.64544596790145	1.79722370079348
-0.522861239045472	-1.64544596790145	1.79722370079348
-0.522861239045472	-1.64544596790145	1.79722370079348
0.0769202366752255	-1.32560303619745	1.91018108100973
-0.818271903131047	-1.18514234097975	2.50012599988101
-0.818271903131047	-1.18514234097975	2.50012599988101
-0.285565879314531	-0.984778651582836	2.79328082229472
-0.141826554131591	-0.686977466505633	1.73343376178469
-0.732690453263024	-1.24330252133196	2.45605357333636
-0.732690453263024	-1.24330252133196	2.45605357333636
-1.33238807530555	-1.2166091411581	1.94279321097616
-2.06644245747608	-0.59817284872335	2.60785806626382
-1.37894885812533	-0.690549592645658	3.12044185086131
-1.37894885812533	-0.690549592645658	3.12044185086131
-1.63109472293139	0.146191035147333	3.35339796561414
-1.61501133471711	-0.799675124125519	2.93084254576332
-1.61501133471711	-0.799675124125519	2.93084254576332
-1.05877913027063	-0.12375427022659	2.50490781822904
-1.05877913027063	-0.12375427022659	2.50490781822904
-1.05877913027063	-0.12375427022659	2.50490781822904
-0.0077249724613897	0.631820597378309	2.32595874461081
-0.0077249724613897	0.631820597378309	2.32595874461081
-0.748341246575491	0.291905063992639	3.33285396492656
-0.837351620129658	-0.216744906700445	2.65486210665974
-0.837351620129658	-0.216744906700445	2.65486210665974
-0.837351620129658	-0.216744906700445	2.65486210665974
-0.348069427215198	0.00121808323023628	2.83308622200473
-0.348069427215198	0.00121808323023628	2.83308622200473
-0.348069427215198	0.00121808323023628	2.83308622200473
-0.890785665314272	0.0282935729481841	2.85056860151762
0.086074642164685	0.395908145229669	3.20809842703065
-0.639098011891054	0.855283901556451	2.68442112514583
-0.639098011891054	0.855283901556451	2.68442112514583
-1.13743920393604	2.16862569925823	2.15320320689894
-1.13743920393604	2.16862569925823	2.15320320689894
-1.91872483537706	1.93076570619374	2.37078109053214
-1.82021461656289	2.05745377937585	2.2648924758337
