1	1	1
2.19708906278452	0.259980874887715	1.82022234724163
1.94288837324433	0.614760069420884	1.62307017545237
1.94288837324433	0.614760069420884	1.62307017545237
1.94288837324433	0.614760069420884	1.62307017545237
1.94288837324433	0.614760069420884	1.62307017545237
1.94288837324433	0.614760069420884	1.62307017545237
1.48911435313847	0.312385357461541	2.12200686058197
1.8840281271693	-0.0228388918742784	1.80868553168516
2.17256932204005	0.0292644786760141	1.49773511433403
1.29284025502719	0.456837285340946	1.65447088302358
1.29284025502719	0.456837285340946	1.65447088302358
1.29284025502719	0.456837285340946	1.65447088302358
1.29284025502719	0.456837285340946	1.65447088302358
1.29284025502719	0.456837285340946	1.65447088302358
1.29284025502719	0.456837285340946	1.65447088302358
1.29284025502719	0.456837285340946	1.65447088302358
1.21346786653475	1.15105278421302	2.16064837984526
1.21346786653475	1.15105278421302	2.16064837984526
1.21346786653475	1.15105278421302	2.16064837984526
0.819116225801241	0.443390152142413	2.05765486193863
0.819116225801241	0.443390152142413	2.05765486193863
0.819116225801241	0.443390152142413	2.05765486193863
1.34352676599071	1.29444836158006	2.44616871078997
1.07649489207565	1.49364068628263	2.16946199301926
1.07649489207565	1.49364068628263	2.16946199301926
1.07649489207565	1.49364068628263	2.16946199301926
1.07649489207565	1.49364068628263	2.16946199301926
0.923557408822123	1.18614224025404	2.06379546670262
1.25805843329442	0.523913711436281	1.42098011942397
1.25805843329442	0.523913711436281	1.42098011942397
1.11263045376009	0.280815071101372	1.51613592170478
1.11263045376009	0.280815071101372	1.51613592170478
1.11263045376009	0.280815071101372	1.51613592170478
0.974818915422925	0.75777853788875	1.10741338645657
0.974818915422925	0.75777853788875	1.10741338645657
0.974818915422925	0.75777853788875	1.10741338645657
0.336335066153586	0.638852522664423	0.951493777107292
0.336335066153586	0.638852522664423	0.951493777107292
0.336335066153586	0.638852522664423	0.951493777107292
-0.38128332656717	0.936551827337306	1.05255831102157
0.0640333899926548	1.0696862130638	1.37492384876394
0.0640333899926548	1.0696862130638	1.37492384876394
0.564414402020987	-0.143568788568621	1.54625849197031
0.564414402020987	-0.143568788568621	1.54625849197031
-0.270522605591713	0.50167664470244	1.32647569388759
-0.114013659642237	0.143559705140668	1.12710823126707
-0.114013659642237	0.143559705140668	1.12710823126707
-0.114013659642237	0.143559705140668	1.12710823126707
-0.114013659642237	0.143559705140668	1.12710823126707
-0.114013659642237	0.143559705140668	1.12710823126707
-0.114013659642237	0.143559705140668	1.12710823126707
-0.0967639212982999	0.251810943178327	1.93680126555039
-0.0967639212982999	0.251810943178327	1.93680126555039
0.199986396736453	0.0623046518839186	1.59011318731454
0.199986396736453	0.0623046518839186	1.59011318731454
0.199986396736453	0.0623046518839186	1.59011318731454
0.199986396736453	0.0623046518839186	1.59011318731454
0.0722140235264237	0.117474621782753	2.30420216279751
0.0722140235264237	0.117474621782753	2.30420216279751
0.0722140235264237	0.117474621782753	2.30420216279751
0.0722140235264237	0.117474621782753	2.30420216279751
0.0722140235264237	0.117474621782753	2.30420216279751
0.0722140235264237	0.117474621782753	2.30420216279751
0.0722140235264237	0.117474621782753	2.30420216279751
0.0722140235264237	0.117474621782753	2.30420216279751
0.474651275865202	0.704863076191261	2.29495658935788
0.756064506943041	0.458669690450735	2.43265094566311
0.756064506943041	0.458669690450735	2.43265094566311
0.756064506943041	0.458669690450735	2.43265094566311
0.756064506943041	0.458669690450735	2.43265094566311
-0.324173580209266	0.276551356489972	2.7852032811637
-1.14197760830318	0.62259181379898	2.00666569181526
-1.14197760830318	0.62259181379898	2.00666569181526
-0.252972495084666	-0.381553537953569	1.55038938906772
-0.457843355511717	0.203160978107625	1.39243236949846
-1.00762387723947	1.01901645708549	1.23629734846966
-1.58024683685254	0.705399786063601	1.27022786734319
-2.07135678176962	0.774986272206875	0.948118312165464
-2.07135678176962	0.774986272206875	0.948118312165464
-1.97120452290664	0.267362917295858	0.683733155203635
-1.97120452290664	0.267362917295858	0.683733155203635
-1.89858831911094	-0.0773468735319355	1.92639200943053
-1.89858831911094	-0.0773468735319355	1.92639200943053
-2.30383466468373	0.530959522750141	1.45083530692276
-2.30383466468373	0.530959522750141	1.45083530692276
-2.37308579585302	0.25516863875595	1.45899087899893
-2.37308579585302	0.25516863875595	1.45899087899893
-2.37308579585302	0.25516863875595	1.45899087899893
-2.37308579585302	0.25516863875595	1.45899087899893
-2.37308579585302	0.25516863875595	1.45899087899893
-2.03988365566484	1.12611922454095	1.78646277789053
-2.03988365566484	1.12611922454095	1.78646277789053
-2.03988365566484	1.12611922454095	1.78646277789053
-2.03988365566484	1.12611922454095	1.78646277789053
-2.03988365566484	1.12611922454095	1.78646277789053
-2.03988365566484	1.12611922454095	1.78646277789053
-2.03622884089246	0.796990527830123	2.34210874282614
-2.53016410031782	0.0723578930202533	2.41529466586698
-2.41288744066836	0.40739453349863	2.17178441782265
-2.12051140107339	1.30811600154938	2.42993321208205
-2.12051140107339	1.30811600154938	2.42993321208205
-1.17949760823219	1.32628920197839	3.23168609020657
-1.17949760823219	1.32628920197839	3.23168609020657
-1.17949760823219	1.32628920197839	3.23168609020657
-1.8061931718124	0.72607773763219	1.9677106065447
-1.8061931718124	0.72607773763219	1.9677106065447
-2.05618152592089	1.06731023412162	2.42257436587603
-1.94860339178078	0.647679636640966	2.69659469830329
-1.94860339178078	0.647679636640966	2.69659469830329
-0.989421489153154	1.18949667853184	2.78370101669997
-0.989421489153154	1.18949667853184	2.78370101669997
-0.69358562635978	0.692859459171014	2.38162059369165
-0.546747215766581	1.61814507590475	2.33706204938085
-0.830725073198116	1.09026940124099	1.59724869296142
-0.187420118885458	0.661499607417086	1.44006158217744
-0.339551310293246	0.253693194017889	2.31074316393642
-0.339551310293246	0.253693194017889	2.31074316393642
-0.942704427604045	0.679035311849407	2.08984646214247
-0.942704427604045	0.679035311849407	2.08984646214247
-0.942704427604045	0.679035311849407	2.08984646214247
-0.942704427604045	0.679035311849407	2.08984646214247
-0.942704427604045	0.679035311849407	2.08984646214247
-1.69005717661765	1.54674303009265	2.38320309437355
-0.765061950663871	2.02547501461023	3.10031039520607
-0.765061950663871	2.02547501461023	3.10031039520607
-0.765061950663871	2.02547501461023	3.10031039520607
-0.320309277113527	1.09258277925507	1.58124987353453
-1.08649807151779	1.49470503841122	1.13345042537626
-1.08649807151779	1.49470503841122	1.13345042537626
-1.08649807151779	1.49470503841122	1.13345042537626
-1.11768379261283	0.275797458001699	0.173736195581808
-1.02127114749614	-0.112583356118145	0.79214563877355
-0.653852467117921	-0.0623438522312347	2.14030564960549
-1.00917003544522	1.19520620425932	2.5910222148058
-2.11239579930662	1.49185548388696	2.94444198986308
-2.11239579930662	1.49185548388696	2.94444198986308
-2.11239579930662	1.49185548388696	2.94444198986308
-1.07051604159529	0.575772687425562	2.84010166389463
-0.528684825575667	0.62006567494622	2.36626334895016
-0.528684825575667	0.62006567494622	2.36626334895016
-0.528684825575667	0.62006567494622	2.36626334895016
-0.528684825575667	0.62006567494622	2.36626334895016
-0.528684825575667	0.62006567494622	2.36626334895016
-0.0744284664985251	0.159454636803326	1.78451028262084
-0.0744284664985251	0.159454636803326	1.78451028262084
-0.0744284664985251	0.159454636803326	1.78451028262084
-0.0744284664985251	0.159454636803326	1.78451028262084
-0.293899408383582	0.806512425034093	1.39219479103332
-0.293899408383582	0.806512425034093	1.39219479103332
-0.293899408383582	0.806512425034093	1.39219479103332
-0.293899408383582	0.806512425034093	1.39219479103332
-0.293899408383582	0.806512425034093	1.39219479103332
-0.293899408383582	0.806512425034093	1.39219479103332
-0.293899408383582	0.806512425034093	1.39219479103332
0.0633152897004859	-0.191618509037266	1.61846335424271
0.0633152897004859	-0.191618509037266	1.61846335424271
-1.01286115097116	0.904641968252816	1.74568062676686
-1.01286115097116	0.904641968252816	1.74568062676686
-1.01286115097116	0.904641968252816	1.74568062676686
-1.01286115097116	0.904641968252816	1.74568062676686
-1.01286115097116	0.904641968252816	1.74568062676686
-1.01286115097116	0.904641968252816	1.74568062676686
-1.01286115097116	0.904641968252816	1.74568062676686
-1.01286115097116	0.904641968252816	1.74568062676686
-1.44823370419037	0.892881879653496	2.00333825727141
-1.00853460164719	0.533161518806533	1.26804161568965
-1.00853460164719	0.533161518806533	1.26804161568965
-1.00853460164719	0.533161518806533	1.26804161568965
-1.00853460164719	0.533161518806533	1.26804161568965
-1.23284851708743	-0.269526148505929	1.13064069576771
-1.23284851708743	-0.269526148505929	1.13064069576771
-1.23284851708743	-0.269526148505929	1.13064069576771
-1.23284851708743	-0.269526148505929	1.13064069576771
-1.89131017003169	0.158121141767332	1.12984548083218
-1.95860696807963	0.340508128753002	1.60300320959854
-1.53022101431235	0.840859636370924	1.97700611377988
-1.53022101431235	0.840859636370924	1.97700611377988
-0.603903328469561	-0.243219335076219	2.10799558527561
-0.651547442139008	-0.160211380480959	1.45968431902085
-0.651547442139008	-0.160211380480959	1.45968431902085
-0.651547442139008	-0.160211380480959	1.45968431902085
-0.651547442139008	-0.160211380480959	1.45968431902085
-0.651547442139008	-0.160211380480959	1.45968431902085
-0.651547442139008	-0.160211380480959	1.45968431902085
-0.941151593341529	0.651880557435506	0.890596961723636
-0.941151593341529	0.651880557435506	0.890596961723636
-1.09432349811688	0.411195086767285	1.064701643957
-1.09432349811688	0.411195086767285	1.064701643957
-1.09432349811688	0.411195086767285	1.064701643957
-1.09432349811688	0.411195086767285	1.064701643957
-1.09432349811688	0.411195086767285	1.064701643957
-0.664684053060662	1.08137470290209	1.08531961776539
-0.770105721549141	1.81345364249318	2.56041033034911
-1.73581496882654	1.67997909255894	2.43321270638779
-1.26429565670403	1.81529775201971	2.41227190770558
-1.26429565670403	1.81529775201971	2.41227190770558
-1.69902639902219	1.89316144314822	1.938000645957
-1.69902639902219	1.89316144314822	1.938000645957
-1.79997132199206	1.290304172632	0.711783399294518
