1	1	1
0.48881503152091	1.01611019120691	2.32399220030173
-0.133588476896275	0.574606066304856	2.78299250884831
-0.960140879883197	0.540428271595329	2.52790971862242
-0.960140879883197	0.540428271595329	2.52790971862242
-0.960140879883197	0.540428271595329	2.52790971862242
-0.579161566944452	0.681279256226869	2.29145725311444
0.923125788163859	0.507237238457367	2.28739807981763
1.11621263073575	1.23803350730328	2.4016113355784
1.11621263073575	1.23803350730328	2.4016113355784
1.20614391169219	0.995067067840878	2.55373986506487
1.20614391169219	0.995067067840878	2.55373986506487
1.20614391169219	0.995067067840878	2.55373986506487
1.35703090159652	0.916911979324038	2.81206973890058
1.35703090159652	0.916911979324038	2.81206973890058
0.647157327609762	-0.357556220461639	2.31887843002075
-0.0848539910662878	0.141171479658403	2.3115836582291
-0.0848539910662878	0.141171479658403	2.3115836582291
-0.0848539910662878	0.141171479658403	2.3115836582291
-1.66785929092954	1.54496373065598	1.99782110347998
-1.69923715192528	1.07178022046695	2.09179154537286
-1.69923715192528	1.07178022046695	2.09179154537286
-1.69923715192528	1.07178022046695	2.09179154537286
-1.26195219038388	1.42376770342193	1.79494182610272
-1.26195219038388	1.42376770342193	1.79494182610272
-1.26195219038388	1.42376770342193	1.79494182610272
-1.26195219038388	1.42376770342193	1.79494182610272
-1.26195219038388	1.42376770342193	1.79494182610272
-1.26195219038388	1.42376770342193	1.79494182610272
-1.26195219038388	1.42376770342193	1.79494182610272
-1.26195219038388	1.42376770342193	1.79494182610272
-1.76537507285629	1.2028647212064	1.6921936553278
-1.76537507285629	1.2028647212064	1.6921936553278
-1.76537507285629	1.2028647212064	1.6921936553278
-1.63595691936351	0.248623920503126	2.27021505628535
-1.63595691936351	0.248623920503126	2.27021505628535
-1.63595691936351	0.248623920503126	2.27021505628535
-1.63595691936351	0.248623920503126	2.27021505628535
-1.63595691936351	0.248623920503126	2.27021505628535
-1.63595691936351	0.248623920503126	2.27021505628535
-2.0075164879709	0.236269398120318	1.92468578807406
-1.41685271383791	1.07584639607083	1.96114074176586
-1.41685271383791	1.07584639607083	1.96114074176586
-1.41685271383791	1.07584639607083	1.96114074176586
-1.41685271383791	1.07584639607083	1.96114074176586
-1.14233621428439	1.09920254383734	2.40801095066104
-1.14233621428439	1.09920254383734	2.40801095066104
-2.10831762149809	0.775471717676093	3.08044331458328
-1.9672447723059	0.878474111457972	2.84983902242399
-0.574391326131381	0.466732453797303	2.94210302999211
-0.574391326131381	0.466732453797303	2.94210302999211
-0.87011692501691	0.859310160403492	2.35366281522551
-0.87011692501691	0.859310160403492	2.35366281522551
-0.87011692501691	0.859310160403492	2.35366281522551
-0.87011692501691	0.859310160403492	2.35366281522551
-0.87011692501691	0.859310160403492	2.35366281522551
-0.604406012998485	0.969981643322569	2.41897961934418
-0.604406012998485	0.969981643322569	2.41897961934418
-0.604406012998485	0.969981643322569	2.41897961934418
-1.61771188580989	0.698031531854711	2.81645009936669
-1.43744337149284	0.505807442911799	3.03011982085902
-0.885639310265258	0.184042479720382	2.83648401813715
-0.885639310265258	0.184042479720382	2.83648401813715
-0.785708467122787	0.949856489878085	2.14419983028327
-1.69358484719152	1.42471556321784	2.52300877579892
-1.69358484719152	1.42471556321784	2.52300877579892
-1.76013154592904	1.48973894094411	2.58472022297527
-1.30381299000334	1.44585165670216	2.62481837143571
-1.03541475553709	0.938299218265532	2.39564648196529
-1.03541475553709	0.938299218265532	2.39564648196529
-1.03541475553709	0.938299218265532	2.39564648196529
-1.03541475553709	0.938299218265532	2.39564648196529
-1.03541475553709	0.938299218265532	2.39564648196529
-1.03541475553709	0.938299218265532	2.39564648196529
-1.03541475553709	0.938299218265532	2.39564648196529
-1.03541475553709	0.938299218265532	2.39564648196529
-1.03541475553709	0.938299218265532	2.39564648196529
-1.03541475553709	0.938299218265532	2.39564648196529
-1.03541475553709	0.938299218265532	2.39564648196529
-1.03541475553709	0.938299218265532	2.39564648196529
-1.29601042375915	0.691174345557591	2.43684965008691
-1.29601042375915	0.691174345557591	2.43684965008691
-1.29601042375915	0.691174345557591	2.43684965008691
-1.29601042375915	0.691174345557591	2.43684965008691
-1.29601042375915	0.691174345557591	2.43684965008691
-0.790447953802565	0.987315696984646	2.27574546848081
-0.790447953802565	0.987315696984646	2.27574546848081
-0.790447953802565	0.987315696984646	2.27574546848081
-1.35181554506302	1.31936651756064	2.16536600741209
-0.967221177626169	1.13340005476509	2.25038112977615
-0.967221177626169	1.13340005476509	2.25038112977615
-0.653705852563599	0.139101576609212	2.62649079151893
-0.653705852563599	0.139101576609212	2.62649079151893
-0.653705852563599	0.139101576609212	2.62649079151893
-0.653705852563599	0.139101576609212	2.62649079151893
-0.234304470429897	0.675417953793834	3.00498243164134
-0.234304470429897	0.675417953793834	3.00498243164134
-0.234304470429897	0.675417953793834	3.00498243164134
-0.234304470429897	0.675417953793834	3.00498243164134
-1.30779704480982	1.13897299840874	3.11607518064946
-1.30779704480982	1.13897299840874	3.11607518064946
-1.30779704480982	1.13897299840874	3.11607518064946
-1.36316623502755	1.09330268251554	3.19040425065655
-1.36316623502755	1.09330268251554	3.19040425065655
-1.38219634198034	1.34331081478584	3.4069620946961
-1.21717117431233	1.57850067883989	3.38777758106503
-1.21717117431233	1.57850067883989	3.38777758106503
-1.21717117431233	1.57850067883989	3.38777758106503
-0.779381157986932	1.78693076872214	3.4909629020233
-0.779381157986932	1.78693076872214	3.4909629020233
-0.779381157986932	1.78693076872214	3.4909629020233
-0.779381157986932	1.78693076872214	3.4909629020233
-0.779381157986932	1.78693076872214	3.4909629020233
-0.779381157986932	1.78693076872214	3.4909629020233
-1.73162858496246	1.74190610953549	4.069899322876
-1.73162858496246	1.74190610953549	4.069899322876
-1.73162858496246	1.74190610953549	4.069899322876
-0.912125586176758	1.88256108932309	3.79941046841406
-0.912125586176758	1.88256108932309	3.79941046841406
-0.912125586176758	1.88256108932309	3.79941046841406
-0.912125586176758	1.88256108932309	3.79941046841406
-0.912125586176758	1.88256108932309	3.79941046841406
-1.19216923386529	1.47061653736377	4.61477635425326
-1.19216923386529	1.47061653736377	4.61477635425326
-1.19216923386529	1.47061653736377	4.61477635425326
-1.51102897351798	0.975171825040593	4.59193033442822
-1.51102897351798	0.975171825040593	4.59193033442822
-1.66853681531748	1.25085984490707	4.54274842651441
-1.66853681531748	1.25085984490707	4.54274842651441
-0.818801885841339	-0.249811302335589	4.91684940027393
-0.818801885841339	-0.249811302335589	4.91684940027393
-0.932601335833108	-0.371081022102819	4.52715959910693
-0.722626949036744	-0.383312162595602	4.85019479696486
-0.722626949036744	-0.383312162595602	4.85019479696486
-0.722626949036744	-0.383312162595602	4.85019479696486
-1.04895391271198	1.57614313560573	4.37871727314158
-1.04895391271198	1.57614313560573	4.37871727314158
-1.04895391271198	1.57614313560573	4.37871727314158
-1.04895391271198	1.57614313560573	4.37871727314158
-1.04895391271198	1.57614313560573	4.37871727314158
-1.04895391271198	1.57614313560573	4.37871727314158
-1.04895391271198	1.57614313560573	4.37871727314158
-0.713704761180615	1.51924869393767	3.91459185198232
-0.713704761180615	1.51924869393767	3.91459185198232
-0.713704761180615	1.51924869393767	3.91459185198232
0.0779448806349032	1.58352038542637	3.8944000998301
-0.635983214942937	0.55145514560232	4.87278908527784
-0.0104910998236544	1.06437044844557	5.00054939837379
-0.0104910998236544	1.06437044844557	5.00054939837379
-0.0104910998236544	1.06437044844557	5.00054939837379
0.273749249859281	0.26704854533745	4.81756324590192
0.273749249859281	0.26704854533745	4.81756324590192
-1.31082045264987	0.324461983472704	4.53023402786777
-1.35924830099896	0.501536805949575	4.12564096171281
0.274936180226906	0.130056749101143	3.74463526564047
0.274936180226906	0.130056749101143	3.74463526564047
0.274936180226906	0.130056749101143	3.74463526564047
0.274936180226906	0.130056749101143	3.74463526564047
0.274936180226906	0.130056749101143	3.74463526564047
0.274936180226906	0.130056749101143	3.74463526564047
0.274936180226906	0.130056749101143	3.74463526564047
0.274936180226906	0.130056749101143	3.74463526564047
0.274936180226906	0.130056749101143	3.74463526564047
0.0177332124244887	-0.116816712694508	3.32499626267299
-0.650995692054063	0.289831427338558	3.43549777685019
-0.650995692054063	0.289831427338558	3.43549777685019
-0.613555129990179	0.29659142866029	3.30981280259241
-2.35766527671297	1.9296138338082	3.44561350478037
-2.35766527671297	1.9296138338082	3.44561350478037
-1.58137350119162	1.72319368645899	3.61834278623647
-1.58137350119162	1.72319368645899	3.61834278623647
0.120407212392402	1.55616082161806	3.42093038873354
-1.62741844451695	1.24749036315924	4.31877676948874
-0.453541225932017	0.471601866140991	4.50812078268272
-0.453541225932017	0.471601866140991	4.50812078268272
0.471424595517768	0.760503267723401	3.91519644937122
0.471424595517768	0.760503267723401	3.91519644937122
-0.248083057708488	0.278073145225955	4.47077580117589
0.165553821741593	0.0873088479629118	3.70083679699088
0.165553821741593	0.0873088479629118	3.70083679699088
0.00759003401671521	0.916128424829783	3.32587554523274
0.00759003401671521	0.916128424829783	3.32587554523274
-1.65270526365415	1.03755840728274	4.02145191573242
-1.65270526365415	1.03755840728274	4.02145191573242
-1.65270526365415	1.03755840728274	4.02145191573242
-1.65270526365415	1.03755840728274	4.02145191573242
-1.65270526365415	1.03755840728274	4.02145191573242
-1.65270526365415	1.03755840728274	4.02145191573242
-2.79178831022455	0.300903118772629	4.50108084816307
-2.79178831022455	0.300903118772629	4.50108084816307
-2.10925998835039	0.818082859940851	4.29336363185347
-1.6131015480579	1.12644184429289	4.33973889611893
-1.6131015480579	1.12644184429289	4.33973889611893
-1.52924513587948	0.63591232600283	4.45991272529534
-1.70331615595342	0.48991660089759	4.57870779674572
-1.80381893441014	0.736248458323562	4.38079890014753
-1.80381893441014	0.736248458323562	4.38079890014753
0.0588262553963279	0.00300118752904921	4.32697162675381
0.0588262553963279	0.00300118752904921	4.32697162675381
0.0588262553963279	0.00300118752904921	4.32697162675381
