1	1	1
2.14103542485747	-0.422226357507909	0.733522300785801
2.14103542485747	-0.422226357507909	0.733522300785801
2.6237010865607	0.688513297910315	0.476634281599735
2.6237010865607	0.688513297910315	0.476634281599735
1.14589984530698	1.30304723481456	0.856492306454877
1.14589984530698	1.30304723481456	0.856492306454877
1.14589984530698	1.30304723481456	0.856492306454877
2.69869616805697	0.060282724180972	0.688685812023238
2.69869616805697	0.060282724180972	0.688685812023238
2.69869616805697	0.060282724180972	0.688685812023238
1.74023495570858	0.86212531326219	1.17802120431393
1.74023495570858	0.86212531326219	1.17802120431393
1.74023495570858	0.86212531326219	1.17802120431393
1.74023495570858	0.86212531326219	1.17802120431393
1.74023495570858	0.86212531326219	1.17802120431393
1.74023495570858	0.86212531326219	1.17802120431393
1.74023495570858	0.86212531326219	1.17802120431393
0.0611457104677695	0.200288649555402	1.66125323537693
0.0611457104677695	0.200288649555402	1.66125323537693
0.0611457104677695	0.200288649555402	1.66125323537693
0.0611457104677695	0.200288649555402	1.66125323537693
0.0611457104677695	0.200288649555402	1.66125323537693
0.0611457104677695	0.200288649555402	1.66125323537693
0.216189555358247	-0.00714345529105412	1.46207069383282
0.216189555358247	-0.00714345529105412	1.46207069383282
0.216189555358247	-0.00714345529105412	1.46207069383282
0.216189555358247	-0.00714345529105412	1.46207069383282
0.216189555358247	-0.00714345529105412	1.46207069383282
0.216189555358247	-0.00714345529105412	1.46207069383282
0.216189555358247	-0.00714345529105412	1.46207069383282
0.216189555358247	-0.00714345529105412	1.46207069383282
0.216189555358247	-0.00714345529105412	1.46207069383282
0.216189555358247	-0.00714345529105412	1.46207069383282
0.0823753989605316	0.306216659392203	1.63692386302542
0.0823753989605316	0.306216659392203	1.63692386302542
0.0823753989605316	0.306216659392203	1.63692386302542
0.0823753989605316	0.306216659392203	1.63692386302542
-0.737638146237315	0.396005528469109	1.1558889530981
-0.484916198995925	0.638355895360569	1.25527999674401
-0.484916198995925	0.638355895360569	1.25527999674401
-0.484916198995925	0.638355895360569	1.25527999674401
-0.755030596781677	0.0961775110581875	2.14663230698289
-0.755030596781677	0.0961775110581875	2.14663230698289
-0.755030596781677	0.0961775110581875	2.14663230698289
-0.755030596781677	0.0961775110581875	2.14663230698289
-1.64648564568733	0.101542694127908	1.88377463890992
-2.08165946432067	0.255047201418933	1.89304517575323
-0.671056066825464	0.827424576690778	2.37982085775361
-0.671056066825464	0.827424576690778	2.37982085775361
-0.579711892837981	1.2287345554025	2.31697814616801
-0.579711892837981	1.2287345554025	2.31697814616801
-0.579711892837981	1.2287345554025	2.31697814616801
-0.579711892837981	1.2287345554025	2.31697814616801
-0.579711892837981	1.2287345554025	2.31697814616801
-0.579711892837981	1.2287345554025	2.31697814616801
-0.579711892837981	1.2287345554025	2.31697814616801
-0.579711892837981	1.2287345554025	2.31697814616801
-0.579711892837981	1.2287345554025	2.31697814616801
-0.579711892837981	1.2287345554025	2.31697814616801
-0.343031362903969	1.3028980924912	2.15330964224048
-0.393898258904223	0.879682099800902	2.42465874942727
-0.981437415252712	1.76173458811736	2.32330426654302
-0.011520376733464	1.3445255971376	1.83707510560837
-0.011520376733464	1.3445255971376	1.83707510560837
-0.011520376733464	1.3445255971376	1.83707510560837
-0.011520376733464	1.3445255971376	1.83707510560837
-0.011520376733464	1.3445255971376	1.83707510560837
-0.011520376733464	1.3445255971376	1.83707510560837
-0.011520376733464	1.3445255971376	1.83707510560837
0.519173637696852	0.612471582345185	2.53494234462814
0.519173637696852	0.612471582345185	2.53494234462814
0.519173637696852	0.612471582345185	2.53494234462814
0.519173637696852	0.612471582345185	2.53494234462814
0.519173637696852	0.612471582345185	2.53494234462814
-0.652892534601226	0.628276375904598	2.44521101745463
0.0269122460838233	-0.251577901904753	3.01912681080997
-0.971731390162277	1.24943429899544	3.18228473008311
-0.971731390162277	1.24943429899544	3.18228473008311
-0.971731390162277	1.24943429899544	3.18228473008311
-0.971731390162277	1.24943429899544	3.18228473008311
0.0053455296361753	1.62569652559887	3.11764059827342
0.0053455296361753	1.62569652559887	3.11764059827342
0.0053455296361753	1.62569652559887	3.11764059827342
0.0053455296361753	1.62569652559887	3.11764059827342
0.0053455296361753	1.62569652559887	3.11764059827342
0.0053455296361753	1.62569652559887	3.11764059827342
0.0053455296361753	1.62569652559887	3.11764059827342
0.0053455296361753	1.62569652559887	3.11764059827342
0.0053455296361753	1.62569652559887	3.11764059827342
0.231132947825577	0.854509317429942	3.50279257099655
0.231132947825577	0.854509317429942	3.50279257099655
0.231132947825577	0.854509317429942	3.50279257099655
-0.414549185615975	1.03795429648924	3.11777571437774
-0.414549185615975	1.03795429648924	3.11777571437774
-0.414549185615975	1.03795429648924	3.11777571437774
-0.414549185615975	1.03795429648924	3.11777571437774
-0.414549185615975	1.03795429648924	3.11777571437774
0.0533699161981075	-0.0543174203357641	3.17109360421987
-0.870575993631712	0.380116567377019	2.81154877145329
-1.38714757952511	0.307619517787523	2.59887957987283
-1.48331402627319	0.866389116199382	3.16085538457484
-0.820815014993518	0.549905419811155	2.25145561959908
-0.932603767654708	0.51740058899419	1.96545382660256
-1.34507855563209	0.965334859487836	2.08583856681899
-2.21538068012423	1.19925369788077	2.93659928584842
-2.21538068012423	1.19925369788077	2.93659928584842
-2.21538068012423	1.19925369788077	2.93659928584842
-2.21538068012423	1.19925369788077	2.93659928584842
-2.21538068012423	1.19925369788077	2.93659928584842
-2.21538068012423	1.19925369788077	2.93659928584842
-0.487420406657998	0.364407587121824	3.3751269944315
-0.487420406657998	0.364407587121824	3.3751269944315
-0.487420406657998	0.364407587121824	3.3751269944315
-0.487420406657998	0.364407587121824	3.3751269944315
-0.487420406657998	0.364407587121824	3.3751269944315
-0.487420406657998	0.364407587121824	3.3751269944315
-0.487420406657998	0.364407587121824	3.3751269944315
-1.133298406171	-0.0611289178612405	3.26221506884954
-1.133298406171	-0.0611289178612405	3.26221506884954
-1.133298406171	-0.0611289178612405	3.26221506884954
-1.133298406171	-0.0611289178612405	3.26221506884954
-1.133298406171	-0.0611289178612405	3.26221506884954
-1.133298406171	-0.0611289178612405	3.26221506884954
-1.133298406171	-0.0611289178612405	3.26221506884954
-1.133298406171	-0.0611289178612405	3.26221506884954
-1.133298406171	-0.0611289178612405	3.26221506884954
-1.133298406171	-0.0611289178612405	3.26221506884954
-1.133298406171	-0.0611289178612405	3.26221506884954
-1.133298406171	-0.0611289178612405	3.26221506884954
-1.133298406171	-0.0611289178612405	3.26221506884954
-1.133298406171	-0.0611289178612405	3.26221506884954
-1.133298406171	-0.0611289178612405	3.26221506884954
-1.133298406171	-0.0611289178612405	3.26221506884954
-1.133298406171	-0.0611289178612405	3.26221506884954
-1.133298406171	-0.0611289178612405	3.26221506884954
-1.133298406171	-0.0611289178612405	3.26221506884954
-1.133298406171	-0.0611289178612405	3.26221506884954
-1.1645322297514	-0.222804138719034	2.52687837158888
-1.18950131772989	0.714470552433363	3.38616740018909
-0.15778074507723	0.981967099190095	2.04926004821172
-0.15778074507723	0.981967099190095	2.04926004821172
-0.15778074507723	0.981967099190095	2.04926004821172
-0.15778074507723	0.981967099190095	2.04926004821172
-0.15778074507723	0.981967099190095	2.04926004821172
-0.15778074507723	0.981967099190095	2.04926004821172
-0.15778074507723	0.981967099190095	2.04926004821172
-0.352446769324194	1.39820360376234	2.22888254665754
-0.352446769324194	1.39820360376234	2.22888254665754
-1.0093651992912	1.16607842019013	1.81323058319463
-1.0093651992912	1.16607842019013	1.81323058319463
-1.0093651992912	1.16607842019013	1.81323058319463
-1.0093651992912	1.16607842019013	1.81323058319463
-0.456148204261097	0.870184049723704	1.7194749301232
-0.456148204261097	0.870184049723704	1.7194749301232
-0.456148204261097	0.870184049723704	1.7194749301232
-0.456148204261097	0.870184049723704	1.7194749301232
-0.456148204261097	0.870184049723704	1.7194749301232
-0.804849060135918	0.56572606808505	2.44369255466772
-0.804849060135918	0.56572606808505	2.44369255466772
-0.804849060135918	0.56572606808505	2.44369255466772
-0.804849060135918	0.56572606808505	2.44369255466772
-0.804849060135918	0.56572606808505	2.44369255466772
-0.804849060135918	0.56572606808505	2.44369255466772
-0.804849060135918	0.56572606808505	2.44369255466772
-0.804849060135918	0.56572606808505	2.44369255466772
-0.804849060135918	0.56572606808505	2.44369255466772
-0.662790027647424	0.166719095739677	1.80015908879358
-0.932123881697034	-0.970518125872828	1.53015129753365
-0.932123881697034	-0.970518125872828	1.53015129753365
-0.932123881697034	-0.970518125872828	1.53015129753365
-0.154034979322604	0.28009671666096	2.60184188949325
-0.154034979322604	0.28009671666096	2.60184188949325
-0.154034979322604	0.28009671666096	2.60184188949325
-0.154034979322604	0.28009671666096	2.60184188949325
-0.154034979322604	0.28009671666096	2.60184188949325
-0.154034979322604	0.28009671666096	2.60184188949325
-0.154034979322604	0.28009671666096	2.60184188949325
-0.154034979322604	0.28009671666096	2.60184188949325
-0.154034979322604	0.28009671666096	2.60184188949325
-0.340943850175992	0.544228073219362	2.10371989064937
-0.340943850175992	0.544228073219362	2.10371989064937
-1.69483726444557	1.27157469391687	2.11484105590508
-0.980872098903993	0.388246871913198	2.65748206420487
-0.980872098903993	0.388246871913198	2.65748206420487
-0.980872098903993	0.388246871913198	2.65748206420487
-0.980872098903993	0.388246871913198	2.65748206420487
-0.980872098903993	0.388246871913198	2.65748206420487
-0.980872098903993	0.388246871913198	2.65748206420487
-0.980872098903993	0.388246871913198	2.65748206420487
-0.980872098903993	0.388246871913198	2.65748206420487
-0.980872098903993	0.388246871913198	2.65748206420487
-0.980872098903993	0.388246871913198	2.65748206420487
-0.980872098903993	0.388246871913198	2.65748206420487
-0.980872098903993	0.388246871913198	2.65748206420487
-0.980872098903993	0.388246871913198	2.65748206420487
-0.980872098903993	0.388246871913198	2.65748206420487
-0.980872098903993	0.388246871913198	2.65748206420487
-0.980872098903993	0.388246871913198	2.65748206420487
-0.980872098903993	0.388246871913198	2.65748206420487
