1	1	1
1.85116221782433	1.00825035636597	0.437852120296078
1.85116221782433	1.00825035636597	0.437852120296078
1.85116221782433	1.00825035636597	0.437852120296078
1.81908695179157	0.855966739040018	0.513208841102192
1.60412035975489	0.3951738266905	0.839706380814442
1.75334245202257	0.794891058486665	0.739526150103502
1.41229935656251	1.05786085318583	0.475727705203003
1.75289538532846	0.842313679463314	0.76499847236455
1.07831758867433	0.782683451117075	0.599418201006592
0.467817950871215	0.877479632064117	0.806549099266168
0.541847687725988	1.06378859044257	0.497721516257219
0.541847687725988	1.06378859044257	0.497721516257219
0.192798725616431	0.951847063200709	0.449635970678604
0.192798725616431	0.951847063200709	0.449635970678604
0.12309925880004	1.51855368339623	0.536489925085857
0.12309925880004	1.51855368339623	0.536489925085857
0.619757706834198	1.01739400097984	0.487219459406701
0.724054296095881	1.549743901072	1.5340983113746
0.724054296095881	1.549743901072	1.5340983113746
0.724054296095881	1.549743901072	1.5340983113746
0.2112594521491	0.709311820455073	1.22430681896623
-0.283081869330912	0.68305204652336	1.39283750077825
-1.27752341109781	0.38155741771532	0.942489107523229
-0.632125072881648	0.395260668529671	2.00603061857849
-0.632125072881648	0.395260668529671	2.00603061857849
-1.44322854889919	1.20460410155706	2.07253811452395
-1.44322854889919	1.20460410155706	2.07253811452395
-1.44322854889919	1.20460410155706	2.07253811452395
-1.39608965123916	0.768995529829097	2.12421134336307
-1.39608965123916	0.768995529829097	2.12421134336307
-1.39608965123916	0.768995529829097	2.12421134336307
-1.39608965123916	0.768995529829097	2.12421134336307
-1.19841146165428	1.07779027398298	2.58153345526207
-1.19841146165428	1.07779027398298	2.58153345526207
-1.19841146165428	1.07779027398298	2.58153345526207
-1.19841146165428	1.07779027398298	2.58153345526207
-1.19841146165428	1.07779027398298	2.58153345526207
-1.19841146165428	1.07779027398298	2.58153345526207
-1.19841146165428	1.07779027398298	2.58153345526207
-1.19841146165428	1.07779027398298	2.58153345526207
-1.19841146165428	1.07779027398298	2.58153345526207
-1.65768986347891	0.468611037915878	2.21135305275018
-1.61862126563762	0.429168836496943	1.9351567395752
-1.23136039122859	0.649539077954424	1.96956740524625
-1.54700683171753	0.636107135011627	1.89363240353775
-1.27293819186231	-0.790433354381823	1.77755309177033
-1.27293819186231	-0.790433354381823	1.77755309177033
-1.27293819186231	-0.790433354381823	1.77755309177033
-1.27293819186231	-0.790433354381823	1.77755309177033
0.00768661950274141	0.71328275659387	3.02180752820225
0.00768661950274141	0.71328275659387	3.02180752820225
0.00768661950274141	0.71328275659387	3.02180752820225
-1.37178850908447	0.278045626965775	2.45895525467544
-1.37178850908447	0.278045626965775	2.45895525467544
-1.56474597008199	0.119338143432986	1.90181911072003
-1.71195248730644	-0.129171558740268	1.88233486833049
-1.71195248730644	-0.129171558740268	1.88233486833049
-1.71195248730644	-0.129171558740268	1.88233486833049
-0.341355025843666	0.0160375972335606	2.11302943413373
-0.341355025843666	0.0160375972335606	2.11302943413373
-0.341355025843666	0.0160375972335606	2.11302943413373
-0.341355025843666	0.0160375972335606	2.11302943413373
-0.341355025843666	0.0160375972335606	2.11302943413373
-0.341355025843666	0.0160375972335606	2.11302943413373
-0.341355025843666	0.0160375972335606	2.11302943413373
-0.341355025843666	0.0160375972335606	2.11302943413373
-0.341355025843666	0.0160375972335606	2.11302943413373
0.293086837784927	0.26683815063789	2.4467443075344
0.293086837784927	0.26683815063789	2.4467443075344
0.293086837784927	0.26683815063789	2.4467443075344
0.293086837784927	0.26683815063789	2.4467443075344
0.293086837784927	0.26683815063789	2.4467443075344
0.654663115836341	0.546248726464298	2.78332085625991
0.654663115836341	0.546248726464298	2.78332085625991
0.654663115836341	0.546248726464298	2.78332085625991
0.318436541570676	0.0257447720892183	3.13618546305392
0.318436541570676	0.0257447720892183	3.13618546305392
0.626447982958119	0.421098939300643	3.28398440539045
0.626447982958119	0.421098939300643	3.28398440539045
-0.486106086910347	-0.859473731045043	2.96897247432428
0.469378736225469	1.10626623226776	3.17396441319452
0.469378736225469	1.10626623226776	3.17396441319452
0.134953930912526	1.57290812671413	2.88113789776562
0.134953930912526	1.57290812671413	2.88113789776562
0.134953930912526	1.57290812671413	2.88113789776562
0.134953930912526	1.57290812671413	2.88113789776562
0.061135929454014	1.07325791208694	2.92549992833699
0.061135929454014	1.07325791208694	2.92549992833699
0.061135929454014	1.07325791208694	2.92549992833699
-0.213413278089122	1.31898232840723	1.86587801362062
0.244888148865385	1.38532045602139	2.74480176011566
0.244888148865385	1.38532045602139	2.74480176011566
0.244888148865385	1.38532045602139	2.74480176011566
0.374758267911883	1.61722421398155	3.06320147442228
0.374758267911883	1.61722421398155	3.06320147442228
-0.261876158976299	1.23147598638338	2.72393758119218
-0.261876158976299	1.23147598638338	2.72393758119218
-0.261876158976299	1.23147598638338	2.72393758119218
-0.261876158976299	1.23147598638338	2.72393758119218
-0.118895904498492	1.22275842660724	2.93671038649825
-0.41852904169954	0.994206455006147	2.4398985829496
-0.41852904169954	0.994206455006147	2.4398985829496
-0.41852904169954	0.994206455006147	2.4398985829496
-0.528307119692626	1.79502699504333	3.16791635438394
-1.03048055783154	1.29605024227402	2.04578235427196
-0.0921843738745609	1.01103610836827	2.48931756130719
-0.495447393598264	0.489717331875391	2.97823944690299
-1.15470923260749	0.151776606238644	2.9277846623552
-1.20554477532544	0.106868257517733	2.76162573564611
-1.3093299348325	-0.456448605347209	2.10768826946584
-2.01937801661284	0.159464887201756	2.44967641325856
-2.01937801661284	0.159464887201756	2.44967641325856
-2.01937801661284	0.159464887201756	2.44967641325856
-2.01937801661284	0.159464887201756	2.44967641325856
-0.759711822784341	0.716858893591435	3.15206095679906
-0.77158899513722	0.0647794338886754	3.99685596401006
-0.77158899513722	0.0647794338886754	3.99685596401006
-0.77158899513722	0.0647794338886754	3.99685596401006
-0.707982024497044	0.150710850269659	3.28699796902365
-0.707982024497044	0.150710850269659	3.28699796902365
-0.707982024497044	0.150710850269659	3.28699796902365
-0.707982024497044	0.150710850269659	3.28699796902365
-0.707982024497044	0.150710850269659	3.28699796902365
-1.17802516884334	-0.19574727757371	3.25573496551716
-1.17802516884334	-0.19574727757371	3.25573496551716
-1.27525562280599	0.458083933062016	2.92178220527932
-1.27525562280599	0.458083933062016	2.92178220527932
-1.27525562280599	0.458083933062016	2.92178220527932
-2.28172622760662	-0.767393227056778	2.44172037615306
-2.2538994047188	-0.53493642335754	1.84417250562227
-2.2538994047188	-0.53493642335754	1.84417250562227
-2.2538994047188	-0.53493642335754	1.84417250562227
-2.2538994047188	-0.53493642335754	1.84417250562227
-2.23854722410083	-0.560579373339882	1.70281418955174
-2.28239131924041	-0.0282423172725107	1.7064288037552
-2.28239131924041	-0.0282423172725107	1.7064288037552
-2.29508296323909	-0.267736349528225	2.29720019550659
-2.29508296323909	-0.267736349528225	2.29720019550659
-2.03107206148274	0.198694754778244	2.06952965258955
-2.03107206148274	0.198694754778244	2.06952965258955
-2.03107206148274	0.198694754778244	2.06952965258955
-2.03107206148274	0.198694754778244	2.06952965258955
-2.03107206148274	0.198694754778244	2.06952965258955
-2.03107206148274	0.198694754778244	2.06952965258955
-2.03107206148274	0.198694754778244	2.06952965258955
-2.03107206148274	0.198694754778244	2.06952965258955
-2.03107206148274	0.198694754778244	2.06952965258955
-2.43179457078809	-0.424900977575126	2.65518967579567
-2.43179457078809	-0.424900977575126	2.65518967579567
-2.43179457078809	-0.424900977575126	2.65518967579567
-2.43179457078809	-0.424900977575126	2.65518967579567
-2.43179457078809	-0.424900977575126	2.65518967579567
-2.43179457078809	-0.424900977575126	2.65518967579567
-2.43179457078809	-0.424900977575126	2.65518967579567
-2.43179457078809	-0.424900977575126	2.65518967579567
-1.47739363004506	0.560493396196483	2.78245321820872
-1.00529887853547	0.275828960502527	3.0268063250723
-0.689647381595727	0.867232781360629	2.64586077936887
-0.689647381595727	0.867232781360629	2.64586077936887
-0.689647381595727	0.867232781360629	2.64586077936887
-0.920885460134538	0.290106548624997	2.86912480830098
-0.920885460134538	0.290106548624997	2.86912480830098
-0.540859394550773	0.660175210457558	3.5845130859061
-1.35578095276155	0.602523350028299	2.95276284530971
-0.944378806460039	0.769464719700593	3.33583967642115
-0.944378806460039	0.769464719700593	3.33583967642115
-0.934040602152497	0.0701223957608794	3.04214672870958
-0.84662473244172	-0.388181478683823	3.10648116706694
-0.84662473244172	-0.388181478683823	3.10648116706694
-0.84662473244172	-0.388181478683823	3.10648116706694
-0.84662473244172	-0.388181478683823	3.10648116706694
-0.747047195306909	-0.664088921569962	3.71887182746421
-0.747047195306909	-0.664088921569962	3.71887182746421
-0.747047195306909	-0.664088921569962	3.71887182746421
-0.167244218757086	0.609701912729204	3.50840878374758
-0.167244218757086	0.609701912729204	3.50840878374758
-0.423384872865642	0.66726011869189	3.6229159169387
-0.423384872865642	0.66726011869189	3.6229159169387
-0.452095670648148	0.902689796892974	3.25140254378486
-0.357760669507922	0.197426782381721	3.19811528867241
-0.40631164252187	0.608568963865852	3.26998073171623
-0.596815729450552	0.665773050295045	3.1957287683777
-0.596815729450552	0.665773050295045	3.1957287683777
-0.596815729450552	0.665773050295045	3.1957287683777
-1.10849639111639	0.383438130852499	3.43169428834917
-1.65864325499812	0.458554691899386	3.57757164435869
-1.65864325499812	0.458554691899386	3.57757164435869
-2.03769609180064	-0.144412804723261	2.57347249234488
-2.03769609180064	-0.144412804723261	2.57347249234488
-2.03769609180064	-0.144412804723261	2.57347249234488
-0.366180970759741	-0.238025386222551	2.63392158888297
-0.366180970759741	-0.238025386222551	2.63392158888297
-0.366180970759741	-0.238025386222551	2.63392158888297
-0.366180970759741	-0.238025386222551	2.63392158888297
-0.366180970759741	-0.238025386222551	2.63392158888297
-0.366180970759741	-0.238025386222551	2.63392158888297
-1.07715859971266	-0.673546636398661	2.60200913147881
-1.07715859971266	-0.673546636398661	2.60200913147881
-1.07715859971266	-0.673546636398661	2.60200913147881
