1	1	1
0.326794009203266	0.608844624983912	3.43569297938591
0.326794009203266	0.608844624983912	3.43569297938591
0.326794009203266	0.608844624983912	3.43569297938591
0.326794009203266	0.608844624983912	3.43569297938591
1.02219482275554	0.233537127590261	2.32192015409941
1.02219482275554	0.233537127590261	2.32192015409941
2.1085010205196	0.852022024502659	1.47617672042102
2.1085010205196	0.852022024502659	1.47617672042102
2.1085010205196	0.852022024502659	1.47617672042102
2.1085010205196	0.852022024502659	1.47617672042102
2.1085010205196	0.852022024502659	1.47617672042102
1.95611059011711	0.483027021848855	2.81509092878644
2.23567254329499	0.800735682594337	1.97697123260835
2.23567254329499	0.800735682594337	1.97697123260835
2.23567254329499	0.800735682594337	1.97697123260835
0.645858057633989	1.31803213940828	1.31785852667182
0.645858057633989	1.31803213940828	1.31785852667182
0.645858057633989	1.31803213940828	1.31785852667182
-0.494989367892121	1.90717707230458	1.81926272038853
-0.494989367892121	1.90717707230458	1.81926272038853
-0.494989367892121	1.90717707230458	1.81926272038853
-0.494989367892121	1.90717707230458	1.81926272038853
-0.494989367892121	1.90717707230458	1.81926272038853
-0.494989367892121	1.90717707230458	1.81926272038853
-0.494989367892121	1.90717707230458	1.81926272038853
-0.635065245347483	0.642990349484661	1.66576737081572
0.0865089875512255	1.30489828712275	1.3295411978302
0.0865089875512255	1.30489828712275	1.3295411978302
0.0865089875512255	1.30489828712275	1.3295411978302
0.0865089875512255	1.30489828712275	1.3295411978302
0.0865089875512255	1.30489828712275	1.3295411978302
0.0865089875512255	1.30489828712275	1.3295411978302
0.0865089875512255	1.30489828712275	1.3295411978302
0.0865089875512255	1.30489828712275	1.3295411978302
0.0865089875512255	1.30489828712275	1.3295411978302
1.53933988343885	1.01917357885445	1.07998426339567
1.53933988343885	1.01917357885445	1.07998426339567
1.34888351766656	1.84791285944858	1.85540768766258
1.34888351766656	1.84791285944858	1.85540768766258
1.34888351766656	1.84791285944858	1.85540768766258
1.34888351766656	1.84791285944858	1.85540768766258
1.34888351766656	1.84791285944858	1.85540768766258
0.0387670450672106	0.170679590719126	1.2047855731177
0.0387670450672106	0.170679590719126	1.2047855731177
-0.712180326747018	0.824724580943613	1.36406900929581
-0.916197157248139	-0.0583559398339443	2.10637561346639
-0.886628811162385	0.542257979186333	1.22804437511651
-0.886628811162385	0.542257979186333	1.22804437511651
-0.886628811162385	0.542257979186333	1.22804437511651
-0.886628811162385	0.542257979186333	1.22804437511651
-1.68694079745672	-0.0846115760335319	2.71394667499777
-1.68694079745672	-0.0846115760335319	2.71394667499777
-2.08466330261385	0.787620447176151	1.82491268422571
-2.08466330261385	0.787620447176151	1.82491268422571
-2.08466330261385	0.787620447176151	1.82491268422571
-2.08466330261385	0.787620447176151	1.82491268422571
-1.69196204224506	0.295705080027079	1.32862816289704
-1.69196204224506	0.295705080027079	1.32862816289704
-1.68433631253838	-0.0650936908568164	2.34432138555846
-0.528605281760393	-0.36666318490798	2.10181363430486
-0.528605281760393	-0.36666318490798	2.10181363430486
-0.528605281760393	-0.36666318490798	2.10181363430486
-0.528605281760393	-0.36666318490798	2.10181363430486
-0.528605281760393	-0.36666318490798	2.10181363430486
-0.528605281760393	-0.36666318490798	2.10181363430486
-0.528605281760393	-0.36666318490798	2.10181363430486
-0.155692907955538	1.07492943529752	1.98457099448264
-0.155692907955538	1.07492943529752	1.98457099448264
-0.155692907955538	1.07492943529752	1.98457099448264
-0.155692907955538	1.07492943529752	1.98457099448264
-0.155692907955538	1.07492943529752	1.98457099448264
-0.155692907955538	1.07492943529752	1.98457099448264
-0.155692907955538	1.07492943529752	1.98457099448264
-0.155692907955538	1.07492943529752	1.98457099448264
-0.155692907955538	1.07492943529752	1.98457099448264
0.569940518867866	1.61165367217628	2.62747484873349
0.0211869519230831	1.06869847854365	2.4568775222904
0.0211869519230831	1.06869847854365	2.4568775222904
0.0211869519230831	1.06869847854365	2.4568775222904
0.0211869519230831	1.06869847854365	2.4568775222904
0.0211869519230831	1.06869847854365	2.4568775222904
-1.02629558344269	1.84548417607543	1.80384532432531
-1.02629558344269	1.84548417607543	1.80384532432531
-1.02629558344269	1.84548417607543	1.80384532432531
-1.02629558344269	1.84548417607543	1.80384532432531
0.656844450192143	1.88007179815434	1.91300913776309
0.423206002111611	2.15847685953912	1.15911132746429
0.493778439341042	2.01619334477031	1.5768885504642
-0.0433054594553329	1.29363750681095	0.607148803124885
-0.677685698304612	0.86632637595013	0.29362510917172
-0.677685698304612	0.86632637595013	0.29362510917172
-0.446454485500095	1.99621653737418	1.2651287203497
-0.446454485500095	1.99621653737418	1.2651287203497
-0.446454485500095	1.99621653737418	1.2651287203497
-0.446454485500095	1.99621653737418	1.2651287203497
-0.446454485500095	1.99621653737418	1.2651287203497
-0.446454485500095	1.99621653737418	1.2651287203497
-1.3119778226437	1.29187973345504	0.639515130033742
-1.59289740210891	0.488506720822656	1.14748833693948
-1.59289740210891	0.488506720822656	1.14748833693948
-1.59289740210891	0.488506720822656	1.14748833693948
-1.59289740210891	0.488506720822656	1.14748833693948
-1.48326998510175	0.725929207782371	2.65318329598452
-1.48326998510175	0.725929207782371	2.65318329598452
-1.48326998510175	0.725929207782371	2.65318329598452
-1.48326998510175	0.725929207782371	2.65318329598452
-1.85291119882376	0.127405710002649	2.15922986809348
-1.85291119882376	0.127405710002649	2.15922986809348
-1.85291119882376	0.127405710002649	2.15922986809348
-1.85291119882376	0.127405710002649	2.15922986809348
-1.85291119882376	0.127405710002649	2.15922986809348
-1.85291119882376	0.127405710002649	2.15922986809348
-2.57480904477034	0.0822490822421047	1.71372371582959
-2.48501521013175	0.26957494927786	1.261893423283
-2.48501521013175	0.26957494927786	1.261893423283
-2.48501521013175	0.26957494927786	1.261893423283
-2.48501521013175	0.26957494927786	1.261893423283
-2.33032256363555	0.15113095043295	3.19067733225707
-2.33032256363555	0.15113095043295	3.19067733225707
-2.33032256363555	0.15113095043295	3.19067733225707
-2.33032256363555	0.15113095043295	3.19067733225707
-2.33032256363555	0.15113095043295	3.19067733225707
-1.02649713453624	-0.669809129137478	3.28053850056664
-1.02649713453624	-0.669809129137478	3.28053850056664
-1.02649713453624	-0.669809129137478	3.28053850056664
-1.02649713453624	-0.669809129137478	3.28053850056664
-1.02649713453624	-0.669809129137478	3.28053850056664
-0.378488576556609	-1.26419684565784	2.05098716063195
-0.378488576556609	-1.26419684565784	2.05098716063195
-0.170384038904992	-1.25736886213881	3.15226019966544
-0.60590747784948	-0.806122209146501	2.58127260356317
-0.60590747784948	-0.806122209146501	2.58127260356317
-0.60590747784948	-0.806122209146501	2.58127260356317
-0.60590747784948	-0.806122209146501	2.58127260356317
-0.60590747784948	-0.806122209146501	2.58127260356317
-0.60590747784948	-0.806122209146501	2.58127260356317
-0.60590747784948	-0.806122209146501	2.58127260356317
-0.171289186160511	0.149805707636656	2.09916342312753
-0.171289186160511	0.149805707636656	2.09916342312753
0.607637417261324	1.11022081617265	3.01044697382441
0.436222004877821	0.543922519698777	3.31980224956047
0.436222004877821	0.543922519698777	3.31980224956047
0.436222004877821	0.543922519698777	3.31980224956047
0.436222004877821	0.543922519698777	3.31980224956047
0.436222004877821	0.543922519698777	3.31980224956047
0.436222004877821	0.543922519698777	3.31980224956047
0.436222004877821	0.543922519698777	3.31980224956047
0.436222004877821	0.543922519698777	3.31980224956047
0.436222004877821	0.543922519698777	3.31980224956047
0.436222004877821	0.543922519698777	3.31980224956047
0.11970089089506	0.533350355885492	3.50088564854079
0.11970089089506	0.533350355885492	3.50088564854079
0.0835821992123581	0.611163590793458	4.09751755465885
0.0835821992123581	0.611163590793458	4.09751755465885
-0.453406199370849	1.3097227572097	3.16662868107452
-1.26922833316666	1.32402515023157	4.21895527462331
-0.355148015353562	2.42409026736982	3.12879826059351
-0.977317380366586	1.98549810879799	2.13500913221206
-0.977317380366586	1.98549810879799	2.13500913221206
-0.977317380366586	1.98549810879799	2.13500913221206
-0.595663891892957	0.944429778374033	0.579732007212567
-0.595663891892957	0.944429778374033	0.579732007212567
-0.595663891892957	0.944429778374033	0.579732007212567
-0.595663891892957	0.944429778374033	0.579732007212567
-0.595663891892957	0.944429778374033	0.579732007212567
-0.595663891892957	0.944429778374033	0.579732007212567
-2.25282476850642	0.506263989388517	1.11563231286506
-1.64453289547223	-0.186471211656909	1.00965746889567
-1.64453289547223	-0.186471211656909	1.00965746889567
-1.64453289547223	-0.186471211656909	1.00965746889567
-1.64453289547223	-0.186471211656909	1.00965746889567
-1.64453289547223	-0.186471211656909	1.00965746889567
-1.12477012860373	-0.378514870704406	1.30051756151306
-0.751446649607824	0.421084932009097	1.9982153791016
-1.15182303637031	-0.12595826357947	1.49846162827906
-1.06147848889228	0.907163084163737	1.64769290965539
-1.06147848889228	0.907163084163737	1.64769290965539
-1.06147848889228	0.907163084163737	1.64769290965539
-1.06147848889228	0.907163084163737	1.64769290965539
-1.06147848889228	0.907163084163737	1.64769290965539
-1.06147848889228	0.907163084163737	1.64769290965539
-1.15192955158278	0.883916160564225	1.43368700382093
-1.15192955158278	0.883916160564225	1.43368700382093
-1.15192955158278	0.883916160564225	1.43368700382093
-0.430791863934187	0.771671699118014	2.55788745822805
-0.430791863934187	0.771671699118014	2.55788745822805
-0.430791863934187	0.771671699118014	2.55788745822805
-0.624133840723915	-0.0933764849653045	2.68215726385607
-0.543914592260649	-0.393941745494263	2.69991697933951
-0.543914592260649	-0.393941745494263	2.69991697933951
-0.543914592260649	-0.393941745494263	2.69991697933951
-0.543914592260649	-0.393941745494263	2.69991697933951
-0.543914592260649	-0.393941745494263	2.69991697933951
-0.300831897224102	-0.150592515505513	2.885580793217
-0.49717870050011	-0.787732583971143	2.09953905658024
-0.49717870050011	-0.787732583971143	2.09953905658024
-0.49717870050011	-0.787732583971143	2.09953905658024
-0.586464852030921	0.0361246908914248	2.01850205566955
-0.586464852030921	0.0361246908914248	2.01850205566955
