1	1	1
1	1	1
1.30563777419986	0.407770834986072	2.8027743119799
1.30563777419986	0.407770834986072	2.8027743119799
1.30563777419986	0.407770834986072	2.8027743119799
1.30563777419986	0.407770834986072	2.8027743119799
1.30563777419986	0.407770834986072	2.8027743119799
1.30563777419986	0.407770834986072	2.8027743119799
1.30563777419986	0.407770834986072	2.8027743119799
1.30563777419986	0.407770834986072	2.8027743119799
1.30563777419986	0.407770834986072	2.8027743119799
1.30563777419986	0.407770834986072	2.8027743119799
1.30563777419986	0.407770834986072	2.8027743119799
1.30563777419986	0.407770834986072	2.8027743119799
1.15234763135379	0.906511861985218	2.09409566641286
1.15234763135379	0.906511861985218	2.09409566641286
1.15234763135379	0.906511861985218	2.09409566641286
1.15234763135379	0.906511861985218	2.09409566641286
1.15234763135379	0.906511861985218	2.09409566641286
1.15234763135379	0.906511861985218	2.09409566641286
1.15234763135379	0.906511861985218	2.09409566641286
0.375078754751797	0.621080000325635	2.41372448982734
0.375078754751797	0.621080000325635	2.41372448982734
0.375078754751797	0.621080000325635	2.41372448982734
0.375078754751797	0.621080000325635	2.41372448982734
0.375078754751797	0.621080000325635	2.41372448982734
0.330824341803671	0.134587299949209	2.39395811265837
0.330824341803671	0.134587299949209	2.39395811265837
0.330824341803671	0.134587299949209	2.39395811265837
0.330824341803671	0.134587299949209	2.39395811265837
-0.175186437767762	-0.0647601868609482	2.38558315182716
-0.175186437767762	-0.0647601868609482	2.38558315182716
-0.175186437767762	-0.0647601868609482	2.38558315182716
-0.175186437767762	-0.0647601868609482	2.38558315182716
-0.197426758081834	1.02127727547436	1.20761260235038
-0.197426758081834	1.02127727547436	1.20761260235038
-0.197426758081834	1.02127727547436	1.20761260235038
-0.197426758081834	1.02127727547436	1.20761260235038
-0.247128786448668	-0.161521429413692	2.200747002792
-0.247128786448668	-0.161521429413692	2.200747002792
-0.247128786448668	-0.161521429413692	2.200747002792
-0.247128786448668	-0.161521429413692	2.200747002792
0.28032482036943	1.00901243094548	1.41679724914727
0.28032482036943	1.00901243094548	1.41679724914727
0.28032482036943	1.00901243094548	1.41679724914727
0.28032482036943	1.00901243094548	1.41679724914727
0.28032482036943	1.00901243094548	1.41679724914727
0.28032482036943	1.00901243094548	1.41679724914727
0.28032482036943	1.00901243094548	1.41679724914727
0.407201286383357	0.736485601247677	2.46192312687046
-0.137223060272237	0.842268878011099	2.7207125869563
-0.137223060272237	0.842268878011099	2.7207125869563
-0.137223060272237	0.842268878011099	2.7207125869563
-0.137223060272237	0.842268878011099	2.7207125869563
-0.137223060272237	0.842268878011099	2.7207125869563
-0.137223060272237	0.842268878011099	2.7207125869563
-0.137223060272237	0.842268878011099	2.7207125869563
-0.137223060272237	0.842268878011099	2.7207125869563
-0.137223060272237	0.842268878011099	2.7207125869563
-0.137223060272237	0.842268878011099	2.7207125869563
-0.152095049676874	0.239946218774622	1.36486833938556
-0.291356176118538	0.31862870451874	3.06852068640082
-0.288327517347516	0.559256742424854	1.67523566075286
-0.288327517347516	0.559256742424854	1.67523566075286
0.189266059884901	0.378104243142637	1.72284120119756
0.189266059884901	0.378104243142637	1.72284120119756
0.189266059884901	0.378104243142637	1.72284120119756
0.189266059884901	0.378104243142637	1.72284120119756
0.200200604040131	0.45663186120812	1.57120433857449
-0.373650884632776	0.816146975840583	1.59403276513421
-0.373650884632776	0.816146975840583	1.59403276513421
-0.518159276072434	1.04143818668361	1.15674889130181
-0.478292086747772	0.5387724163228	2.39810471597383
-0.478292086747772	0.5387724163228	2.39810471597383
-0.478292086747772	0.5387724163228	2.39810471597383
-0.478292086747772	0.5387724163228	2.39810471597383
-0.478292086747772	0.5387724163228	2.39810471597383
-0.478292086747772	0.5387724163228	2.39810471597383
-0.478292086747772	0.5387724163228	2.39810471597383
-0.478292086747772	0.5387724163228	2.39810471597383
-0.478292086747772	0.5387724163228	2.39810471597383
-0.148849500156445	0.459212862418364	1.99133785558456
-0.148849500156445	0.459212862418364	1.99133785558456
-0.148849500156445	0.459212862418364	1.99133785558456
-0.148849500156445	0.459212862418364	1.99133785558456
-0.148849500156445	0.459212862418364	1.99133785558456
-0.148849500156445	0.459212862418364	1.99133785558456
-0.148849500156445	0.459212862418364	1.99133785558456
0.0864306125757603	2.0370859366144	2.38181932783492
0.0864306125757603	2.0370859366144	2.38181932783492
0.0864306125757603	2.0370859366144	2.38181932783492
0.0864306125757603	2.0370859366144	2.38181932783492
0.0864306125757603	2.0370859366144	2.38181932783492
0.0864306125757603	2.0370859366144	2.38181932783492
-0.795837472890763	1.50368044501488	2.18783964532714
-0.795837472890763	1.50368044501488	2.18783964532714
-1.02237919120794	0.470617754221105	1.9240171614314
-1.02237919120794	0.470617754221105	1.9240171614314
-1.02237919120794	0.470617754221105	1.9240171614314
-1.02237919120794	0.470617754221105	1.9240171614314
-1.02237919120794	0.470617754221105	1.9240171614314
-1.4856518286114	1.76688580207213	1.7456705076386
-1.4856518286114	1.76688580207213	1.7456705076386
-1.4856518286114	1.76688580207213	1.7456705076386
-1.64953255694879	1.44499633495656	1.56969605869459
-1.64953255694879	1.44499633495656	1.56969605869459
-1.64953255694879	1.44499633495656	1.56969605869459
-1.64953255694879	1.44499633495656	1.56969605869459
-1.46207870092168	2.25059923896515	1.67202933323989
-1.46207870092168	2.25059923896515	1.67202933323989
-1.80757420155319	0.105350674383061	1.96589999220528
-1.80757420155319	0.105350674383061	1.96589999220528
-1.80757420155319	0.105350674383061	1.96589999220528
-1.80757420155319	0.105350674383061	1.96589999220528
-1.80757420155319	0.105350674383061	1.96589999220528
-1.80757420155319	0.105350674383061	1.96589999220528
-1.80757420155319	0.105350674383061	1.96589999220528
-1.80757420155319	0.105350674383061	1.96589999220528
-1.80757420155319	0.105350674383061	1.96589999220528
-1.80757420155319	0.105350674383061	1.96589999220528
-0.840528541561403	-0.216244475476649	1.79175533700722
-0.840528541561403	-0.216244475476649	1.79175533700722
-0.840528541561403	-0.216244475476649	1.79175533700722
-0.924793849558405	-1.27411563765703	2.6125691128936
-0.924793849558405	-1.27411563765703	2.6125691128936
-0.924793849558405	-1.27411563765703	2.6125691128936
-1.2227312548788	-1.17791229016092	3.57914983751606
-1.87738934114139	-0.443204133550199	4.0259236890262
-1.31145911911631	-0.176970221725869	3.88888624665728
-1.75797999280655	0.368089128496296	2.26076812985915
-1.75797999280655	0.368089128496296	2.26076812985915
-1.50202152542815	-0.185844316919248	2.24201938243232
-1.12877806523736	1.13564188601074	1.43832548251478
-1.12877806523736	1.13564188601074	1.43832548251478
-1.74686716590992	0.970895343953132	2.0958462290261
-1.3801225104594	0.929296964926005	2.13323224085368
-1.82250087094154	0.32016684950684	1.83148896060747
-1.82250087094154	0.32016684950684	1.83148896060747
-1.76259536752731	0.334075049435295	1.71488092264606
-1.76259536752731	0.334075049435295	1.71488092264606
-1.76259536752731	0.334075049435295	1.71488092264606
-1.63099175247737	0.428861034324214	2.01027619145444
-1.42046914836996	0.743203210508963	1.20878194884441
-1.42046914836996	0.743203210508963	1.20878194884441
-1.42046914836996	0.743203210508963	1.20878194884441
-1.42046914836996	0.743203210508963	1.20878194884441
-1.42046914836996	0.743203210508963	1.20878194884441
-1.42046914836996	0.743203210508963	1.20878194884441
-1.37062074619171	1.11621835381371	1.29062570078333
-1.37062074619171	1.11621835381371	1.29062570078333
-1.37062074619171	1.11621835381371	1.29062570078333
-1.14239538980831	-0.249807787600125	1.41120500625718
-1.14239538980831	-0.249807787600125	1.41120500625718
-1.14239538980831	-0.249807787600125	1.41120500625718
-1.14239538980831	-0.249807787600125	1.41120500625718
-1.14239538980831	-0.249807787600125	1.41120500625718
-0.972703679640539	0.680493191195158	1.44031148354241
-0.972703679640539	0.680493191195158	1.44031148354241
-0.972703679640539	0.680493191195158	1.44031148354241
-0.972703679640539	0.680493191195158	1.44031148354241
-0.972703679640539	0.680493191195158	1.44031148354241
-0.972703679640539	0.680493191195158	1.44031148354241
-0.972703679640539	0.680493191195158	1.44031148354241
-0.972703679640539	0.680493191195158	1.44031148354241
-0.972703679640539	0.680493191195158	1.44031148354241
-0.972703679640539	0.680493191195158	1.44031148354241
-0.972703679640539	0.680493191195158	1.44031148354241
-0.972703679640539	0.680493191195158	1.44031148354241
-0.972703679640539	0.680493191195158	1.44031148354241
-0.972703679640539	0.680493191195158	1.44031148354241
-0.979031394652524	1.24016374976675	2.31498460928346
-0.979031394652524	1.24016374976675	2.31498460928346
-0.534506763791486	0.0739618650420357	1.86050467560701
-0.759623099250485	-0.597902101220022	2.45125445247798
-0.759623099250485	-0.597902101220022	2.45125445247798
-0.759623099250485	-0.597902101220022	2.45125445247798
-0.759623099250485	-0.597902101220022	2.45125445247798
-0.263895540429753	0.472877363215031	2.68811755438838
-0.263895540429753	0.472877363215031	2.68811755438838
-0.263895540429753	0.472877363215031	2.68811755438838
-0.263895540429753	0.472877363215031	2.68811755438838
-0.263895540429753	0.472877363215031	2.68811755438838
-0.335574830694778	-0.0490626982337911	2.69629926094767
-0.335574830694778	-0.0490626982337911	2.69629926094767
-0.335574830694778	-0.0490626982337911	2.69629926094767
0.0665352068623479	-0.39193300467476	2.24416435413574
0.0665352068623479	-0.39193300467476	2.24416435413574
0.0665352068623479	-0.39193300467476	2.24416435413574
0.0665352068623479	-0.39193300467476	2.24416435413574
-0.250056603904905	0.82499517576878	3.36168238868633
-0.665271646176799	1.7723654766358	2.74460540328247
-0.665271646176799	1.7723654766358	2.74460540328247
0.034129514067728	1.27190478490688	3.12983190475974
0.034129514067728	1.27190478490688	3.12983190475974
0.034129514067728	1.27190478490688	3.12983190475974
0.034129514067728	1.27190478490688	3.12983190475974
0.034129514067728	1.27190478490688	3.12983190475974
0.034129514067728	1.27190478490688	3.12983190475974
-0.473179776259451	0.11073722978857	1.55377811538374
-0.473179776259451	0.11073722978857	1.55377811538374
