1	1	1
1	1	1
1	1	1
0.307207629694512	0.657551393481645	1.14367399054932
0.307207629694512	0.657551393481645	1.14367399054932
0.307207629694512	0.657551393481645	1.14367399054932
0.307207629694512	0.657551393481645	1.14367399054932
0.307207629694512	0.657551393481645	1.14367399054932
0.307207629694512	0.657551393481645	1.14367399054932
-0.256321855610085	0.787366409554593	1.85878223836509
-0.256321855610085	0.787366409554593	1.85878223836509
-0.256321855610085	0.787366409554593	1.85878223836509
-0.256321855610085	0.787366409554593	1.85878223836509
-0.17870860228464	1.26437662211286	1.2190084956562
-0.440914611930774	0.857909022530681	1.682386775057
-0.440914611930774	0.857909022530681	1.682386775057
-0.440914611930774	0.857909022530681	1.682386775057
-0.440914611930774	0.857909022530681	1.682386775057
-0.440914611930774	0.857909022530681	1.682386775057
-0.440914611930774	0.857909022530681	1.682386775057
-0.440914611930774	0.857909022530681	1.682386775057
-0.440914611930774	0.857909022530681	1.682386775057
-0.440914611930774	0.857909022530681	1.682386775057
-0.440914611930774	0.857909022530681	1.682386775057
-0.440914611930774	0.857909022530681	1.682386775057
0.108618708946781	1.09509486886783	1.86412033056942
0.108618708946781	1.09509486886783	1.86412033056942
0.108618708946781	1.09509486886783	1.86412033056942
0.108618708946781	1.09509486886783	1.86412033056942
0.108618708946781	1.09509486886783	1.86412033056942
-1.45375933676269	1.18392158224188	1.85447359931343
-1.45375933676269	1.18392158224188	1.85447359931343
-1.45375933676269	1.18392158224188	1.85447359931343
-1.67807977331128	1.38855028750899	1.61632540052068
-1.67807977331128	1.38855028750899	1.61632540052068
-1.40076718958059	0.531054186855298	2.18996462119597
-1.67000011416025	0.557280397911305	1.28227877921605
-1.67000011416025	0.557280397911305	1.28227877921605
-1.67000011416025	0.557280397911305	1.28227877921605
-1.67000011416025	0.557280397911305	1.28227877921605
-1.67000011416025	0.557280397911305	1.28227877921605
-1.67000011416025	0.557280397911305	1.28227877921605
-0.669149416707811	0.855105581354968	1.57666535959594
-0.0137210473814623	0.806007529907251	1.60921659256523
-0.0137210473814623	0.806007529907251	1.60921659256523
-0.0137210473814623	0.806007529907251	1.60921659256523
-0.0137210473814623	0.806007529907251	1.60921659256523
-0.0137210473814623	0.806007529907251	1.60921659256523
-0.0137210473814623	0.806007529907251	1.60921659256523
-0.0137210473814623	0.806007529907251	1.60921659256523
-0.0421104583493724	1.62695540782507	1.71855094609771
-0.0421104583493724	1.62695540782507	1.71855094609771
-0.0421104583493724	1.62695540782507	1.71855094609771
-0.0421104583493724	1.62695540782507	1.71855094609771
-0.0421104583493724	1.62695540782507	1.71855094609771
-0.0421104583493724	1.62695540782507	1.71855094609771
-0.0421104583493724	1.62695540782507	1.71855094609771
-0.0421104583493724	1.62695540782507	1.71855094609771
-0.754014142327251	1.85261763830214	1.29314002147223
-0.754014142327251	1.85261763830214	1.29314002147223
-0.754014142327251	1.85261763830214	1.29314002147223
-0.754014142327251	1.85261763830214	1.29314002147223
-1.92658916678555	1.40696399363998	1.44913776979929
-1.92658916678555	1.40696399363998	1.44913776979929
-1.51455203499857	0.743035417083497	2.37534702420362
-1.51455203499857	0.743035417083497	2.37534702420362
-0.607457591880964	0.792486960273784	3.19472078550265
-0.607457591880964	0.792486960273784	3.19472078550265
-0.607457591880964	0.792486960273784	3.19472078550265
-0.607457591880964	0.792486960273784	3.19472078550265
-0.607457591880964	0.792486960273784	3.19472078550265
-0.35667239492376	1.24230898163631	2.68449372478292
-1.95525915678175	0.93250368189787	1.70847673007565
-1.61178539028554	-0.0984131736088075	2.7945917570408
-1.61178539028554	-0.0984131736088075	2.7945917570408
-1.61178539028554	-0.0984131736088075	2.7945917570408
-2.21732225677183	-0.444496918514245	1.90678883851535
-1.41797822299788	-0.321455438487523	2.09420712461713
-1.41797822299788	-0.321455438487523	2.09420712461713
-1.41797822299788	-0.321455438487523	2.09420712461713
-1.41797822299788	-0.321455438487523	2.09420712461713
-1.41797822299788	-0.321455438487523	2.09420712461713
-1.41797822299788	-0.321455438487523	2.09420712461713
-0.769299263201888	-0.349304175939295	2.21581815892575
-0.769299263201888	-0.349304175939295	2.21581815892575
-0.769299263201888	-0.349304175939295	2.21581815892575
-0.769299263201888	-0.349304175939295	2.21581815892575
-0.769299263201888	-0.349304175939295	2.21581815892575
-0.769299263201888	-0.349304175939295	2.21581815892575
-1.30675169459699	0.342195432981812	1.60998470774233
-0.845398731591458	0.370370160632942	1.62029626931992
-0.845398731591458	0.370370160632942	1.62029626931992
-0.845398731591458	0.370370160632942	1.62029626931992
-0.404113971657574	1.37108475908746	1.20811397852245
-0.404113971657574	1.37108475908746	1.20811397852245
-1.95416811321508	1.52655624952	1.26275248767183
-0.79578318765381	1.16542117891625	0.914560794782008
-0.79578318765381	1.16542117891625	0.914560794782008
-0.79578318765381	1.16542117891625	0.914560794782008
-0.845654539149522	1.52154201512803	1.08714291342438
-0.845654539149522	1.52154201512803	1.08714291342438
-0.845654539149522	1.52154201512803	1.08714291342438
-0.882952887947869	0.796235861580035	1.93071713803553
-0.781762828653939	0.797188495680416	1.35912342309522
-0.781762828653939	0.797188495680416	1.35912342309522
-1.24017653783658	0.564631618148904	1.35166174431736
-1.24017653783658	0.564631618148904	1.35166174431736
0.390017606269005	1.46189265928888	1.55710718701069
-0.853479138563612	1.45205861121969	3.54683719956223
-0.43971651603016	0.513356969777706	3.12431617306525
-0.43971651603016	0.513356969777706	3.12431617306525
-0.43971651603016	0.513356969777706	3.12431617306525
-0.0048098272156859	1.57587275182589	2.45568668314879
-0.0048098272156859	1.57587275182589	2.45568668314879
-0.536963300098138	1.07638981578973	1.39921125788018
-1.37490760505314	1.44316405962551	1.58709089916948
-0.230838501789295	1.01298717007812	1.73541592352667
-0.230838501789295	1.01298717007812	1.73541592352667
-0.230838501789295	1.01298717007812	1.73541592352667
-0.394562235747817	0.153394026488917	3.14257001039162
-0.812538371220511	0.694301598411839	2.89368793100879
-0.812538371220511	0.694301598411839	2.89368793100879
-0.812538371220511	0.694301598411839	2.89368793100879
-0.812538371220511	0.694301598411839	2.89368793100879
-0.812538371220511	0.694301598411839	2.89368793100879
-0.812538371220511	0.694301598411839	2.89368793100879
-0.812538371220511	0.694301598411839	2.89368793100879
-0.812538371220511	0.694301598411839	2.89368793100879
-0.812538371220511	0.694301598411839	2.89368793100879
-0.447956158123963	0.41859179293622	1.9057080825156
-1.39045344967957	0.105299414782541	2.41035550404621
-0.654091342714586	-0.346231541286572	2.9962971858006
-0.984895822749996	0.336109190976039	3.53917033958829
-0.984895822749996	0.336109190976039	3.53917033958829
-1.02252788356798	0.394794018174701	3.16931082360428
-1.02252788356798	0.394794018174701	3.16931082360428
-1.35803621121717	0.343982905229087	3.07801988660136
-1.35803621121717	0.343982905229087	3.07801988660136
-1.11563339169965	1.15363889829861	1.98605824450009
-1.11563339169965	1.15363889829861	1.98605824450009
-1.71492363162274	1.334269093788	2.20690622893308
-1.71492363162274	1.334269093788	2.20690622893308
-1.44923548420966	0.432976549279358	2.37235671985556
-1.37838547297517	0.857639244310227	2.946729232077
-0.492641684255453	0.763440580416067	3.13874446445696
-0.492641684255453	0.763440580416067	3.13874446445696
-0.492641684255453	0.763440580416067	3.13874446445696
-1.31285471978834	0.242729457979023	3.87972299542677
-1.26654293511583	0.233099305429348	3.41063831628725
-0.585312562361582	0.613417686067337	3.37449045270893
-0.585312562361582	0.613417686067337	3.37449045270893
-0.585312562361582	0.613417686067337	3.37449045270893
-1.57344730683333	0.486241819219303	3.38708692033891
-1.57344730683333	0.486241819219303	3.38708692033891
-1.57344730683333	0.486241819219303	3.38708692033891
-1.57344730683333	0.486241819219303	3.38708692033891
-0.813683200744	0.678989611928544	4.18833143933971
-0.784014972187202	0.514583799867896	4.49876777992689
-0.784014972187202	0.514583799867896	4.49876777992689
-1.22366257098109	-0.3300724979343	4.06529100617872
-2.44743543768749	-1.55818248309885	4.38659863989542
-2.44743543768749	-1.55818248309885	4.38659863989542
-2.78238011920399	-1.01648591239341	4.9250097528656
-2.78238011920399	-1.01648591239341	4.9250097528656
-1.92430671029326	0.0300956675626654	4.67878111353469
-2.78107993305068	0.506861772366794	4.82241878410206
-2.78107993305068	0.506861772366794	4.82241878410206
-2.51994390213681	0.701368884183571	4.90941147517249
-2.51994390213681	0.701368884183571	4.90941147517249
-3.04833579822094	0.127060561473553	4.3236549212141
-2.06226187817562	-0.246468092257684	4.17492526033868
-2.06226187817562	-0.246468092257684	4.17492526033868
-1.63753480012527	-0.61754028121562	2.91969683606472
-1.63753480012527	-0.61754028121562	2.91969683606472
-1.63753480012527	-0.61754028121562	2.91969683606472
-0.963826845772936	-0.709608602675328	3.21607676704409
-0.963826845772936	-0.709608602675328	3.21607676704409
-0.963826845772936	-0.709608602675328	3.21607676704409
-0.707659372098236	-0.785331520294959	3.57811355902017
-0.697339322937099	-0.482623488245598	3.35064070519294
-0.697339322937099	-0.482623488245598	3.35064070519294
-0.177916932220528	-0.581436292046241	2.40212032934055
0.125919144108143	0.636993697301022	2.0309664198831
0.370631237629584	0.881707065852295	1.8768636038999
0.370631237629584	0.881707065852295	1.8768636038999
-0.567043400703532	0.669278179817404	1.13908785258606
-0.567043400703532	0.669278179817404	1.13908785258606
-0.567043400703532	0.669278179817404	1.13908785258606
-0.706563695113076	0.567904460966456	2.12660412743428
-0.706563695113076	0.567904460966456	2.12660412743428
-0.29351405890642	0.882071379555846	2.49249492317214
-0.29351405890642	0.882071379555846	2.49249492317214
-0.432822781883976	1.36472142302901	2.70258168692824
-0.54237262967829	1.52991904162904	2.94597309012657
-0.54237262967829	1.52991904162904	2.94597309012657
-1.85650282994557	0.258192006413875	1.96949955006027
-1.85650282994557	0.258192006413875	1.96949955006027
-1.85650282994557	0.258192006413875	1.96949955006027
-1.85650282994557	0.258192006413875	1.96949955006027
-1.85650282994557	0.258192006413875	1.96949955006027
