1	1	1
1.17688423105407	1.5626132980533	1.0080454425361
1.35050310464663	1.21819340441022	-0.0997373064748563
1.35050310464663	1.21819340441022	-0.0997373064748563
0.825679381689006	0.622370913358446	0.232404687127579
0.825679381689006	0.622370913358446	0.232404687127579
0.825679381689006	0.622370913358446	0.232404687127579
0.825679381689006	0.622370913358446	0.232404687127579
0.825679381689006	0.622370913358446	0.232404687127579
-1.14932490934876	0.865646959281627	0.814928906847532
-1.39154203113356	0.727291750610748	2.11312685891794
-1.39154203113356	0.727291750610748	2.11312685891794
-1.39154203113356	0.727291750610748	2.11312685891794
-1.39154203113356	0.727291750610748	2.11312685891794
-1.39154203113356	0.727291750610748	2.11312685891794
0.086463818761559	1.59842205550068	1.44473032752088
0.11635412502219	1.05420879178707	1.57418730148703
0.11635412502219	1.05420879178707	1.57418730148703
0.11635412502219	1.05420879178707	1.57418730148703
0.7747671053556	0.503646799703759	1.97680479192377
0.7747671053556	0.503646799703759	1.97680479192377
0.7747671053556	0.503646799703759	1.97680479192377
0.7747671053556	0.503646799703759	1.97680479192377
0.7747671053556	0.503646799703759	1.97680479192377
0.7747671053556	0.503646799703759	1.97680479192377
0.394360562078259	0.416428604782589	1.65391031083653
-0.128708079527566	0.104162526106207	2.15519276990343
-0.128708079527566	0.104162526106207	2.15519276990343
-0.128708079527566	0.104162526106207	2.15519276990343
-0.128708079527566	0.104162526106207	2.15519276990343
-0.128708079527566	0.104162526106207	2.15519276990343
-0.128708079527566	0.104162526106207	2.15519276990343
-0.128708079527566	0.104162526106207	2.15519276990343
-1.37323177605432	-0.192069368001763	2.26745480583937
-1.37323177605432	-0.192069368001763	2.26745480583937
-1.37323177605432	-0.192069368001763	2.26745480583937
-1.37323177605432	-0.192069368001763	2.26745480583937
-1.37323177605432	-0.192069368001763	2.26745480583937
-1.37323177605432	-0.192069368001763	2.26745480583937
-1.37323177605432	-0.192069368001763	2.26745480583937
-1.37323177605432	-0.192069368001763	2.26745480583937
-1.37323177605432	-0.192069368001763	2.26745480583937
-0.851466442603671	0.131413453620894	2.15300930150538
-1.50791411802317	0.106261111542968	2.90218627683911
-1.50791411802317	0.106261111542968	2.90218627683911
-1.50791411802317	0.106261111542968	2.90218627683911
-1.50791411802317	0.106261111542968	2.90218627683911
-1.50791411802317	0.106261111542968	2.90218627683911
-1.50791411802317	0.106261111542968	2.90218627683911
-0.266536754933795	1.25512000967204	2.69123062377462
-0.266536754933795	1.25512000967204	2.69123062377462
-0.266536754933795	1.25512000967204	2.69123062377462
-0.927340204179798	1.26941833702535	2.98587501187687
-0.927340204179798	1.26941833702535	2.98587501187687
-1.19764859340187	0.38047066039217	2.85074469339034
-1.19764859340187	0.38047066039217	2.85074469339034
-1.19764859340187	0.38047066039217	2.85074469339034
-1.19764859340187	0.38047066039217	2.85074469339034
-1.19764859340187	0.38047066039217	2.85074469339034
-1.19764859340187	0.38047066039217	2.85074469339034
-1.19764859340187	0.38047066039217	2.85074469339034
-1.19764859340187	0.38047066039217	2.85074469339034
-1.19764859340187	0.38047066039217	2.85074469339034
-1.19764859340187	0.38047066039217	2.85074469339034
-1.19764859340187	0.38047066039217	2.85074469339034
-1.19764859340187	0.38047066039217	2.85074469339034
-1.19764859340187	0.38047066039217	2.85074469339034
-0.575600874081387	0.229621405749073	2.43307747126531
-1.66938330625812	0.310510259745358	2.07527827969319
-1.66938330625812	0.310510259745358	2.07527827969319
-1.66938330625812	0.310510259745358	2.07527827969319
-1.66938330625812	0.310510259745358	2.07527827969319
-1.56878349831489	-0.666012935226688	1.88389668783443
-1.56878349831489	-0.666012935226688	1.88389668783443
-1.56878349831489	-0.666012935226688	1.88389668783443
-1.56878349831489	-0.666012935226688	1.88389668783443
-1.56878349831489	-0.666012935226688	1.88389668783443
-1.56878349831489	-0.666012935226688	1.88389668783443
-1.56878349831489	-0.666012935226688	1.88389668783443
-1.56878349831489	-0.666012935226688	1.88389668783443
-1.56878349831489	-0.666012935226688	1.88389668783443
-1.56878349831489	-0.666012935226688	1.88389668783443
-1.56878349831489	-0.666012935226688	1.88389668783443
-1.56878349831489	-0.666012935226688	1.88389668783443
-1.56878349831489	-0.666012935226688	1.88389668783443
-1.56878349831489	-0.666012935226688	1.88389668783443
-1.39468902460045	0.217498348857942	1.67638577180299
-1.39468902460045	0.217498348857942	1.67638577180299
-1.39468902460045	0.217498348857942	1.67638577180299
-1.39468902460045	0.217498348857942	1.67638577180299
-1.62847099885738	-0.133472027608361	2.76462865111674
-1.62847099885738	-0.133472027608361	2.76462865111674
-1.62847099885738	-0.133472027608361	2.76462865111674
-1.62847099885738	-0.133472027608361	2.76462865111674
-1.62847099885738	-0.133472027608361	2.76462865111674
-1.62847099885738	-0.133472027608361	2.76462865111674
-0.439264605294252	0.91976421144247	2.85878273753529
-0.439264605294252	0.91976421144247	2.85878273753529
-0.439264605294252	0.91976421144247	2.85878273753529
-0.439264605294252	0.91976421144247	2.85878273753529
-0.439264605294252	0.91976421144247	2.85878273753529
-0.439264605294252	0.91976421144247	2.85878273753529
-0.439264605294252	0.91976421144247	2.85878273753529
-0.439264605294252	0.91976421144247	2.85878273753529
-0.439264605294252	0.91976421144247	2.85878273753529
-0.439264605294252	0.91976421144247	2.85878273753529
-0.439264605294252	0.91976421144247	2.85878273753529
-0.439264605294252	0.91976421144247	2.85878273753529
-1.38628641086604	0.29957730162351	2.81438642903759
-1.38628641086604	0.29957730162351	2.81438642903759
-1.41839496670651	-0.0419586042927507	2.12792860107177
-1.41839496670651	-0.0419586042927507	2.12792860107177
-1.41839496670651	-0.0419586042927507	2.12792860107177
-1.41839496670651	-0.0419586042927507	2.12792860107177
-1.41839496670651	-0.0419586042927507	2.12792860107177
-1.41839496670651	-0.0419586042927507	2.12792860107177
-1.41839496670651	-0.0419586042927507	2.12792860107177
-1.41839496670651	-0.0419586042927507	2.12792860107177
-1.41839496670651	-0.0419586042927507	2.12792860107177
-1.41839496670651	-0.0419586042927507	2.12792860107177
-1.41839496670651	-0.0419586042927507	2.12792860107177
-0.990432864940801	-0.169420216054469	2.27455881860632
-0.990432864940801	-0.169420216054469	2.27455881860632
-2.30231352231328	-0.534078819964264	2.83112651554548
-2.30231352231328	-0.534078819964264	2.83112651554548
-2.30231352231328	-0.534078819964264	2.83112651554548
-2.30231352231328	-0.534078819964264	2.83112651554548
-2.30231352231328	-0.534078819964264	2.83112651554548
-2.30521975350468	-1.1684466485232	2.84485909429233
-1.15296029481136	-0.969029830054894	2.55824523518878
-1.15296029481136	-0.969029830054894	2.55824523518878
-1.15296029481136	-0.969029830054894	2.55824523518878
-1.15296029481136	-0.969029830054894	2.55824523518878
-1.15296029481136	-0.969029830054894	2.55824523518878
-1.15296029481136	-0.969029830054894	2.55824523518878
-1.15296029481136	-0.969029830054894	2.55824523518878
-1.15296029481136	-0.969029830054894	2.55824523518878
-1.15296029481136	-0.969029830054894	2.55824523518878
-1.15296029481136	-0.969029830054894	2.55824523518878
-1.15296029481136	-0.969029830054894	2.55824523518878
-1.15296029481136	-0.969029830054894	2.55824523518878
-1.15296029481136	-0.969029830054894	2.55824523518878
-0.321773246192743	-0.179949938997697	2.79236677903076
-0.321773246192743	-0.179949938997697	2.79236677903076
-0.321773246192743	-0.179949938997697	2.79236677903076
-0.321773246192743	-0.179949938997697	2.79236677903076
-0.87975655670212	-0.219238579144974	2.77217780474721
-0.87975655670212	-0.219238579144974	2.77217780474721
-0.87975655670212	-0.219238579144974	2.77217780474721
-0.87975655670212	-0.219238579144974	2.77217780474721
-1.64408618595805	0.503460218061312	2.40403926298454
-1.64408618595805	0.503460218061312	2.40403926298454
-1.64408618595805	0.503460218061312	2.40403926298454
-1.64408618595805	0.503460218061312	2.40403926298454
-1.56494532311895	-0.205859522272466	2.33598532938568
-1.56494532311895	-0.205859522272466	2.33598532938568
-1.56494532311895	-0.205859522272466	2.33598532938568
-1.56494532311895	-0.205859522272466	2.33598532938568
-1.63695769180659	0.18625845606362	1.92834038842552
-1.63695769180659	0.18625845606362	1.92834038842552
-1.63695769180659	0.18625845606362	1.92834038842552
-1.63695769180659	0.18625845606362	1.92834038842552
-1.63695769180659	0.18625845606362	1.92834038842552
-1.63695769180659	0.18625845606362	1.92834038842552
-1.63695769180659	0.18625845606362	1.92834038842552
-1.63695769180659	0.18625845606362	1.92834038842552
-1.63695769180659	0.18625845606362	1.92834038842552
-1.63695769180659	0.18625845606362	1.92834038842552
-1.63695769180659	0.18625845606362	1.92834038842552
-1.63695769180659	0.18625845606362	1.92834038842552
-1.01283138078733	-0.21076896961131	1.76079896883933
-1.01283138078733	-0.21076896961131	1.76079896883933
-1.01283138078733	-0.21076896961131	1.76079896883933
-1.58187720720661	1.00357778012546	2.54053200523442
-1.58187720720661	1.00357778012546	2.54053200523442
-1.58187720720661	1.00357778012546	2.54053200523442
-1.58187720720661	1.00357778012546	2.54053200523442
-1.58187720720661	1.00357778012546	2.54053200523442
-1.58187720720661	1.00357778012546	2.54053200523442
-1.58187720720661	1.00357778012546	2.54053200523442
-1.58187720720661	1.00357778012546	2.54053200523442
-1.58187720720661	1.00357778012546	2.54053200523442
-0.803439644718718	0.702413897411282	2.61032991860617
-0.803439644718718	0.702413897411282	2.61032991860617
-0.803439644718718	0.702413897411282	2.61032991860617
-1.4011679255152	1.18499100147052	2.5568828727739
-2.40977231699703	0.640885998233089	2.80783304546071
-2.40977231699703	0.640885998233089	2.80783304546071
-1.41466057012709	-0.281777439020509	4.10672117275314
-1.41074104186491	-0.579899165368408	3.99502188474388
-1.41074104186491	-0.579899165368408	3.99502188474388
-1.41074104186491	-0.579899165368408	3.99502188474388
-0.618841277105188	0.623850758587278	3.6411855834043
-0.618841277105188	0.623850758587278	3.6411855834043
0.0805194868962252	-0.41148865679385	3.68868551495729
0.0805194868962252	-0.41148865679385	3.68868551495729
0.0805194868962252	-0.41148865679385	3.68868551495729
0.0805194868962252	-0.41148865679385	3.68868551495729
0.0805194868962252	-0.41148865679385	3.68868551495729
0.0805194868962252	-0.41148865679385	3.68868551495729
