1	1	1
1.11294512776231	0.995877806272747	1.80345699020975
1.11294512776231	0.995877806272747	1.80345699020975
1.11294512776231	0.995877806272747	1.80345699020975
0.882702127916192	1.49274009585249	1.3277161301612
0.882702127916192	1.49274009585249	1.3277161301612
0.882702127916192	1.49274009585249	1.3277161301612
0.882702127916192	1.49274009585249	1.3277161301612
0.358139923154599	1.06760209091279	1.87003760253317
0.358139923154599	1.06760209091279	1.87003760253317
-0.0740849028270414	1.73055028238964	2.03380874589481
-0.0740849028270414	1.73055028238964	2.03380874589481
0.309677696066559	2.17758968818385	1.96275009450544
0.309677696066559	2.17758968818385	1.96275009450544
0.309677696066559	2.17758968818385	1.96275009450544
0.309677696066559	2.17758968818385	1.96275009450544
1.39410190017659	1.90184949847131	2.31949521582612
1.62730524086188	0.37006248773016	1.89441200177762
1.62730524086188	0.37006248773016	1.89441200177762
1.62730524086188	0.37006248773016	1.89441200177762
1.62730524086188	0.37006248773016	1.89441200177762
1.62730524086188	0.37006248773016	1.89441200177762
1.62730524086188	0.37006248773016	1.89441200177762
1.47057064477071	1.12242468906956	0.685056221191201
1.05516538139796	0.123301688375252	1.22233510761446
1.05516538139796	0.123301688375252	1.22233510761446
1.05516538139796	0.123301688375252	1.22233510761446
1.2258429727012	0.637314593724397	1.10526304220733
1.2258429727012	0.637314593724397	1.10526304220733
1.2258429727012	0.637314593724397	1.10526304220733
1.2258429727012	0.637314593724397	1.10526304220733
1.2258429727012	0.637314593724397	1.10526304220733
1.55846022751057	0.480873057394574	1.64015551267773
1.55846022751057	0.480873057394574	1.64015551267773
1.55846022751057	0.480873057394574	1.64015551267773
1.55846022751057	0.480873057394574	1.64015551267773
1.14194640493222	0.828749532307475	1.44082000352857
-0.0109424773134899	0.78283230871084	1.07742177076913
-0.0109424773134899	0.78283230871084	1.07742177076913
-0.0109424773134899	0.78283230871084	1.07742177076913
-0.0109424773134899	0.78283230871084	1.07742177076913
-0.0109424773134899	0.78283230871084	1.07742177076913
-0.0109424773134899	0.78283230871084	1.07742177076913
-0.0109424773134899	0.78283230871084	1.07742177076913
-0.0109424773134899	0.78283230871084	1.07742177076913
-0.0109424773134899	0.78283230871084	1.07742177076913
-0.0109424773134899	0.78283230871084	1.07742177076913
-0.0109424773134899	0.78283230871084	1.07742177076913
-0.0109424773134899	0.78283230871084	1.07742177076913
0.382542036733007	-0.768716854360106	1.41074942361535
0.382542036733007	-0.768716854360106	1.41074942361535
0.382542036733007	-0.768716854360106	1.41074942361535
0.382542036733007	-0.768716854360106	1.41074942361535
0.382542036733007	-0.768716854360106	1.41074942361535
0.948562184383409	-0.393914702221428	1.15928223138071
1.58979752273836	0.998175665687952	2.36583229169553
1.85245473206343	0.954825531756065	2.65587705041028
2.08342580125944	1.08178442563792	2.02564768938461
1.95842362242047	1.23039292235171	2.26320832206566
1.95842362242047	1.23039292235171	2.26320832206566
1.73921749336402	1.88493053707217	2.11722598311654
1.73921749336402	1.88493053707217	2.11722598311654
1.73921749336402	1.88493053707217	2.11722598311654
1.73921749336402	1.88493053707217	2.11722598311654
1.73921749336402	1.88493053707217	2.11722598311654
1.82732262765835	1.65834370423813	1.97180385767464
2.07677317756842	1.06594174171798	1.12447648944457
2.07677317756842	1.06594174171798	1.12447648944457
1.90911939842472	0.543410716331289	1.53661880077008
1.90911939842472	0.543410716331289	1.53661880077008
1.90911939842472	0.543410716331289	1.53661880077008
1.90911939842472	0.543410716331289	1.53661880077008
1.90911939842472	0.543410716331289	1.53661880077008
1.90911939842472	0.543410716331289	1.53661880077008
1.01452735799367	0.980137995613863	2.45642942244302
1.01452735799367	0.980137995613863	2.45642942244302
0.202896394524663	0.489218091533657	2.91315915910946
0.760533956202877	0.831622364365609	2.8061781775944
0.760533956202877	0.831622364365609	2.8061781775944
0.760533956202877	0.831622364365609	2.8061781775944
0.760533956202877	0.831622364365609	2.8061781775944
0.471015014308244	1.1987557549569	2.47354121869185
-0.342032895408366	-0.355814048324729	2.89839766818959
-0.342032895408366	-0.355814048324729	2.89839766818959
-0.543292828453017	-0.956182504797852	2.18622743388726
-0.543292828453017	-0.956182504797852	2.18622743388726
-0.13100514369558	-0.885674470125781	1.14997906153372
0.851071564630489	-0.155722286117347	1.55075330485001
0.929321876643899	0.174316044666466	0.495729954381372
0.929321876643899	0.174316044666466	0.495729954381372
-0.142893629513373	0.161984978111321	0.265765370612385
-0.142893629513373	0.161984978111321	0.265765370612385
-0.142893629513373	0.161984978111321	0.265765370612385
-0.142893629513373	0.161984978111321	0.265765370612385
-0.148966016040028	0.596650440849807	0.14021902534967
-0.148966016040028	0.596650440849807	0.14021902534967
0.559988031307663	0.359264395570405	0.395712502240063
0.300628539922253	0.121286333293457	0.236602198373838
0.300628539922253	0.121286333293457	0.236602198373838
0.300628539922253	0.121286333293457	0.236602198373838
0.300628539922253	0.121286333293457	0.236602198373838
-0.985262961358009	-0.290170994829496	0.758483175118009
-0.985262961358009	-0.290170994829496	0.758483175118009
-0.78084014872404	0.474339873093155	1.28927669907522
-0.78084014872404	0.474339873093155	1.28927669907522
-0.78084014872404	0.474339873093155	1.28927669907522
-0.361067274946333	-0.0644029205226011	1.87658741850197
-0.361067274946333	-0.0644029205226011	1.87658741850197
-0.361067274946333	-0.0644029205226011	1.87658741850197
0.189507067373554	-0.154665149781321	2.03357200544932
0.189507067373554	-0.154665149781321	2.03357200544932
-0.272318040563378	-0.177227323924472	1.92439816210725
1.29694120372893	0.899773679111743	2.17906796137119
1.29694120372893	0.899773679111743	2.17906796137119
0.0915773391972443	0.255818068793163	2.40090032646226
0.436730279846161	-0.00126168341395583	2.31480044917306
0.436730279846161	-0.00126168341395583	2.31480044917306
0.911446508954323	1.26235672960694	2.15291847687035
1.39576745121011	0.751212680162	1.67149244125311
1.12404626553501	0.424353903786828	1.54044111850088
1.12404626553501	0.424353903786828	1.54044111850088
1.12404626553501	0.424353903786828	1.54044111850088
1.12404626553501	0.424353903786828	1.54044111850088
1.07266285809137	0.0441103507008528	1.34243553708571
0.381177893676976	0.246297537507038	1.97897203375322
0.705402304749652	0.065627999480062	1.47232396738178
0.705402304749652	0.065627999480062	1.47232396738178
-0.255847406344077	-0.22745780750972	2.30148096251272
-0.858672234104642	0.970419178107652	2.53676450620994
-0.185232711432294	1.1892260034808	2.67919869215515
-0.42331203333545	0.846085372339882	2.78111355362332
-0.42331203333545	0.846085372339882	2.78111355362332
-0.42331203333545	0.846085372339882	2.78111355362332
-0.372872693588688	0.422730897590781	3.19796927438782
-0.372872693588688	0.422730897590781	3.19796927438782
-0.372872693588688	0.422730897590781	3.19796927438782
-1.15124276899624	-0.0481584045190274	3.00354486467975
-1.25219600074015	0.128910048079541	3.23442018914462
-0.894225904664424	-0.411428346417757	3.59604356004814
-0.894225904664424	-0.411428346417757	3.59604356004814
0.259787594411407	-0.400029367343898	2.73588484171361
0.259787594411407	-0.400029367343898	2.73588484171361
0.259787594411407	-0.400029367343898	2.73588484171361
0.259787594411407	-0.400029367343898	2.73588484171361
0.143045836738831	0.731654671487572	2.51179245605229
-0.085887681492872	1.41439035171784	2.11028917682477
-0.935262510070616	1.38746806357483	1.67812754525624
-0.415650012324398	1.5702432927415	2.13707359852451
-0.107578543030316	2.2462050717485	2.65918460652504
-0.422949636519974	1.69415354429022	2.32921902047226
-0.283291912659794	0.822065578216672	2.24998499636883
0.440611173865411	0.941321354978421	3.03426396281103
0.238847547014832	0.897614104011278	3.15206643776294
0.266828219840426	0.979461552062328	3.74379600515755
-0.632863194080955	0.132762615724253	3.32914901411866
-0.632863194080955	0.132762615724253	3.32914901411866
-0.632863194080955	0.132762615724253	3.32914901411866
-0.632863194080955	0.132762615724253	3.32914901411866
-0.557555034179173	0.915449113443558	2.3141794170622
-0.521592906733201	0.140434721434814	2.47746805919623
-0.0705758078499446	1.0881815881291	2.03640992224743
0.0544361655053631	1.16476261907901	1.97761718011064
-0.374276953696004	1.58856172547831	1.39455228414757
-1.36143609215398	1.21456231756635	1.77036042118773
-0.885216059349903	1.47073567632721	1.56617544370123
-0.885216059349903	1.47073567632721	1.56617544370123
-0.885216059349903	1.47073567632721	1.56617544370123
-0.994586586561971	0.84768875908681	0.901488612043429
-0.994586586561971	0.84768875908681	0.901488612043429
-0.787573032828998	0.0584139909763207	1.08909260651179
-0.867606755466965	-0.273852406610338	0.290550239597527
-0.867606755466965	-0.273852406610338	0.290550239597527
-0.163821387847903	1.01017960621679	1.03576609642353
-0.489082740073853	1.26002807717976	1.33711827498986
-0.624594551991019	1.51026902841573	1.76941468197525
-0.624594551991019	1.51026902841573	1.76941468197525
-0.624594551991019	1.51026902841573	1.76941468197525
-0.614992829200219	1.49191533637084	1.74094885674521
-1.03449109938273	0.942058090470051	2.67616908976769
-1.00404081436942	0.142380495369532	3.00959731786113
-1.00404081436942	0.142380495369532	3.00959731786113
-1.00404081436942	0.142380495369532	3.00959731786113
-1.08814553499893	-0.408366680282195	3.38676548118818
-0.159860368766029	0.431982416221723	3.02559279226521
-0.135631239502684	1.00832222551216	2.98972164240831
0.428398380350091	1.04589050724298	3.56666822229013
0.428398380350091	1.04589050724298	3.56666822229013
0.613739369660779	0.655871145199073	3.23301379563304
0.613739369660779	0.655871145199073	3.23301379563304
0.613739369660779	0.655871145199073	3.23301379563304
0.613739369660779	0.655871145199073	3.23301379563304
-0.368071275890144	0.231640525292381	2.49517853755199
-1.11101987457444	0.286763160532065	0.985989794766825
-0.485510437408732	-0.385822984329054	1.90765468258791
-0.984128676626668	-0.180289525369952	3.46843346071768
-0.619380029156271	0.817664821608417	2.19606540253559
-0.0934499194043729	1.59217697225652	2.46049643190306
-0.8377542321954	1.59685112825345	1.55466122644951
-0.8377542321954	1.59685112825345	1.55466122644951
-0.8377542321954	1.59685112825345	1.55466122644951
