1	1	1
1	1	1
1	1	1
0.481032634726053	1.62557512041321	1.58433843962902
0.481032634726053	1.62557512041321	1.58433843962902
0.481032634726053	1.62557512041321	1.58433843962902
0.0504593613730762	1.14425473826537	1.21602284472403
0.485654689382592	0.990126066842454	1.85244611954483
0.485654689382592	0.990126066842454	1.85244611954483
0.485654689382592	0.990126066842454	1.85244611954483
0.485654689382592	0.990126066842454	1.85244611954483
0.485654689382592	0.990126066842454	1.85244611954483
0.646435824611366	1.07532931859854	1.95356927149824
0.646435824611366	1.07532931859854	1.95356927149824
0.493762103191133	1.14456696625145	1.72452863412902
0.493762103191133	1.14456696625145	1.72452863412902
0.493762103191133	1.14456696625145	1.72452863412902
0.493762103191133	1.14456696625145	1.72452863412902
0.493762103191133	1.14456696625145	1.72452863412902
0.493762103191133	1.14456696625145	1.72452863412902
-0.399625537817974	1.21623309972978	1.16938642575187
-0.123755539648565	0.978442335805441	1.91705007382958
-0.329473902002347	1.83074221780145	2.09592500951604
-0.329473902002347	1.83074221780145	2.09592500951604
-0.329473902002347	1.83074221780145	2.09592500951604
0.422876307124716	1.19734800192064	1.37366700017267
0.422876307124716	1.19734800192064	1.37366700017267
0.422876307124716	1.19734800192064	1.37366700017267
0.422876307124716	1.19734800192064	1.37366700017267
-0.201492630927477	1.0268777187048	2.21904917314949
-0.201492630927477	1.0268777187048	2.21904917314949
0.425166952357902	0.624903477100976	1.86826227058163
0.425166952357902	0.624903477100976	1.86826227058163
0.425166952357902	0.624903477100976	1.86826227058163
0.425166952357902	0.624903477100976	1.86826227058163
0.557915951647621	1.14875307673522	1.4695857897691
-0.201398936786599	1.30555129526638	1.13652483059636
-0.201398936786599	1.30555129526638	1.13652483059636
-0.201398936786599	1.30555129526638	1.13652483059636
-0.201398936786599	1.30555129526638	1.13652483059636
-0.201398936786599	1.30555129526638	1.13652483059636
0.109992475949673	1.20133172706181	0.737683581495298
0.109992475949673	1.20133172706181	0.737683581495298
0.109992475949673	1.20133172706181	0.737683581495298
-0.117163104823	0.760515470336719	0.754712152269935
-0.157410713253787	1.02445792920962	0.445456386352692
-0.157410713253787	1.02445792920962	0.445456386352692
-0.157410713253787	1.02445792920962	0.445456386352692
-0.179476135578925	0.0502563113064325	0.519785888883953
-0.179476135578925	0.0502563113064325	0.519785888883953
-0.579667663620885	0.591507414212297	0.427949298517488
-0.579667663620885	0.591507414212297	0.427949298517488
-0.579667663620885	0.591507414212297	0.427949298517488
-0.579667663620885	0.591507414212297	0.427949298517488
-0.579667663620885	0.591507414212297	0.427949298517488
-0.650027079260473	0.542554991905436	1.01331300405429
-0.341121973102678	0.787074910436357	0.844876265775888
-0.341121973102678	0.787074910436357	0.844876265775888
-0.341121973102678	0.787074910436357	0.844876265775888
-0.229110257497931	0.614491498952335	0.298782245022866
-0.229110257497931	0.614491498952335	0.298782245022866
-0.229110257497931	0.614491498952335	0.298782245022866
-0.198142799232478	1.57795301934881	0.0291364635829875
-0.198142799232478	1.57795301934881	0.0291364635829875
-0.198142799232478	1.57795301934881	0.0291364635829875
-0.580003414593065	2.07897731106673	0.446676712854903
0.0919965256285341	2.28930457475425	1.05286925299698
0.354315650025683	0.932766926130897	0.100252317042823
0.354315650025683	0.932766926130897	0.100252317042823
0.404815720863063	1.31525332177258	0.222865559375462
0.448566734929781	0.624444328725085	0.113864676821593
0.448566734929781	0.624444328725085	0.113864676821593
0.285641982118328	0.257571167748243	0.680238559516079
0.254304637534068	0.984354060500714	1.09742398925314
0.254304637534068	0.984354060500714	1.09742398925314
0.254304637534068	0.984354060500714	1.09742398925314
1.02235389674164	0.786114929269599	0.805538901910001
0.523862883444319	1.40338509447158	1.38506417469671
0.162122860284209	2.01934559672523	1.79570842477183
-0.245239385163126	1.90814204284854	2.12926416813328
-0.245239385163126	1.90814204284854	2.12926416813328
0.549957696380301	0.114927563652441	1.49163857485809
0.733768639257559	-0.295508547643268	2.04805963890529
0.733768639257559	-0.295508547643268	2.04805963890529
0.733768639257559	-0.295508547643268	2.04805963890529
0.733768639257559	-0.295508547643268	2.04805963890529
0.733768639257559	-0.295508547643268	2.04805963890529
0.733768639257559	-0.295508547643268	2.04805963890529
-0.0922630843110831	0.530726955464458	3.40150652652628
-0.0282457916361081	0.927293520740812	2.62478360298321
-0.217684354920573	1.72603337072668	2.13667776303151
0.598762009020618	0.243327019902327	2.75638797054368
0.443640798432561	0.0980666291617771	1.97839494709736
0.443640798432561	0.0980666291617771	1.97839494709736
0.0622105990733701	-0.249690665607738	0.560941805300714
0.0622105990733701	-0.249690665607738	0.560941805300714
-0.169632519468512	0.51990413133903	1.02602607440937
-0.169632519468512	0.51990413133903	1.02602607440937
-0.169632519468512	0.51990413133903	1.02602607440937
0.0992393121761232	0.935683971233717	1.02248723362257
-0.466845519529935	1.07566418446165	0.860667393417042
-0.466845519529935	1.07566418446165	0.860667393417042
-0.466845519529935	1.07566418446165	0.860667393417042
-0.361954609111469	0.431357321233306	0.789017209850965
-0.707950874339064	0.0937480906885152	1.52868323744075
-0.104018244631276	0.574426466266721	1.48596100020609
-0.0613790716561202	0.648631196395716	1.71325792608734
-0.701728380840856	0.684549302647578	1.86193812287537
-0.701728380840856	0.684549302647578	1.86193812287537
-1.03985970002782	0.295632332712812	2.13157519901319
-1.03985970002782	0.295632332712812	2.13157519901319
-1.03985970002782	0.295632332712812	2.13157519901319
-0.818572830583348	0.901207998042006	2.27010858793199
-0.255531439698581	0.433859539421794	2.23160221530062
-0.961084627338062	1.30210748020293	2.88076466830108
-0.128044635037043	1.090273912669	2.68988471669732
0.159446969533965	0.369852154618981	2.14758862190046
-0.300192054107706	0.483297396729904	2.83618663947875
-0.300192054107706	0.483297396729904	2.83618663947875
-0.300192054107706	0.483297396729904	2.83618663947875
-0.247616271129949	1.07708231278007	3.27789429296096
-0.247616271129949	1.07708231278007	3.27789429296096
0.535502467497507	1.21481126084833	3.80116279019486
0.483875788636888	1.22594068501446	3.39807701121633
0.483875788636888	1.22594068501446	3.39807701121633
0.438216969671592	0.00555417526326019	3.09605437813382
0.438216969671592	0.00555417526326019	3.09605437813382
0.830927733511597	0.559689926569019	3.07585862960099
1.24752517560721	0.621216575604106	2.60623729175249
1.24752517560721	0.621216575604106	2.60623729175249
1.24752517560721	0.621216575604106	2.60623729175249
1.24752517560721	0.621216575604106	2.60623729175249
1.24752517560721	0.621216575604106	2.60623729175249
1.24752517560721	0.621216575604106	2.60623729175249
1.24752517560721	0.621216575604106	2.60623729175249
0.956285900532454	0.996256222086436	3.06864930000181
0.956285900532454	0.996256222086436	3.06864930000181
0.956285900532454	0.996256222086436	3.06864930000181
0.505805112434356	0.69461111637167	3.54652048232401
0.56250814198883	0.322812372359608	3.07396065777446
0.315973492354044	0.520559329631138	3.5903308412895
0.315973492354044	0.520559329631138	3.5903308412895
0.315973492354044	0.520559329631138	3.5903308412895
0.315973492354044	0.520559329631138	3.5903308412895
0.323178833791275	0.582240834663459	3.39337238426554
0.444967592715044	-0.0601137773429752	3.31851105053786
0.565172838552095	0.146410952045017	3.07219791382017
0.949347613265701	-0.422083910469789	2.22727698607443
0.949347613265701	-0.422083910469789	2.22727698607443
0.588499443550358	-0.484965834646603	2.20060113220447
1.64593806134134	-0.926126077031397	2.29715082438312
1.00787438429873	-0.394748624125058	3.29595464101246
1.00787438429873	-0.394748624125058	3.29595464101246
1.15457604783961	-0.748340826517356	3.38085249672905
1.15457604783961	-0.748340826517356	3.38085249672905
1.0206944958608	-0.35894172149644	3.22093683104248
0.740118806915725	-0.903540978604098	2.18952455372599
0.740118806915725	-0.903540978604098	2.18952455372599
0.740118806915725	-0.903540978604098	2.18952455372599
0.446106740555087	-0.282553980488385	2.76327171445161
0.575856667191605	0.0767160284966436	2.61943382944642
0.575856667191605	0.0767160284966436	2.61943382944642
-0.252394393383197	-0.775016587107886	2.05743039005445
-0.480519761435174	0.932940721672186	2.08933671307454
-0.0299887851377264	-0.626578662469563	0.982095362376728
0.036612849285794	-0.0612000763037882	1.5678507674978
0.036612849285794	-0.0612000763037882	1.5678507674978
-0.113270850068461	0.118311100959003	1.64800127023764
-0.0091369397776668	0.444808045253196	2.0830750404246
0.595352586793921	0.370132023808833	1.61807919310283
0.595352586793921	0.370132023808833	1.61807919310283
0.595352586793921	0.370132023808833	1.61807919310283
0.595352586793921	0.370132023808833	1.61807919310283
0.595352586793921	0.370132023808833	1.61807919310283
0.0669398045580167	1.32226271232676	2.19515089727198
0.682466612287247	-0.211912475809639	1.77001206985404
0.682466612287247	-0.211912475809639	1.77001206985404
0.682466612287247	-0.211912475809639	1.77001206985404
0.682466612287247	-0.211912475809639	1.77001206985404
0.682466612287247	-0.211912475809639	1.77001206985404
0.237755308605356	0.751216369870084	2.10866052084257
-0.267647702754704	1.27956488282299	2.40110636370068
-0.267647702754704	1.27956488282299	2.40110636370068
-0.267647702754704	1.27956488282299	2.40110636370068
-0.267647702754704	1.27956488282299	2.40110636370068
-0.344228714098563	0.864163404775095	2.1470954345352
-0.855731874588012	0.124805317491479	2.24443841679973
-1.31742976130793	-0.288976931221503	2.58650882793197
-0.817036356685279	-1.3467529260389	1.80489277242473
-0.421327118802412	-0.805448781811917	1.83266189018556
-0.861148997083823	0.698964862107513	2.0179443508525
-0.553003702824338	-0.526921895046206	1.29858979827615
-0.553003702824338	-0.526921895046206	1.29858979827615
-0.553003702824338	-0.526921895046206	1.29858979827615
-1.05094745049932	0.248700185606475	1.49621122830618
-0.780634124969163	-0.285944796069641	0.958107773750625
-0.780634124969163	-0.285944796069641	0.958107773750625
-0.780634124969163	-0.285944796069641	0.958107773750625
-0.531053282946653	-0.441049142911481	0.873423519498369
-0.798349781373628	-0.167183517828959	1.36806247020543
