1	1	1
0.424281872325796	1.20787436670558	1.48140268438697
0.424281872325796	1.20787436670558	1.48140268438697
0.424281872325796	1.20787436670558	1.48140268438697
0.424281872325796	1.20787436670558	1.48140268438697
0.767078047864658	1.53078371606577	1.12225125739071
0.767078047864658	1.53078371606577	1.12225125739071
0.493611983161699	1.78602894195719	1.29874436865921
0.493611983161699	1.78602894195719	1.29874436865921
0.493611983161699	1.78602894195719	1.29874436865921
0.976535916912572	1.31853764622065	1.8339907373337
0.976535916912572	1.31853764622065	1.8339907373337
0.411877306743699	1.45261659775597	1.28810354268559
0.411877306743699	1.45261659775597	1.28810354268559
-0.28710271706065	1.27307781499643	2.0037982552178
-0.28710271706065	1.27307781499643	2.0037982552178
-0.28710271706065	1.27307781499643	2.0037982552178
-0.28710271706065	1.27307781499643	2.0037982552178
-1.74653039535006	1.10123064531675	1.83843913634826
-1.74653039535006	1.10123064531675	1.83843913634826
-2.06551997565877	1.3636772042012	0.740022375154276
-2.06551997565877	1.3636772042012	0.740022375154276
-2.06551997565877	1.3636772042012	0.740022375154276
-2.06551997565877	1.3636772042012	0.740022375154276
-2.06551997565877	1.3636772042012	0.740022375154276
-2.06551997565877	1.3636772042012	0.740022375154276
-2.06551997565877	1.3636772042012	0.740022375154276
-2.06551997565877	1.3636772042012	0.740022375154276
-1.22396777422281	0.93704323325188	0.736037302798476
-1.30566640674813	2.09372148673304	0.907115128292469
-1.30566640674813	2.09372148673304	0.907115128292469
-1.30566640674813	2.09372148673304	0.907115128292469
-1.30566640674813	2.09372148673304	0.907115128292469
-0.385166516126364	2.5700990431995	1.20114121392953
-0.220161882164368	0.82143817318773	1.10507318285331
-0.780697546728293	-0.211701650265674	1.09240938434129
-0.780697546728293	-0.211701650265674	1.09240938434129
-0.780697546728293	-0.211701650265674	1.09240938434129
-0.780697546728293	-0.211701650265674	1.09240938434129
-0.43863818783641	-0.492792083285155	1.13140154892106
-0.743760049777487	0.210445716299771	1.14298577951259
-0.990892517120418	0.454544089815999	1.19902139365857
-1.54807647178223	1.30883100158997	0.54757016766942
-1.54807647178223	1.30883100158997	0.54757016766942
-1.54807647178223	1.30883100158997	0.54757016766942
-2.1315254822913	1.041347896336	0.842964160715578
-2.1315254822913	1.041347896336	0.842964160715578
-2.1315254822913	1.041347896336	0.842964160715578
-2.1315254822913	1.041347896336	0.842964160715578
-2.1315254822913	1.041347896336	0.842964160715578
-0.177307099293913	0.745090719906614	1.5356107856894
-0.2329596498845	2.35552547926789	1.47792409260205
-0.982848543775891	1.97596911521804	1.52049264013369
-0.982848543775891	1.97596911521804	1.52049264013369
-0.982848543775891	1.97596911521804	1.52049264013369
-0.982848543775891	1.97596911521804	1.52049264013369
-2.26191327403366	0.85997578299879	1.63719826630952
-2.26191327403366	0.85997578299879	1.63719826630952
-2.26191327403366	0.85997578299879	1.63719826630952
-2.26191327403366	0.85997578299879	1.63719826630952
-0.506806662727199	0.635463546615965	1.49726604032691
-0.506806662727199	0.635463546615965	1.49726604032691
0.110882432653881	0.566632725603751	1.42562171938932
0.110882432653881	0.566632725603751	1.42562171938932
-0.216830087778696	1.06885229935551	1.21065447416803
-0.216830087778696	1.06885229935551	1.21065447416803
-0.891111076836237	1.95826132014802	1.48811400844599
-0.891111076836237	1.95826132014802	1.48811400844599
-1.00959373080233	0.916969170696863	1.56999544536983
-1.00959373080233	0.916969170696863	1.56999544536983
-1.00959373080233	0.916969170696863	1.56999544536983
-1.00959373080233	0.916969170696863	1.56999544536983
-1.00959373080233	0.916969170696863	1.56999544536983
-1.00959373080233	0.916969170696863	1.56999544536983
-1.00959373080233	0.916969170696863	1.56999544536983
-1.00959373080233	0.916969170696863	1.56999544536983
-1.00959373080233	0.916969170696863	1.56999544536983
-1.00959373080233	0.916969170696863	1.56999544536983
-1.00959373080233	0.916969170696863	1.56999544536983
-1.00959373080233	0.916969170696863	1.56999544536983
-1.00959373080233	0.916969170696863	1.56999544536983
-1.20953231393533	1.39791734633977	1.86004170819636
-0.258586486198259	1.46903410819236	2.14077343813448
0.545702939934755	1.1237504708655	2.03403459229876
0.545702939934755	1.1237504708655	2.03403459229876
-2.03929355192008	1.30006763507881	2.63477549456197
-2.03929355192008	1.30006763507881	2.63477549456197
-2.03929355192008	1.30006763507881	2.63477549456197
-2.24305866089605	0.135697860072618	3.34461328437375
-0.801785518085142	-0.683534566858362	3.38855886442296
-0.801785518085142	-0.683534566858362	3.38855886442296
-0.898984164884126	0.393006127557597	3.10655113424002
-0.898984164884126	0.393006127557597	3.10655113424002
-1.22053366755605	0.52280170055715	2.87228343232864
-1.22053366755605	0.52280170055715	2.87228343232864
0.231181060300857	0.819314102955311	3.41808012175563
0.231181060300857	0.819314102955311	3.41808012175563
0.231181060300857	0.819314102955311	3.41808012175563
0.596468135380071	0.783562825520617	3.0206382767676
-1.0825695482569	0.451485922726479	3.33970750963715
-1.0825695482569	0.451485922726479	3.33970750963715
0.389943390106103	-0.249996931744948	3.31483747093845
-1.7762177570666	-0.0861329099480672	2.45932031778412
-1.7762177570666	-0.0861329099480672	2.45932031778412
-1.08392131289206	0.303381596513448	3.04267051695604
-0.208986306149125	0.568364167887161	3.50179213700944
-0.785404466509584	0.398268250440986	3.81143561159926
-0.785404466509584	0.398268250440986	3.81143561159926
-0.785404466509584	0.398268250440986	3.81143561159926
-0.668408744047127	1.07381684986391	3.72627311057009
-0.668408744047127	1.07381684986391	3.72627311057009
-0.832379610309172	0.887310701772361	3.61870723166278
-0.154694224911746	1.02051010070223	3.0993817630895
-0.154694224911746	1.02051010070223	3.0993817630895
-0.662093212407604	1.16231218882936	2.85331654738858
-1.41647389874392	0.671546574152132	1.39086537839881
-1.41647389874392	0.671546574152132	1.39086537839881
-1.41647389874392	0.671546574152132	1.39086537839881
-1.42492851688871	-0.320856160471214	1.94342023629179
-1.42492851688871	-0.320856160471214	1.94342023629179
-0.349782703927643	0.0967600113141264	2.32265631206869
-0.349782703927643	0.0967600113141264	2.32265631206869
-0.349782703927643	0.0967600113141264	2.32265631206869
0.458301513584011	-0.0134520917659131	2.6201757404265
0.458301513584011	-0.0134520917659131	2.6201757404265
0.634637420336194	0.527023644413202	2.90398794493403
0.634637420336194	0.527023644413202	2.90398794493403
-0.3746988659545	-0.505998855842667	2.89008797212389
-0.0768947244756952	-0.685571643881945	3.38719292673288
-0.0768947244756952	-0.685571643881945	3.38719292673288
0.433540011718772	-0.315798365776284	2.73263780472027
0.433540011718772	-0.315798365776284	2.73263780472027
0.296491162913098	-0.278444045576589	2.796215439401
-1.02854612190929	0.477188306043822	2.9423814356791
-1.45029248404647	0.969979476710878	2.73604588037366
-0.923942869399235	1.5941112347436	2.87831864014705
-0.505109994039702	-0.0763459153733117	2.60755016332834
-0.505109994039702	-0.0763459153733117	2.60755016332834
-0.505109994039702	-0.0763459153733117	2.60755016332834
0.260286563188046	0.0184997806775779	3.41680912578335
0.260286563188046	0.0184997806775779	3.41680912578335
0.260286563188046	0.0184997806775779	3.41680912578335
-1.31360054890843	1.80661556258231	3.40235615375159
-1.32703785082773	2.08482012104302	2.84383972790595
-1.32703785082773	2.08482012104302	2.84383972790595
-1.32703785082773	2.08482012104302	2.84383972790595
-1.73152079206561	2.46436582327443	2.65648385769411
-1.73152079206561	2.46436582327443	2.65648385769411
-1.73152079206561	2.46436582327443	2.65648385769411
-1.73152079206561	2.46436582327443	2.65648385769411
-1.73152079206561	2.46436582327443	2.65648385769411
-1.73152079206561	2.46436582327443	2.65648385769411
-2.18184991400587	1.77282695729954	2.39551605548214
-2.18184991400587	1.77282695729954	2.39551605548214
-2.18184991400587	1.77282695729954	2.39551605548214
-2.18184991400587	1.77282695729954	2.39551605548214
-1.7385950705471	2.60631606683184	2.40338585976094
-1.8531713397841	2.16124012754	1.72258246263233
-0.518231834722518	1.76689043939023	2.31191466108182
-0.518231834722518	1.76689043939023	2.31191466108182
-0.518231834722518	1.76689043939023	2.31191466108182
-0.518231834722518	1.76689043939023	2.31191466108182
-0.582429166412465	2.41858415625606	1.77276038180615
-0.601775863082894	1.30121867196208	1.71212933229504
-0.601775863082894	1.30121867196208	1.71212933229504
-0.601775863082894	1.30121867196208	1.71212933229504
-0.875821886477847	1.95701788711341	1.53069325265966
-0.0772803558749657	1.69169390346232	2.14138709943685
-0.0612479374654962	1.63280141918515	2.34706960003511
-2.14275328254091	2.43393369845874	1.78394654238371
-2.14275328254091	2.43393369845874	1.78394654238371
-2.14275328254091	2.43393369845874	1.78394654238371
-2.14275328254091	2.43393369845874	1.78394654238371
-2.14275328254091	2.43393369845874	1.78394654238371
-2.14275328254091	2.43393369845874	1.78394654238371
-2.14275328254091	2.43393369845874	1.78394654238371
-0.966014078593315	1.85095386560246	1.41289835706618
-0.966014078593315	1.85095386560246	1.41289835706618
-0.966014078593315	1.85095386560246	1.41289835706618
-0.966014078593315	1.85095386560246	1.41289835706618
-0.966014078593315	1.85095386560246	1.41289835706618
-0.966014078593315	1.85095386560246	1.41289835706618
-0.451987567099628	1.59367733776904	1.19815956321254
-0.451987567099628	1.59367733776904	1.19815956321254
-0.451987567099628	1.59367733776904	1.19815956321254
-1.67025702181008	0.28668003668002	1.19662783871192
-1.67025702181008	0.28668003668002	1.19662783871192
-0.173076203629651	0.532857487319626	0.94756611650852
-0.859585666090688	0.156306313575173	1.00591535894287
-1.10987562488138	-0.236322972213038	1.03589226092641
-1.10987562488138	-0.236322972213038	1.03589226092641
-1.46739170268574	-0.140363431545506	0.866046284649952
-1.46739170268574	-0.140363431545506	0.866046284649952
-0.963610452181547	0.0384193504871136	1.23056461414682
-0.963610452181547	0.0384193504871136	1.23056461414682
-0.963610452181547	0.0384193504871136	1.23056461414682
-0.963610452181547	0.0384193504871136	1.23056461414682
-1.24094070104047	-0.166799897805858	0.659178045479482
-1.24094070104047	-0.166799897805858	0.659178045479482
-1.24094070104047	-0.166799897805858	0.659178045479482
