1	1	1
1	1	1
1	1	1
1	1	1
1	1	1
1	1	1
0.757454760493509	1.32407585380536	0.914601718855554
0.757454760493509	1.32407585380536	0.914601718855554
0.793654828708764	0.921637410756197	1.38572511402852
0.793654828708764	0.921637410756197	1.38572511402852
0.793654828708764	0.921637410756197	1.38572511402852
0.793654828708764	0.921637410756197	1.38572511402852
0.406214720494718	1.751791917365	1.24943639624187
0.144530178104224	1.38274663192325	1.25148165088809
0.144530178104224	1.38274663192325	1.25148165088809
0.144530178104224	1.38274663192325	1.25148165088809
0.144530178104224	1.38274663192325	1.25148165088809
0.144530178104224	1.38274663192325	1.25148165088809
0.144530178104224	1.38274663192325	1.25148165088809
0.281449665152673	1.50127977952391	1.60547138008877
0.589244221193098	1.47006200068435	1.53351129865244
0.589244221193098	1.47006200068435	1.53351129865244
0.589244221193098	1.47006200068435	1.53351129865244
0.589244221193098	1.47006200068435	1.53351129865244
0.589244221193098	1.47006200068435	1.53351129865244
0.589244221193098	1.47006200068435	1.53351129865244
0.589244221193098	1.47006200068435	1.53351129865244
0.589244221193098	1.47006200068435	1.53351129865244
0.589244221193098	1.47006200068435	1.53351129865244
0.589244221193098	1.47006200068435	1.53351129865244
0.589244221193098	1.47006200068435	1.53351129865244
0.589244221193098	1.47006200068435	1.53351129865244
0.589244221193098	1.47006200068435	1.53351129865244
0.589244221193098	1.47006200068435	1.53351129865244
0.589244221193098	1.47006200068435	1.53351129865244
0.561716838986655	1.32560126477668	1.58202701604742
0.561716838986655	1.32560126477668	1.58202701604742
1.43660386721145	1.31067649297911	1.31194994500977
1.43660386721145	1.31067649297911	1.31194994500977
1.43660386721145	1.31067649297911	1.31194994500977
1.43660386721145	1.31067649297911	1.31194994500977
1.43660386721145	1.31067649297911	1.31194994500977
1.43660386721145	1.31067649297911	1.31194994500977
0.498980211565676	0.478948058659573	1.58661006775806
0.775412913851444	1.51889986426107	1.5305309019925
0.480120777883984	1.28326796279748	1.32934185559931
0.480120777883984	1.28326796279748	1.32934185559931
0.480120777883984	1.28326796279748	1.32934185559931
0.480120777883984	1.28326796279748	1.32934185559931
0.480120777883984	1.28326796279748	1.32934185559931
0.480120777883984	1.28326796279748	1.32934185559931
0.480120777883984	1.28326796279748	1.32934185559931
0.480120777883984	1.28326796279748	1.32934185559931
0.480120777883984	1.28326796279748	1.32934185559931
0.480120777883984	1.28326796279748	1.32934185559931
0.480120777883984	1.28326796279748	1.32934185559931
0.480120777883984	1.28326796279748	1.32934185559931
0.480120777883984	1.28326796279748	1.32934185559931
0.480120777883984	1.28326796279748	1.32934185559931
0.480120777883984	1.28326796279748	1.32934185559931
0.480120777883984	1.28326796279748	1.32934185559931
0.480120777883984	1.28326796279748	1.32934185559931
0.480120777883984	1.28326796279748	1.32934185559931
0.480120777883984	1.28326796279748	1.32934185559931
0.480120777883984	1.28326796279748	1.32934185559931
0.480120777883984	1.28326796279748	1.32934185559931
-0.700027867270852	1.18472009772098	1.02237723705401
-0.700027867270852	1.18472009772098	1.02237723705401
-0.700027867270852	1.18472009772098	1.02237723705401
0.223541409021266	0.820936613439663	1.40021606942201
0.223541409021266	0.820936613439663	1.40021606942201
0.223541409021266	0.820936613439663	1.40021606942201
0.223541409021266	0.820936613439663	1.40021606942201
0.223541409021266	0.820936613439663	1.40021606942201
0.223541409021266	0.820936613439663	1.40021606942201
0.223541409021266	0.820936613439663	1.40021606942201
0.223541409021266	0.820936613439663	1.40021606942201
0.223541409021266	0.820936613439663	1.40021606942201
0.223541409021266	0.820936613439663	1.40021606942201
0.223541409021266	0.820936613439663	1.40021606942201
0.223541409021266	0.820936613439663	1.40021606942201
0.223541409021266	0.820936613439663	1.40021606942201
0.223541409021266	0.820936613439663	1.40021606942201
0.223541409021266	0.820936613439663	1.40021606942201
-1.47152818819399	0.258523734091585	1.10190100740979
-1.47152818819399	0.258523734091585	1.10190100740979
-1.47152818819399	0.258523734091585	1.10190100740979
-0.980027913371606	-0.668981598131579	1.78311038820948
0.81468367457916	-1.11812076171911	1.97521831123834
0.494759424552078	-0.72269686542993	1.56076514928778
0.494759424552078	-0.72269686542993	1.56076514928778
0.494759424552078	-0.72269686542993	1.56076514928778
0.494759424552078	-0.72269686542993	1.56076514928778
0.494759424552078	-0.72269686542993	1.56076514928778
0.494759424552078	-0.72269686542993	1.56076514928778
0.478417762665776	-0.440701048574203	1.40994460576934
0.478417762665776	-0.440701048574203	1.40994460576934
0.478417762665776	-0.440701048574203	1.40994460576934
-1.21270309706873	0.136201754339159	0.462255618955329
-1.21270309706873	0.136201754339159	0.462255618955329
-1.21270309706873	0.136201754339159	0.462255618955329
-1.16365628097666	0.115498377409241	0.339683005219157
-1.16365628097666	0.115498377409241	0.339683005219157
-1.16365628097666	0.115498377409241	0.339683005219157
-1.16365628097666	0.115498377409241	0.339683005219157
-1.16365628097666	0.115498377409241	0.339683005219157
-1.16365628097666	0.115498377409241	0.339683005219157
-1.16365628097666	0.115498377409241	0.339683005219157
-1.16365628097666	0.115498377409241	0.339683005219157
-1.16365628097666	0.115498377409241	0.339683005219157
-1.16365628097666	0.115498377409241	0.339683005219157
-1.16365628097666	0.115498377409241	0.339683005219157
-1.16365628097666	0.115498377409241	0.339683005219157
-1.16365628097666	0.115498377409241	0.339683005219157
-1.16365628097666	0.115498377409241	0.339683005219157
-1.16365628097666	0.115498377409241	0.339683005219157
-0.597807599046069	-0.0809172597410471	0.2591433555
-0.597807599046069	-0.0809172597410471	0.2591433555
-0.597807599046069	-0.0809172597410471	0.2591433555
-0.597807599046069	-0.0809172597410471	0.2591433555
-0.597807599046069	-0.0809172597410471	0.2591433555
-0.597807599046069	-0.0809172597410471	0.2591433555
-0.597807599046069	-0.0809172597410471	0.2591433555
-0.597807599046069	-0.0809172597410471	0.2591433555
-0.597807599046069	-0.0809172597410471	0.2591433555
-0.597807599046069	-0.0809172597410471	0.2591433555
-0.580211293982666	0.134002764298234	0.20511265400204
-0.580211293982666	0.134002764298234	0.20511265400204
-0.580211293982666	0.134002764298234	0.20511265400204
-0.580211293982666	0.134002764298234	0.20511265400204
-0.580211293982666	0.134002764298234	0.20511265400204
-0.580211293982666	0.134002764298234	0.20511265400204
-0.580211293982666	0.134002764298234	0.20511265400204
-1.18977927669667	-0.535699861866375	0.937507492837927
-0.925552172308537	-0.540990196965546	1.27988544266278
-0.925552172308537	-0.540990196965546	1.27988544266278
-0.925552172308537	-0.540990196965546	1.27988544266278
-0.925552172308537	-0.540990196965546	1.27988544266278
-0.925552172308537	-0.540990196965546	1.27988544266278
-0.925552172308537	-0.540990196965546	1.27988544266278
-0.925552172308537	-0.540990196965546	1.27988544266278
-0.925552172308537	-0.540990196965546	1.27988544266278
-0.925552172308537	-0.540990196965546	1.27988544266278
-0.925552172308537	-0.540990196965546	1.27988544266278
-0.925552172308537	-0.540990196965546	1.27988544266278
-0.925552172308537	-0.540990196965546	1.27988544266278
-0.925552172308537	-0.540990196965546	1.27988544266278
-0.925552172308537	-0.540990196965546	1.27988544266278
-0.925552172308537	-0.540990196965546	1.27988544266278
-1.37811050696636	0.408471632130753	1.14891460775683
0.377487006331088	0.97398386773402	1.08812477072637
0.377487006331088	0.97398386773402	1.08812477072637
0.377487006331088	0.97398386773402	1.08812477072637
0.377487006331088	0.97398386773402	1.08812477072637
0.377487006331088	0.97398386773402	1.08812477072637
0.377487006331088	0.97398386773402	1.08812477072637
0.133851177444333	0.000890408373316998	0.809529726086547
0.133851177444333	0.000890408373316998	0.809529726086547
0.21645797712405	-0.502531183717814	0.8741721742607
0.21645797712405	-0.502531183717814	0.8741721742607
0.21645797712405	-0.502531183717814	0.8741721742607
0.21645797712405	-0.502531183717814	0.8741721742607
0.21645797712405	-0.502531183717814	0.8741721742607
0.21645797712405	-0.502531183717814	0.8741721742607
0.21645797712405	-0.502531183717814	0.8741721742607
0.21645797712405	-0.502531183717814	0.8741721742607
0.21645797712405	-0.502531183717814	0.8741721742607
-0.197731359501484	-0.481952057294423	0.613540546961036
-0.197731359501484	-0.481952057294423	0.613540546961036
-0.197731359501484	-0.481952057294423	0.613540546961036
0.0943125688763253	-0.42655898312113	0.460082508802274
0.0943125688763253	-0.42655898312113	0.460082508802274
0.0943125688763253	-0.42655898312113	0.460082508802274
0.814449710430452	0.664952773571424	0.582043788089122
0.814449710430452	0.664952773571424	0.582043788089122
0.814449710430452	0.664952773571424	0.582043788089122
0.388300526633062	1.80061966733655	0.649428619557187
0.388300526633062	1.80061966733655	0.649428619557187
0.0721523351470604	0.464863150674417	1.07276476244714
0.0721523351470604	0.464863150674417	1.07276476244714
0.0721523351470604	0.464863150674417	1.07276476244714
-0.84320293803898	0.660709444657836	0.744069868825475
-0.84320293803898	0.660709444657836	0.744069868825475
-0.84320293803898	0.660709444657836	0.744069868825475
-0.84320293803898	0.660709444657836	0.744069868825475
-0.84320293803898	0.660709444657836	0.744069868825475
-0.84320293803898	0.660709444657836	0.744069868825475
-0.84320293803898	0.660709444657836	0.744069868825475
-0.84320293803898	0.660709444657836	0.744069868825475
-0.84320293803898	0.660709444657836	0.744069868825475
-0.84320293803898	0.660709444657836	0.744069868825475
-0.84320293803898	0.660709444657836	0.744069868825475
-0.84320293803898	0.660709444657836	0.744069868825475
-0.84320293803898	0.660709444657836	0.744069868825475
-0.84320293803898	0.660709444657836	0.744069868825475
-1.34153065590829	0.711760271187656	0.0636993964286393
-1.34153065590829	0.711760271187656	0.0636993964286393
-1.34153065590829	0.711760271187656	0.0636993964286393
-1.34153065590829	0.711760271187656	0.0636993964286393
-1.34153065590829	0.711760271187656	0.0636993964286393
