1	1	1
1	1	1
1	1	1
1	1	1
1	1	1
1	1	1
1.60087703732203	0.76959943080636	1.81091203691012
1.60087703732203	0.76959943080636	1.81091203691012
1.60087703732203	0.76959943080636	1.81091203691012
1.60087703732203	0.76959943080636	1.81091203691012
1.60087703732203	0.76959943080636	1.81091203691012
1.56157982951806	0.0325324348780011	1.17227945495962
1.56157982951806	0.0325324348780011	1.17227945495962
1.56157982951806	0.0325324348780011	1.17227945495962
1.56157982951806	0.0325324348780011	1.17227945495962
1.56157982951806	0.0325324348780011	1.17227945495962
1.56157982951806	0.0325324348780011	1.17227945495962
1.56157982951806	0.0325324348780011	1.17227945495962
1.56157982951806	0.0325324348780011	1.17227945495962
1.56157982951806	0.0325324348780011	1.17227945495962
1.56157982951806	0.0325324348780011	1.17227945495962
1.19145692543121	0.454938843997401	1.8266239179995
1.19145692543121	0.454938843997401	1.8266239179995
1.83788135556258	0.495717510138337	2.15724391936886
1.83788135556258	0.495717510138337	2.15724391936886
1.83788135556258	0.495717510138337	2.15724391936886
1.83788135556258	0.495717510138337	2.15724391936886
1.83788135556258	0.495717510138337	2.15724391936886
2.10987651859797	0.665561224921781	1.60533120699631
2.10987651859797	0.665561224921781	1.60533120699631
2.10987651859797	0.665561224921781	1.60533120699631
2.10987651859797	0.665561224921781	1.60533120699631
1.6576426831793	-0.226522681747945	1.40395692265936
1.6576426831793	-0.226522681747945	1.40395692265936
1.6576426831793	-0.226522681747945	1.40395692265936
1.6576426831793	-0.226522681747945	1.40395692265936
1.6576426831793	-0.226522681747945	1.40395692265936
0.953546593134658	0.258131742982286	1.05094062130858
0.953546593134658	0.258131742982286	1.05094062130858
0.953546593134658	0.258131742982286	1.05094062130858
0.953546593134658	0.258131742982286	1.05094062130858
1.76041135319785	0.835288631449668	0.810086252695457
1.44729147114126	1.32644166662655	1.19541270333585
1.44729147114126	1.32644166662655	1.19541270333585
0.927567184907971	1.1078763172031	2.03813409359151
1.85652534941502	2.19207230985852	1.57777974115309
2.07335034165154	2.06782662053837	1.16279074802006
2.07335034165154	2.06782662053837	1.16279074802006
2.07335034165154	2.06782662053837	1.16279074802006
2.07335034165154	2.06782662053837	1.16279074802006
1.54353808223815	1.69426954603084	1.1953997864444
0.950618092852158	1.10074496103993	0.4049404577363
0.950618092852158	1.10074496103993	0.4049404577363
0.950618092852158	1.10074496103993	0.4049404577363
-0.136723941560988	0.184532395681353	0.580592444109346
-0.136723941560988	0.184532395681353	0.580592444109346
-0.721559516476779	0.368882513351851	1.03365821792671
-0.721559516476779	0.368882513351851	1.03365821792671
-0.662045233627245	0.0916777931450105	0.831772412318316
-0.662045233627245	0.0916777931450105	0.831772412318316
-0.662045233627245	0.0916777931450105	0.831772412318316
-0.662045233627245	0.0916777931450105	0.831772412318316
-0.662045233627245	0.0916777931450105	0.831772412318316
-0.0315921004479277	0.510401688983836	1.02330884847629
-0.0315921004479277	0.510401688983836	1.02330884847629
0.294431527237053	1.1921053198639	0.751167920287347
0.294431527237053	1.1921053198639	0.751167920287347
0.294431527237053	1.1921053198639	0.751167920287347
0.294431527237053	1.1921053198639	0.751167920287347
-0.148540998419725	1.82101283421786	0.699831987569312
-0.148540998419725	1.82101283421786	0.699831987569312
-0.148540998419725	1.82101283421786	0.699831987569312
-0.148540998419725	1.82101283421786	0.699831987569312
-0.148540998419725	1.82101283421786	0.699831987569312
0.0839279332745007	1.93815577646003	1.00310329742625
-0.430620040707144	1.6861183445208	0.708681054017371
-0.631403772572505	0.14074462532605	1.06758176011456
0.0149631411017577	0.779126829646214	1.35236374585212
0.0149631411017577	0.779126829646214	1.35236374585212
0.0149631411017577	0.779126829646214	1.35236374585212
0.0149631411017577	0.779126829646214	1.35236374585212
0.0149631411017577	0.779126829646214	1.35236374585212
-0.554413482593068	0.847531062549064	0.958289581107648
-1.01663874957077	0.616795152814417	0.794679544949993
-1.01663874957077	0.616795152814417	0.794679544949993
-1.01663874957077	0.616795152814417	0.794679544949993
-1.01663874957077	0.616795152814417	0.794679544949993
0.359989913292759	-0.0874542292119073	0.370720919286674
0.359989913292759	-0.0874542292119073	0.370720919286674
0.359989913292759	-0.0874542292119073	0.370720919286674
0.359989913292759	-0.0874542292119073	0.370720919286674
0.359989913292759	-0.0874542292119073	0.370720919286674
-0.102344230931999	-0.093515828566997	1.17245437593469
-0.102344230931999	-0.093515828566997	1.17245437593469
-0.0982828893437619	-0.606751797556357	2.16175284824137
-0.0982828893437619	-0.606751797556357	2.16175284824137
-0.0982828893437619	-0.606751797556357	2.16175284824137
-0.737225199838767	-0.115565985510967	2.24461306366699
-1.08931508463682	0.471161340206259	1.80581782697094
-1.08931508463682	0.471161340206259	1.80581782697094
-1.08931508463682	0.471161340206259	1.80581782697094
-1.08931508463682	0.471161340206259	1.80581782697094
-1.08931508463682	0.471161340206259	1.80581782697094
-1.08931508463682	0.471161340206259	1.80581782697094
-1.08931508463682	0.471161340206259	1.80581782697094
-1.2222686805084	0.570308876466352	2.53523448681756
-0.772926052968214	-0.698996440285415	2.74856673019856
-0.772926052968214	-0.698996440285415	2.74856673019856
-0.558575599462067	0.213530829953281	2.17681523706302
-0.558575599462067	0.213530829953281	2.17681523706302
-0.558575599462067	0.213530829953281	2.17681523706302
-0.922414923020053	0.181342324307206	2.27216936388683
-0.922414923020053	0.181342324307206	2.27216936388683
-0.922414923020053	0.181342324307206	2.27216936388683
-1.38859874944089	0.187367483723562	2.84992028018826
-1.38859874944089	0.187367483723562	2.84992028018826
-1.38859874944089	0.187367483723562	2.84992028018826
-1.38859874944089	0.187367483723562	2.84992028018826
-1.38859874944089	0.187367483723562	2.84992028018826
-1.38859874944089	0.187367483723562	2.84992028018826
-1.38859874944089	0.187367483723562	2.84992028018826
-1.38859874944089	0.187367483723562	2.84992028018826
-1.00071085211349	0.485674756686417	3.28369750203722
0.365183483069889	0.42500005940249	3.67866648567756
-0.712505038300291	0.582498100182927	4.18337318636586
-0.396895065463936	1.75250184234183	3.63213340798724
-0.396895065463936	1.75250184234183	3.63213340798724
-0.396895065463936	1.75250184234183	3.63213340798724
-0.396895065463936	1.75250184234183	3.63213340798724
-0.862516238884624	1.94690777830171	3.27306578594448
-0.862516238884624	1.94690777830171	3.27306578594448
-0.862516238884624	1.94690777830171	3.27306578594448
-0.912628043547942	2.54766740179714	2.90384913532392
-0.912628043547942	2.54766740179714	2.90384913532392
-0.628107133191219	1.43470827138066	3.07422501474605
-0.628107133191219	1.43470827138066	3.07422501474605
-0.51737505861534	1.8943453555706	2.83302824806203
-0.684684037640389	0.747592916522089	3.89156656767659
-0.859569832224067	0.925699902813689	4.42137886776929
-0.859569832224067	0.925699902813689	4.42137886776929
-0.7953213595036	1.18228061796715	4.29127168874844
-1.43074698817382	0.797131946948947	3.90046839882605
-0.95545024075498	1.20667107078551	3.46485495887334
-0.847924220409406	0.618308230199301	2.4391185718489
-0.847924220409406	0.618308230199301	2.4391185718489
-1.37985751536681	-0.572414833546713	1.88360421179279
-1.37985751536681	-0.572414833546713	1.88360421179279
-1.37985751536681	-0.572414833546713	1.88360421179279
-1.39942841814059	0.753550963515224	1.3949491776366
-1.367273081105	-0.170734792830507	1.14612168829715
-1.367273081105	-0.170734792830507	1.14612168829715
-2.0372277005445	-0.72059610422007	0.982400094279818
-2.0372277005445	-0.72059610422007	0.982400094279818
-2.0372277005445	-0.72059610422007	0.982400094279818
-2.0372277005445	-0.72059610422007	0.982400094279818
-2.0372277005445	-0.72059610422007	0.982400094279818
-2.0372277005445	-0.72059610422007	0.982400094279818
-2.0372277005445	-0.72059610422007	0.982400094279818
-2.0372277005445	-0.72059610422007	0.982400094279818
-2.32528407000665	-0.295055823527016	1.32736628262687
-1.66785357397056	0.874879939624157	1.84040798253536
-1.66785357397056	0.874879939624157	1.84040798253536
-1.66785357397056	0.874879939624157	1.84040798253536
-1.66785357397056	0.874879939624157	1.84040798253536
-1.66785357397056	0.874879939624157	1.84040798253536
-1.66785357397056	0.874879939624157	1.84040798253536
-0.839284853966418	-0.0199286640114716	2.33107877535767
-0.839284853966418	-0.0199286640114716	2.33107877535767
-0.682254166938697	-0.608400720987533	1.96582742286258
-0.682254166938697	-0.608400720987533	1.96582742286258
-0.466276036330919	-0.398993086103156	2.59564740264969
-0.875266256585666	0.840256039112451	3.38072134764107
-0.982442940672502	-0.374451309692267	3.49915556684611
-0.847338647724392	-1.13094779875343	3.82844566160098
-0.492075196530448	0.1904705431097	3.26677703015871
0.0580900004062929	-0.352483537509579	2.58791113862777
0.0580900004062929	-0.352483537509579	2.58791113862777
-0.74990845106912	-1.47707828925705	2.12023064805003
-0.74990845106912	-1.47707828925705	2.12023064805003
-0.74990845106912	-1.47707828925705	2.12023064805003
-0.413130225466098	-0.741349679582924	2.21385298598333
-0.413130225466098	-0.741349679582924	2.21385298598333
-0.144525575874899	-0.475360543291636	2.58219886033801
-0.171919079064675	-0.675145976970119	1.60235129275437
-1.66517870661597	-0.0127188047432797	2.4079083189554
-1.67135738289433	-1.044460903414	3.48855472526258
-1.67135738289433	-1.044460903414	3.48855472526258
-1.67135738289433	-1.044460903414	3.48855472526258
-2.04495790174225	0.359964781997262	2.98902967155583
-1.59095329269493	-0.125466603270715	2.78260164119747
-1.59095329269493	-0.125466603270715	2.78260164119747
-1.59095329269493	-0.125466603270715	2.78260164119747
-2.66785512436947	0.67296369817682	3.34979090879463
-2.66785512436947	0.67296369817682	3.34979090879463
-0.561223918107657	0.981064002224998	3.62207431097162
-0.505078000279273	-0.374775419215381	3.72173796449489
-0.505078000279273	-0.374775419215381	3.72173796449489
-0.82154751149145	-0.983390191293361	3.35901680915983
-0.378869964305258	-0.403275434882277	3.31865165240702
-0.685849761029643	-0.173222498437989	2.78772273098269
