1	1	1
1	1	1
1	1	1
1	1	1
1	1	1
1	1	1
1.37900079031303	0.61159321394927	2.04443375988509
1.37900079031303	0.61159321394927	2.04443375988509
1.37900079031303	0.61159321394927	2.04443375988509
1.37900079031303	0.61159321394927	2.04443375988509
1.5042512985268	1.18200136509103	2.41500616306156
1.5042512985268	1.18200136509103	2.41500616306156
1.5042512985268	1.18200136509103	2.41500616306156
0.460950152361831	0.159527151155279	1.79804930189827
0.460950152361831	0.159527151155279	1.79804930189827
0.460950152361831	0.159527151155279	1.79804930189827
0.460950152361831	0.159527151155279	1.79804930189827
0.170899416012935	1.00566577376038	1.87748296388825
-0.214495488767131	0.874393482000359	1.5287952937349
-0.214495488767131	0.874393482000359	1.5287952937349
-0.214495488767131	0.874393482000359	1.5287952937349
0.0645130257086263	1.44117379968684	2.22441928251926
0.0645130257086263	1.44117379968684	2.22441928251926
0.0645130257086263	1.44117379968684	2.22441928251926
0.0645130257086263	1.44117379968684	2.22441928251926
0.0645130257086263	1.44117379968684	2.22441928251926
0.0645130257086263	1.44117379968684	2.22441928251926
0.0645130257086263	1.44117379968684	2.22441928251926
-0.199919538774746	1.27886590078678	2.42340613430324
-0.199919538774746	1.27886590078678	2.42340613430324
-0.258251389661597	1.17122961268029	2.15707755378858
-0.258251389661597	1.17122961268029	2.15707755378858
-0.258251389661597	1.17122961268029	2.15707755378858
-0.869669853363752	0.896647343443449	1.8025821318121
-0.869669853363752	0.896647343443449	1.8025821318121
-0.602376799065444	-0.33619311712602	1.70825189585495
-0.602376799065444	-0.33619311712602	1.70825189585495
-0.602376799065444	-0.33619311712602	1.70825189585495
-0.602376799065444	-0.33619311712602	1.70825189585495
-0.602376799065444	-0.33619311712602	1.70825189585495
-0.166705487258847	1.51389039639727	1.61161066859096
-0.166705487258847	1.51389039639727	1.61161066859096
-0.166705487258847	1.51389039639727	1.61161066859096
-0.166705487258847	1.51389039639727	1.61161066859096
-0.166705487258847	1.51389039639727	1.61161066859096
-0.166705487258847	1.51389039639727	1.61161066859096
-0.538458578663238	0.917704772626563	1.5390460791528
-0.538458578663238	0.917704772626563	1.5390460791528
-0.538458578663238	0.917704772626563	1.5390460791528
-0.709159036349566	0.219724461624843	1.35112242993461
-0.664507272527033	-0.114364293955726	1.92319036010342
-0.481030208936199	0.490258129955703	1.74170398391426
-0.481030208936199	0.490258129955703	1.74170398391426
-0.481030208936199	0.490258129955703	1.74170398391426
0.197802864360495	0.66844849106999	1.79011858167635
-0.457793722586667	1.0433881215957	1.76080090647676
-0.457793722586667	1.0433881215957	1.76080090647676
-0.457793722586667	1.0433881215957	1.76080090647676
-0.277996075225502	1.72913687095138	2.08850306376109
-0.857185565316196	0.965778895722706	2.38651635911701
-1.14167459614932	1.99876025306822	2.08349702433702
-2.49094184896148	1.25634643874342	1.32499973608959
-2.49094184896148	1.25634643874342	1.32499973608959
-2.08196220351624	1.66519244337238	1.91615018422469
-2.11865085508439	1.1509237314911	0.755854481413407
-2.11865085508439	1.1509237314911	0.755854481413407
-0.841585677806296	1.69997817525397	1.88718498853437
-0.841585677806296	1.69997817525397	1.88718498853437
-0.2852623378588	2.30644574878056	1.78117497744942
-0.2852623378588	2.30644574878056	1.78117497744942
-0.2852623378588	2.30644574878056	1.78117497744942
-0.137482465781759	1.09989587682878	1.23475204350189
-0.137482465781759	1.09989587682878	1.23475204350189
-0.137482465781759	1.09989587682878	1.23475204350189
-0.108981098879557	1.00940401590289	2.21502482980885
-0.00413766915732251	0.136146158180374	2.28949613624711
-0.192818053029829	1.75703648509893	1.56366543368771
-0.784141409754983	0.927200369756273	1.56676719778366
-0.784141409754983	0.927200369756273	1.56676719778366
-0.784141409754983	0.927200369756273	1.56676719778366
-0.784141409754983	0.927200369756273	1.56676719778366
-0.225356773183518	0.447944829414235	1.2954921468394
-0.225356773183518	0.447944829414235	1.2954921468394
-0.225356773183518	0.447944829414235	1.2954921468394
-0.225356773183518	0.447944829414235	1.2954921468394
-0.108343304044148	-0.172396334606018	1.23577297292313
-0.280393603304205	-0.925561070404381	1.64332858691803
-0.224470669047238	-0.352396226182844	1.43397916743808
-0.224470669047238	-0.352396226182844	1.43397916743808
0.355960977538755	0.674994484246122	2.0384137134674
0.355960977538755	0.674994484246122	2.0384137134674
0.355960977538755	0.674994484246122	2.0384137134674
0.190071064319174	0.202939001038446	1.8705008786665
0.190071064319174	0.202939001038446	1.8705008786665
0.275992459648489	0.789293519032496	1.56664073421947
0.275992459648489	0.789293519032496	1.56664073421947
0.275992459648489	0.789293519032496	1.56664073421947
0.275992459648489	0.789293519032496	1.56664073421947
0.530764837992437	0.00905143164208955	1.46056857294396
0.530764837992437	0.00905143164208955	1.46056857294396
0.530764837992437	0.00905143164208955	1.46056857294396
1.01723996449232	0.651694893875706	1.76203295790166
1.01723996449232	0.651694893875706	1.76203295790166
0.495647134474928	-0.526191563867234	2.54410167781726
0.567632924146175	0.21742198408403	2.54583452392487
-0.267024750080371	-1.17087700145928	1.97263958869434
-0.507424257998908	-1.21474129902025	3.1610595236127
-0.541980868637184	-1.30550461614362	2.56067173163538
-0.888076152396683	-1.03118097185811	2.68406413784743
-0.930653845649078	0.610048753434869	2.79638278617268
-0.930653845649078	0.610048753434869	2.79638278617268
-0.930653845649078	0.610048753434869	2.79638278617268
-0.930653845649078	0.610048753434869	2.79638278617268
-0.930653845649078	0.610048753434869	2.79638278617268
-0.930653845649078	0.610048753434869	2.79638278617268
-0.806990081639074	0.666339532964941	2.87961843024042
-0.806990081639074	0.666339532964941	2.87961843024042
-1.80314954820484	-0.533466020013363	2.01608538561516
-1.80314954820484	-0.533466020013363	2.01608538561516
-0.792236568397878	0.263467493421814	2.69457324958061
-0.152112265996555	0.483126467062612	2.08639094290463
-0.487467982978342	-0.35615121874994	1.96241942846857
0.372076081072768	-0.0123394906701056	2.85069624484231
-0.0136597892145586	0.0481333354794754	2.86768950397768
-0.0136597892145586	0.0481333354794754	2.86768950397768
-0.0136597892145586	0.0481333354794754	2.86768950397768
0.34759928776446	0.905029581750712	2.54919750794952
0.34759928776446	0.905029581750712	2.54919750794952
0.170235841477727	1.4557810311302	2.20348167002637
0.170235841477727	1.4557810311302	2.20348167002637
-1.0970344694382	-0.648215961007332	1.82547831621987
-0.97750142070097	-1.54248123120452	1.70896582476112
-0.97750142070097	-1.54248123120452	1.70896582476112
-0.342577900201422	-0.660255771249286	1.01821113719016
-0.342577900201422	-0.660255771249286	1.01821113719016
-0.30340488220847	-0.44019731451231	2.25968814610268
-0.30340488220847	-0.44019731451231	2.25968814610268
-0.30340488220847	-0.44019731451231	2.25968814610268
-0.496140807650567	0.456719682606244	1.16961601742596
0.136213742793507	0.740944300690465	1.84531851391699
0.136213742793507	0.740944300690465	1.84531851391699
-0.0800654676886527	-0.760759500125524	1.90056517776227
0.0463274266930696	-0.480194940092171	2.32579931374154
-0.356689674885311	0.0477256430778829	1.51269340867453
-0.356689674885311	0.0477256430778829	1.51269340867453
-1.41469816501394	-0.322904894347163	0.296858097214836
-1.41469816501394	-0.322904894347163	0.296858097214836
-1.41469816501394	-0.322904894347163	0.296858097214836
-0.865415787199664	-0.0629770800787481	0.225724512293604
-0.457012557187442	-0.380654132586003	1.50092827261351
-0.457012557187442	-0.380654132586003	1.50092827261351
-0.457012557187442	-0.380654132586003	1.50092827261351
-0.457012557187442	-0.380654132586003	1.50092827261351
-0.457012557187442	-0.380654132586003	1.50092827261351
-0.0263446933386133	0.805926790995227	1.28271599490438
-0.0263446933386133	0.805926790995227	1.28271599490438
-0.0263446933386133	0.805926790995227	1.28271599490438
-0.244652362361471	0.183030356383459	2.36449689826296
-0.244652362361471	0.183030356383459	2.36449689826296
-0.244652362361471	0.183030356383459	2.36449689826296
-0.244652362361471	0.183030356383459	2.36449689826296
-0.244652362361471	0.183030356383459	2.36449689826296
-0.725548446715693	-0.268305169343593	2.08291832090172
-0.725548446715693	-0.268305169343593	2.08291832090172
-0.725548446715693	-0.268305169343593	2.08291832090172
-0.725548446715693	-0.268305169343593	2.08291832090172
-0.16285920294806	-0.115566519685925	2.03520199271381
-0.16285920294806	-0.115566519685925	2.03520199271381
-0.16285920294806	-0.115566519685925	2.03520199271381
-0.16285920294806	-0.115566519685925	2.03520199271381
-0.16285920294806	-0.115566519685925	2.03520199271381
-0.345994114658124	0.466676760102944	1.75765351133318
-0.648030485576076	-0.872963553686311	1.40723708056975
-0.648030485576076	-0.872963553686311	1.40723708056975
-0.648030485576076	-0.872963553686311	1.40723708056975
-0.648030485576076	-0.872963553686311	1.40723708056975
-0.648030485576076	-0.872963553686311	1.40723708056975
-0.0824596454498712	-0.318302701231118	2.9492753582486
-0.0824596454498712	-0.318302701231118	2.9492753582486
-0.0824596454498712	-0.318302701231118	2.9492753582486
-0.0824596454498712	-0.318302701231118	2.9492753582486
-0.0824596454498712	-0.318302701231118	2.9492753582486
-0.0824596454498712	-0.318302701231118	2.9492753582486
-0.0824596454498712	-0.318302701231118	2.9492753582486
-0.0824596454498712	-0.318302701231118	2.9492753582486
-0.0824596454498712	-0.318302701231118	2.9492753582486
-0.0824596454498712	-0.318302701231118	2.9492753582486
0.959276184596647	0.508121161212701	2.45183627051306
0.959276184596647	0.508121161212701	2.45183627051306
0.959276184596647	0.508121161212701	2.45183627051306
1.20387664707866	1.24780503001379	2.9350650800629
1.09530148864045	1.54360626490212	2.93832369755997
1.09530148864045	1.54360626490212	2.93832369755997
1.16555941934507	0.043571641409542	2.39675795906238
1.16555941934507	0.043571641409542	2.39675795906238
1.16555941934507	0.043571641409542	2.39675795906238
1.16555941934507	0.043571641409542	2.39675795906238
1.16555941934507	0.043571641409542	2.39675795906238
0.829222424204282	-1.05549312635092	2.22728152253607
0.829222424204282	-1.05549312635092	2.22728152253607
