1	1	1
0.339231345068276	0.322638644276722	1.52174157210262
1.29054569054552	0.997906612880862	1.63078761261706
1.29054569054552	0.997906612880862	1.63078761261706
1.29054569054552	0.997906612880862	1.63078761261706
1.29054569054552	0.997906612880862	1.63078761261706
1.1666124076346	1.3028959889049	1.71576430503003
1.1666124076346	1.3028959889049	1.71576430503003
0.414795143509269	0.68465212127511	1.34198351030831
0.414795143509269	0.68465212127511	1.34198351030831
0.414795143509269	0.68465212127511	1.34198351030831
0.414795143509269	0.68465212127511	1.34198351030831
0.414795143509269	0.68465212127511	1.34198351030831
0.414795143509269	0.68465212127511	1.34198351030831
0.414795143509269	0.68465212127511	1.34198351030831
0.414795143509269	0.68465212127511	1.34198351030831
0.414795143509269	0.68465212127511	1.34198351030831
0.414795143509269	0.68465212127511	1.34198351030831
0.414795143509269	0.68465212127511	1.34198351030831
1.09082135858615	1.01085000835524	1.93704595329077
1.09082135858615	1.01085000835524	1.93704595329077
1.09082135858615	1.01085000835524	1.93704595329077
1.09082135858615	1.01085000835524	1.93704595329077
1.09082135858615	1.01085000835524	1.93704595329077
-0.180558979014811	0.957419610894644	1.93844526734833
-0.180558979014811	0.957419610894644	1.93844526734833
-0.926790416263335	1.51608427432787	1.54937655039816
-0.926790416263335	1.51608427432787	1.54937655039816
-0.926790416263335	1.51608427432787	1.54937655039816
-1.30963043134702	0.498566691966244	1.48989434661227
-1.20815461819571	0.788682652191874	0.812234010374198
-1.20815461819571	0.788682652191874	0.812234010374198
-0.858347091534455	1.55445183028559	1.2013887730282
-0.858347091534455	1.55445183028559	1.2013887730282
-0.643332472598993	1.83287640192096	1.10625397808553
-0.129838179573325	1.35723156845076	1.21408500140689
-0.129838179573325	1.35723156845076	1.21408500140689
-0.129838179573325	1.35723156845076	1.21408500140689
-0.129838179573325	1.35723156845076	1.21408500140689
-0.129838179573325	1.35723156845076	1.21408500140689
-0.129838179573325	1.35723156845076	1.21408500140689
-0.129838179573325	1.35723156845076	1.21408500140689
-0.129838179573325	1.35723156845076	1.21408500140689
-0.644076011698241	1.12656179078897	1.2437219160402
-0.644076011698241	1.12656179078897	1.2437219160402
-0.644076011698241	1.12656179078897	1.2437219160402
-0.644076011698241	1.12656179078897	1.2437219160402
-0.644076011698241	1.12656179078897	1.2437219160402
-0.644076011698241	1.12656179078897	1.2437219160402
-0.566394814806494	1.01888906725568	1.65189110552883
-0.566394814806494	1.01888906725568	1.65189110552883
-0.566394814806494	1.01888906725568	1.65189110552883
-0.566394814806494	1.01888906725568	1.65189110552883
-0.178653220187793	1.47216336600571	0.946808470625077
-0.353181289287265	1.01353610233981	0.886167421935219
-0.353181289287265	1.01353610233981	0.886167421935219
0.466225762658075	1.80192356186308	1.3061887462342
0.466225762658075	1.80192356186308	1.3061887462342
0.221366729197064	1.21110697471043	1.75418785942301
-0.303805471502215	1.26660800186553	2.11668519299065
-0.303805471502215	1.26660800186553	2.11668519299065
-0.303805471502215	1.26660800186553	2.11668519299065
-0.505604379750339	0.8854375260104	1.65327271524691
-0.505604379750339	0.8854375260104	1.65327271524691
-0.39880861268546	0.503385453345826	2.9150562298867
-0.39880861268546	0.503385453345826	2.9150562298867
-0.992004502823041	0.918394070689318	2.24294700199774
-0.992004502823041	0.918394070689318	2.24294700199774
-0.992004502823041	0.918394070689318	2.24294700199774
-0.992004502823041	0.918394070689318	2.24294700199774
-0.992004502823041	0.918394070689318	2.24294700199774
-0.992004502823041	0.918394070689318	2.24294700199774
-0.992004502823041	0.918394070689318	2.24294700199774
-1.68466212501001	2.02298849857783	1.77630220767811
-1.68466212501001	2.02298849857783	1.77630220767811
-1.68466212501001	2.02298849857783	1.77630220767811
-1.68466212501001	2.02298849857783	1.77630220767811
-1.68466212501001	2.02298849857783	1.77630220767811
-1.42172260627909	1.55674281345915	2.44030541398667
-1.42172260627909	1.55674281345915	2.44030541398667
-1.3666707631881	1.1363072086591	2.46474714723243
-1.3666707631881	1.1363072086591	2.46474714723243
-1.60606861825378	1.21395770001862	3.08319410889735
-1.60606861825378	1.21395770001862	3.08319410889735
-1.60606861825378	1.21395770001862	3.08319410889735
-1.60606861825378	1.21395770001862	3.08319410889735
-2.3769899067347	0.488445291088611	2.02406186099712
-2.3769899067347	0.488445291088611	2.02406186099712
-1.04060270845121	0.648526596682659	2.94837493282157
-1.22836411432597	0.960027946327324	2.92919200229542
-0.516544045947619	1.93813673629711	1.93548496842751
-1.06448089764098	1.89046867875769	1.77661600772653
-1.06448089764098	1.89046867875769	1.77661600772653
-1.31749337084451	0.698020975331439	1.39812322036075
-1.31749337084451	0.698020975331439	1.39812322036075
-1.31749337084451	0.698020975331439	1.39812322036075
-0.346223163736936	1.51691304798386	2.22261325187155
-0.346223163736936	1.51691304798386	2.22261325187155
-0.346223163736936	1.51691304798386	2.22261325187155
0.10577118179534	1.62649776275303	1.76588848475751
0.10577118179534	1.62649776275303	1.76588848475751
0.355271892549378	0.729071283831557	1.71772889887675
0.355271892549378	0.729071283831557	1.71772889887675
0.601300293648974	1.14966354465877	2.17590426173402
-0.676529218582329	1.31821604709708	2.33571389506669
-0.676529218582329	1.31821604709708	2.33571389506669
-0.676529218582329	1.31821604709708	2.33571389506669
-0.676529218582329	1.31821604709708	2.33571389506669
-0.676529218582329	1.31821604709708	2.33571389506669
-0.171067088381037	0.502915893676803	3.20126810430225
0.56498111897219	0.575504731242378	3.19509106166954
0.56498111897219	0.575504731242378	3.19509106166954
0.56498111897219	0.575504731242378	3.19509106166954
0.56498111897219	0.575504731242378	3.19509106166954
0.23082643616527	0.732168391591722	3.46990094466236
-0.278955984883957	0.487314429427347	2.67009305539757
-0.444976079322394	-0.183381026077606	2.61098643661334
-0.444976079322394	-0.183381026077606	2.61098643661334
-0.444976079322394	-0.183381026077606	2.61098643661334
-0.444976079322394	-0.183381026077606	2.61098643661334
-1.18754997403983	-0.500431262953818	2.27926349984324
-1.18754997403983	-0.500431262953818	2.27926349984324
-1.18754997403983	-0.500431262953818	2.27926349984324
-1.18754997403983	-0.500431262953818	2.27926349984324
-1.18754997403983	-0.500431262953818	2.27926349984324
-1.18754997403983	-0.500431262953818	2.27926349984324
-1.18754997403983	-0.500431262953818	2.27926349984324
-1.18754997403983	-0.500431262953818	2.27926349984324
-1.83189413735345	0.148709387101615	1.63394935689209
-1.83189413735345	0.148709387101615	1.63394935689209
-1.811302495002	0.228817722636352	1.3403462135715
-0.913545794509515	0.284614289138856	1.95614705064291
-0.913545794509515	0.284614289138856	1.95614705064291
-0.913545794509515	0.284614289138856	1.95614705064291
-0.913545794509515	0.284614289138856	1.95614705064291
-0.913545794509515	0.284614289138856	1.95614705064291
-0.913545794509515	0.284614289138856	1.95614705064291
-1.2726540539822	0.793456383466187	2.05897211110593
-1.2726540539822	0.793456383466187	2.05897211110593
-1.2726540539822	0.793456383466187	2.05897211110593
-1.2726540539822	0.793456383466187	2.05897211110593
-1.2726540539822	0.793456383466187	2.05897211110593
-1.2726540539822	0.793456383466187	2.05897211110593
-1.05591792907155	0.794397734083451	2.59444322480282
-1.05591792907155	0.794397734083451	2.59444322480282
-1.18971205183308	-0.536491922187515	3.12091135795968
-1.18971205183308	-0.536491922187515	3.12091135795968
-1.18971205183308	-0.536491922187515	3.12091135795968
-1.18971205183308	-0.536491922187515	3.12091135795968
-2.24717881625679	-0.456788421438317	2.21526837671007
-2.24717881625679	-0.456788421438317	2.21526837671007
-2.24717881625679	-0.456788421438317	2.21526837671007
-2.08409483349184	0.24733786783994	1.7112591346098
-2.08409483349184	0.24733786783994	1.7112591346098
-2.08409483349184	0.24733786783994	1.7112591346098
-2.08409483349184	0.24733786783994	1.7112591346098
-2.41789704638177	1.02650199916877	0.722023633530885
-1.89440090304896	0.266550407548813	1.37269214111419
-1.89440090304896	0.266550407548813	1.37269214111419
-0.75847250655581	1.54375530787517	2.12305767554474
-0.75847250655581	1.54375530787517	2.12305767554474
-0.982798492116637	1.28728419464031	1.76371912900955
-1.62312235571379	1.32209202271169	1.70935045138981
-0.491767749230826	0.00018098270832434	2.34355541561655
-0.728448850483196	5.64756189075089e-05	2.63173403506422
-0.728448850483196	5.64756189075089e-05	2.63173403506422
-0.728448850483196	5.64756189075089e-05	2.63173403506422
-0.276864947007047	-0.0899343087411078	2.62231926252053
-0.255764701042529	-0.512208021342699	3.01272849929172
-0.255764701042529	-0.512208021342699	3.01272849929172
-0.698390648782147	1.34211977614889	1.77270977471899
-1.74182350392337	0.588413947966192	0.456873278075583
-2.26399488362266	0.292389746983926	0.74341120398039
-1.88540543185644	0.817248256394505	0.192311290097167
-1.36224715610151	0.760729318727812	1.0964173594823
-1.30470608696433	0.160347115382348	1.21481981317424
-1.30470608696433	0.160347115382348	1.21481981317424
-1.23684097818212	-0.385635001195578	1.96372075317131
-1.23684097818212	-0.385635001195578	1.96372075317131
-1.23684097818212	-0.385635001195578	1.96372075317131
-1.23684097818212	-0.385635001195578	1.96372075317131
-0.429055815945244	-0.918750648147194	2.09414461366347
-0.429055815945244	-0.918750648147194	2.09414461366347
-0.429055815945244	-0.918750648147194	2.09414461366347
-0.429055815945244	-0.918750648147194	2.09414461366347
-0.429055815945244	-0.918750648147194	2.09414461366347
-1.99740680098201	-0.53788490361854	1.05193895512202
-1.99740680098201	-0.53788490361854	1.05193895512202
-2.46957419504398	1.13954116146618	0.92480691497927
-1.95524727677768	1.46965071670472	1.19650369496544
-2.83817444527206	0.851537001302286	1.23444763430021
-2.83817444527206	0.851537001302286	1.23444763430021
-2.88406261678253	-0.0535410688303308	1.66642921664871
-2.88406261678253	-0.0535410688303308	1.66642921664871
-2.88406261678253	-0.0535410688303308	1.66642921664871
-2.88406261678253	-0.0535410688303308	1.66642921664871
-2.98322398875019	-0.877086580046143	2.45097964163524
-2.98322398875019	-0.877086580046143	2.45097964163524
-2.98322398875019	-0.877086580046143	2.45097964163524
-2.98322398875019	-0.877086580046143	2.45097964163524
