1	1	1
1	1	1
1	1	1
1	1	1
1	1	1
1	1	1
1.14149425480437	1.18962537240099	0.489228515735381
1.68232452154713	1.65235580859348	0.969687332580197
1.68232452154713	1.65235580859348	0.969687332580197
1.68232452154713	1.65235580859348	0.969687332580197
2.11096655848834	1.265356508757	1.41346174112523
2.11096655848834	1.265356508757	1.41346174112523
1.8709858928828	0.90776319778586	1.73220346213185
1.8709858928828	0.90776319778586	1.73220346213185
1.8709858928828	0.90776319778586	1.73220346213185
2.25390969760811	1.29307405964127	1.67226758343086
2.25192569351638	0.886874306277426	1.54949105221139
2.25192569351638	0.886874306277426	1.54949105221139
2.81848225356046	1.18304504533703	1.62581448885196
2.52985109865901	1.67055266578573	1.37337685066907
2.52985109865901	1.67055266578573	1.37337685066907
2.34850976431302	1.10981633251341	1.15804489587755
2.34850976431302	1.10981633251341	1.15804489587755
2.34850976431302	1.10981633251341	1.15804489587755
2.34850976431302	1.10981633251341	1.15804489587755
2.34850976431302	1.10981633251341	1.15804489587755
2.34850976431302	1.10981633251341	1.15804489587755
1.4192238220055	1.17162695957879	1.47095027084295
0.624016338299441	0.802621242188003	0.821225824268785
0.624016338299441	0.802621242188003	0.821225824268785
0.817179189370111	0.398587568502418	1.14439852668105
2.15294530805271	0.916222784006569	1.37935054105238
2.15294530805271	0.916222784006569	1.37935054105238
2.15294530805271	0.916222784006569	1.37935054105238
1.18686744945072	-0.199200092979562	0.944448994228506
1.18686744945072	-0.199200092979562	0.944448994228506
0.544414577852424	0.756883320823722	0.490624266231026
0.544414577852424	0.756883320823722	0.490624266231026
0.544414577852424	0.756883320823722	0.490624266231026
0.544414577852424	0.756883320823722	0.490624266231026
0.544414577852424	0.756883320823722	0.490624266231026
0.544414577852424	0.756883320823722	0.490624266231026
0.544414577852424	0.756883320823722	0.490624266231026
0.544414577852424	0.756883320823722	0.490624266231026
0.544414577852424	0.756883320823722	0.490624266231026
0.544414577852424	0.756883320823722	0.490624266231026
0.216567001669802	0.172140608075205	0.945372255506123
0.0169121787800617	0.205673081652123	1.10636691601917
0.0169121787800617	0.205673081652123	1.10636691601917
-0.0452499885580487	-0.0455434710768514	0.765467550365692
-0.0452499885580487	-0.0455434710768514	0.765467550365692
-0.0452499885580487	-0.0455434710768514	0.765467550365692
-0.0452499885580487	-0.0455434710768514	0.765467550365692
-0.0452499885580487	-0.0455434710768514	0.765467550365692
-0.0452499885580487	-0.0455434710768514	0.765467550365692
-0.0452499885580487	-0.0455434710768514	0.765467550365692
-0.0452499885580487	-0.0455434710768514	0.765467550365692
-0.0452499885580487	-0.0455434710768514	0.765467550365692
-0.0452499885580487	-0.0455434710768514	0.765467550365692
0.94856992266877	-0.272286606837126	0.87572039732883
1.89845660511892	-0.00880721441535626	1.18249415289617
1.24071163410659	1.24001192954738	1.44139141492594
1.24071163410659	1.24001192954738	1.44139141492594
1.85496693151184	0.97081845638717	1.17007712592348
1.85496693151184	0.97081845638717	1.17007712592348
1.76141388748095	2.15738128774483	1.26142822542079
1.64972223951119	1.63742650754205	1.64538915980811
1.64972223951119	1.63742650754205	1.64538915980811
0.624407624777564	1.16675059680104	1.48629009422464
0.624407624777564	1.16675059680104	1.48629009422464
0.313912891976476	0.9128433002302	1.54701378212407
0.0837180716022912	0.235855244131669	1.69280744704802
1.21668363850146	1.06597549615341	0.987153840572545
1.21668363850146	1.06597549615341	0.987153840572545
1.21668363850146	1.06597549615341	0.987153840572545
0.230520828750411	-0.36222076679903	0.919087511501641
-0.197159494775124	0.415996914139913	0.953470822633584
-0.197159494775124	0.415996914139913	0.953470822633584
-0.197159494775124	0.415996914139913	0.953470822633584
-0.490273114672623	-0.570036519236403	1.77620900244148
-0.563142785007765	-0.113925929672901	1.64899412618319
-0.557540118829222	0.0494017231583054	1.03643733266819
-1.55385414765189	0.654710074886701	1.25223687165645
-1.8037067439948	0.387005860750702	1.22547345780447
-1.29475551759604	0.606308918297657	1.32863443958977
-0.647342758675112	0.75980158293443	0.772120115644338
-0.647342758675112	0.75980158293443	0.772120115644338
-0.647342758675112	0.75980158293443	0.772120115644338
-0.130727191627806	0.37610342936616	1.02385151509624
-0.130727191627806	0.37610342936616	1.02385151509624
-0.130727191627806	0.37610342936616	1.02385151509624
-0.130727191627806	0.37610342936616	1.02385151509624
-0.130727191627806	0.37610342936616	1.02385151509624
-0.0163277542559131	0.399752812813572	0.966320401877164
1.08335013459261	0.887170992527504	0.573163293411928
1.08335013459261	0.887170992527504	0.573163293411928
1.08335013459261	0.887170992527504	0.573163293411928
1.08335013459261	0.887170992527504	0.573163293411928
0.333431266806347	-0.197469976935829	1.11494391129489
0.611745499321165	-0.219171157259565	1.28299798327648
0.611745499321165	-0.219171157259565	1.28299798327648
0.611745499321165	-0.219171157259565	1.28299798327648
0.923142872746233	-0.232155973042179	1.55422373687757
0.520971560107745	-0.454124035294091	0.950909354011532
0.244616742880801	-0.954473250268801	0.775884732228806
0.244616742880801	-0.954473250268801	0.775884732228806
0.244616742880801	-0.954473250268801	0.775884732228806
0.244616742880801	-0.954473250268801	0.775884732228806
0.244616742880801	-0.954473250268801	0.775884732228806
0.244616742880801	-0.954473250268801	0.775884732228806
1.31539183416809	0.119025227841254	0.718539507116264
1.94286494811339	0.118979416129906	0.640691182911411
1.94286494811339	0.118979416129906	0.640691182911411
1.94286494811339	0.118979416129906	0.640691182911411
1.94286494811339	0.118979416129906	0.640691182911411
1.77525302308522	0.915961959397108	0.988608361334255
2.57904207649053	0.820323451652251	1.13016230537891
1.43098966866898	1.20418511857443	1.3889525386569
1.43098966866898	1.20418511857443	1.3889525386569
1.11581160325844	0.340504166986575	2.10951951566406
1.26704077640399	-0.302985351595379	3.05152667728523
1.88979354734129	1.24709951377944	2.32488556881007
1.80794141297763	1.24939519442136	2.43905996863564
2.4211187294439	-0.0726101114433899	2.05610119492126
2.4211187294439	-0.0726101114433899	2.05610119492126
1.9694629763893	-0.845893680134284	2.00744183379332
1.9694629763893	-0.845893680134284	2.00744183379332
1.9694629763893	-0.845893680134284	2.00744183379332
1.9694629763893	-0.845893680134284	2.00744183379332
2.33362849012317	-0.65314356430825	2.03120389376763
2.34558454324851	0.37055501381398	1.23639320733434
2.34558454324851	0.37055501381398	1.23639320733434
2.55005234406168	0.22656394942884	1.16601098752095
2.55005234406168	0.22656394942884	1.16601098752095
0.649238319531583	-0.315547134153308	1.17448795707794
0.649238319531583	-0.315547134153308	1.17448795707794
0.649238319531583	-0.315547134153308	1.17448795707794
0.649238319531583	-0.315547134153308	1.17448795707794
0.649238319531583	-0.315547134153308	1.17448795707794
0.649238319531583	-0.315547134153308	1.17448795707794
0.649238319531583	-0.315547134153308	1.17448795707794
0.649238319531583	-0.315547134153308	1.17448795707794
0.649238319531583	-0.315547134153308	1.17448795707794
0.649238319531583	-0.315547134153308	1.17448795707794
0.649238319531583	-0.315547134153308	1.17448795707794
0.649238319531583	-0.315547134153308	1.17448795707794
0.795401808484662	0.635130840485117	0.820480671802049
0.795401808484662	0.635130840485117	0.820480671802049
0.203511794690074	0.424559084834508	0.998810991656209
0.135607462086559	-0.488666306888196	1.33732107311151
0.229888694385892	-0.678606332218743	1.10204190227064
0.229888694385892	-0.678606332218743	1.10204190227064
-0.144662033202204	-0.772575637213135	0.460452658056723
-0.852377608590405	-0.87551515470706	0.108781877644966
-0.852377608590405	-0.87551515470706	0.108781877644966
-0.852377608590405	-0.87551515470706	0.108781877644966
0.0150250042507305	-0.385686268826838	-0.00765938989167285
0.015428368416331	0.026960377115233	-0.0453441736975929
0.015428368416331	0.026960377115233	-0.0453441736975929
0.015428368416331	0.026960377115233	-0.0453441736975929
0.015428368416331	0.026960377115233	-0.0453441736975929
0.015428368416331	0.026960377115233	-0.0453441736975929
0.035763549421362	0.360324170535561	0.475246630613242
0.035763549421362	0.360324170535561	0.475246630613242
0.035763549421362	0.360324170535561	0.475246630613242
0.035763549421362	0.360324170535561	0.475246630613242
0.035763549421362	0.360324170535561	0.475246630613242
0.297488662058623	0.377196264812634	0.730339463730731
0.865839106839179	-0.0880568939199002	1.17571816795445
0.865839106839179	-0.0880568939199002	1.17571816795445
0.865839106839179	-0.0880568939199002	1.17571816795445
0.865839106839179	-0.0880568939199002	1.17571816795445
0.921222614199965	-0.427515990492071	1.61411185525663
0.187711535029542	0.124922790463145	1.36301078984863
0.187711535029542	0.124922790463145	1.36301078984863
-0.233204969670884	-0.258030121169675	0.89744800186098
-0.233204969670884	-0.258030121169675	0.89744800186098
-0.233204969670884	-0.258030121169675	0.89744800186098
-0.161499976081837	0.544662297937125	0.464924491173829
-0.16853876792539	1.24804149525978	0.518544274659713
-0.858855496814746	0.126397023218154	0.93332026637071
-0.858855496814746	0.126397023218154	0.93332026637071
-0.880207716272738	0.148448900941817	0.951468045978459
-1.18443173469646	0.289711516974732	0.839137917436922
-2.04955966426318	-0.483485805026805	1.10767139813105
-2.04955966426318	-0.483485805026805	1.10767139813105
-1.69526124117532	1.04528616120629	0.880994871623834
-0.957013414917643	0.331921147344872	0.739148442930361
-0.17710083477773	0.90311607822316	0.387197555793719
-0.17710083477773	0.90311607822316	0.387197555793719
-1.2613697732229	0.0694280538891435	0.233380245021648
-0.179888830574832	0.49250718763115	0.374307460211135
0.0707934621305915	0.0383793289117612	0.052321147947772
0.0707934621305915	0.0383793289117612	0.052321147947772
0.0707934621305915	0.0383793289117612	0.052321147947772
0.0707934621305915	0.0383793289117612	0.052321147947772
-0.0931919782061974	-0.131797374067248	-0.323228137255153
-0.0931919782061974	-0.131797374067248	-0.323228137255153
0.221200610527318	0.172363626507669	-0.31733835822337
0.221200610527318	0.172363626507669	-0.31733835822337
