1	1	1
1	1	1
0.151673735863587	0.937667562906114	1.4630678800433
0.151673735863587	0.937667562906114	1.4630678800433
0.151673735863587	0.937667562906114	1.4630678800433
0.151673735863587	0.937667562906114	1.4630678800433
0.151673735863587	0.937667562906114	1.4630678800433
0.151673735863587	0.937667562906114	1.4630678800433
0.151673735863587	0.937667562906114	1.4630678800433
0.151673735863587	0.937667562906114	1.4630678800433
0.151673735863587	0.937667562906114	1.4630678800433
0.69322917798728	1.4099371104516	1.61047754932793
0.69322917798728	1.4099371104516	1.61047754932793
0.335944632731104	0.91458424785911	1.98319707284785
0.906619802528643	0.628028130611766	2.36900636228577
1.51237234971695	1.00247353189246	1.75298493586692
1.51237234971695	1.00247353189246	1.75298493586692
1.51237234971695	1.00247353189246	1.75298493586692
1.51237234971695	1.00247353189246	1.75298493586692
1.51237234971695	1.00247353189246	1.75298493586692
1.51237234971695	1.00247353189246	1.75298493586692
1.51237234971695	1.00247353189246	1.75298493586692
1.51237234971695	1.00247353189246	1.75298493586692
0.545926995465999	0.16370790794132	1.23357714500952
0.545926995465999	0.16370790794132	1.23357714500952
0.213026776581461	0.167176586700341	1.14597433613147
0.213026776581461	0.167176586700341	1.14597433613147
0.213026776581461	0.167176586700341	1.14597433613147
0.213026776581461	0.167176586700341	1.14597433613147
0.570683365598644	0.181782590448267	1.92814187317751
0.570683365598644	0.181782590448267	1.92814187317751
0.570683365598644	0.181782590448267	1.92814187317751
-0.299564591141085	-0.160409491611706	1.62191893119618
-0.299564591141085	-0.160409491611706	1.62191893119618
-0.299564591141085	-0.160409491611706	1.62191893119618
0.0513258707859624	0.126199969174266	1.23652163623126
-0.818414807182002	0.196389362242414	1.49810100967638
-0.818414807182002	0.196389362242414	1.49810100967638
-0.156177789669684	0.815204678137233	2.37394455632287
-0.156177789669684	0.815204678137233	2.37394455632287
-0.156177789669684	0.815204678137233	2.37394455632287
-0.511778022903561	0.88539911324699	2.61772459387113
0.332162594445305	1.47385877623432	2.28667965092412
1.08787709993021	1.67445333267082	1.27209124018142
1.08787709993021	1.67445333267082	1.27209124018142
-0.151280950789689	0.725298804823352	1.07385336261498
-0.151280950789689	0.725298804823352	1.07385336261498
-0.151280950789689	0.725298804823352	1.07385336261498
-0.151280950789689	0.725298804823352	1.07385336261498
-0.151280950789689	0.725298804823352	1.07385336261498
-0.188893100070708	0.631998528466201	0.733197325441416
-0.28444939462679	0.0510107418182807	1.12024235623
0.801176024574038	-0.00360158814455447	1.44695975228501
-0.772027367675707	0.365914282253222	1.23333330675102
-1.16718026134874	0.739377439513925	-0.0481575058178216
-1.82616679500335	0.336119970387447	0.0243272265252188
-1.82616679500335	0.336119970387447	0.0243272265252188
-1.82616679500335	0.336119970387447	0.0243272265252188
-1.82616679500335	0.336119970387447	0.0243272265252188
-1.82616679500335	0.336119970387447	0.0243272265252188
-1.20188569857082	0.464606075748602	0.0300683146872405
-0.587419920210681	0.75313554559368	0.723755861211763
0.583219626064857	1.67952932634975	0.0769706198437669
0.583219626064857	1.67952932634975	0.0769706198437669
1.77985741113379	1.51700115064035	0.938566658163347
1.77985741113379	1.51700115064035	0.938566658163347
1.77985741113379	1.51700115064035	0.938566658163347
0.767092413998031	1.33947246076297	0.979480912275983
0.767092413998031	1.33947246076297	0.979480912275983
0.767092413998031	1.33947246076297	0.979480912275983
0.252799089755442	1.38791940122077	1.23765356538434
0.252799089755442	1.38791940122077	1.23765356538434
0.252799089755442	1.38791940122077	1.23765356538434
0.207771529940338	0.792038162178573	2.43613014220229
-0.627714271642948	0.504042987668622	3.42421007368507
-0.967735438597649	0.794817590959974	2.26937806407938
-1.48504967040202	0.393196349158377	2.76620501939171
-1.44223897751489	0.451779610239812	2.23880526894427
-1.44223897751489	0.451779610239812	2.23880526894427
-1.44223897751489	0.451779610239812	2.23880526894427
-1.76265142956391	0.130812567824926	2.47067092854848
-2.7123560590166	-0.0653212643246641	1.90969021560879
-2.88906444586013	0.0131643436772367	1.32881240784816
-2.54394542204128	-0.101096628954808	1.88255236066236
-2.05091355038736	-0.29849244234484	0.911288124380831
-2.05091355038736	-0.29849244234484	0.911288124380831
-2.05091355038736	-0.29849244234484	0.911288124380831
-2.05091355038736	-0.29849244234484	0.911288124380831
-2.05091355038736	-0.29849244234484	0.911288124380831
-2.05091355038736	-0.29849244234484	0.911288124380831
-2.26667096721814	-0.645799713757953	0.916369371315155
-2.10024789489746	-0.846980724275643	0.807596983128313
-2.10024789489746	-0.846980724275643	0.807596983128313
-2.10024789489746	-0.846980724275643	0.807596983128313
-1.48287808226255	0.173519870523762	0.393318304521204
-1.48287808226255	0.173519870523762	0.393318304521204
-1.48287808226255	0.173519870523762	0.393318304521204
-1.48287808226255	0.173519870523762	0.393318304521204
-1.48287808226255	0.173519870523762	0.393318304521204
-1.18344047996158	-0.464739983740914	1.03946910208123
-2.02902103971537	-0.336925502840115	2.0411046740023
-1.3994266533368	-0.210105404044322	1.84445513486911
-1.3994266533368	-0.210105404044322	1.84445513486911
-1.29982638103382	-0.483657007831239	2.09130973936859
-1.29982638103382	-0.483657007831239	2.09130973936859
-0.486574016458485	0.309080892483848	2.27291292543336
-0.486574016458485	0.309080892483848	2.27291292543336
0.00221228771448417	0.00137024671967445	2.50209647833859
0.570831561352448	0.622824128776533	2.02764104699056
0.373087841689618	0.855836424921832	1.77903886508618
0.373087841689618	0.855836424921832	1.77903886508618
-1.42062693547083	0.529095850455577	1.88408697409579
-1.62136282766721	0.1358884409754	2.11724049820486
-0.455094344093093	-0.192762576494166	2.36565371754477
-1.32353890236637	0.159402272546974	1.53332851893811
-0.0458968062435567	0.34859282869997	1.94942120120033
-0.0458968062435567	0.34859282869997	1.94942120120033
-0.0458968062435567	0.34859282869997	1.94942120120033
-0.0458968062435567	0.34859282869997	1.94942120120033
-0.0390995004989512	0.0541424596498413	1.87524623433746
-0.0390995004989512	0.0541424596498413	1.87524623433746
-0.0390995004989512	0.0541424596498413	1.87524623433746
-0.0390995004989512	0.0541424596498413	1.87524623433746
-0.0390995004989512	0.0541424596498413	1.87524623433746
-0.0390995004989512	0.0541424596498413	1.87524623433746
-2.06737150308374	-0.416404840421598	2.07655539317922
-1.66738196297492	-0.220294539001387	3.42931646669204
-2.20373446362956	0.108526907922483	2.67333217488947
-1.53619853481575	0.240405554768472	3.49298230804907
-2.47683956846649	-0.613344042831979	2.91925260144134
-1.90918229299931	-0.65287485567485	3.46355863493932
-0.379793807904256	0.315059438151545	2.45537578505509
-0.379793807904256	0.315059438151545	2.45537578505509
-0.379793807904256	0.315059438151545	2.45537578505509
-0.379793807904256	0.315059438151545	2.45537578505509
-0.0233752278724788	0.532998481635127	1.70829085267782
-1.58831448721166	-0.593910449483786	3.263121099053
0.244549794573649	0.0103937487003112	3.28992111875792
0.462589249940972	0.947237778150617	2.56534843605066
0.559755536117415	0.307513330696362	3.0183657639417
0.72403849980532	-0.0519688690885676	3.38148252469746
-0.0660588474569229	-0.305349335000671	3.5265548694287
-0.0660588474569229	-0.305349335000671	3.5265548694287
-0.0660588474569229	-0.305349335000671	3.5265548694287
-0.0660588474569229	-0.305349335000671	3.5265548694287
-0.0660588474569229	-0.305349335000671	3.5265548694287
-0.0660588474569229	-0.305349335000671	3.5265548694287
-0.0660588474569229	-0.305349335000671	3.5265548694287
0.00324751205997546	0.115872535084698	3.325252386495
0.00324751205997546	0.115872535084698	3.325252386495
0.58670862819046	0.540321998308643	2.95536463903832
0.327070101439695	0.581047249614744	2.00215096625695
0.327070101439695	0.581047249614744	2.00215096625695
0.438676866535638	0.308135043449944	2.47603224978602
0.438676866535638	0.308135043449944	2.47603224978602
0.141425525585019	0.149891888774051	3.19434892572173
0.141425525585019	0.149891888774051	3.19434892572173
0.141425525585019	0.149891888774051	3.19434892572173
0.141425525585019	0.149891888774051	3.19434892572173
0.141425525585019	0.149891888774051	3.19434892572173
0.141425525585019	0.149891888774051	3.19434892572173
0.141425525585019	0.149891888774051	3.19434892572173
0.141425525585019	0.149891888774051	3.19434892572173
0.141425525585019	0.149891888774051	3.19434892572173
-0.880122391134061	0.138835339569697	2.91449727918816
-0.880122391134061	0.138835339569697	2.91449727918816
-0.880122391134061	0.138835339569697	2.91449727918816
-2.13668551668986	0.317806964780038	1.87159241650368
-0.982380912350173	0.641444175905321	1.43383533744985
-0.982380912350173	0.641444175905321	1.43383533744985
-1.28210901699525	0.255173399022846	1.42686837707175
-1.28210901699525	0.255173399022846	1.42686837707175
-1.41568739869378	0.298284149765562	1.30766431460923
-1.54413905748975	-0.0540158655939083	0.80027477851596
-0.107277766384448	0.495450360493979	0.455375079042241
1.32556394329904	1.12178803795297	1.13462167648473
-0.210734514816811	0.333081635134122	0.817695646985663
-0.210734514816811	0.333081635134122	0.817695646985663
-1.35366473701421	-0.124841130420784	2.18352080931572
-1.35366473701421	-0.124841130420784	2.18352080931572
-1.35366473701421	-0.124841130420784	2.18352080931572
-0.37169688671516	0.214053344273424	1.12707766226336
-0.37169688671516	0.214053344273424	1.12707766226336
-1.43037611517439	0.0139568591111189	0.937917049228452
-1.43037611517439	0.0139568591111189	0.937917049228452
-1.68003108477229	0.456402576999298	0.0363230798593212
-1.93707574260134	0.471548418759586	-0.38298797241844
-0.973507013279773	0.274787433916791	1.83963295180308
-0.973507013279773	0.274787433916791	1.83963295180308
-1.52063209079266	-0.157846582887563	2.22390780498211
-2.56720933075066	-0.319127105755478	1.47157792950072
-1.72019022176406	-0.286385953527675	1.47745751299881
-1.25776161570554	0.286240763444825	1.29516683149994
-1.25776161570554	0.286240763444825	1.29516683149994
-1.25776161570554	0.286240763444825	1.29516683149994
-1.0101990733095	0.606122370387197	1.38110083632369
-1.0101990733095	0.606122370387197	1.38110083632369
-1.0101990733095	0.606122370387197	1.38110083632369
0.0557177771764696	1.00153215489371	1.214805111605
0.170608550221425	1.16003356330675	2.14528466133758
