1	1	1
1	1	1
0.41758342928888	1.75500420682683	1.89268364680074
0.41758342928888	1.75500420682683	1.89268364680074
0.41758342928888	1.75500420682683	1.89268364680074
0.41758342928888	1.75500420682683	1.89268364680074
0.41758342928888	1.75500420682683	1.89268364680074
0.41758342928888	1.75500420682683	1.89268364680074
0.474036647379868	2.15797143795615	1.55196565837273
0.474036647379868	2.15797143795615	1.55196565837273
0.891246700510743	1.62050506269784	1.3311315476754
0.891246700510743	1.62050506269784	1.3311315476754
0.891246700510743	1.62050506269784	1.3311315476754
0.608576358857126	0.358466467878072	0.788481426112526
0.608576358857126	0.358466467878072	0.788481426112526
0.857934220397915	0.285214022542097	1.12059588873492
0.857934220397915	0.285214022542097	1.12059588873492
0.297358049713407	1.19190251120204	1.55978803327875
-0.871101509664506	0.669444452719627	1.76102664842635
-0.871101509664506	0.669444452719627	1.76102664842635
-0.871101509664506	0.669444452719627	1.76102664842635
-0.871101509664506	0.669444452719627	1.76102664842635
-0.871101509664506	0.669444452719627	1.76102664842635
-0.871101509664506	0.669444452719627	1.76102664842635
-0.784260927672289	0.736547905493377	2.79392327428659
-0.413891106065778	0.769912461637503	2.74081011272283
-0.413891106065778	0.769912461637503	2.74081011272283
0.402378107172479	0.0508414036316589	2.60605496157537
-1.07744902358625	0.595512746339776	2.44443120404838
-2.68282397411616	0.53999413197855	2.00593398740428
-2.68282397411616	0.53999413197855	2.00593398740428
-2.62598787688363	0.432171864138284	1.87474275478285
-2.69152189212382	0.531857794324778	2.9047748088348
-2.11009759365939	0.579922078326756	2.70465300292533
-2.04203225663281	-0.125286736326642	2.5299646459718
-2.04203225663281	-0.125286736326642	2.5299646459718
-1.93222561350419	-0.511677740146933	1.29375395766033
-0.227169416640011	-0.932603070976519	1.13618776953101
-0.227169416640011	-0.932603070976519	1.13618776953101
0.643106221677268	-0.569420472967478	0.767873620623491
0.784219457624404	-0.136654234553338	1.21136103328999
0.784219457624404	-0.136654234553338	1.21136103328999
0.784219457624404	-0.136654234553338	1.21136103328999
0.784219457624404	-0.136654234553338	1.21136103328999
1.09909493840776	0.518785529729089	1.72120079003329
1.09909493840776	0.518785529729089	1.72120079003329
1.09909493840776	0.518785529729089	1.72120079003329
1.09909493840776	0.518785529729089	1.72120079003329
1.1981254894083	0.806947892336057	1.72402306977068
0.949547212721017	0.622375339097323	1.93411413521882
1.04930413491406	0.646387269881546	2.36158954130803
1.04930413491406	0.646387269881546	2.36158954130803
1.04930413491406	0.646387269881546	2.36158954130803
1.04930413491406	0.646387269881546	2.36158954130803
1.00283787117201	0.394903530724346	1.30569577496382
1.00283787117201	0.394903530724346	1.30569577496382
0.816082264182124	0.096258201574745	2.06111984888204
0.0213351569589764	-0.0843918131705199	2.52988413712593
-0.480125883452714	-0.0759385947008959	2.66629350462287
-0.480125883452714	-0.0759385947008959	2.66629350462287
-0.480125883452714	-0.0759385947008959	2.66629350462287
-0.480125883452714	-0.0759385947008959	2.66629350462287
-1.50936409537875	0.0258709823987553	2.53130576411088
-1.50936409537875	0.0258709823987553	2.53130576411088
-1.0383431057531	-0.711925057974558	1.9447846337161
-1.0383431057531	-0.711925057974558	1.9447846337161
-1.0383431057531	-0.711925057974558	1.9447846337161
-2.09004207343793	-0.647391284409949	2.08872555362006
-2.09004207343793	-0.647391284409949	2.08872555362006
-1.42527578634884	-1.3262533204515	1.43074672787485
-1.42527578634884	-1.3262533204515	1.43074672787485
-1.42527578634884	-1.3262533204515	1.43074672787485
-1.42527578634884	-1.3262533204515	1.43074672787485
-1.38981433978548	-0.247648342084844	1.77498466331553
-0.361064402221726	0.26617735922623	2.09210992552056
-0.559805796586253	-0.179084519138342	1.80410800736143
-0.559805796586253	-0.179084519138342	1.80410800736143
-1.30894182464513	0.322081149664317	2.04101843975389
-1.24605487471689	0.285231928303466	2.31882780494092
-0.169988617314567	0.875832689248031	2.20846997144791
-0.169988617314567	0.875832689248031	2.20846997144791
-0.169988617314567	0.875832689248031	2.20846997144791
-0.169988617314567	0.875832689248031	2.20846997144791
-0.169988617314567	0.875832689248031	2.20846997144791
-0.169988617314567	0.875832689248031	2.20846997144791
0.0233889640943759	1.62406750288344	3.29103175163515
-0.233916226859411	1.2219116220924	3.1687066459607
-0.233916226859411	1.2219116220924	3.1687066459607
-0.545867008954208	0.197454890881498	2.8260045303586
0.332053632639996	0.166901972322058	3.36682930312341
-0.0963768377259726	0.760137386164903	3.75674089778736
-0.452411835413427	0.49204046890857	2.72545904552621
-0.452411835413427	0.49204046890857	2.72545904552621
-0.452411835413427	0.49204046890857	2.72545904552621
-0.294043899744535	0.12262731046168	2.45653567238174
0.101833471204692	-0.378356552417093	1.82571759483526
-0.126110261428214	-0.238340316716486	1.8021797933915
-0.126110261428214	-0.238340316716486	1.8021797933915
-0.126110261428214	-0.238340316716486	1.8021797933915
-0.381106828568717	-0.298316358393002	1.37687051842431
-0.381106828568717	-0.298316358393002	1.37687051842431
-0.381106828568717	-0.298316358393002	1.37687051842431
-0.591768097458314	-0.812865580712873	1.19004656948874
-0.591768097458314	-0.812865580712873	1.19004656948874
0.0389558629979476	-0.938718022584134	1.62594133758047
-0.745759692754995	-1.0721189342789	1.00522748133391
-1.2202772358995	-0.747548367580819	0.806110646140142
-1.2202772358995	-0.747548367580819	0.806110646140142
-1.02443342548367	-1.63909215243647	0.872501618536743
-1.02443342548367	-1.63909215243647	0.872501618536743
-0.427549702844123	-1.78319331650614	2.46335774481514
0.037894088071355	-1.93918015265407	2.41143065710287
0.0765455498091374	-1.69510678723662	1.33736403296644
0.0765455498091374	-1.69510678723662	1.33736403296644
0.0765455498091374	-1.69510678723662	1.33736403296644
0.0765455498091374	-1.69510678723662	1.33736403296644
0.0797441146198969	-1.10975419421944	1.58080678492977
-0.714429001807729	-1.00014237695763	1.1813244657217
-1.16326443200176	-1.42214761513268	1.26745712472323
-1.16326443200176	-1.42214761513268	1.26745712472323
-1.16326443200176	-1.42214761513268	1.26745712472323
-1.03900691794101	-1.11517021681288	0.236975950583203
-2.30283484824584	-0.570980402594344	0.540116231707259
-2.30283484824584	-0.570980402594344	0.540116231707259
-2.17209595780943	-0.196821953879092	0.260064007956099
-0.807733092076716	-0.140830396853971	0.0846826250096129
-0.807733092076716	-0.140830396853971	0.0846826250096129
-0.807733092076716	-0.140830396853971	0.0846826250096129
-0.807733092076716	-0.140830396853971	0.0846826250096129
-0.916861120059326	0.809050717904016	0.677188041539998
-0.916861120059326	0.809050717904016	0.677188041539998
-0.916861120059326	0.809050717904016	0.677188041539998
-0.916861120059326	0.809050717904016	0.677188041539998
-0.629732228328588	-0.00432500261046209	0.339284234119743
-0.20741001953618	0.205136707697218	0.439018756762709
-1.21224630657007	0.349618383241702	1.03451388440527
-1.21224630657007	0.349618383241702	1.03451388440527
-1.21224630657007	0.349618383241702	1.03451388440527
-1.07946744773591	0.304475359659638	1.43399163991143
-1.216195265144	0.554812222073561	2.65107090474848
-1.216195265144	0.554812222073561	2.65107090474848
-1.216195265144	0.554812222073561	2.65107090474848
-1.19659804804526	0.285799763664044	2.82270590588823
-1.19659804804526	0.285799763664044	2.82270590588823
-1.19659804804526	0.285799763664044	2.82270590588823
-1.19659804804526	0.285799763664044	2.82270590588823
-1.19659804804526	0.285799763664044	2.82270590588823
-1.20607607816633	0.253038978642311	3.25165794791513
-1.20607607816633	0.253038978642311	3.25165794791513
-1.20607607816633	0.253038978642311	3.25165794791513
-0.626029314029137	-0.0148577849674575	3.01569631297309
-0.227824378290728	0.390984353984017	3.09101469957331
-0.227824378290728	0.390984353984017	3.09101469957331
-0.227824378290728	0.390984353984017	3.09101469957331
-0.227824378290728	0.390984353984017	3.09101469957331
-0.227824378290728	0.390984353984017	3.09101469957331
-0.957303170442447	0.517257646996787	3.24539730169176
-0.640425349685997	-0.255098877620106	3.29067950952993
-0.640425349685997	-0.255098877620106	3.29067950952993
-0.640425349685997	-0.255098877620106	3.29067950952993
-0.640425349685997	-0.255098877620106	3.29067950952993
-0.640425349685997	-0.255098877620106	3.29067950952993
-0.420553727384514	-0.177494872487863	3.20645044675255
-0.420553727384514	-0.177494872487863	3.20645044675255
-0.558166963927476	-0.83195789872195	2.85275982617913
-2.08240074271907	-0.532044213422799	3.00086916932976
-2.08240074271907	-0.532044213422799	3.00086916932976
-2.08240074271907	-0.532044213422799	3.00086916932976
-2.18516960137993	-0.62814069138561	2.2522068590534
-0.392413246803537	-0.601804520301097	1.98681918101958
-0.392413246803537	-0.601804520301097	1.98681918101958
-0.392413246803537	-0.601804520301097	1.98681918101958
-0.392413246803537	-0.601804520301097	1.98681918101958
-0.392413246803537	-0.601804520301097	1.98681918101958
-0.703531244862019	-0.0117926065858783	2.22345967209169
-1.12601332710063	-0.38667483505666	2.5102595371275
-1.12601332710063	-0.38667483505666	2.5102595371275
-0.393986573188938	-0.0798736616418121	2.97663434917229
-1.13832072198435	-0.590477367623006	2.33503868562984
-1.16524161504435	0.225737274039958	2.79997371446507
-1.16524161504435	0.225737274039958	2.79997371446507
-0.0273072533640624	0.616101078170201	3.16332362552724
-0.0273072533640624	0.616101078170201	3.16332362552724
0.256128590584934	0.714338782352348	3.24733362525388
0.256128590584934	0.714338782352348	3.24733362525388
-0.505734157775233	0.611533555240188	3.53931153240659
-1.15030181025097	-0.0420325336270535	2.58655490801359
-1.15030181025097	-0.0420325336270535	2.58655490801359
-1.15030181025097	-0.0420325336270535	2.58655490801359
-1.15030181025097	-0.0420325336270535	2.58655490801359
-1.15030181025097	-0.0420325336270535	2.58655490801359
-2.0794536524601	-0.779877149521362	1.81807304803852
-2.0794536524601	-0.779877149521362	1.81807304803852
-2.0794536524601	-0.779877149521362	1.81807304803852
-0.715450627187416	0.435359620524521	1.66522877635512
-0.715450627187416	0.435359620524521	1.66522877635512
-0.715450627187416	0.435359620524521	1.66522877635512
0.408119441299696	0.434533054636856	2.27017064014888
0.408119441299696	0.434533054636856	2.27017064014888
-0.735185361331568	0.840726242500142	2.62235276515359
