1	1	1
1	1	1
1.13590458437598	0.813199745501252	1.3136395027751
1.13590458437598	0.813199745501252	1.3136395027751
1.13590458437598	0.813199745501252	1.3136395027751
1.13590458437598	0.813199745501252	1.3136395027751
1.13590458437598	0.813199745501252	1.3136395027751
1.13590458437598	0.813199745501252	1.3136395027751
1.13590458437598	0.813199745501252	1.3136395027751
1.13590458437598	0.813199745501252	1.3136395027751
1.13590458437598	0.813199745501252	1.3136395027751
1.13590458437598	0.813199745501252	1.3136395027751
1.13590458437598	0.813199745501252	1.3136395027751
1.13590458437598	0.813199745501252	1.3136395027751
1.13590458437598	0.813199745501252	1.3136395027751
0.570709410529746	1.54345341370055	1.7258433628645
-0.11228965782624	1.05788027513721	2.1348832698086
-0.11228965782624	1.05788027513721	2.1348832698086
-0.11228965782624	1.05788027513721	2.1348832698086
-0.11228965782624	1.05788027513721	2.1348832698086
-0.11228965782624	1.05788027513721	2.1348832698086
-0.11228965782624	1.05788027513721	2.1348832698086
-0.11228965782624	1.05788027513721	2.1348832698086
-0.11228965782624	1.05788027513721	2.1348832698086
-0.11228965782624	1.05788027513721	2.1348832698086
-0.327320037705238	0.848082558099476	1.5737962266483
-0.327320037705238	0.848082558099476	1.5737962266483
-0.327320037705238	0.848082558099476	1.5737962266483
-0.327320037705238	0.848082558099476	1.5737962266483
-0.327320037705238	0.848082558099476	1.5737962266483
-0.327320037705238	0.848082558099476	1.5737962266483
-0.920120991438587	1.30872376904377	2.03656799670506
-0.920120991438587	1.30872376904377	2.03656799670506
-0.920120991438587	1.30872376904377	2.03656799670506
-0.920120991438587	1.30872376904377	2.03656799670506
-0.920120991438587	1.30872376904377	2.03656799670506
-0.920120991438587	1.30872376904377	2.03656799670506
-0.920120991438587	1.30872376904377	2.03656799670506
-0.920120991438587	1.30872376904377	2.03656799670506
-0.920120991438587	1.30872376904377	2.03656799670506
-0.920120991438587	1.30872376904377	2.03656799670506
-0.446429192382141	1.03942784191526	1.37749421728948
-0.446429192382141	1.03942784191526	1.37749421728948
-0.446429192382141	1.03942784191526	1.37749421728948
-0.446429192382141	1.03942784191526	1.37749421728948
-0.282777630760974	1.06359216814568	2.25238125625347
-0.282777630760974	1.06359216814568	2.25238125625347
-0.514027815711843	1.017008635983	0.906012261995604
-0.514027815711843	1.017008635983	0.906012261995604
-0.514027815711843	1.017008635983	0.906012261995604
-0.276738343199808	1.0699670111304	1.35057187276502
-0.276738343199808	1.0699670111304	1.35057187276502
-0.276738343199808	1.0699670111304	1.35057187276502
-1.07124824056548	0.755334738451105	1.31077484117079
-1.07124824056548	0.755334738451105	1.31077484117079
-1.07124824056548	0.755334738451105	1.31077484117079
-0.933744638322541	1.1146007039619	1.37584843624146
0.0825767868668354	-0.115507268466394	0.911248834796949
0.0825767868668354	-0.115507268466394	0.911248834796949
0.0825767868668354	-0.115507268466394	0.911248834796949
0.0825767868668354	-0.115507268466394	0.911248834796949
0.0825767868668354	-0.115507268466394	0.911248834796949
0.0825767868668354	-0.115507268466394	0.911248834796949
0.0825767868668354	-0.115507268466394	0.911248834796949
0.0825767868668354	-0.115507268466394	0.911248834796949
0.0825767868668354	-0.115507268466394	0.911248834796949
0.0825767868668354	-0.115507268466394	0.911248834796949
0.0825767868668354	-0.115507268466394	0.911248834796949
0.0825767868668354	-0.115507268466394	0.911248834796949
0.0825767868668354	-0.115507268466394	0.911248834796949
0.0825767868668354	-0.115507268466394	0.911248834796949
0.0825767868668354	-0.115507268466394	0.911248834796949
0.0825767868668354	-0.115507268466394	0.911248834796949
0.0825767868668354	-0.115507268466394	0.911248834796949
0.0825767868668354	-0.115507268466394	0.911248834796949
-0.00808876556541165	0.893628906589915	2.16502439751726
-0.00808876556541165	0.893628906589915	2.16502439751726
-0.00808876556541165	0.893628906589915	2.16502439751726
-1.18909268975218	-0.28423125984339	1.11811895048873
-1.18909268975218	-0.28423125984339	1.11811895048873
-1.18909268975218	-0.28423125984339	1.11811895048873
-1.18909268975218	-0.28423125984339	1.11811895048873
-0.328166643340226	0.209012470848285	1.42443712781833
-0.328166643340226	0.209012470848285	1.42443712781833
-0.83227383334554	0.118501735458992	0.936575324033853
-0.83227383334554	0.118501735458992	0.936575324033853
0.0758245928603119	1.0455516661836	1.7893965345976
0.0758245928603119	1.0455516661836	1.7893965345976
-0.485353350908923	0.607395801509426	0.490553294861697
-0.422715109282243	0.133278783854059	1.21808078499961
-0.422715109282243	0.133278783854059	1.21808078499961
-0.422715109282243	0.133278783854059	1.21808078499961
0.315783797199546	1.40123650833248	2.16491617821245
-0.901711996159749	0.295476202852709	2.55906843781688
-0.901711996159749	0.295476202852709	2.55906843781688
-0.901711996159749	0.295476202852709	2.55906843781688
-0.961662958990477	0.933074268831342	1.38499892509978
-0.961662958990477	0.933074268831342	1.38499892509978
-0.405083161000777	0.600721173648516	1.39898432009523
-0.405083161000777	0.600721173648516	1.39898432009523
-0.405083161000777	0.600721173648516	1.39898432009523
-0.405083161000777	0.600721173648516	1.39898432009523
-0.405083161000777	0.600721173648516	1.39898432009523
-0.405083161000777	0.600721173648516	1.39898432009523
-0.035927068716141	0.685307036348074	1.40268564726075
-0.20114800121294	0.822511772788405	1.1517727387973
-0.194517054773319	0.32443383879865	0.455578967661322
-0.194517054773319	0.32443383879865	0.455578967661322
-0.194517054773319	0.32443383879865	0.455578967661322
-1.30150004821206	0.00563014517884691	0.824696935845229
-1.30150004821206	0.00563014517884691	0.824696935845229
-1.30150004821206	0.00563014517884691	0.824696935845229
-1.30150004821206	0.00563014517884691	0.824696935845229
-1.51991550016914	-1.25380898880298	0.512254281307561
-2.14763670623745	1.18117759009503	1.48841512288535
-2.14763670623745	1.18117759009503	1.48841512288535
-2.14763670623745	1.18117759009503	1.48841512288535
-2.14763670623745	1.18117759009503	1.48841512288535
-2.71685544178139	0.188625480851977	2.9679425963838
-2.71685544178139	0.188625480851977	2.9679425963838
-2.71685544178139	0.188625480851977	2.9679425963838
-2.71685544178139	0.188625480851977	2.9679425963838
-2.71685544178139	0.188625480851977	2.9679425963838
-2.71685544178139	0.188625480851977	2.9679425963838
-1.37338720616582	0.950005620782051	3.34580800714135
-0.610213249097852	0.276780059432055	2.37395909534527
-0.610213249097852	0.276780059432055	2.37395909534527
-0.610213249097852	0.276780059432055	2.37395909534527
-0.610213249097852	0.276780059432055	2.37395909534527
0.389254695947605	1.22083678633745	2.87834112956727
0.389254695947605	1.22083678633745	2.87834112956727
0.389254695947605	1.22083678633745	2.87834112956727
-1.09112360013506	0.796363414323846	2.48971196522786
-1.20508314619715	0.926146520985751	3.15118197637522
-1.20508314619715	0.926146520985751	3.15118197637522
-1.20508314619715	0.926146520985751	3.15118197637522
-1.20508314619715	0.926146520985751	3.15118197637522
-1.20508314619715	0.926146520985751	3.15118197637522
-1.20508314619715	0.926146520985751	3.15118197637522
-1.20508314619715	0.926146520985751	3.15118197637522
-0.912273769078475	0.0714309027602529	1.92611533727732
-0.568057968843929	0.326750360654513	2.08679140599116
-2.6254027123932	-0.843702183163012	2.59973632573816
-2.6254027123932	-0.843702183163012	2.59973632573816
-2.6254027123932	-0.843702183163012	2.59973632573816
-1.53900732217151	-1.3931445753216	3.28827660200704
-1.99256683196322	-0.216126534471235	2.87652486531037
-1.99256683196322	-0.216126534471235	2.87652486531037
-1.99256683196322	-0.216126534471235	2.87652486531037
-1.99256683196322	-0.216126534471235	2.87652486531037
-1.43274821265292	-0.0805738434182093	3.55859407211339
-1.83293018382386	-0.446760080753106	2.21588511330683
-1.83293018382386	-0.446760080753106	2.21588511330683
-1.07900568533432	-1.05863756694789	2.44293901727479
-1.21451987129542	-0.739051026731064	1.67071635847669
-2.09159805615974	0.0256693325455828	1.69183629302897
-2.01830871948989	-0.948182015312568	2.70497201001955
-2.1842116813929	-0.667315247024197	1.34150065567119
-0.391378740973394	-0.21469319102762	0.710668465933443
-0.391378740973394	-0.21469319102762	0.710668465933443
-0.391378740973394	-0.21469319102762	0.710668465933443
-0.391378740973394	-0.21469319102762	0.710668465933443
-1.24997633486701	0.119835875620526	2.60746549091772
-1.24997633486701	0.119835875620526	2.60746549091772
-0.993889203695423	-0.352734374285819	3.70411729198813
-1.3663640798483	-0.113697190267226	3.65904227878152
-1.3663640798483	-0.113697190267226	3.65904227878152
-1.3663640798483	-0.113697190267226	3.65904227878152
-1.3663640798483	-0.113697190267226	3.65904227878152
-0.329486286458569	-0.398524698579402	3.19620876067453
-0.329486286458569	-0.398524698579402	3.19620876067453
-0.329486286458569	-0.398524698579402	3.19620876067453
-0.329486286458569	-0.398524698579402	3.19620876067453
-0.329486286458569	-0.398524698579402	3.19620876067453
-0.329486286458569	-0.398524698579402	3.19620876067453
-0.329486286458569	-0.398524698579402	3.19620876067453
-0.329486286458569	-0.398524698579402	3.19620876067453
-1.9843220031348	-0.0565568667439815	3.2902901323135
-0.532280513931283	-1.28706081601115	2.20048649954896
-0.15105547534324	-1.35716120604823	1.94537386431718
-0.15105547534324	-1.35716120604823	1.94537386431718
-0.15105547534324	-1.35716120604823	1.94537386431718
-0.630049488668446	-0.0881481933846833	2.55375427146797
-0.630049488668446	-0.0881481933846833	2.55375427146797
-0.630049488668446	-0.0881481933846833	2.55375427146797
-0.630049488668446	-0.0881481933846833	2.55375427146797
-0.494015291175496	-0.509429790754943	2.47735416407221
-0.494015291175496	-0.509429790754943	2.47735416407221
-0.494015291175496	-0.509429790754943	2.47735416407221
-0.494015291175496	-0.509429790754943	2.47735416407221
-0.494015291175496	-0.509429790754943	2.47735416407221
-1.5789930368737	-0.656649238297945	1.66363697580138
-1.5789930368737	-0.656649238297945	1.66363697580138
-1.93808479780732	1.69183459306443	0.473616129082311
-1.91577408935602	1.69618325895765	0.774325565546314
-1.59226404360982	-0.0441237615275241	0.738996330479765
-1.59226404360982	-0.0441237615275241	0.738996330479765
-1.59226404360982	-0.0441237615275241	0.738996330479765
-1.59226404360982	-0.0441237615275241	0.738996330479765
-1.59226404360982	-0.0441237615275241	0.738996330479765
