1	1	1
1.44247783998799	1.28996163275312	0.874584406522229
1.44247783998799	1.28996163275312	0.874584406522229
2.10825568510994	1.69699044683852	1.42275222907346
2.10825568510994	1.69699044683852	1.42275222907346
2.10825568510994	1.69699044683852	1.42275222907346
2.10825568510994	1.69699044683852	1.42275222907346
2.10825568510994	1.69699044683852	1.42275222907346
2.10825568510994	1.69699044683852	1.42275222907346
2.10825568510994	1.69699044683852	1.42275222907346
2.10825568510994	1.69699044683852	1.42275222907346
1.61306749685057	1.6058571380892	1.71323296837035
1.52535623387098	0.815818697051254	2.02010670839356
1.52535623387098	0.815818697051254	2.02010670839356
1.52535623387098	0.815818697051254	2.02010670839356
1.52535623387098	0.815818697051254	2.02010670839356
1.52535623387098	0.815818697051254	2.02010670839356
1.52535623387098	0.815818697051254	2.02010670839356
1.52535623387098	0.815818697051254	2.02010670839356
1.05250393870289	1.01633568693201	1.80992909815339
1.05250393870289	1.01633568693201	1.80992909815339
1.05250393870289	1.01633568693201	1.80992909815339
1.05250393870289	1.01633568693201	1.80992909815339
1.05250393870289	1.01633568693201	1.80992909815339
1.05250393870289	1.01633568693201	1.80992909815339
1.05250393870289	1.01633568693201	1.80992909815339
1.05250393870289	1.01633568693201	1.80992909815339
1.05250393870289	1.01633568693201	1.80992909815339
1.05250393870289	1.01633568693201	1.80992909815339
1.05250393870289	1.01633568693201	1.80992909815339
1.05250393870289	1.01633568693201	1.80992909815339
0.401463603082805	0.768035197091545	1.59312356972188
0.401463603082805	0.768035197091545	1.59312356972188
-0.020572181984413	1.46977359967816	2.12079331857625
-0.020572181984413	1.46977359967816	2.12079331857625
-0.020572181984413	1.46977359967816	2.12079331857625
-0.020572181984413	1.46977359967816	2.12079331857625
-0.020572181984413	1.46977359967816	2.12079331857625
-0.020572181984413	1.46977359967816	2.12079331857625
-0.020572181984413	1.46977359967816	2.12079331857625
-0.020572181984413	1.46977359967816	2.12079331857625
-0.020572181984413	1.46977359967816	2.12079331857625
-0.020572181984413	1.46977359967816	2.12079331857625
-0.020572181984413	1.46977359967816	2.12079331857625
-0.173435695883222	1.38082193242315	1.08379259797833
-0.14423550954466	2.01916374596169	0.722834187293722
-1.68641739908791	1.51025279627948	0.804108945739742
-1.68641739908791	1.51025279627948	0.804108945739742
-1.68641739908791	1.51025279627948	0.804108945739742
-1.68641739908791	1.51025279627948	0.804108945739742
-1.01677785099034	1.74289831039007	0.108496005284005
-1.01677785099034	1.74289831039007	0.108496005284005
-1.01677785099034	1.74289831039007	0.108496005284005
-2.7514265129328	1.50804335799563	0.0196702054834305
-1.54284807370141	0.680027147096235	0.752846898692279
-1.54284807370141	0.680027147096235	0.752846898692279
-1.06827438805528	1.02665254126852	0.492999249341313
-1.55580877455603	0.387084759703315	0.455949203501504
-1.55580877455603	0.387084759703315	0.455949203501504
-1.55580877455603	0.387084759703315	0.455949203501504
-1.55580877455603	0.387084759703315	0.455949203501504
-1.55580877455603	0.387084759703315	0.455949203501504
-1.55580877455603	0.387084759703315	0.455949203501504
-0.0163070206755103	0.0194639444577585	0.535649045879694
-0.0163070206755103	0.0194639444577585	0.535649045879694
-0.0163070206755103	0.0194639444577585	0.535649045879694
0.015161126024114	0.0231123434946962	1.4712612710103
0.015161126024114	0.0231123434946962	1.4712612710103
0.015161126024114	0.0231123434946962	1.4712612710103
0.015161126024114	0.0231123434946962	1.4712612710103
0.015161126024114	0.0231123434946962	1.4712612710103
0.015161126024114	0.0231123434946962	1.4712612710103
0.015161126024114	0.0231123434946962	1.4712612710103
0.015161126024114	0.0231123434946962	1.4712612710103
0.015161126024114	0.0231123434946962	1.4712612710103
0.015161126024114	0.0231123434946962	1.4712612710103
0.0254204409834598	0.544351137888126	2.11636978460113
0.0254204409834598	0.544351137888126	2.11636978460113
-0.792523314207289	0.684726439520576	2.16999953533463
-0.792523314207289	0.684726439520576	2.16999953533463
-1.43911851744971	0.693421400446609	1.27288078863875
-1.43911851744971	0.693421400446609	1.27288078863875
-1.16410850236861	-0.286664236637089	2.14612935625481
-1.08699803059942	-0.0423982004410533	1.91772276669885
-1.08699803059942	-0.0423982004410533	1.91772276669885
-1.08699803059942	-0.0423982004410533	1.91772276669885
-1.08699803059942	-0.0423982004410533	1.91772276669885
-1.08699803059942	-0.0423982004410533	1.91772276669885
-1.08699803059942	-0.0423982004410533	1.91772276669885
-1.08699803059942	-0.0423982004410533	1.91772276669885
-1.08699803059942	-0.0423982004410533	1.91772276669885
-1.08699803059942	-0.0423982004410533	1.91772276669885
-1.08699803059942	-0.0423982004410533	1.91772276669885
-1.08699803059942	-0.0423982004410533	1.91772276669885
-1.08699803059942	-0.0423982004410533	1.91772276669885
-1.08699803059942	-0.0423982004410533	1.91772276669885
-1.08699803059942	-0.0423982004410533	1.91772276669885
-1.08699803059942	-0.0423982004410533	1.91772276669885
-1.08699803059942	-0.0423982004410533	1.91772276669885
-0.883663714128365	-0.178821802613168	2.30276173632943
-0.883663714128365	-0.178821802613168	2.30276173632943
0.664859126106448	0.415329593526284	1.71250419381046
-0.294912386497662	-0.238450503352667	1.75000077840542
-1.36133034311927	0.0441348248480288	1.14342649340224
-1.36133034311927	0.0441348248480288	1.14342649340224
-1.36133034311927	0.0441348248480288	1.14342649340224
-2.22104196010028	-0.16163608579355	1.96875767631323
-2.22104196010028	-0.16163608579355	1.96875767631323
-2.22104196010028	-0.16163608579355	1.96875767631323
-1.27214615000472	0.126378838369869	0.911880893256204
-1.27214615000472	0.126378838369869	0.911880893256204
-1.27214615000472	0.126378838369869	0.911880893256204
-2.38656514951617	-0.196426403105102	0.4551233469291
-2.38656514951617	-0.196426403105102	0.4551233469291
-2.38656514951617	-0.196426403105102	0.4551233469291
-2.38656514951617	-0.196426403105102	0.4551233469291
-2.38656514951617	-0.196426403105102	0.4551233469291
-2.38656514951617	-0.196426403105102	0.4551233469291
-2.38656514951617	-0.196426403105102	0.4551233469291
-2.38656514951617	-0.196426403105102	0.4551233469291
-2.38656514951617	-0.196426403105102	0.4551233469291
-2.38656514951617	-0.196426403105102	0.4551233469291
-2.38656514951617	-0.196426403105102	0.4551233469291
-2.38656514951617	-0.196426403105102	0.4551233469291
-2.38656514951617	-0.196426403105102	0.4551233469291
-2.38656514951617	-0.196426403105102	0.4551233469291
-2.38656514951617	-0.196426403105102	0.4551233469291
-2.38656514951617	-0.196426403105102	0.4551233469291
-2.38656514951617	-0.196426403105102	0.4551233469291
0.195924404484484	0.339452344432592	0.0390572345212205
0.195924404484484	0.339452344432592	0.0390572345212205
0.195924404484484	0.339452344432592	0.0390572345212205
0.195924404484484	0.339452344432592	0.0390572345212205
0.195924404484484	0.339452344432592	0.0390572345212205
0.589345297059787	0.151095934823486	1.58119583638115
0.494908045622577	0.0508746707096036	1.32607632175161
0.494908045622577	0.0508746707096036	1.32607632175161
0.494908045622577	0.0508746707096036	1.32607632175161
0.494908045622577	0.0508746707096036	1.32607632175161
0.494908045622577	0.0508746707096036	1.32607632175161
-0.736564010442476	-0.455797775938074	1.2933632013265
-2.32100931552488	0.290431510544051	1.222139821134
-2.32100931552488	0.290431510544051	1.222139821134
-2.07144787970789	0.13867617554787	1.17496237780312
-1.1878158267471	0.544176426140042	0.640294500739792
-1.1878158267471	0.544176426140042	0.640294500739792
-1.1878158267471	0.544176426140042	0.640294500739792
-1.1878158267471	0.544176426140042	0.640294500739792
-1.1878158267471	0.544176426140042	0.640294500739792
-0.325550276225607	0.0405885436620701	1.61235288674262
-0.325550276225607	0.0405885436620701	1.61235288674262
-0.325550276225607	0.0405885436620701	1.61235288674262
-0.325550276225607	0.0405885436620701	1.61235288674262
-0.983754302012315	-0.209056311380738	1.44455475922729
-0.966408226249226	0.158675747856808	1.35999324698034
-1.46670107798916	0.621855178390031	1.18243915534129
-1.46670107798916	0.621855178390031	1.18243915534129
-1.46670107798916	0.621855178390031	1.18243915534129
-1.05641449811281	0.718485366726133	2.19463257160007
-1.05641449811281	0.718485366726133	2.19463257160007
-1.05641449811281	0.718485366726133	2.19463257160007
-0.181471541390112	1.02442373467443	2.90529647674477
-0.181471541390112	1.02442373467443	2.90529647674477
-0.894704452836415	1.42638006127951	3.18125421704624
-0.924022892669752	1.68749871134313	1.78133897112995
-0.924022892669752	1.68749871134313	1.78133897112995
-0.924022892669752	1.68749871134313	1.78133897112995
-1.92317929399871	1.47256057251554	1.7116965253901
-1.92317929399871	1.47256057251554	1.7116965253901
-1.93012815233114	1.55935370562351	0.199548436219712
-1.93012815233114	1.55935370562351	0.199548436219712
-1.93012815233114	1.55935370562351	0.199548436219712
-1.93012815233114	1.55935370562351	0.199548436219712
-1.93012815233114	1.55935370562351	0.199548436219712
-0.0753414075064096	1.58214615189012	1.34987052203678
-0.306833097378405	1.18668047796384	0.94486883478481
-0.72799247595841	1.00898663862218	-0.170414423739123
-0.436226378715296	0.695695897510079	0.657318328854058
-0.436226378715296	0.695695897510079	0.657318328854058
-0.607930959402686	0.415619819602117	1.41561267424864
-0.54576771954291	0.826563908701721	1.26499635168327
-0.54576771954291	0.826563908701721	1.26499635168327
-1.5691154072686	0.244555197402454	3.18110715888327
-0.0372654305530356	0.992571511338947	3.00124348653153
-0.0372654305530356	0.992571511338947	3.00124348653153
-0.0372654305530356	0.992571511338947	3.00124348653153
-0.0372654305530356	0.992571511338947	3.00124348653153
-0.0372654305530356	0.992571511338947	3.00124348653153
-0.0969026235480626	0.954886062403745	2.83630631477709
0.297059580128841	0.587058271652983	2.25610631216386
0.297059580128841	0.587058271652983	2.25610631216386
-0.369042993194541	0.66888436469233	2.3998803659639
-0.369042993194541	0.66888436469233	2.3998803659639
-1.484639978043	1.20245325917784	2.37845156418276
-1.41003338649365	0.171103432370458	3.36484347223543
-1.41003338649365	0.171103432370458	3.36484347223543
-1.41003338649365	0.171103432370458	3.36484347223543
-1.41003338649365	0.171103432370458	3.36484347223543
-1.41003338649365	0.171103432370458	3.36484347223543
-1.41003338649365	0.171103432370458	3.36484347223543
