1	1	1
1.57000522417152	0.457662277901806	1.04129073486583
1.34526640978465	0.15137759398601	1.68223348364478
1.34526640978465	0.15137759398601	1.68223348364478
-0.242675631345641	1.18733627086552	2.18167830512803
-0.242675631345641	1.18733627086552	2.18167830512803
-0.242675631345641	1.18733627086552	2.18167830512803
-0.242675631345641	1.18733627086552	2.18167830512803
0.223593467957665	1.32080604364185	1.28397971032993
0.223593467957665	1.32080604364185	1.28397971032993
0.223593467957665	1.32080604364185	1.28397971032993
0.452969492852065	0.865216017647247	1.21587422509896
0.452969492852065	0.865216017647247	1.21587422509896
0.452969492852065	0.865216017647247	1.21587422509896
0.452969492852065	0.865216017647247	1.21587422509896
0.193596920157156	1.89224091631672	1.54851086862561
0.900205851700786	1.32374619701479	1.12376512366987
0.675296883137286	1.41690933984811	1.9390893629378
0.675296883137286	1.41690933984811	1.9390893629378
0.675296883137286	1.41690933984811	1.9390893629378
0.331205492452516	0.0950024506429157	1.51984132655091
0.331205492452516	0.0950024506429157	1.51984132655091
0.331205492452516	0.0950024506429157	1.51984132655091
0.331205492452516	0.0950024506429157	1.51984132655091
0.331205492452516	0.0950024506429157	1.51984132655091
0.234858958485941	0.430548058187265	0.55089913990345
0.234858958485941	0.430548058187265	0.55089913990345
0.234858958485941	0.430548058187265	0.55089913990345
0.234858958485941	0.430548058187265	0.55089913990345
0.234858958485941	0.430548058187265	0.55089913990345
-0.709029350725885	0.116181925266933	0.942180972259219
-0.709029350725885	0.116181925266933	0.942180972259219
-0.708867616065218	0.349963005107738	0.722268047564064
-0.708867616065218	0.349963005107738	0.722268047564064
-0.708867616065218	0.349963005107738	0.722268047564064
-0.708867616065218	0.349963005107738	0.722268047564064
-0.708867616065218	0.349963005107738	0.722268047564064
-1.13991432811507	0.350319598191251	2.63438588439989
-1.13991432811507	0.350319598191251	2.63438588439989
-0.0835177536285465	-0.577392681242364	1.49535914090028
-0.0835177536285465	-0.577392681242364	1.49535914090028
-0.0835177536285465	-0.577392681242364	1.49535914090028
-0.0835177536285465	-0.577392681242364	1.49535914090028
-0.0835177536285465	-0.577392681242364	1.49535914090028
-0.0835177536285465	-0.577392681242364	1.49535914090028
-0.0835177536285465	-0.577392681242364	1.49535914090028
0.153634724002594	-0.496114941148941	0.99095600045791
0.153634724002594	-0.496114941148941	0.99095600045791
0.153634724002594	-0.496114941148941	0.99095600045791
-0.177714305895193	-0.445994469095676	1.56033647857536
-1.24359583241748	0.684056101325112	2.53531917927762
-1.59513362081186	1.10670882387755	2.28280134688457
-1.59513362081186	1.10670882387755	2.28280134688457
-1.59513362081186	1.10670882387755	2.28280134688457
-1.59513362081186	1.10670882387755	2.28280134688457
-0.685775819551229	0.650791579887388	2.16983423450074
-0.685775819551229	0.650791579887388	2.16983423450074
-0.685775819551229	0.650791579887388	2.16983423450074
-0.685775819551229	0.650791579887388	2.16983423450074
-0.685775819551229	0.650791579887388	2.16983423450074
-0.528752022824935	0.285826944985134	2.06172872674604
-0.528752022824935	0.285826944985134	2.06172872674604
0.40732047373622	-0.119431613759004	2.98288653584126
0.40732047373622	-0.119431613759004	2.98288653584126
0.40732047373622	-0.119431613759004	2.98288653584126
0.40732047373622	-0.119431613759004	2.98288653584126
0.40732047373622	-0.119431613759004	2.98288653584126
0.40732047373622	-0.119431613759004	2.98288653584126
1.55444132529859	-0.0571463574373269	2.81093753107117
-0.281427063500122	-0.743542051786217	1.73555886739105
-0.281427063500122	-0.743542051786217	1.73555886739105
-0.281427063500122	-0.743542051786217	1.73555886739105
-0.281427063500122	-0.743542051786217	1.73555886739105
-0.281427063500122	-0.743542051786217	1.73555886739105
-0.281427063500122	-0.743542051786217	1.73555886739105
-0.281427063500122	-0.743542051786217	1.73555886739105
-0.281427063500122	-0.743542051786217	1.73555886739105
-0.281427063500122	-0.743542051786217	1.73555886739105
0.260861721145415	-0.674063474688732	1.01364871169706
0.260861721145415	-0.674063474688732	1.01364871169706
0.260861721145415	-0.674063474688732	1.01364871169706
0.260861721145415	-0.674063474688732	1.01364871169706
0.260861721145415	-0.674063474688732	1.01364871169706
0.260861721145415	-0.674063474688732	1.01364871169706
0.260861721145415	-0.674063474688732	1.01364871169706
-1.01383351110912	-0.0714563637729513	0.898325765524905
-1.01383351110912	-0.0714563637729513	0.898325765524905
-1.01383351110912	-0.0714563637729513	0.898325765524905
-1.01383351110912	-0.0714563637729513	0.898325765524905
-1.01383351110912	-0.0714563637729513	0.898325765524905
-0.987188346267706	0.762877860485281	1.78821434141658
-1.1359738133014	0.443551108691919	1.97753570363878
-1.1359738133014	0.443551108691919	1.97753570363878
-1.1359738133014	0.443551108691919	1.97753570363878
-1.1359738133014	0.443551108691919	1.97753570363878
-1.1359738133014	0.443551108691919	1.97753570363878
-1.1359738133014	0.443551108691919	1.97753570363878
-1.1359738133014	0.443551108691919	1.97753570363878
-1.1359738133014	0.443551108691919	1.97753570363878
-1.1359738133014	0.443551108691919	1.97753570363878
-1.1359738133014	0.443551108691919	1.97753570363878
-1.1359738133014	0.443551108691919	1.97753570363878
-1.1359738133014	0.443551108691919	1.97753570363878
-1.1359738133014	0.443551108691919	1.97753570363878
-1.44955001851814	1.14751401740043	2.73581319031578
-0.601375051097811	0.63820337071795	0.959970274249567
-0.601375051097811	0.63820337071795	0.959970274249567
-0.601375051097811	0.63820337071795	0.959970274249567
-0.601375051097811	0.63820337071795	0.959970274249567
-0.601375051097811	0.63820337071795	0.959970274249567
-0.601375051097811	0.63820337071795	0.959970274249567
-0.601375051097811	0.63820337071795	0.959970274249567
-0.601375051097811	0.63820337071795	0.959970274249567
-0.788128850254568	0.189638108337425	3.06426074389017
0.428390806676048	0.767448718616139	3.10244166431279
0.428390806676048	0.767448718616139	3.10244166431279
0.428390806676048	0.767448718616139	3.10244166431279
0.428390806676048	0.767448718616139	3.10244166431279
0.428390806676048	0.767448718616139	3.10244166431279
0.428390806676048	0.767448718616139	3.10244166431279
0.428390806676048	0.767448718616139	3.10244166431279
0.428390806676048	0.767448718616139	3.10244166431279
0.428390806676048	0.767448718616139	3.10244166431279
0.428390806676048	0.767448718616139	3.10244166431279
0.428390806676048	0.767448718616139	3.10244166431279
0.428390806676048	0.767448718616139	3.10244166431279
0.92775983136056	1.07548077104405	2.47279048028966
-0.0708558001647441	0.343596328864826	2.26352739681128
-0.0708558001647441	0.343596328864826	2.26352739681128
-0.0708558001647441	0.343596328864826	2.26352739681128
-0.0708558001647441	0.343596328864826	2.26352739681128
-0.0708558001647441	0.343596328864826	2.26352739681128
-0.0708558001647441	0.343596328864826	2.26352739681128
-1.30614020490548	0.251218124276525	2.47302439050625
-1.30614020490548	0.251218124276525	2.47302439050625
0.324371579095781	1.33551540692521	2.27599133117156
0.269829731236549	0.980170465283529	2.25963166473793
0.269829731236549	0.980170465283529	2.25963166473793
0.269829731236549	0.980170465283529	2.25963166473793
-0.50544741477075	0.878075036188078	1.15389931861449
-1.68415150842263	0.0831259024780502	0.686471779149954
-1.68415150842263	0.0831259024780502	0.686471779149954
-1.68415150842263	0.0831259024780502	0.686471779149954
-2.0796299711076	-0.194720214797284	1.45319892066457
-0.650134037519706	0.814892411248441	1.37123309416231
-0.650134037519706	0.814892411248441	1.37123309416231
-0.650134037519706	0.814892411248441	1.37123309416231
-0.650134037519706	0.814892411248441	1.37123309416231
-0.650134037519706	0.814892411248441	1.37123309416231
0.790280875193842	1.51478999873431	2.35753812028845
0.790280875193842	1.51478999873431	2.35753812028845
-0.595588468478084	1.46779623136472	2.92695771407925
-0.595588468478084	1.46779623136472	2.92695771407925
-0.0531475219713298	0.0945537402723586	2.11377519813531
-0.0531475219713298	0.0945537402723586	2.11377519813531
-0.0531475219713298	0.0945537402723586	2.11377519813531
-0.0531475219713298	0.0945537402723586	2.11377519813531
-0.0531475219713298	0.0945537402723586	2.11377519813531
0.62328787898316	-0.116903308542264	2.28219961991404
0.62328787898316	-0.116903308542264	2.28219961991404
0.62328787898316	-0.116903308542264	2.28219961991404
0.62328787898316	-0.116903308542264	2.28219961991404
0.62328787898316	-0.116903308542264	2.28219961991404
0.62328787898316	-0.116903308542264	2.28219961991404
0.62328787898316	-0.116903308542264	2.28219961991404
-1.03251432466339	-0.653408617249121	3.17395059365224
-1.31562589287736	-0.381706915627927	3.61656396123894
-1.31562589287736	-0.381706915627927	3.61656396123894
-1.31562589287736	-0.381706915627927	3.61656396123894
-1.31562589287736	-0.381706915627927	3.61656396123894
-1.31562589287736	-0.381706915627927	3.61656396123894
-1.31562589287736	-0.381706915627927	3.61656396123894
-1.31562589287736	-0.381706915627927	3.61656396123894
-1.31562589287736	-0.381706915627927	3.61656396123894
-0.216959624173458	-0.227530928716229	3.14853751289385
-0.614403046496588	-0.949515574848048	2.74523303911306
-0.614403046496588	-0.949515574848048	2.74523303911306
-0.614403046496588	-0.949515574848048	2.74523303911306
-1.03121163311518	0.0320984726184551	1.61209026770514
-1.03121163311518	0.0320984726184551	1.61209026770514
-1.03121163311518	0.0320984726184551	1.61209026770514
-1.03121163311518	0.0320984726184551	1.61209026770514
-1.03121163311518	0.0320984726184551	1.61209026770514
-1.03121163311518	0.0320984726184551	1.61209026770514
-1.03121163311518	0.0320984726184551	1.61209026770514
-1.03121163311518	0.0320984726184551	1.61209026770514
-1.03121163311518	0.0320984726184551	1.61209026770514
-1.03121163311518	0.0320984726184551	1.61209026770514
-1.1777987469271	-0.418241300981582	0.708532146242813
-0.708176309527286	-0.0272154106172255	1.93242683592517
-0.708176309527286	-0.0272154106172255	1.93242683592517
-0.282003637487952	0.250968605285085	2.73018759386344
-0.282003637487952	0.250968605285085	2.73018759386344
-0.282003637487952	0.250968605285085	2.73018759386344
-0.282003637487952	0.250968605285085	2.73018759386344
-0.282003637487952	0.250968605285085	2.73018759386344
-0.282003637487952	0.250968605285085	2.73018759386344
-0.282003637487952	0.250968605285085	2.73018759386344
-0.605926113170231	0.843421322938857	3.06023339877859
-0.605926113170231	0.843421322938857	3.06023339877859
