1	1	1
1	1	1
0.689225482925044	0.42255710010097	0.678329181771307
0.689225482925044	0.42255710010097	0.678329181771307
0.689225482925044	0.42255710010097	0.678329181771307
0.689225482925044	0.42255710010097	0.678329181771307
0.689225482925044	0.42255710010097	0.678329181771307
1.27790156463103	0.784972912432841	0.322092335184303
1.27790156463103	0.784972912432841	0.322092335184303
1.76162554761554	0.489248559380695	1.09159838107157
1.76162554761554	0.489248559380695	1.09159838107157
1.76162554761554	0.489248559380695	1.09159838107157
1.76162554761554	0.489248559380695	1.09159838107157
1.76162554761554	0.489248559380695	1.09159838107157
1.76162554761554	0.489248559380695	1.09159838107157
1.76162554761554	0.489248559380695	1.09159838107157
1.76162554761554	0.489248559380695	1.09159838107157
1.91442420015853	0.910565367192666	2.14418699507741
1.91442420015853	0.910565367192666	2.14418699507741
1.91442420015853	0.910565367192666	2.14418699507741
1.5561834991444	0.118909627950897	2.02264819788026
1.5561834991444	0.118909627950897	2.02264819788026
1.26204797046212	0.122787535706558	1.2212355660938
1.26204797046212	0.122787535706558	1.2212355660938
1.26204797046212	0.122787535706558	1.2212355660938
1.26204797046212	0.122787535706558	1.2212355660938
1.26204797046212	0.122787535706558	1.2212355660938
1.26204797046212	0.122787535706558	1.2212355660938
1.26204797046212	0.122787535706558	1.2212355660938
-0.121327784271066	-0.11069297354116	0.677056245040965
-0.121327784271066	-0.11069297354116	0.677056245040965
0.610945256799482	-0.000778800193600757	0.680814776140975
0.610945256799482	-0.000778800193600757	0.680814776140975
0.610945256799482	-0.000778800193600757	0.680814776140975
0.896001994159379	0.320209528579398	1.38500120335284
0.896001994159379	0.320209528579398	1.38500120335284
0.896001994159379	0.320209528579398	1.38500120335284
0.896001994159379	0.320209528579398	1.38500120335284
0.896001994159379	0.320209528579398	1.38500120335284
0.896001994159379	0.320209528579398	1.38500120335284
0.896001994159379	0.320209528579398	1.38500120335284
0.896001994159379	0.320209528579398	1.38500120335284
0.896001994159379	0.320209528579398	1.38500120335284
0.896001994159379	0.320209528579398	1.38500120335284
0.896001994159379	0.320209528579398	1.38500120335284
1.46058732962256	0.0222556407347928	0.962427379838801
0.640882931547814	0.426395540787442	0.319101811990202
0.640882931547814	0.426395540787442	0.319101811990202
0.640882931547814	0.426395540787442	0.319101811990202
0.640882931547814	0.426395540787442	0.319101811990202
0.640882931547814	0.426395540787442	0.319101811990202
0.640882931547814	0.426395540787442	0.319101811990202
0.917908854888322	-0.294285932113435	0.723738490801763
0.917908854888322	-0.294285932113435	0.723738490801763
0.917908854888322	-0.294285932113435	0.723738490801763
1.1547837611064	-0.215643785914913	1.29944014012665
1.1547837611064	-0.215643785914913	1.29944014012665
0.377243129657967	0.489118026622736	0.580087793399969
-0.226768445025702	0.26611057780124	0.706672751025614
-0.226768445025702	0.26611057780124	0.706672751025614
-0.12872594561899	0.746214653958207	0.768231501667775
-0.12872594561899	0.746214653958207	0.768231501667775
-0.12872594561899	0.746214653958207	0.768231501667775
-0.12872594561899	0.746214653958207	0.768231501667775
-0.12872594561899	0.746214653958207	0.768231501667775
0.230942533449486	0.045472493661229	0.928351867190238
0.230942533449486	0.045472493661229	0.928351867190238
0.230942533449486	0.045472493661229	0.928351867190238
0.230942533449486	0.045472493661229	0.928351867190238
0.230942533449486	0.045472493661229	0.928351867190238
0.276239055596488	0.882010117050404	1.75531689822728
0.276239055596488	0.882010117050404	1.75531689822728
0.276239055596488	0.882010117050404	1.75531689822728
0.276239055596488	0.882010117050404	1.75531689822728
0.824435862452771	0.670923566080998	1.27387113639059
0.824435862452771	0.670923566080998	1.27387113639059
0.824435862452771	0.670923566080998	1.27387113639059
0.305799652108469	-0.293119410826156	0.890036277742091
0.305799652108469	-0.293119410826156	0.890036277742091
-0.669429490985149	0.153158112225021	-0.0293490951036028
-0.669429490985149	0.153158112225021	-0.0293490951036028
0.120271659148356	0.510348549605546	-0.046693675232983
0.120271659148356	0.510348549605546	-0.046693675232983
0.00548778234330233	-0.830608919819375	0.622951810012071
0.00548778234330233	-0.830608919819375	0.622951810012071
0.00548778234330233	-0.830608919819375	0.622951810012071
0.00548778234330233	-0.830608919819375	0.622951810012071
-0.738367873760834	-1.42029534810037	0.6457390395906
-1.04867395561676	-2.14811355722511	0.399805791015014
-1.04867395561676	-2.14811355722511	0.399805791015014
-1.04867395561676	-2.14811355722511	0.399805791015014
-1.04867395561676	-2.14811355722511	0.399805791015014
-1.04867395561676	-2.14811355722511	0.399805791015014
-0.778470542190284	-2.0965269456815	0.282610376068143
-0.0731788544265318	-1.45818074602803	1.10398454312279
-0.0731788544265318	-1.45818074602803	1.10398454312279
-0.0731788544265318	-1.45818074602803	1.10398454312279
-0.0731788544265318	-1.45818074602803	1.10398454312279
-0.0731788544265318	-1.45818074602803	1.10398454312279
-0.0731788544265318	-1.45818074602803	1.10398454312279
-0.0731788544265318	-1.45818074602803	1.10398454312279
-0.0731788544265318	-1.45818074602803	1.10398454312279
-1.54008864787264	-1.56796303617418	2.03867651995937
-1.24598106645547	-1.14543320415722	0.992279801875759
-1.24598106645547	-1.14543320415722	0.992279801875759
-1.24598106645547	-1.14543320415722	0.992279801875759
-1.24598106645547	-1.14543320415722	0.992279801875759
-1.24598106645547	-1.14543320415722	0.992279801875759
-0.620550256678096	-1.69777686236838	1.88895875672545
-0.620550256678096	-1.69777686236838	1.88895875672545
-0.620550256678096	-1.69777686236838	1.88895875672545
-0.620550256678096	-1.69777686236838	1.88895875672545
0.907306918869934	-1.04250980820161	2.08831603835752
0.907306918869934	-1.04250980820161	2.08831603835752
0.907306918869934	-1.04250980820161	2.08831603835752
0.907306918869934	-1.04250980820161	2.08831603835752
0.907306918869934	-1.04250980820161	2.08831603835752
0.149665018255831	-1.54580581295337	1.83078859713039
0.149665018255831	-1.54580581295337	1.83078859713039
-0.789456021827436	-1.42383025690581	2.92010426860454
-1.25196917641846	-1.37581038183754	3.1048949812426
-2.34271899879618	-1.56110059501609	1.59090755475111
-2.34271899879618	-1.56110059501609	1.59090755475111
-1.69483125312393	-1.74140317134188	1.43662608718742
-2.01753315257433	-1.8412368221727	0.624829689177755
-0.675159519873123	-1.92098773395151	0.45176212233089
-0.675159519873123	-1.92098773395151	0.45176212233089
-0.675159519873123	-1.92098773395151	0.45176212233089
-0.0562825527985688	-1.07960335723862	0.296115823848914
0.766561407583979	0.479523046721997	1.11033281558152
0.766561407583979	0.479523046721997	1.11033281558152
-0.0199303100476507	0.73841389876801	0.795070312899859
-0.0199303100476507	0.73841389876801	0.795070312899859
-0.57475852400408	1.20114616280682	1.33105689858264
-0.57475852400408	1.20114616280682	1.33105689858264
-2.68262643227428	0.502105091645071	1.43583463404404
-1.94007513599657	-0.849762546804606	1.12577959357982
-1.94007513599657	-0.849762546804606	1.12577959357982
-1.94007513599657	-0.849762546804606	1.12577959357982
-1.94007513599657	-0.849762546804606	1.12577959357982
-1.94007513599657	-0.849762546804606	1.12577959357982
-1.82024640998198	-0.813093530347249	0.989474335870788
-1.68741697395299	-0.77120084709206	1.62891733958383
0.377174720770946	-0.488188764420269	2.18719064274112
0.704998304637831	-0.769380004453817	1.57861449120793
0.704998304637831	-0.769380004453817	1.57861449120793
0.704998304637831	-0.769380004453817	1.57861449120793
0.704998304637831	-0.769380004453817	1.57861449120793
0.603606123853375	-0.505035831439591	0.855918861138873
0.603606123853375	-0.505035831439591	0.855918861138873
0.603606123853375	-0.505035831439591	0.855918861138873
0.603606123853375	-0.505035831439591	0.855918861138873
0.603606123853375	-0.505035831439591	0.855918861138873
0.603606123853375	-0.505035831439591	0.855918861138873
0.603606123853375	-0.505035831439591	0.855918861138873
0.603606123853375	-0.505035831439591	0.855918861138873
1.06486181361268	-0.41794255148307	2.13935623167647
0.214105169547584	0.464649489384027	1.9636203538245
-0.146758460570363	0.425745887567049	0.816362023769549
-0.361939405452081	-0.175192212195039	0.0800727254180957
-0.0946531162207938	-0.190256748444075	0.0618594940194543
-0.0946531162207938	-0.190256748444075	0.0618594940194543
-0.0946531162207938	-0.190256748444075	0.0618594940194543
0.0133181970197667	0.0123884888802781	0.605781962154391
0.544065633655197	0.324920616331199	0.898448463944004
0.544065633655197	0.324920616331199	0.898448463944004
0.544065633655197	0.324920616331199	0.898448463944004
0.544065633655197	0.324920616331199	0.898448463944004
0.544065633655197	0.324920616331199	0.898448463944004
0.544065633655197	0.324920616331199	0.898448463944004
0.544065633655197	0.324920616331199	0.898448463944004
0.544065633655197	0.324920616331199	0.898448463944004
0.544065633655197	0.324920616331199	0.898448463944004
0.544065633655197	0.324920616331199	0.898448463944004
0.544065633655197	0.324920616331199	0.898448463944004
0.544065633655197	0.324920616331199	0.898448463944004
-0.0255717952522644	-0.13004234948119	0.232963947058001
-0.0255717952522644	-0.13004234948119	0.232963947058001
-0.0255717952522644	-0.13004234948119	0.232963947058001
-0.0255717952522644	-0.13004234948119	0.232963947058001
-0.0255717952522644	-0.13004234948119	0.232963947058001
-0.0255717952522644	-0.13004234948119	0.232963947058001
-0.0255717952522644	-0.13004234948119	0.232963947058001
-0.0255717952522644	-0.13004234948119	0.232963947058001
-0.0255717952522644	-0.13004234948119	0.232963947058001
-0.0255717952522644	-0.13004234948119	0.232963947058001
-0.0255717952522644	-0.13004234948119	0.232963947058001
-0.0255717952522644	-0.13004234948119	0.232963947058001
-0.0255717952522644	-0.13004234948119	0.232963947058001
-0.310988636824628	-0.075946612252281	0.940137329359149
-0.403134235428155	0.530333031943467	0.757203411054213
-1.15089891528396	0.653587442903364	0.959475161902805
-1.15089891528396	0.653587442903364	0.959475161902805
-1.15089891528396	0.653587442903364	0.959475161902805
-0.832289246360307	0.185989756869217	2.16122215188583
-0.832289246360307	0.185989756869217	2.16122215188583
-0.832289246360307	0.185989756869217	2.16122215188583
-0.432168171124692	-0.502862132811486	2.42513187136885
0.0276821363140758	-0.908783382053141	2.36474815928462
0.956604389372368	-0.617891967406352	3.85568415845575
