1	1	1
1	1	1
1	1	1
0.693084689368035	0.970639031407859	0.728689662528886
0.856662612067035	0.457280005322109	1.21223532252619
0.856662612067035	0.457280005322109	1.21223532252619
0.856662612067035	0.457280005322109	1.21223532252619
0.573437643565215	0.209431751631908	1.37761531554366
1.20120540116215	0.425331324940225	1.11576302135627
0.631834615058702	0.895432265239231	1.82392035230711
0.201608617318825	0.289404717729484	1.18804009098132
0.201608617318825	0.289404717729484	1.18804009098132
0.570305899216035	1.30203165809514	2.63377952387884
0.570305899216035	1.30203165809514	2.63377952387884
-0.199090936138855	0.402929940839402	1.3507587799496
0.296943743409077	1.07051743077638	1.50011018577083
0.296943743409077	1.07051743077638	1.50011018577083
0.296943743409077	1.07051743077638	1.50011018577083
0.296943743409077	1.07051743077638	1.50011018577083
0.296943743409077	1.07051743077638	1.50011018577083
-0.406028363950732	0.69890135821388	2.11050532255497
-0.893099668173537	0.905061709459605	1.78774279957359
-0.893099668173537	0.905061709459605	1.78774279957359
-0.318833327966795	0.840182936574124	1.25545488466372
-0.318833327966795	0.840182936574124	1.25545488466372
0.220874789462658	0.774191994550154	1.16414866376073
0.220874789462658	0.774191994550154	1.16414866376073
0.220874789462658	0.774191994550154	1.16414866376073
0.220874789462658	0.774191994550154	1.16414866376073
0.220874789462658	0.774191994550154	1.16414866376073
-0.545786447177148	1.70671588177588	1.5457960925168
0.100229508590081	1.72194817757648	1.92541338561395
0.497414074481592	1.40108517608418	1.83551381693108
0.497414074481592	1.40108517608418	1.83551381693108
1.35169400107024	1.22169403012598	1.63059839225878
1.35169400107024	1.22169403012598	1.63059839225878
1.35169400107024	1.22169403012598	1.63059839225878
1.35169400107024	1.22169403012598	1.63059839225878
1.29015231124017	1.22860857670719	1.08172052610257
0.485597271743534	1.66738389911148	1.36619637762047
-1.96421249468762	1.53310206714874	2.01214906791023
-1.96421249468762	1.53310206714874	2.01214906791023
-1.48547607498341	1.46043295164656	2.11101540602398
-0.968898063576381	1.04548235874798	2.6216039718025
-0.968898063576381	1.04548235874798	2.6216039718025
0.424421181477929	1.0504020605418	1.74854178112498
0.424421181477929	1.0504020605418	1.74854178112498
0.424421181477929	1.0504020605418	1.74854178112498
0.100272062947488	1.22974419272523	1.0417042777291
0.100272062947488	1.22974419272523	1.0417042777291
0.100272062947488	1.22974419272523	1.0417042777291
0.100272062947488	1.22974419272523	1.0417042777291
0.100272062947488	1.22974419272523	1.0417042777291
-1.00476236317378	0.944606777122711	1.77198942032264
-1.00476236317378	0.944606777122711	1.77198942032264
-1.00476236317378	0.944606777122711	1.77198942032264
-1.00476236317378	0.944606777122711	1.77198942032264
-1.00476236317378	0.944606777122711	1.77198942032264
-1.00476236317378	0.944606777122711	1.77198942032264
-1.9515579137065	0.45231021305394	1.515728806395
-1.9515579137065	0.45231021305394	1.515728806395
-0.405652737020649	1.24539068395489	2.43633170091555
-0.405652737020649	1.24539068395489	2.43633170091555
0.563080887031403	1.09286552305419	1.1391695961775
0.563080887031403	1.09286552305419	1.1391695961775
0.340214878597683	1.14676854773147	1.24442647969904
0.340214878597683	1.14676854773147	1.24442647969904
-0.940583678758341	1.44080419742267	1.55170245966115
-0.940583678758341	1.44080419742267	1.55170245966115
-0.940583678758341	1.44080419742267	1.55170245966115
-0.940583678758341	1.44080419742267	1.55170245966115
-0.940583678758341	1.44080419742267	1.55170245966115
-0.940583678758341	1.44080419742267	1.55170245966115
-1.65402333943894	0.256290324965477	1.35734998370858
-1.65402333943894	0.256290324965477	1.35734998370858
-1.65402333943894	0.256290324965477	1.35734998370858
-1.65402333943894	0.256290324965477	1.35734998370858
-1.65402333943894	0.256290324965477	1.35734998370858
-1.65402333943894	0.256290324965477	1.35734998370858
-0.288936812000224	0.238007041477851	2.24720688701612
-0.288936812000224	0.238007041477851	2.24720688701612
-0.288936812000224	0.238007041477851	2.24720688701612
-0.288936812000224	0.238007041477851	2.24720688701612
-0.288936812000224	0.238007041477851	2.24720688701612
-0.288936812000224	0.238007041477851	2.24720688701612
-1.50559465171628	-0.415368803873524	1.46406723755349
-1.50559465171628	-0.415368803873524	1.46406723755349
-2.5249624109555	-0.248591714989129	2.21350653904125
-1.75631392201421	-0.470312165376189	2.0009875124008
-1.9771410570774	-0.155735346840574	1.74659348203991
-1.02380981968881	0.233284430907786	2.45029683572544
-0.235403917861619	-0.467905973767317	2.74649048851499
-0.235403917861619	-0.467905973767317	2.74649048851499
-0.235403917861619	-0.467905973767317	2.74649048851499
-0.919006295705686	-0.764870762952039	1.70539369787356
-1.03973580483512	-1.26927700379434	1.81106207679802
-0.925922221915573	-1.35619025550561	1.60105932657451
-0.925922221915573	-1.35619025550561	1.60105932657451
-0.696653155771045	-0.833872405099627	1.78856119798752
-0.696653155771045	-0.833872405099627	1.78856119798752
-0.325571434811889	-1.1794578309993	0.98171426192771
-0.325571434811889	-1.1794578309993	0.98171426192771
-1.46599914485924	-0.682587372329272	1.48946012040692
-1.46599914485924	-0.682587372329272	1.48946012040692
-0.783281300710555	0.149928527569386	1.53418028217467
-0.783281300710555	0.149928527569386	1.53418028217467
-0.859095524192869	0.0404881328295584	2.87744142716902
-0.859095524192869	0.0404881328295584	2.87744142716902
-0.859095524192869	0.0404881328295584	2.87744142716902
-0.912155700181185	-0.593946886567214	2.44584345907784
-0.910391875513887	-0.379658777406084	2.36187702466816
-0.399692323990669	-0.349479048733504	2.55762192112501
-0.934327762431173	-0.423154445822159	3.32874250282519
-0.961626321725854	-0.455603960141983	3.22544888603127
-0.680360233325268	-1.08287449929279	2.13540545256478
-0.680360233325268	-1.08287449929279	2.13540545256478
-0.680360233325268	-1.08287449929279	2.13540545256478
0.0329010833423538	-0.850166078378495	1.96462860690774
0.0329010833423538	-0.850166078378495	1.96462860690774
0.327701926561197	-0.563866991827204	1.41596903521182
0.0565210309799885	-0.33397060525533	2.21921822386877
0.0565210309799885	-0.33397060525533	2.21921822386877
0.0565210309799885	-0.33397060525533	2.21921822386877
0.0565210309799885	-0.33397060525533	2.21921822386877
0.0565210309799885	-0.33397060525533	2.21921822386877
0.0565210309799885	-0.33397060525533	2.21921822386877
0.0565210309799885	-0.33397060525533	2.21921822386877
-1.510983477444	-1.35960086098293	2.40202616436793
-1.82291589667291	-0.370967711652957	2.49560720793687
-1.32186872236097	0.0690505697515169	2.01409803742694
-0.630511079571929	0.818281789423159	1.97019419884647
-0.630511079571929	0.818281789423159	1.97019419884647
-0.630511079571929	0.818281789423159	1.97019419884647
-0.630511079571929	0.818281789423159	1.97019419884647
-0.630511079571929	0.818281789423159	1.97019419884647
-0.630511079571929	0.818281789423159	1.97019419884647
-0.630511079571929	0.818281789423159	1.97019419884647
-0.630511079571929	0.818281789423159	1.97019419884647
-0.630511079571929	0.818281789423159	1.97019419884647
-1.47898682046917	0.90961974125763	3.2701701934446
-1.24140192459808	0.668426738890411	3.50055327169431
-1.24140192459808	0.668426738890411	3.50055327169431
-1.37023613895012	0.395301671942687	2.94037260692692
-0.474359133310891	1.05732103397916	2.69921115593931
-1.67800276838087	1.13723200448064	2.5584119323252
-1.67800276838087	1.13723200448064	2.5584119323252
-1.67800276838087	1.13723200448064	2.5584119323252
-1.70568668508736	0.868703583969027	2.84855621273074
-2.41819714471432	0.334933792652497	1.46758579967349
-1.72593025598126	-0.106713213617846	1.53756229433615
0.1192540364401	0.478080599314235	1.6601228172343
-0.431867304600933	0.163728500129799	1.06504858828914
0.397718855739576	0.347855715792798	1.39790119114877
1.43532881813284	0.39502775205051	1.22148317166225
1.45366949693099	0.129138635497224	1.40800240375841
-0.929606829936951	-0.22774663542432	0.937508530037545
-0.929606829936951	-0.22774663542432	0.937508530037545
-0.929606829936951	-0.22774663542432	0.937508530037545
-0.757349634599065	-0.353321794260491	0.491096642958152
-0.757349634599065	-0.353321794260491	0.491096642958152
-2.08341001113262	-0.0995434375265385	2.14656273117535
-2.04398378223294	-1.21864733351755	1.35056008421715
-2.04398378223294	-1.21864733351755	1.35056008421715
-2.12362178289759	-0.690045120271787	1.9857651783228
-2.71981733929657	-0.69493303682087	2.04083718588809
-2.61761162210603	-0.2434787849525	2.86980456797615
-2.61761162210603	-0.2434787849525	2.86980456797615
-2.41407685340542	-0.0450663566893563	2.76091952691577
-2.05372177980444	0.1681557789259	1.45316683114207
-2.05372177980444	0.1681557789259	1.45316683114207
-1.91923599276564	-0.0375030476355084	1.14112228169979
-1.23660007399772	-0.332347425059459	0.500008622266996
-1.76270863838959	0.116712343604814	0.66390097053454
-1.76270863838959	0.116712343604814	0.66390097053454
-1.42809572015532	-0.133563816064896	0.361687546335885
-2.0441955603563	-0.478771607313146	1.12374275362926
-2.0441955603563	-0.478771607313146	1.12374275362926
-2.0441955603563	-0.478771607313146	1.12374275362926
-2.0441955603563	-0.478771607313146	1.12374275362926
-2.51117020442729	0.186973532994642	0.647989233985396
-2.1153501079757	0.292193099830591	-0.210340660597528
-0.518627625354809	0.338910537739444	0.506713179693246
-1.27587142871147	0.640429912899327	1.34877870059639
-1.27587142871147	0.640429912899327	1.34877870059639
-1.27587142871147	0.640429912899327	1.34877870059639
-1.27587142871147	0.640429912899327	1.34877870059639
-1.27587142871147	0.640429912899327	1.34877870059639
-1.27587142871147	0.640429912899327	1.34877870059639
-1.27587142871147	0.640429912899327	1.34877870059639
-0.820816761811112	0.432357631883531	2.19137890499138
-1.51360342709176	0.383337960536037	2.26666793230934
-1.51360342709176	0.383337960536037	2.26666793230934
-1.51360342709176	0.383337960536037	2.26666793230934
-1.51360342709176	0.383337960536037	2.26666793230934
-1.13365462659618	0.442212575531044	1.85228432731546
-1.13365462659618	0.442212575531044	1.85228432731546
-0.622257219011908	0.285306767377531	1.79357568100615
-0.981914865298195	0.735656706182401	2.51307352546833
-0.782001736980879	1.03620588744024	2.19033930947311
-0.346230845368098	0.668812768941828	2.78551591836305
