1	1	1
3.48178150126634	0.930072284255136	0.548323435205136
2.51457481036929	0.857389896628081	0.941733211052688
2.51457481036929	0.857389896628081	0.941733211052688
2.51457481036929	0.857389896628081	0.941733211052688
-0.254303810308103	0.908169426454288	1.24753557499639
-0.254303810308103	0.908169426454288	1.24753557499639
-0.254303810308103	0.908169426454288	1.24753557499639
-0.254303810308103	0.908169426454288	1.24753557499639
-0.254303810308103	0.908169426454288	1.24753557499639
-0.229748776113138	0.676404085374193	1.17371244013571
-0.87725760689947	0.0829044158326823	1.86519346972544
-0.87725760689947	0.0829044158326823	1.86519346972544
-0.87725760689947	0.0829044158326823	1.86519346972544
-0.87725760689947	0.0829044158326823	1.86519346972544
-0.0384980818841297	0.0390439843924524	2.18381611304084
0.508565043352803	0.794666067282653	2.40295950519662
0.508565043352803	0.794666067282653	2.40295950519662
0.508565043352803	0.794666067282653	2.40295950519662
-0.27316354858186	1.32503270945804	1.93905578526254
-0.27316354858186	1.32503270945804	1.93905578526254
-0.27316354858186	1.32503270945804	1.93905578526254
-0.27316354858186	1.32503270945804	1.93905578526254
-0.27316354858186	1.32503270945804	1.93905578526254
-0.27316354858186	1.32503270945804	1.93905578526254
-0.27316354858186	1.32503270945804	1.93905578526254
0.873950579225135	1.21850796808078	1.99150319560152
0.873950579225135	1.21850796808078	1.99150319560152
0.873950579225135	1.21850796808078	1.99150319560152
0.873950579225135	1.21850796808078	1.99150319560152
-0.965975847122241	0.695931420358331	1.46187785038738
-0.456522269205787	0.0674138642947838	1.78504672319249
-0.456522269205787	0.0674138642947838	1.78504672319249
-0.456522269205787	0.0674138642947838	1.78504672319249
-1.62776097374112	0.818210393067583	1.00294677445693
-1.62776097374112	0.818210393067583	1.00294677445693
-1.62776097374112	0.818210393067583	1.00294677445693
-1.62776097374112	0.818210393067583	1.00294677445693
-1.62776097374112	0.818210393067583	1.00294677445693
-0.107913133352555	1.35087248241503	0.406655493660219
-1.92139343807804	1.43758558247002	0.507649415540963
-1.92139343807804	1.43758558247002	0.507649415540963
-1.92139343807804	1.43758558247002	0.507649415540963
-1.92139343807804	1.43758558247002	0.507649415540963
-1.92139343807804	1.43758558247002	0.507649415540963
0.304459025179972	1.37527243878089	1.18289453598997
-1.8179320176299	1.31665995604513	1.81383494312001
-1.8179320176299	1.31665995604513	1.81383494312001
-1.73672568044363	1.68130145022359	1.86995751133636
-1.94891694290346	0.21131577922587	2.03499007039014
-1.35518363100485	-0.529867518377452	1.82364845948225
-1.35518363100485	-0.529867518377452	1.82364845948225
-0.631471921252954	-0.775289829582547	2.40089025207415
-0.0238785660921144	-0.501564795541725	2.77936017268403
-0.0238785660921144	-0.501564795541725	2.77936017268403
-0.0238785660921144	-0.501564795541725	2.77936017268403
-0.0238785660921144	-0.501564795541725	2.77936017268403
-0.954370203645982	0.438567182053693	2.36207036436867
-1.57820693524614	1.20946389603719	2.85787062907242
-1.57820693524614	1.20946389603719	2.85787062907242
-1.69298896701689	1.3261567874838	2.85610230907609
-1.69298896701689	1.3261567874838	2.85610230907609
-1.3651465444641	1.90728158533378	2.89822025564932
0.258578302545772	2.33859751506465	2.64055269411075
0.505273942837321	2.27352758294756	2.32683581672127
1.05434320854897	1.65384607833665	2.81356130088531
0.797194689856054	2.04898492935083	2.21733765184542
0.499937752024124	2.28102413995475	2.32483649191064
0.499937752024124	2.28102413995475	2.32483649191064
0.555063166162651	2.02193058319983	2.91895105233741
0.555063166162651	2.02193058319983	2.91895105233741
-0.637871722788557	2.7742143054297	3.56690216274781
-0.76874721116217	2.59708243390507	3.67715097785665
-0.177464835896197	1.71255839743207	3.40520305109968
-1.20820774789775	1.4358432115496	2.91711898255278
-1.20820774789775	1.4358432115496	2.91711898255278
-1.20820774789775	1.4358432115496	2.91711898255278
-0.729448366878407	1.25037688125928	3.26084179286622
-0.729448366878407	1.25037688125928	3.26084179286622
-0.729448366878407	1.25037688125928	3.26084179286622
-0.465375403159255	1.05090662958744	2.9671540381491
-0.465375403159255	1.05090662958744	2.9671540381491
-0.465375403159255	1.05090662958744	2.9671540381491
-1.10955597826761	1.27039781124924	2.79011652502116
-0.280173333167415	1.00859677576775	2.944044876936
-0.280173333167415	1.00859677576775	2.944044876936
-0.280173333167415	1.00859677576775	2.944044876936
-0.661821830328523	0.749056513279692	2.53929764834278
-0.661821830328523	0.749056513279692	2.53929764834278
-0.661821830328523	0.749056513279692	2.53929764834278
-0.661821830328523	0.749056513279692	2.53929764834278
-0.661821830328523	0.749056513279692	2.53929764834278
-1.80571497775616	0.190072583864936	3.12461428275376
-1.80571497775616	0.190072583864936	3.12461428275376
-1.80571497775616	0.190072583864936	3.12461428275376
-1.80571497775616	0.190072583864936	3.12461428275376
-1.80571497775616	0.190072583864936	3.12461428275376
-0.459812486267031	0.980823642023358	3.16419112414364
-1.56748524218417	0.86440095956651	2.74202122272164
-1.56748524218417	0.86440095956651	2.74202122272164
-1.56748524218417	0.86440095956651	2.74202122272164
-1.56748524218417	0.86440095956651	2.74202122272164
-1.87518222971018	0.646449757644469	2.2845552763617
-1.87518222971018	0.646449757644469	2.2845552763617
-1.09781955375687	0.105246962415759	2.68449464816919
-1.09781955375687	0.105246962415759	2.68449464816919
-1.09781955375687	0.105246962415759	2.68449464816919
-1.09781955375687	0.105246962415759	2.68449464816919
-1.09781955375687	0.105246962415759	2.68449464816919
-1.09781955375687	0.105246962415759	2.68449464816919
-1.09781955375687	0.105246962415759	2.68449464816919
-1.09781955375687	0.105246962415759	2.68449464816919
-1.90900274716472	0.441744531768058	2.92133424921326
-1.90900274716472	0.441744531768058	2.92133424921326
-0.911105829518499	0.397671541929656	2.73301976566456
-0.911105829518499	0.397671541929656	2.73301976566456
-0.911105829518499	0.397671541929656	2.73301976566456
-0.911105829518499	0.397671541929656	2.73301976566456
-1.74326185191886	0.728328169658147	2.65608324853629
-1.74326185191886	0.728328169658147	2.65608324853629
0.895779941030902	1.20724835648259	3.26498218581223
0.747506655744835	1.05525321956979	3.36007350202635
0.530184501141454	0.809951523457295	3.1580682481453
-0.742784111671622	0.949418433988399	3.53352320442527
-0.781834564965485	1.04445923882523	3.75605295663869
-1.18959886764994	0.169550921982907	4.09125653360062
-1.7093465669875	0.190882318034634	4.66972815422933
-0.624748628554403	0.119809897737861	4.47480505671675
-0.795572386621081	0.879398893933896	4.26577750641806
-0.795572386621081	0.879398893933896	4.26577750641806
-0.816893818064844	0.432578314409888	4.2155239728804
-0.591140649884796	0.42262936845459	4.0672923531446
-0.794103508865183	-0.360782918370205	3.04816602103528
-0.794103508865183	-0.360782918370205	3.04816602103528
-1.74033091336462	-0.68299217691228	2.68430714938926
-1.74033091336462	-0.68299217691228	2.68430714938926
-0.680925282971644	-0.989475526607988	1.86303719305219
-0.680925282971644	-0.989475526607988	1.86303719305219
-0.680925282971644	-0.989475526607988	1.86303719305219
-0.680925282971644	-0.989475526607988	1.86303719305219
-0.680925282971644	-0.989475526607988	1.86303719305219
-0.680925282971644	-0.989475526607988	1.86303719305219
-0.680925282971644	-0.989475526607988	1.86303719305219
-0.680925282971644	-0.989475526607988	1.86303719305219
-0.680925282971644	-0.989475526607988	1.86303719305219
-0.26761959025001	-0.948988589517757	2.33142922788006
-1.88364677601574	-0.734137412882461	2.2816007603773
-1.88364677601574	-0.734137412882461	2.2816007603773
-1.88364677601574	-0.734137412882461	2.2816007603773
-0.640540860097879	-0.617725117303256	1.85592745369818
-0.640540860097879	-0.617725117303256	1.85592745369818
-0.640540860097879	-0.617725117303256	1.85592745369818
-0.272898635541956	0.198813452404502	1.54570260037661
-0.272898635541956	0.198813452404502	1.54570260037661
-0.272898635541956	0.198813452404502	1.54570260037661
-0.598506647204446	0.00356396052072502	1.25527978539629
-0.598506647204446	0.00356396052072502	1.25527978539629
-0.673829367953158	0.0187849022849923	1.33444682574638
-0.673829367953158	0.0187849022849923	1.33444682574638
-0.62798439863628	-0.0780893020347801	1.22893713708453
-0.62798439863628	-0.0780893020347801	1.22893713708453
-1.39781143408358	-0.333323510008369	1.77996577187158
-1.39781143408358	-0.333323510008369	1.77996577187158
-1.76827871712811	-0.395443694322557	2.09909273866651
-0.291433548363151	-0.605156344613445	2.44882515464041
-1.69800984250969	-0.525582912594142	2.12294849587885
-1.69800984250969	-0.525582912594142	2.12294849587885
-2.40033136583258	0.457156336517608	2.03986168086581
-1.55563357235445	1.22249520981299	1.98610844670391
-1.55563357235445	1.22249520981299	1.98610844670391
-1.55563357235445	1.22249520981299	1.98610844670391
-1.14794097216102	1.41989463886578	3.22119596505253
-1.14794097216102	1.41989463886578	3.22119596505253
-1.14794097216102	1.41989463886578	3.22119596505253
-1.14794097216102	1.41989463886578	3.22119596505253
-1.14794097216102	1.41989463886578	3.22119596505253
-1.14794097216102	1.41989463886578	3.22119596505253
-1.14794097216102	1.41989463886578	3.22119596505253
-1.86595903362168	1.37546704886069	3.28463011057908
-1.86595903362168	1.37546704886069	3.28463011057908
-1.86595903362168	1.37546704886069	3.28463011057908
-1.86595903362168	1.37546704886069	3.28463011057908
-0.663788797550138	1.51331158422665	4.38909157470202
-0.663788797550138	1.51331158422665	4.38909157470202
-0.663788797550138	1.51331158422665	4.38909157470202
-0.219242629641829	1.26642397808214	4.06551188714923
-0.219242629641829	1.26642397808214	4.06551188714923
-0.219242629641829	1.26642397808214	4.06551188714923
-0.219242629641829	1.26642397808214	4.06551188714923
-0.219242629641829	1.26642397808214	4.06551188714923
-0.219242629641829	1.26642397808214	4.06551188714923
-0.219242629641829	1.26642397808214	4.06551188714923
-0.219242629641829	1.26642397808214	4.06551188714923
-0.219242629641829	1.26642397808214	4.06551188714923
-0.219242629641829	1.26642397808214	4.06551188714923
-0.219242629641829	1.26642397808214	4.06551188714923
-0.219242629641829	1.26642397808214	4.06551188714923
1.38244604096351	1.18369646661725	4.00831463412162
1.38244604096351	1.18369646661725	4.00831463412162
-0.024847758042621	1.56666486760307	4.18630820617983
