1	1	1
1.04771558634005	1.1243994818543	1.93522242172089
-0.144247103028704	0.331505920750951	1.80828436030878
-0.144247103028704	0.331505920750951	1.80828436030878
-0.144247103028704	0.331505920750951	1.80828436030878
-0.144247103028704	0.331505920750951	1.80828436030878
-0.144247103028704	0.331505920750951	1.80828436030878
-0.144247103028704	0.331505920750951	1.80828436030878
0.706121728032483	1.06668447120784	2.54933696989648
0.706121728032483	1.06668447120784	2.54933696989648
0.194887584806734	0.871518101735759	2.33359833807423
0.194887584806734	0.871518101735759	2.33359833807423
-0.219295614504353	0.920446380185811	2.3386945627031
-1.12098352380237	0.510501900329971	1.05077899029853
-1.12098352380237	0.510501900329971	1.05077899029853
-1.12098352380237	0.510501900329971	1.05077899029853
-1.12098352380237	0.510501900329971	1.05077899029853
-1.12098352380237	0.510501900329971	1.05077899029853
-1.12098352380237	0.510501900329971	1.05077899029853
-1.12098352380237	0.510501900329971	1.05077899029853
-1.12098352380237	0.510501900329971	1.05077899029853
-0.930603152824204	0.359352202577623	1.88429594237312
-0.930603152824204	0.359352202577623	1.88429594237312
-0.930603152824204	0.359352202577623	1.88429594237312
-0.930603152824204	0.359352202577623	1.88429594237312
-0.930603152824204	0.359352202577623	1.88429594237312
-0.930603152824204	0.359352202577623	1.88429594237312
-0.930603152824204	0.359352202577623	1.88429594237312
-0.111680723249243	0.626295892061655	2.23588358635715
-0.111680723249243	0.626295892061655	2.23588358635715
-0.111680723249243	0.626295892061655	2.23588358635715
-0.111680723249243	0.626295892061655	2.23588358635715
-0.111680723249243	0.626295892061655	2.23588358635715
-0.111680723249243	0.626295892061655	2.23588358635715
-0.111680723249243	0.626295892061655	2.23588358635715
-0.111680723249243	0.626295892061655	2.23588358635715
-0.111680723249243	0.626295892061655	2.23588358635715
-0.111680723249243	0.626295892061655	2.23588358635715
-0.111680723249243	0.626295892061655	2.23588358635715
0.569011389812903	0.0179734960200528	1.8822742374839
0.828573238364392	0.296575743045443	2.53754268271063
0.828573238364392	0.296575743045443	2.53754268271063
0.828573238364392	0.296575743045443	2.53754268271063
0.828573238364392	0.296575743045443	2.53754268271063
0.828573238364392	0.296575743045443	2.53754268271063
0.828573238364392	0.296575743045443	2.53754268271063
0.828573238364392	0.296575743045443	2.53754268271063
0.828573238364392	0.296575743045443	2.53754268271063
0.828573238364392	0.296575743045443	2.53754268271063
0.828573238364392	0.296575743045443	2.53754268271063
-0.334213117792265	-0.679658906713236	0.891038117968765
-0.987571946446221	-0.630516837423824	0.45535925581024
-0.987571946446221	-0.630516837423824	0.45535925581024
-0.987571946446221	-0.630516837423824	0.45535925581024
-0.987571946446221	-0.630516837423824	0.45535925581024
0.105643956755542	0.286022704738043	0.854828853748765
0.105643956755542	0.286022704738043	0.854828853748765
-1.15348778851572	0.594902290436004	0.732579327148158
-2.07091108469185	0.0559970044879037	1.91989780646554
-2.28731820426123	0.477833950793751	2.09143944718723
-2.28731820426123	0.477833950793751	2.09143944718723
-2.28731820426123	0.477833950793751	2.09143944718723
-2.32871428324296	0.522116233840035	1.58579705386969
-2.32871428324296	0.522116233840035	1.58579705386969
-2.06336554553745	0.590648177310789	2.19748036549323
-2.06336554553745	0.590648177310789	2.19748036549323
-2.06336554553745	0.590648177310789	2.19748036549323
-2.06336554553745	0.590648177310789	2.19748036549323
-2.06336554553745	0.590648177310789	2.19748036549323
-1.28651597948871	0.748694309729084	2.64026333285326
-1.86521431683808	0.886079091419713	1.66697051417722
-1.86521431683808	0.886079091419713	1.66697051417722
-0.219857472678203	1.09635117115298	2.1124578163927
-1.70357797438392	0.207046428921808	1.14979083359814
-1.70357797438392	0.207046428921808	1.14979083359814
-1.4470606500794	0.817319923420054	1.45650823300079
-1.4470606500794	0.817319923420054	1.45650823300079
-1.4470606500794	0.817319923420054	1.45650823300079
-1.4470606500794	0.817319923420054	1.45650823300079
-1.4470606500794	0.817319923420054	1.45650823300079
-1.4470606500794	0.817319923420054	1.45650823300079
-1.4470606500794	0.817319923420054	1.45650823300079
-1.68695624071102	0.37342163816322	2.04605856776243
-0.115253416976754	1.67664486827558	1.76273270287346
-0.115253416976754	1.67664486827558	1.76273270287346
-1.77910791497019	0.399348559487538	0.947589720781771
-1.77910791497019	0.399348559487538	0.947589720781771
-1.77910791497019	0.399348559487538	0.947589720781771
-1.6553247974029	0.393742426712572	1.46287760067563
-1.6553247974029	0.393742426712572	1.46287760067563
-1.6553247974029	0.393742426712572	1.46287760067563
-1.6553247974029	0.393742426712572	1.46287760067563
-1.01021723501086	0.947577408346257	2.93855076750066
-1.32829631414492	0.808484328368768	1.48931787425081
-1.32829631414492	0.808484328368768	1.48931787425081
-1.05410207719515	0.79343268655273	1.34620307053126
-1.05410207719515	0.79343268655273	1.34620307053126
-1.05410207719515	0.79343268655273	1.34620307053126
-1.4484928522507	0.743030577029059	1.53746398180938
-1.4484928522507	0.743030577029059	1.53746398180938
-0.0036793304797027	0.766669588400277	1.69304906645855
-1.15011683736014	1.17378825186453	2.53218587707122
-1.7765211469694	0.973937124034533	2.7146446398124
-0.955937544159159	0.765182960641495	1.97529041260547
-0.955937544159159	0.765182960641495	1.97529041260547
-0.955937544159159	0.765182960641495	1.97529041260547
-2.27902335609574	0.364964712685424	2.86146004863093
-2.27902335609574	0.364964712685424	2.86146004863093
-2.27902335609574	0.364964712685424	2.86146004863093
-2.27902335609574	0.364964712685424	2.86146004863093
-2.27902335609574	0.364964712685424	2.86146004863093
-2.27902335609574	0.364964712685424	2.86146004863093
-2.27902335609574	0.364964712685424	2.86146004863093
-2.27902335609574	0.364964712685424	2.86146004863093
-2.36922574318813	-0.472821454878013	2.95857703977066
-2.36922574318813	-0.472821454878013	2.95857703977066
-2.36922574318813	-0.472821454878013	2.95857703977066
-2.2278014975972	-0.836471076135263	2.68474472760466
-2.2278014975972	-0.836471076135263	2.68474472760466
-2.2278014975972	-0.836471076135263	2.68474472760466
-1.209197137603	-0.209364399230406	3.67629740715943
-1.209197137603	-0.209364399230406	3.67629740715943
-1.23786032278756	-0.673299928146322	2.95707962380627
-1.23786032278756	-0.673299928146322	2.95707962380627
-1.06637719131871	-0.694551148173962	2.65895381492881
-1.74811383278366	-1.24236508188732	2.34532209080679
-1.74811383278366	-1.24236508188732	2.34532209080679
-1.74811383278366	-1.24236508188732	2.34532209080679
-1.29035197402217	-1.61657063509088	2.02958834476541
0.0742729082860638	-1.34498217470014	2.70417004069415
0.0742729082860638	-1.34498217470014	2.70417004069415
0.0742729082860638	-1.34498217470014	2.70417004069415
0.0742729082860638	-1.34498217470014	2.70417004069415
0.0742729082860638	-1.34498217470014	2.70417004069415
0.0742729082860638	-1.34498217470014	2.70417004069415
0.0180075688207971	-0.845209659859422	2.49593833157488
0.0180075688207971	-0.845209659859422	2.49593833157488
0.0180075688207971	-0.845209659859422	2.49593833157488
0.0180075688207971	-0.845209659859422	2.49593833157488
0.0180075688207971	-0.845209659859422	2.49593833157488
-1.1075128318521	-1.22003888108588	2.24638544712888
-1.1075128318521	-1.22003888108588	2.24638544712888
-1.1075128318521	-1.22003888108588	2.24638544712888
-1.1075128318521	-1.22003888108588	2.24638544712888
-1.1075128318521	-1.22003888108588	2.24638544712888
-1.1075128318521	-1.22003888108588	2.24638544712888
0.129558211376162	1.11306012785488	3.72324640108329
0.129558211376162	1.11306012785488	3.72324640108329
0.129558211376162	1.11306012785488	3.72324640108329
0.129558211376162	1.11306012785488	3.72324640108329
0.316403424321828	0.0475119268846937	2.84141563957943
0.316403424321828	0.0475119268846937	2.84141563957943
0.316403424321828	0.0475119268846937	2.84141563957943
-0.306894752855944	-0.285205027815999	2.02131636169742
-0.306894752855944	-0.285205027815999	2.02131636169742
-0.306894752855944	-0.285205027815999	2.02131636169742
-0.306894752855944	-0.285205027815999	2.02131636169742
-0.306894752855944	-0.285205027815999	2.02131636169742
-0.306894752855944	-0.285205027815999	2.02131636169742
-0.306894752855944	-0.285205027815999	2.02131636169742
-0.306894752855944	-0.285205027815999	2.02131636169742
-0.450122220524692	-0.411664855901997	2.14766966465446
-0.0528871755424748	0.309264644240746	2.97769934564515
-0.955969087410913	-0.853070712205843	2.01657924982516
-0.876132004227726	-1.00001684773485	2.89768170313907
-0.876132004227726	-1.00001684773485	2.89768170313907
-0.812731811457211	-0.669298652248943	3.29279897880171
-0.812731811457211	-0.669298652248943	3.29279897880171
-0.812731811457211	-0.669298652248943	3.29279897880171
-0.812731811457211	-0.669298652248943	3.29279897880171
-0.522657744522428	-0.212123987033226	2.92599217161179
-1.42868854070134	-0.260815192010925	3.17164464904065
-1.42868854070134	-0.260815192010925	3.17164464904065
-1.42868854070134	-0.260815192010925	3.17164464904065
-1.09160569066666	-0.623916912813197	2.56934139376794
-1.09160569066666	-0.623916912813197	2.56934139376794
-1.09160569066666	-0.623916912813197	2.56934139376794
-1.09160569066666	-0.623916912813197	2.56934139376794
-0.0436319259266784	-0.332849017261968	2.62115630540683
-0.0436319259266784	-0.332849017261968	2.62115630540683
-0.0436319259266784	-0.332849017261968	2.62115630540683
-0.0436319259266784	-0.332849017261968	2.62115630540683
-0.0436319259266784	-0.332849017261968	2.62115630540683
-0.0436319259266784	-0.332849017261968	2.62115630540683
-0.0436319259266784	-0.332849017261968	2.62115630540683
0.202915785316352	0.075346992424245	3.5781106170268
0.202915785316352	0.075346992424245	3.5781106170268
0.202915785316352	0.075346992424245	3.5781106170268
0.202915785316352	0.075346992424245	3.5781106170268
0.202915785316352	0.075346992424245	3.5781106170268
0.121015070586512	-0.103426886242329	4.3844650492349
-0.193315986312391	-1.40376351570109	3.35645564102108
-0.979748728990654	-1.99041971254451	2.40932116959423
-0.979748728990654	-1.99041971254451	2.40932116959423
-0.312065914114676	-1.46987654095851	2.78588657466198
0.461002288352063	-1.65152871429299	2.33489745294793
0.461002288352063	-1.65152871429299	2.33489745294793
0.461002288352063	-1.65152871429299	2.33489745294793
0.461002288352063	-1.65152871429299	2.33489745294793
0.461002288352063	-1.65152871429299	2.33489745294793
