0.4
0.336199822675498
0.311197031651871
0.347333612513119
0.321664684509933
0.324331808770903
0.351150045326366
0.361095803127524
0.323195902794076
0.33878920911366
0.33051548508427
0.3136856046269
0.348779803238199
0.31364537063632
0.285729331252532
0.299413468366011
0.298764152367858
0.350374737121829
0.299849094764913
0.336472673147885
0.302400773142613
0.307467373256313
0.310956599276717
0.352887163238481
0.328968347550366
0.310451984800814
0.338296849405698
0.28011375388945
0.29276244138431
0.316692208951626
0.307767621625966
0.291631215754822
0.304038006532084
0.336156881861281
0.336160239586476
0.347936634109591
0.309222898795558
0.325256976274783
0.318275007402341
0.285924452010575
0.314186602923719
0.347038541168615
0.31103240541742
0.298937602607906
0.305594911767233
0.3269662996281
0.276638489562475
0.317954068988573
0.305411325377476
0.304515463544277
0.303886238577557
0.343776360916176
0.303725347025023
0.307075023105871
0.336446570081687
0.342412370971966
0.326784085573306
0.306896442558315
0.303570293721771
0.301540927374661
0.3089608980535
0.300538650727385
0.309686708054213
0.278486321416758
0.311585760461636
0.320956496031134
0.274868485309399
0.312279789122981
0.273149375136219
0.300132934774687
0.27929068561834
0.329943084585324
0.297586930441462
0.308202360386968
0.298410552543946
0.30037036687002
0.305516049005944
0.322701083752891
0.319804392978257
0.30888401250701
0.277493138789454
0.329587150829122
0.3176603910564
0.288360419416221
0.285410261514915
0.320663185518028
0.336111952583691
0.31532010515191
0.328594927111596
0.328314735741503
0.279506480336302
0.27990784777976
0.292630280265474
0.265103632216635
0.276156588413236
0.313274155897169
0.313043080166376
0.298314684600464
0.30088429224176
0.280000682910783
0.298927487296233
0.309664575480025
0.294001851434938
0.29810218770701
0.324077598554684
0.30960919312738
0.314175932958908
0.326927197474129
0.283021192889362
0.283707642742855
0.289808311940116
0.292050304786739
0.293078426050733
0.314173167731718
0.358225245245437
0.324215619188638
0.307823377911101
0.32364186028663
0.317220428491725
0.330807992621215
0.291843864847426
0.300192934202262
0.310742890975822
0.32923188266429
0.298870549977941
0.34823724694252
0.301884323316342
0.320481166089645
0.341559225100862
0.309210485771167
0.31301324439179
0.295154891449648
0.294864036054929
0.281986746173544
0.28407435755853
0.293995182980832
0.317849291233964
0.288968952656038
0.353657667501511
0.324114204215584
0.333565756308481
0.28181003019684
0.323339297428606
0.293327664968814
0.325059259372699
0.305565905235623
0.305935929043984
0.305415561844549
0.33473163338044
0.315104363623176
0.303541967993598
0.316332823702979
0.306018551231958
0.295914196724722
0.34218772062894
0.294998848220038
0.30935810500759
0.314528275484331
0.311331080433053
0.315216713027898
0.30612787648438
0.332190935909162
0.307997994132518
0.310872166530711
0.333489246924595
0.298246692673429
0.292976612243855
0.311129199464619
0.337678289320905
0.308223325516308
0.300856772938754
0.305042162277277
0.292814673052836
0.284710635263676
0.317999435725041
0.309377113192368
0.318495776703768
0.28065741403083
0.292924225229336
0.300729976524388
0.307300115099658
0.302281134113225
0.326928413707006
0.318751889858957
0.277035154734981
0.292878012762148
0.306261356699445
0.32261936617569
0.333695446052008
0.299485667689714
0.305252254232243
0.286615105925213
0.302458066874158
0.32142821795113
0.30051708046012
0.327577677778659
0.318219243711814
0.292894380966017
0.298445555648415
0.334927242699962
