1.0001
1.00009868776043
1.00034155514105
1.00024859250879
1.00024746801439
1.00015854432514
1.00017900396456
1.0001851174062
1.00022391978993
1.000558744575
1.00060431458713
1.00103753821153
1.00030302757526
1.00037467506943
1.00078009273247
1.00100686920094
1.00190592994912
1.00213565671955
1.00379649700945
1.01657784770756
1.00822729113077
1.00446711799952
1.00869576270356
1.00892975833241
1.00933267964461
1.01763761013129
1.02321505108104
1.00937432183774
1.00632235124882
1.01133380823504
1.00811200528427
1.02211127518981
1.03351405398056
1.01722847703859
1.01385305406489
1.02160198994752
1.01123916684314
1.00390633449726
1.00180952984292
1.00066867731845
1.00072629093058
1.00026320022551
1.00018224392151
1.00025442194225
1.00018779669867
1.00015549739005
1.00010810366529
1.00018421961647
1.00022420181443
1.0006636330461
1.00024317386857
1.00034072172009
1.00067453186796
1.00145692629525
1.00135246147551
1.0031109399409
1.00311045859879
1.00384722200159
1.00872414623716
1.00591442041832
1.00322643584662
1.00302397709625
1.00177036654768
1.00764060779567
1.00578749496473
1.00089321715809
1.00052478316698
1.00034500370196
1.00075968306239
1.00161813703929
1.00607869742047
1.00965609549444
1.00476036027699
1.00485591830062
1.00227127880479
1.00053847818617
1.00042154880186
1.00019928962662
1.00015663403007
1.00014219572117
1.00004929149562
1.00010196409486
1.00005220509138
1.000018951185
1.0000514037323
1.00002729677984
1.00012956596677
1.00016898884215
1.00009145237405
1.00004486968916
1.00013126798438
1.00068436296571
1.00054949617964
1.0003558801298
1.00080309697744
1.00037741748113
1.00183948893005
1.00082334119221
1.00086172039225
1.00035167312756
1.00032927472781
1.00062893340848
1.00021194261987
1.00069762610621
1.00118866541397
1.00098600351032
1.0023050855474
1.002885214276
1.01335915631995
1.01051674804128
1.00320848991759
1.00349013445726
1.00095552967808
1.00058380589853
1.00129021685118
1.00083109855518
1.00104332585323
1.00088008422084
1.00237986236605
1.00050744514173
1.0002669115336
1.00012953850226
1.00004205109513
1.00024042757485
1.00066665887524
1.00021903794693
1.00127484605577
1.00080525771446
1.00226818001323
1.00863357205902
1.00558852862939
1.00356157939739
1.00583436400597
1.00186948633215
1.00136214824181
1.00119667094064
1.00048015445085
1.00041194856298
1.00019590691809
1.00028933646875
1.00042924974088
1.00044676433573
1.00012576383051
1.0000307141413
1.00002727254046
1.00001972177685
1.00002945585786
1.00005288302423
1.00005448164834
1.00003715913448
1.00001836970564
1.00002004896222
1.0000807148992
1.00020100889392
1.00025179859884
1.00020668266028
1.00013405140228
1.00022345256968
1.0001265626513
1.00002710052439
1.00005807142549
1.00019218335343
1.00007688815981
1.0000589791864
1.00018066191173
1.00031540273236
1.00069639369386
1.00050283878186
1.00013469479045
1.00015545873074
1.00019992932208
1.00004387548961
1.00004898370834
1.00004490765133
1.00008735202837
1.00004194225477
1.00007370742792
1.00007369536655
1.00005449346366
1.00010933471864
1.00009620381395
1.00012948478359
1.00009332802685
1.00018798535791
1.00014459397422
1.00003229958206
1.00001841793716
1.0000211235109
1.00002273671304
1.00000975990684
1.0000349816538
1.00009036629152
1.00004746457592
1.00016893675051
1.00008538512246
1.00004328874912
1.00002438969669
1.00003814100841
1.00006759288652
1.00017393392
