1.0001
1.00001788619168
1.00004064840435
1.00001173925631
1.00000671427802
1.00001178536097
1.0000262582147
1.00004294783752
1.00013262525657
1.0006431255347
1.0006432040908
1.00044309742429
1.00052466396758
1.00030779216594
1.00016869336122
1.00003401356635
1.00000918491588
1.00000462145594
1.00001053563893
1.00000831953439
1.00004822003131
1.00003557702059
1.00003986923837
1.0000696177782
1.00028240025363
1.00065101905943
1.00060407087009
1.00119915349256
1.00210684967249
1.00202304184701
1.00242358271022
1.0017627206852
1.00073637905409
1.00055868793321
1.00044083412553
1.00043548901772
1.00049311621282
1.00105480008405
1.00146765146655
1.00216681462944
1.00073165848814
1.00061264843093
1.0023626449967
1.00297265205662
1.0032031510936
1.00547599302513
1.00113381859376
1.00260880743453
1.00183270196108
1.00327458766222
1.00351257399842
1.00099291303126
1.00090266231542
1.00026250047779
1.0004007735835
1.00016105553125
1.0001445008072
1.00021550049599
1.00053145717263
1.00045591235483
1.00066722357623
1.00052624560982
1.00013051227562
1.00016540048301
1.00107073297343
1.00104744330349
1.00053581304952
1.00073761986915
1.00163186786029
1.00108175555243
1.00102985185251
1.00217410869603
1.00132323236518
1.0005317953028
1.00232988803722
1.00331258557131
1.0080948101552
1.00795761723031
1.00841918096252
1.02397235209645
1.05058592234023
1.0518982973828
1.06832635609348
1.04379368075367
1.02985645110838
1.02052644994753
1.03715805925464
1.07683487601153
1.1617541162615
1.11307076552765
1.11610212116113
1.16668551682408
1.19983203879814
1.09355122532397
1.15268036781556
1.20574040745423
1.11014884165855
1.05081494189328
1.03222853548372
1.01582530957593
1.0034895191302
1.00159294581761
1.00088123476567
1.00333579150841
1.01532905096418
1.02541940583332
1.02804273285648
1.04567516755392
1.00753421311801
1.03535159717382
1.03556861410775
1.07046283931329
1.02236746246395
1.02047821641275
1.00851906651414
1.0056732668229
1.00926341574491
1.00553711912935
1.00304549874285
1.00202878401727
1.00209602516258
1.0023597474079
1.00450325776927
1.00185447853657
1.00154070831623
1.0031314470561
1.00621071482503
1.01206806760458
1.0062677773065
1.00650740230046
1.00323744478651
1.00234771635978
1.00355953476486
1.00587692582236
1.00790478510222
1.01648217323889
1.02291719700475
1.0208960304204
1.00536739264544
1.00381005330907
1.00087988145438
1.00109921310263
1.00297718587965
1.00204326617066
1.00183588073166
1.00452506986867
1.00229669186501
1.00733834524347
1.00607940656123
1.00978643486701
1.01162973310042
1.01097474922558
1.00903516267442
1.00717146189724
1.00187893494177
1.0015414742591
1.00107462834078
1.00117563002574
1.00195039255103
1.0004933572852
1.00047798496677
1.00073745513568
1.00082428129145
1.00023369531674
1.00018844008801
1.00025591893383
1.00051374175234
1.00244208531554
1.00073731451
1.00232146131437
1.00837261218664
1.00304233354057
1.00215940314336
1.00098162768125
1.00075204468702
1.00045957691851
1.0005121741987
1.00048942937728
1.00075576067719
1.00123261301355
1.00124644744778
1.00311070746125
1.00105166063628
1.00141750286026
1.00182313924145
1.00245134517262
1.00254945324067
1.00296577578303
1.00395584021258
1.01186765059913
1.02093305846875
1.01589014981678
1.03265018742859
1.05125823835633
1.05175028530926
1.02928222325503
1.02662231031066
1.03146002251445
1.08060698935183
1.27784141906319
