1.8209
1.86290558358511
1.85056905029059
1.96850950361528
1.68463838526908
1.69604218265342
1.56840138495492
1.57184457349749
1.73676294458429
1.88584780385282
1.80194131951778
2.02960253424901
2.00465072432604
2.03022462101361
1.9830849911139
1.82327632393732
1.75428162777649
1.78604786019651
2.27360705624101
2.28082631715079
2.38000663224785
2.32684526899014
2.37729626362838
2.38190098044859
2.44764691837861
2.44796265709562
2.47760054428747
2.47459370585237
2.47544519251957
2.4894052469366
2.48903726276855
2.48589896754608
2.4885203611204
2.47384555136608
2.47705299894478
2.48116300715795
2.49208519842947
2.48566569248451
2.46875768839473
2.47721061274737
2.45665561042415
2.44290963928866
2.44359155558393
2.44045442621615
2.48574459250356
2.48329476530752
2.47849034626803
2.4907777247952
2.45385222980957
2.46920352572117
2.45894740007678
2.4685857810096
2.48823488799452
2.49399817479932
2.48799843736673
2.47420383184438
2.35064607072468
2.32637393503488
2.36847116668307
2.39437861468783
2.44257849648424
2.37963100396502
2.24757298142872
2.33205417016881
2.23023319457104
2.00864251612259
2.27639000282838
2.2901649847611
2.42786296128949
2.45646401151155
2.45416247902017
2.47318828423494
2.38664413808795
2.29189476607443
2.36303382468514
2.38753271950116
2.38175897167996
2.33758441356056
2.06480195703845
2.10369089187204
1.9726328646114
2.10131528452411
2.35891240030329
1.99313802084698
2.09887881201653
2.14486925286056
2.21419783464789
2.26530544045203
2.39414668068566
2.41178023002485
2.47567199512896
2.48624130786884
2.48557800263135
2.46909327964359
2.4684633968431
2.42521183568493
2.4462665950169
2.46778922339816
2.47409775909418
2.49476918940187
2.47933873722038
2.4877815204286
2.49161461447836
2.49419434462949
2.49334492139899
2.49639631993485
2.49431319119993
2.49713492380005
2.49771946043877
2.49582741311153
2.49831614849299
2.49849853392584
2.49943235601449
2.49919562396392
2.4997078305244
2.49872663512632
2.49921770958621
2.49908307104035
2.49663129121581
2.49072483532753
2.47335086276265
2.48591715910222
2.44213507360147
2.44383310342612
2.42406164997159
2.19375928213181
2.15966627627394
2.14879906694267
2.12289532524748
2.18906687002708
2.18284069164856
2.23785851506331
2.23887922077767
2.06048955530269
2.15477693576826
2.16276939190283
2.14060126136626
2.28413752139868
2.39750040025472
2.44122946085314
2.45324513392545
2.41077149940472
2.20193152916887
2.13210047075664
2.28304725009172
2.20585104711087
2.05691091546103
2.0650001006501
2.22809287105433
2.38296654680054
2.39196862102443
2.28757049155493
2.24841195410937
2.24712618516807
2.42858348666645
2.44859852790543
2.46206612319698
2.43290823487648
2.42707244616947
2.46302128364753
2.40104694694047
2.42960122400122
2.39052323978817
2.39735299966668
2.37671202597988
2.35115668391806
2.43267098629759
2.41116084482863
2.30993740260658
2.24759532855274
2.01887277214514
2.00579222130245
1.93899720976758
1.9642921334779
2.22775807601623
2.18318339684804
2.16265325967054
2.36064333239675
2.36328860129019
2.43623347744976
2.46758663377424
2.47240118945536
2.47538085131553
2.44498608643064
2.47632134043435
2.4648031631992
2.40945648544496
2.45826085486597
2.43856756921692
2.31393889346569
2.24298325294512
1.91115483835502
2.23389979303774
2.22275781906413
2.24033044160803
2.28691110574751
2.33642058117252
2.18726696293054
2.19366863117347
2.27019202554056
