1.0001
1.00003265699053
1.00007343101883
1.00021918073792
1.0004322657192
1.00048570359063
1.00033482554104
1.00158709595997
1.00124588993886
1.00069908787658
1.00107228803227
1.00146313135771
1.00079995228374
1.00090947863166
1.00043852775472
1.00035554976927
1.00036612957698
1.00038327164023
1.00038772198136
1.00060308931088
1.00091401785688
1.0008934521587
1.00111100476578
1.00278859769906
1.00158173777336
1.00291410344412
1.00900945490241
1.00807231575872
1.00558167558708
1.00491008144151
1.00588078606142
1.00233935610903
1.00208451644307
1.00254150362144
1.01308654911437
1.00840459719698
1.00871412179183
1.00947937628377
1.00981281015084
1.01318122502971
1.01496943831788
1.01406787255361
1.00337636325195
1.00197144957044
1.00317457743142
1.00090199627053
1.00059047882428
1.00297005748493
1.00304203556587
1.00388581373478
1.00373260828275
1.0041329067535
1.01147055064094
1.03141491350141
1.03255959798672
1.0903186955806
1.08084510465673
1.0351622786304
1.01756255001439
1.04369695324897
1.02086857373079
1.00824846711632
1.0083175567573
1.027003030055
1.01671978343393
1.02413562504606
1.06622696634405
1.05603439307913
1.03713578536224
1.00856170726916
1.03928463730747
1.03097289195568
1.0706964373329
1.39311529780256
1.39935304122239
1.26445621502426
1.1697494313848
1.19662134616406
1.1978788792016
1.29160190850622
1.33466955496834
1.51628479763634
1.84770469450819
1.34936703947953
1.12040772284441
1.08394244466641
1.09103963747401
1.07910957980345
1.0960731695251
1.05232530621219
1.02158472807513
1.02659132771729
1.02345362492165
1.02762772919037
1.02841480360458
1.04680740436468
1.18623283273312
1.29005352877432
1.3403586483835
1.52083122155708
1.3714386464531
1.49824242152166
1.26514410250725
1.38530636273871
1.45481914385747
1.95096690722871
2.1497228343752
2.28532750297496
1.89563283729634
1.94460812235258
1.81144394634262
2.15421349634294
2.06015023390255
1.86623594811886
2.31248953364402
2.40287023788059
2.31846327258059
2.40409980507114
2.43904793699613
2.44611036554237
2.45982918609285
2.44562742569809
2.28375720614287
2.29818472821516
2.19704091592588
2.33725370994485
1.96219140022127
2.03421889130544
2.34055526425341
2.20060024175859
2.19772470432431
2.39765943255296
2.10223657453051
1.92525784318078
2.35715610719813
2.20543368429733
2.18742815525176
1.9549211517353
2.3052478493755
2.36106415113499
2.39219621836639
2.42834405632426
2.39211806749748
2.34925710417585
2.36621950243866
2.38770141150467
2.21367492815511
2.31232310540289
2.32121399692173
2.05859830271514
2.23731679658793
2.35775020372429
2.18005197623887
2.42293867079984
2.30823044037451
2.31106139841294
1.8671595314191
1.84740209862812
2.05623619509861
1.69891750804112
1.94665271087541
1.9571121299518
2.18486290155604
2.01171711089985
1.91005832713478
1.94344451275081
2.12516915689383
2.22646839022957
2.24355537572277
1.95048436401001
2.2039108406348
2.35531061868431
2.45370454279885
2.40539734637089
2.44140267550284
2.47008306531736
2.45253634627492
2.46781666019317
2.44177858673991
2.38603872352467
2.24200507386456
2.41226004568295
2.44773702992024
2.47907413519115
2.46353630512288
2.40860045536038
2.46473102700095
2.47774250369252
2.49190975831566
2.48281227547055
2.49187716450246
2.47855176164064
2.48302440166987
2.48618492561439
2.46361230086219
2.36229100569302
2.32322483317772
2.37206811585359
2.45199618831397
2.44449042944597
