1.2205
1.46475326034582
1.78623457166225
1.67542543514939
1.65993251385824
1.59198236198411
1.35107231911203
1.50365677889983
1.66632915947859
1.30209030559321
1.22569797660495
1.17437292398444
1.09226104092798
1.06143838253843
1.13396743885253
1.04892199651289
1.10893669708798
1.17435881305006
1.17476413246454
1.50519935563559
1.31315449466059
1.40351997702419
1.31994498007321
1.07360769121168
1.02890295924701
1.04214262120098
1.01427182117044
1.01008674772959
1.00855607097049
1.00326301181456
1.00265121122093
1.00719106057151
1.00395700186492
1.00430633018762
1.00527529371962
1.00567854277225
1.01195091061085
1.03976915438077
1.06632405381769
1.02741875119736
1.0104046710622
1.00697729558781
1.00580074963677
1.01132413718472
1.0316577115437
1.05972481543735
1.0571943735466
1.06924900529243
1.02541035168738
1.03088172890274
1.06237476040156
1.05146178143683
1.07250909754537
1.03948968091538
1.07646651602637
1.05276941739556
1.22595424603914
1.05334646497971
1.11669922365101
1.12488251632749
1.10242074484787
1.14959272287932
1.55400103110783
1.81128852740846
2.15095901195741
2.23795114840902
2.24271021570641
2.29471776014868
2.43279323528644
2.21217882904905
2.10040456248235
1.78950047010464
1.54229448973968
1.45494759789979
1.12380550847578
1.33741455408671
1.10678387151935
1.21632229036771
1.13579527024162
1.02288182136778
1.03613520578118
1.09155009376145
1.03921908311258
1.04214544725161
1.08721161491732
1.08042528997352
1.25910800456904
1.25176084264895
1.39879174268041
1.09782107606546
1.2491656712276
1.23963912965827
1.04593530551387
1.03455893622295
1.03058731616282
1.01319765486906
1.00759564126335
1.00452062886701
1.01008493925974
1.00947886944124
1.01413613459607
1.00967462249045
1.00727442781454
1.01312070702471
1.0065433886848
1.00179999834496
1.00634078641165
1.01126703332405
1.01539517811575
1.0097612862754
1.00510124132423
1.00210351673818
1.00795381527087
1.00711789543937
1.00619191807039
1.00396113747847
1.00081372257751
1.00073056439599
1.00035905312933
1.00034350719963
1.00008286171457
1.00036660413569
1.00012283571677
1.00037634132394
1.00090106110675
1.00047600802564
1.00047179872677
1.00039432502914
1.00035267914837
1.00033842500841
1.00030157509407
1.00038912905179
1.00066142365735
1.00073849031004
1.00093980607458
1.00072966446333
1.0015376318955
1.00160472039472
1.0021664391144
1.00080266414291
1.00343794013035
1.00606341880287
1.00388429629085
1.0020889947655
1.00148620600233
1.00064848647525
1.00078057747745
1.00098478905645
1.00163679710379
1.00560906344116
1.00235343213906
1.00130543893715
1.00294201365492
1.00439899466986
1.00299762319523
1.0037822493767
1.00683164310205
1.00768068084411
1.00204986839628
1.00795200604888
1.00624347884541
1.01277668113714
1.02985350908633
1.01184042787082
1.01092194789807
1.0104590443887
1.04224954205949
1.04819484079536
1.01472825159696
1.00604909799036
1.00529324080428
1.00130262783743
1.00203382612542
1.00131053492736
1.00527507918494
1.00658544027737
1.00458103873508
1.00260237320303
1.00588340360967
1.00181125698602
1.00232411494689
1.00890694632758
1.00767109148818
1.03036222409737
1.01479667400038
1.05275865475235
1.06825707805884
1.03786085707871
1.04397607500894
1.08180393326051
1.15439892305282
1.22815422017544
1.66411719943568
1.76427533520432
1.53559135488683
1.57479808261067
1.73501672796617
2.14420442489545
2.35339573707545
2.32416364168365
