1.4273
1.40783247249194
1.82133905317702
1.65911906312571
1.71918801337695
1.97854379190785
1.61912557403272
1.27735459556197
1.63136888832632
1.72421840701104
1.96959151615081
2.10839803890038
1.94629977065317
1.99361823950555
1.75333613963335
1.65959723291919
1.91127065059924
2.18479022832431
2.29848830745652
2.36176788080113
2.43341388616805
2.44432100288089
2.43335565191894
2.45695920305527
2.37965429159482
2.27499046441601
2.43089736259527
2.32473578892324
2.23645507932245
2.28625253862576
2.31999893105317
2.37493181456581
2.29402946865149
2.37344643354218
2.40569499635194
2.46318778377264
2.44995890770116
2.42031874074742
2.30303008505698
2.3290048313072
2.26361919407672
2.11842406020596
2.39550339988203
2.34722186553127
2.29816952163304
2.19643560318977
1.73282517254827
1.73532473800818
1.55942442356479
1.84309105731731
1.69364392523419
2.18694375388089
2.17558108786855
2.37170124695138
2.36868834831642
2.47371235349018
2.47090788731179
2.47010090258433
2.45200561879266
2.48471147562969
2.4861219030008
2.49199389384451
2.49385142997059
2.48996008582748
2.4955970640059
2.49805161600134
2.49563097189407
2.49184475772934
2.49790657688513
2.49319231526061
2.49252933504724
2.48962799292039
2.4845135399431
2.48429041281081
2.47733086654971
2.4680832934737
2.45096676067122
2.45461146303588
2.47661123432249
2.3908740473307
2.43580038479791
2.43703717343723
2.43944853957811
2.34793747393538
2.33837461546207
2.01608303364483
2.1710220606811
2.01108729649513
1.88300591955542
2.14307660370019
2.06907100684269
2.01133311192598
1.91430985537202
1.59061303252322
1.57138877957834
1.9143096897952
2.05819786238679
2.14259237822228
2.13287119798059
2.06092529679847
2.24327567793876
2.23072311704221
1.80698489782544
1.70445382698921
2.17924960155562
2.30327917760162
2.12495661737319
2.26099229268971
2.31794470851966
2.31898072128215
2.40313908731922
2.21401279549848
2.10746079251018
2.05711525862293
2.01327609095193
1.79633772912691
2.00218478552349
1.5953499875945
1.54120865860307
1.396815167462
1.46123045836337
1.43910211184876
1.28818634003212
1.22613692227033
1.08812844277317
1.01776599571705
1.00787732208691
1.00191255409839
1.00346772749564
1.00120413340068
1.00083833456919
1.00048021510462
1.00120471623019
1.00068968144762
1.00102180488832
1.00044524734069
1.0006370098945
1.00233373193378
1.003314819379
1.00346989809093
1.00070783515903
1.00026855685932
1.00011163655943
1.00003289490779
1.00003340121361
1.00004148843742
1.00001111406501
1.00000919919979
1.00000883713876
1.00000481345521
1.00000970999722
1.00000349021471
1.00000247125262
1.00000420129251
1.00000903775267
1.00000863108183
1.0000091879298
1.00000964268718
1.00002265683412
1.00002457963377
1.00005118639499
1.00001122411118
1.00001219808395
1.00000800667175
1.00000867321722
1.00000922560253
1.00000876067292
1.00001554527939
1.0000242362945
1.00001038876767
1.00001763090478
1.00001487418617
1.0000111775432
1.00000310412094
1.00000312909397
1.00000126081028
1.00000118170338
1.00000159569943
1.00000120172181
1.00000074295514
1.00000128324216
1.00000102324111
1.00000027719723
1.00000016053354
1.00000019686236
1.00000013072954
1.00000047962598
1.00000142978276
1.00000138974804
1.00000089474509
1.00000042555831
1.00000029413378
1.00000023607034
1.00000054208942
1.00000194314948
1.00000093485899
1.00000172082579
1.00000140380734
1.00000617836036
1.00000581734512
