2.0239
1.97404778595462
1.6354258388817
1.6064277874295
1.80957075888897
1.71258613970386
1.75151466920605
1.81364706835418
2.02109375832176
2.06574551270677
2.01705778937853
2.0771683711862
2.22544663070437
2.17128452789472
2.19619724072277
1.87800767372815
2.1150817753286
2.36045179062012
2.20115568697119
2.04541881715257
2.13763135775482
2.34724079524082
2.32815013711267
2.14018056970173
2.0330287653108
2.13558129026905
2.02947642516519
2.04494965746991
2.16182820358698
2.316461298953
2.1232274050773
1.81653173368347
1.90285650537042
2.07868107572397
2.17687873404076
1.83277062035673
1.77543192629181
2.1482649285672
2.18787235175235
2.04271283365975
1.92002463698311
2.23571524505707
2.33700482430239
1.92805024550384
2.00284449096384
2.02751870337845
2.36822387376569
2.18889060092791
2.3020497042928
2.26821143076648
2.01365267590158
1.98689092187329
2.02970043535195
2.11127337348838
1.98864697445959
2.29275648717564
2.32812609578927
2.26880930388915
2.04989419493435
2.07749873116667
2.17734737856787
1.84846838506428
1.8278335214115
1.87969989205164
1.98727884641632
2.15939712524835
2.06599257848602
2.17065719283439
2.0440438579512
1.68752171838044
1.93037742803485
1.68752145600936
1.91751071359181
1.89807140661578
1.73126747072399
1.8293114836826
1.99896435356022
2.10497233852101
1.72893185584374
1.80678811832043
1.78950745046677
1.87778693964069
1.97953104094504
1.95459395910646
1.89948366224224
1.91312792024169
2.24508915180904
2.34441943078594
2.28859102706396
2.33151971839469
2.37121805416231
2.37432636447972
2.43884775902495
2.46854052199309
2.48426130390285
2.48515883312527
2.49489009499385
2.48249031832576
2.49063082481215
2.47201888135736
2.45251528812774
2.45305754860379
2.4756579639435
2.47494134701433
2.45666552280324
2.45071792351085
2.4909985791702
2.49315160338013
2.49579640568874
2.49548710071062
2.49088667222131
2.49011287306557
2.49393429307843
2.49825741113172
2.49867201661323
2.49757380486861
2.49910435564776
2.4997040662602
2.49941539433614
2.49848193008247
2.49650675747361
2.49396792887806
2.47037503603259
2.46731599072163
2.46939327394703
2.47848441166971
2.48317759869022
2.47600339270187
2.49269032190101
2.4818650590113
2.49000865265393
2.49448412161174
2.48467132448326
2.48849560690068
2.44176725250738
2.20453197400252
1.95697943605294
2.04863395462608
2.29383549702377
2.12063043122596
2.0539669501722
2.16005025723371
2.34741357125382
2.37839733504608
2.43519803831826
2.46390205299805
2.43203506360819
2.41904625551491
2.46584721756386
2.48581045666721
2.49122924767803
2.49385960558046
2.48435811176551
2.47253797688121
2.43044652720733
2.46056308591035
2.48141240845014
2.46163608910338
2.4729566544133
2.49121122057416
2.47495659384826
2.48320212212428
2.47983726402124
2.49403590948067
2.49518576706945
2.49837053862492
2.49949401332593
2.49913727713789
2.49972886888218
2.49987918486536
2.49966289921576
2.49966610062877
2.49928124154874
2.49919275555727
2.49853306964125
2.49657498634024
2.49869819675679
2.49878166919163
2.49972694586468
2.49920501449761
2.49751677534813
2.49664614248205
2.49704885818713
2.49930809581752
2.49926368086994
2.49956063093001
2.49857659167491
2.4997730222883
2.49972285070604
2.49929641906477
2.49954685588114
2.4993408213739
2.49952502800546
2.49810647534287
2.49501843529993
2.49589952220072
2.49427394471356
2.49853940345694
2.49959958231445
2.49945828863165
