2.4149
2.46266721639492
2.48140242146449
2.47298883577996
2.48171694916489
2.46041725528849
2.44597972750086
2.45794678660149
2.39912879211951
2.37916357270226
2.34899995968274
2.37550067531496
2.41384834879652
2.36713746525546
2.39245769652584
2.36639898208753
1.96654993573022
1.69730912518152
1.70084252020103
1.6704488257296
1.81795277165749
1.38921518859145
1.35428647277642
1.16117626678197
1.1565775266752
1.16473106538541
1.35557642546018
1.67150531369039
1.8085505254996
1.7879975950049
1.52485478157223
1.4378898902236
1.88539396341199
1.89931785263805
1.84421316040339
2.04072013573336
2.31043468537156
2.37096662686498
2.468153867305
2.47544205439922
2.49025230219488
2.4814822441847
2.49216126030947
2.48793641937188
2.46856303022418
2.45856927508356
2.48077747529477
2.47323441313909
2.47533266705757
2.48368436138988
2.49369941497821
2.49830619589791
2.49970687227161
2.49981083679556
2.49977066346298
2.49989153518745
2.49990634954222
2.49979675064488
2.49959158899938
2.49932842126428
2.49885189587252
2.49754700302614
2.49807535772463
2.49933815194307
2.49871126275731
2.49899342358223
2.49944798271836
2.49864070245392
2.49945931281509
2.49966728440208
2.49984584906521
2.49966503689965
2.49978046309771
2.49952786886236
2.49940721209828
2.49986970422757
2.49978999723918
2.49971492628977
2.49934567200744
2.4984880454943
2.49904291021862
2.49878601976415
2.499022776163
2.49811720398428
2.49340389063871
2.46335642938325
2.41958701237137
2.34234815461091
2.31205325706678
2.20684204834487
2.00736207777915
1.99846985465993
2.00400974356803
2.27457875650434
2.3467715074498
2.40703766034065
2.478803231224
2.48080565822731
2.48558655935216
2.43987116673023
2.43924534526743
2.36108166123192
2.35518532980289
2.31837562751788
2.33273446708191
2.43399372488114
2.44349357154488
2.31890197096977
2.45766659692886
2.34385543063633
2.33224340350383
2.38179831118809
2.4027176241102
2.32177521195357
2.30698023230327
2.22742026022683
2.28367484680508
2.18297436832907
2.16198902039674
2.25034619835606
1.88901417255294
1.52289053404133
1.62782119111596
1.68246474773417
1.63562363410814
1.61880044568251
1.39798971435774
1.45010335917205
1.58468513262753
1.4593720828951
1.90828921260403
2.27404753975049
2.31282074468082
2.1737232924339
2.1337168252039
2.22925090405099
2.27781923468769
2.40591057419544
2.29965315380419
2.34171109643352
2.37677132375916
2.38853497898938
2.43607362792455
2.48231459696871
2.48108730328954
2.46858072574723
2.46996507315137
2.41315952237197
2.28138746573356
2.22440001948602
2.15265139039216
2.43727048023948
2.37756908783985
2.10547004899166
2.01139756417178
2.07995686877791
1.88324109588085
2.10789732937914
1.99800971406839
1.53940794534028
1.54245456122156
1.22049642833249
1.27927432643064
1.31325649376952
1.36573235227281
1.53549680357146
1.24422639978901
1.3987895717183
1.52169830203214
1.45610931345204
1.53908528589032
1.26393822768503
1.33338027241944
1.21653984675556
1.09274794126207
1.04791875317394
1.04516086208991
1.02883196608336
1.0043887441682
1.00742487170525
1.01142035155012
1.01222655794522
1.0159532260564
1.0088037956597
1.00611604192248
1.00500294800384
1.00330834816634
1.00164185201495
1.00169868513419
1.0025105078814
1.00703592105778
1.00781682096094
1.00133145899935
1.00422053557778
1.00427809279971
1.00180614739296
1.00195565210805
1.00361158214027
1.01169203476792
1.02024281147106
