1.934
1.84796421629403
1.51613203890957
1.6374360879246
1.43622967288165
1.79270181168156
1.74705137878612
1.50652123692055
1.29152835643947
1.44321936891141
1.34713051328699
1.21159351697048
1.46713884408729
1.1025875870266
1.30033523405351
1.15691011152433
1.24290324123586
1.23624588136394
1.38233303373595
1.60266851214396
2.01511714474083
2.07085441633346
1.97334575244218
1.89753071928469
1.74107826475637
1.70145813869639
1.59186221151233
1.2493801011608
1.19001543328908
1.09742740304377
1.1345510301031
1.17984447257848
1.62268116437384
1.76464659700421
1.35448121122997
1.08912952439671
1.06413082598491
1.07780813281649
1.16002960184742
1.22632135862331
1.09074965004831
1.08203575513711
1.10327243446616
1.03445024385102
1.05079732909637
1.18416364612773
1.0973291726391
1.13413124797897
1.02490416890559
1.02469234640961
1.0960683246095
1.02555924373965
1.0158983582202
1.00246916514255
1.00345520965017
1.00088498704522
1.00074531631883
1.0011335377543
1.00218868589381
1.00610490383378
1.01451069328929
1.00541130953474
1.003571416053
1.00123199716494
1.00156303210799
1.00461283994219
1.01013990299482
1.00846625598597
1.01043007651771
1.05300344095518
1.03387997588197
1.02218580990612
1.0131085197081
1.02437303429505
1.0553649741967
1.04878248844896
1.07057521597535
1.06714933227671
1.0485426347804
1.06851029503542
1.04817576538304
1.04187273084408
1.02331148573736
1.01934420118938
1.03423999967086
1.06907869682397
1.18449499398965
1.04935326205114
1.05537927934221
1.08231859466965
1.16469979629421
1.05226469776713
1.02646568227651
1.06989478844294
1.13931622577842
1.13599397295443
1.10046962541704
1.07863493959637
1.0284779428266
1.01049772024635
1.01215745026087
1.01394035506201
1.0237078310678
1.03450226120337
1.12245513875076
1.06543834631119
1.02001280038834
1.04389285832615
1.04594506881623
1.04397054904727
1.03099561393612
1.02766467380668
1.04366974356433
1.05148237226136
1.039180730902
1.06676425984139
1.1025238248958
1.1029077777699
1.03497432378922
1.11082671666155
1.24944560945149
1.40289789001133
1.36340107874489
1.0914392165034
1.1750840400021
1.13873536783372
1.10143088545239
1.1286595169303
1.10869488828479
1.03218387382964
1.04519592692697
1.02686531760531
1.03051371303204
1.02936032109287
1.05813220421593
1.09367285659456
1.08130069592197
1.10680652744505
1.08008282506373
1.07570403070033
1.07060412233932
1.07352641336686
1.08457137495383
1.12197270588271
1.19033259387242
1.26483658298851
1.17927156720154
1.17226757218053
1.2904830996769
1.09030323452357
1.08495468471577
1.07283726720256
1.1806345447769
1.14333168615784
1.27103440781323
1.64588850120028
1.64180537305271
1.26085214503052
1.24654597965412
1.40205188192975
1.52829017756571
1.37313479966669
1.24719118686168
1.32290253654525
1.74593593195853
1.76655765070147
1.74903692656234
1.91384363020197
2.1469097408796
2.18391983608916
2.3480550749674
2.42631519368779
2.48233421099011
2.48911261730561
2.49275492014776
2.47983479024654
2.49285044759535
2.49299092799895
2.4851158044729
2.48639225607451
2.48716550618083
2.48177315720081
2.49551660946518
2.49433051939797
2.4938296491565
2.49617117080915
2.48631558783362
2.48971923930512
2.49437520044887
2.49472080313571
2.47884382733492
2.46513766643622
2.41810608274515
2.29563994061715
2.21945869559332
2.13462328648171
2.11051567130592
2.15090090269319
2.25560042014448
2.26494735786015
