1.0001
1.00010795664758
1.00002941801744
1.00014758136039
1.00012590828515
1.00011785592082
1.00013550966457
1.00019741720384
1.00034449367437
1.00056878868155
1.00013457681616
1.00006117805552
1.0000227639177
1.00003072178341
1.00007393430571
1.00003608038671
1.00004170516742
1.00003310540041
1.00018125593364
1.00009905476898
1.00020565663229
1.0005567438237
1.00019791214306
1.00026439863257
1.00136685066751
1.00258783383241
1.01507278399198
1.0070136450019
1.00525748681301
1.00540762513773
1.00611297287319
1.01047501407594
1.01426355169391
1.01203389456611
1.0046111688746
1.01795769073189
1.05804079450077
1.06652445887758
1.03047796047071
1.06611912471478
1.02790913982268
1.01550024729227
1.01899434472839
1.09239761133027
1.0523612216454
1.07062473028247
1.2439861426441
1.47320998713546
1.53957165728603
2.13424823327958
1.99804311553564
1.80209140131503
2.13313308898888
1.46855286902637
1.43766661845609
1.20320321745334
1.27919138561536
1.15401167025984
1.42864930415277
1.34916254238585
1.28171809763192
1.8534504783134
1.94492277819675
1.46478458888285
1.35878110953316
1.11239204679202
1.1980517780547
1.48088956445857
1.69311265874422
2.0332264805094
2.32292208768208
2.17630028090288
1.97899875520115
1.8292129279622
1.93927870110453
1.8980700823585
1.86860441186743
2.06397773956799
2.19297494569534
2.08591475725736
2.14455184433993
2.38121600510569
2.42133548803221
2.26243211352384
2.28955252995214
2.37168947090967
2.34966363960164
2.04327863361119
2.12362964092842
1.85096864178803
1.79991323797229
2.2447237024467
2.33173938080403
2.39567798260756
2.27082191779182
2.29267503043209
2.29255250635019
2.13023591675808
2.07264643093827
2.23334491560069
2.38915902237682
2.34731437843499
1.93172806784408
1.7004307304812
1.41416754431297
1.23396292696194
1.42508404247692
1.29229663150624
1.60033153093877
1.34638162417629
1.38642709721837
1.9280967578038
1.89525666901946
1.9527654555346
2.18434628356883
2.17854087984911
2.12895376451681
2.0798363021446
2.12542117036446
2.2237678442277
2.14321550971668
2.10884277625072
2.23043646831656
2.21430485072119
2.33326023352229
2.43482340221629
2.42953158576178
2.36794478886551
2.39964401813157
2.45606375484246
2.45574587884775
2.44825613521156
2.40146713693122
2.32434920810169
2.46706591843782
2.45133664807
2.310071438217
1.87950368109109
2.0137531183782
2.04532632655066
2.15708198248785
2.26467624157798
2.3271943630825
2.08603472893098
2.08626405222754
1.89684201092516
2.0623088056987
2.2098154350885
2.31918720457615
2.12160597146656
1.88228516092622
1.87630533830089
1.67698431457358
1.69401556760789
2.17004742070865
1.92519890297669
1.87995114744282
2.10229800931528
2.09389864588971
1.82212023570827
2.14286458959141
1.84461213282651
2.04140174315827
2.33548082705681
2.44370931648596
2.31019803530875
2.21006574750217
2.14568250262154
1.88729736616631
1.87679084717893
2.19636159695534
2.07305925740505
1.93087808536535
2.13188056793388
2.22523529371921
2.20986602584315
2.31155380648916
2.32315142459665
2.39576688450932
2.4683820235406
2.37650136552049
2.19502499381957
2.35202530032203
2.35830531905699
2.38684002106966
2.32640208856432
2.38995870659363
2.35033385430863
2.29069408430913
2.38247976201711
2.37732789926678
2.34813035951606
2.24227931860556
2.24077770641461
2.26309087359333
1.88168420363799
1.86587270011572
1.72239186798846
1.66278277986122
1.66105368758078
