1.0001
1.00002638530419
1.0000205350534
1.00001601913565
1.00003564690208
1.00000804563714
1.00000894702559
1.00001225344533
1.00001280073907
1.00001917463805
1.00003093551546
1.00001707844076
1.0000545617462
1.0000119954798
1.00001173886799
1.00001282476621
1.00007453019675
1.00007147256932
1.0000803251286
1.00008632125042
1.0001700980268
1.00052898540673
1.00073334998836
1.00015755563185
1.00068498002133
1.00035553585672
1.00097702680356
1.00052903124577
1.00140358599168
1.00214418845204
1.00166232208846
1.00142223095772
1.0002606028804
1.00072436252923
1.00103497298006
1.00020941706178
1.00029535947792
1.00022379624868
1.00086836196913
1.00180770810436
1.0012128191326
1.00086942267654
1.00045852947896
1.00050618323294
1.00102159649716
1.00059402117294
1.0007199287218
1.00221047355828
1.00149578167083
1.00186316620218
1.0014597109157
1.00148691288108
1.0028234902356
1.01219803518735
1.0201314890795
1.01518039477982
1.01905935701624
1.04046241147065
1.0399086340684
1.04760849920978
1.02923957782485
1.03466518945249
1.01831908084302
1.06042080422684
1.09948320886296
1.13557411696196
1.07103409305239
1.0652308562303
1.07995859224827
1.03829662016646
1.02601269897283
1.12661264318973
1.04701781051228
1.09235408427625
1.19987724008331
1.12813726240332
1.06099379295659
1.08261155410856
1.19622123454457
1.35852143360109
1.51833432585216
1.89259592736556
1.43137275625445
1.45314204636726
1.25415121646425
1.12826849292046
1.03508020142885
1.06927016482196
1.01011593132269
1.00826702881107
1.01279254441459
1.00775887413608
1.0175215775531
1.04799014914565
1.01436912506914
1.00553253816991
1.0175651967385
1.009020022061
1.00477767038914
1.01616264079733
1.03007497783838
1.02586389459755
1.03774734640881
1.08278648882714
1.2537989183569
1.76011913538366
1.66397581412197
1.7307107840281
1.49630854980756
2.0791806623877
2.28860728779713
2.30759823168778
2.02890148481476
2.18836290887835
2.35212412858465
2.00674410813247
2.15866513564954
1.64158209135544
1.37717295130946
1.40098049046387
1.17108062514493
1.11485235861836
1.06004738462958
1.17578313094562
1.20045539841767
1.39384837659594
1.1052881339277
1.20470293288251
1.41654918291073
1.62542937238565
1.561311120803
1.63685404288977
1.41014839242022
1.34631017321938
1.48261932757125
1.47692367821242
1.77498216803109
1.61693296557166
1.9444440125373
1.82946932321473
2.05130796673868
1.66862558062135
1.22649997505907
1.40560690828006
1.42242005223916
1.96470461919873
1.90858196823376
2.03291926379128
1.80980230386737
2.07846482117527
1.99204274098237
1.83327408047595
1.68194852063191
1.20379932941119
1.15530399956295
1.13511177534279
1.07579750379484
1.14004200079496
1.08904684434571
1.05746305880225
1.06851726087135
1.04392039997822
1.03950818742482
1.03076624823868
1.01156913402209
1.01384840296825
1.04492251736936
1.03099146190489
1.07696601794423
1.06182657915914
1.02546369734577
1.01763742129801
1.00510281856512
1.00307054356755
1.00423985177344
1.01530157944129
1.00661965018413
1.00494424887659
1.00988721274808
1.05613111989454
1.0400823012831
1.12262616862044
1.07352295806298
1.07003740683201
1.22486771725648
1.11504591525066
1.14785030027618
1.24627011387122
1.28294718753868
1.34631674971932
1.68085537881169
1.52590529799363
1.53614937073839
2.02000345250663
1.70867877635087
1.52969023406128
1.4260040142306
1.18314605456188
1.03558399504305
1.05451011758264
