1.2114
1.25888254219095
1.25458807141414
1.29673781741948
1.13367191238598
1.11512480321898
1.22207428234592
1.42613128832541
1.17881307583619
1.13822289324308
1.07735699225313
1.12290536868789
1.12119540013816
1.09540098186534
1.06780135739313
1.09701799059736
1.04622385822626
1.13485116802943
1.43805290097596
1.85336795993984
1.85305106712601
1.60316004165934
1.66862094602501
1.52823551927949
1.17054008938546
1.0731130979582
1.10876888913987
1.1270712476034
1.09614346321479
1.02675794260065
1.06257906055043
1.2175486075706
1.09072395037393
1.04330361962103
1.02079563128276
1.03334255485121
1.01319996996873
1.00729301726295
1.00337056237351
1.0009460923143
1.0007161799531
1.00101678694179
1.00088190533186
1.002723178676
1.00087469572029
1.00079277946274
1.00032003214373
1.00013193299938
1.00019856674813
1.00016545403191
1.00021518789216
1.00013221971696
1.00019979130046
1.00035976108476
1.00052434694396
1.00042790875416
1.00070482268374
1.00059373405384
1.0006606639146
1.0028214644814
1.00479787578334
1.02410408521115
1.02182443699144
1.04986577283421
1.04836819234037
1.10472995292827
1.08575697973698
1.11848460308488
1.12364204019191
1.06634389006048
1.12503479583596
1.04278482936702
1.01828267272094
1.01072325398492
1.0115257142601
1.00704156564583
1.01730324962194
1.03883297198879
1.13018573935321
1.2676644505974
1.14036514182143
1.15590961963775
1.10955391740773
1.12741506375503
1.05732985931893
1.09362180232472
1.03466735740257
1.02244756712622
1.04764886737688
1.01195873009531
1.00719830817059
1.02688078916829
1.01034319488164
1.00473119677208
1.00342491981662
1.0067600564708
1.00533546476876
1.00247607683453
1.00095249915342
1.00090223554304
1.00164713719565
1.00298050222844
1.00565880855586
1.00160871773961
1.00034568944383
1.00091954851459
1.00163292766762
1.00378823051143
1.00820122671437
1.00318853954907
1.00505050443925
1.00328184964889
1.00752367487305
1.00552938498629
1.00132880833796
1.00143235051141
1.00061414286083
1.00028365843314
1.0004996014816
1.00139772612811
1.00796537537253
1.02024988534779
1.00843227417633
1.01707805309012
1.02319854398325
1.03276683445168
1.03316815273554
1.09496048934921
1.12118484109396
1.21795825388153
1.51874311154127
1.49925777909096
1.12922138158583
1.12567487792708
1.08625169995761
1.02689508174834
1.055006403865
1.05831462452241
1.09729939467325
1.15112133307359
1.44676252802396
1.62969607489079
1.38509242388981
1.48912639495991
1.76487690405235
1.66250522421663
1.59672409311571
1.2971726947858
1.1220311555151
1.1228891399447
1.15251650235073
1.23209544294577
1.39962954292497
1.19180188938801
1.28558011065422
1.39961587111723
1.3873705667827
1.166317549645
1.2136524122357
1.50674368506592
1.33312358288819
1.37922929626527
1.27765450414723
1.08064397581302
1.16445613773066
1.04510631964696
1.0916701155698
1.0553667364539
1.07052900856606
1.09919586519386
1.27433824672213
1.23442008392514
1.2884006955581
1.4930092594871
1.18395515982898
1.07963207920722
1.36994572043301
1.57195996827845
1.68448403592009
1.53366245346474
1.341225959519
1.34445979799662
1.79070406157556
1.40396895885743
1.79979091756842
2.17813074199436
2.26350817919537
2.32394099511875
2.26298185450151
1.94597123637413
2.07896875552647
1.99980205304922
1.95348751420081
1.83662042801139
1.63372851808158
1.69601462285849
1.78972993753808
1.42483606584715
1.64902038871135
1.49609740843877
