1.623
1.75171967237076
1.82078686369136
2.05519512403376
2.22224263095788
2.36252374548457
2.43127334627276
2.46507792765158
2.48606172649702
2.48495446610513
2.49504730311013
2.49461291596678
2.49618758149874
2.49497203586175
2.47040208256242
2.46582079920196
2.47596418595272
2.46868490779736
2.4644427795106
2.47714265657168
2.44344214984941
2.47720100434144
2.48993661671231
2.48456159814883
2.42529984758376
2.39802472120554
2.38463361601986
2.32169171474869
2.26040644482612
1.85107840258553
2.07709007318802
1.51810805709544
1.7443345915619
1.48938237539722
1.47965987663607
1.73841678856481
1.70720897922706
1.58024834155597
1.14245963723669
1.17067995189026
1.27125376383812
1.75071794130612
1.33340162153967
1.50346418739469
1.54722823303779
1.37200132141322
1.66399108847338
1.63756765224026
1.55765230235427
1.17477758982687
1.33113545307879
1.53225482562393
1.54679217429107
1.4141372248081
1.43179164318784
1.46257777014052
1.47667236119432
1.63567314084362
1.48164650456678
1.33391188552279
1.74688944447001
1.77465160219733
1.45542786127072
1.17619036301313
1.37482368055309
1.56972314867061
1.49615429250872
1.67464347439858
1.836279368268
2.12744234875502
2.16210690854247
2.29260191086726
1.99628340668996
2.34762043192246
2.3267991950577
2.18804578982164
2.29979472760992
2.02721696801578
2.01125363313233
1.58444536792894
1.59619251035291
1.99714204512155
2.25152042563703
2.45100153694939
2.39841721225388
2.35511877243862
2.09085644299952
1.56310897636605
1.39845098381205
1.16552506557973
1.10052670945499
1.09245575287678
1.0695456015567
1.02845642875848
1.02104351521959
1.02627186778598
1.01964240035492
1.03601277434445
1.01430668840222
1.01230708596706
1.00393921660544
1.00135424727081
1.00220877450536
1.00124122568813
1.00034374974389
1.00019318903128
1.0001160382348
1.00018362061668
1.00044146176538
1.00138872019642
1.00142907161676
1.00067309326278
1.00203825004353
1.0022260932254
1.00575127495862
1.00354831916766
1.00719701487697
1.00924953430425
1.00931366508879
1.01078703813897
1.0051194983127
1.00366053566242
1.00291274041062
1.00266255432262
1.00252449112654
1.00105671084353
1.00058930734803
1.00036956762432
1.00078469218733
1.00102004181413
1.00044665530959
1.00088543033945
1.00050183661798
1.0002193596981
1.00008047350256
1.0001426502011
1.00053136428346
1.00022265607577
1.0000673192798
1.00019077648622
1.00010659584615
1.00008936259437
1.00022791960593
1.00028449751323
1.00038926656302
1.00042950057755
1.00232313616846
1.00195892556684
1.00214280248698
1.00744336227927
1.00786428088599
1.01360722974288
1.00334401550032
1.00605326528077
1.00679932800787
1.03292122328008
1.15804710044876
1.09765323036356
1.35056286368614
1.46879025909519
1.70370994288777
1.31256008346529
1.67231351853275
1.53244394319877
1.16525016249304
1.10554629902747
1.03920420921908
1.06872345658631
1.18768870954563
1.35566686340582
1.54133474061874
1.39034201556426
1.34946789800399
1.17395620065903
1.07819872877537
1.13569736346003
1.1137662414708
1.09030148018457
1.03233496747633
1.01440570857325
1.01825994621476
1.00513685187496
1.00794518665749
1.00993038894187
1.01254142033433
1.00976943690948
1.00582334011772
1.0023240774623
1.00155629683256
1.00184684392922
1.00173635750112
1.00679405247078
1.01069048935802
1.02231570534989
1.07863421818385
1.05438728237463
1.15679900025637
1.06093161144354
1.09905838475327
1.20275431432935
