2.3843
2.47377920572272
2.48396283417767
2.46716863372299
2.4413139479882
2.43355151402883
2.36287019106338
2.29617550564378
2.44449862067316
2.46801345580752
2.49327087030203
2.49342377453722
2.47823820885296
2.46510450671024
2.43011572272864
2.43923137997975
2.3848018762357
2.40936178066831
2.34895072108385
2.4173704177862
2.44862580987749
2.46384564147724
2.44913273478138
2.45437288893646
2.45179069761541
2.47240312816941
2.48785868458963
2.49753252108863
2.49830438515972
2.49592621198035
2.49328216045393
2.48808916318063
2.49665286922408
2.49595413353622
2.49334811873451
2.49720501451908
2.49320796721115
2.49888364535917
2.49879269676502
2.49858331667851
2.49857291197368
2.49859325144681
2.496763784824
2.49123537070412
2.46115371681782
2.46507829246096
2.48166727332883
2.47958260593495
2.47979421688225
2.49160700845361
2.48810900940212
2.47390169646758
2.47847359543476
2.45724027713739
2.45767324162955
2.38597690661065
2.4150012510134
2.42337620773658
2.3946337718104
2.40551179676122
2.42695441868911
2.4433453951746
2.41534608748617
2.38010646295473
2.33535216906999
2.361818559255
2.42401934488999
2.47770856589156
2.48139011129785
2.47889258650758
2.46435141627206
2.44492066345129
2.41468354844243
2.30796626065719
2.43434955492721
2.43508046727599
2.42342056329585
2.42921538398128
2.41889017766201
2.44574468332418
2.45155951994552
2.44740671905702
2.41744936546792
2.436684716713
2.46793184304741
2.47247152627482
2.49174201271834
2.4945789217611
2.49873872148597
2.49920202508482
2.49897180156891
2.49956899448376
2.49935502026955
2.49874287816775
2.49594128656624
2.49837976688936
2.49658057347933
2.49665843294064
2.48637526535517
2.44694758766994
2.46869449826467
2.48947739497861
2.48807864885722
2.48551674711408
2.494720705762
2.49185698024311
2.49605290525812
2.49812809582839
2.49716827371432
2.49419264611187
2.47697667808651
2.48396482506709
2.49586841180056
2.48493643127122
2.4847746746219
2.48012152829377
2.48517288377967
2.48822407986309
2.45837013958434
2.47327388796245
2.43942635111396
2.43124458876145
2.45719597050189
2.43903071303804
2.47028593810737
2.43195102610388
2.44141837736176
2.46318168344415
2.45367109656954
2.48906442696958
2.49626865331567
2.49825175435179
2.49934838085676
2.49794169667816
2.49568835094809
2.49604053310411
2.49665782400147
2.49919562037801
2.49929006485188
2.49956682873257
2.49837874498072
2.49851074505223
2.49956154593663
2.49964477323288
2.49926864638564
2.49796661708562
2.49822742837981
2.49903951725524
2.49950282175662
2.49841920338449
2.49930674969509
2.49836599485455
2.49924709651436
2.49967904127176
2.49808902157077
2.4946173759959
2.49568336604139
2.49330017589881
2.48314812325223
2.48389751055355
2.47880652899359
2.45735594166788
2.46074560362177
2.47766199842815
2.4935061655148
2.48796974835559
2.48783936188119
2.48488919379673
2.48652699238857
2.47769619638561
2.43098240982957
2.4731976817846
2.41607909888882
2.47577298248338
2.48213052768238
2.49613967357129
2.49509844747397
2.49243753605223
2.46579129633724
2.48084399010558
2.47797044671251
2.49062116400105
2.49469448496556
2.47831343985352
2.45157829776274
2.47792590005617
2.47906680220004
2.47967085935615
2.48933251601171
2.49458309201698
2.4976469474111
2.49771551801405
2.49494746413799
2.49579846172379
2.49660992219502
2.48383755262693
2.45274273399009
2.39108692165233
2.45833279419128
2.41630314881633
