1.0001
1.00004688713671
1.00003967568059
1.0000311036776
1.00010733863192
1.00004050426737
1.0001274400014
1.0002396191291
1.00074066343425
1.00124270083522
1.00104259374676
1.00236039580397
1.00178394162048
1.00147173751491
1.00823712752592
1.00476486184712
1.01602999083066
1.01755094826598
1.00840895151469
1.00490270740266
1.00131339824473
1.00024514726247
1.00099587465009
1.00032553761863
1.00061769848142
1.00064399615084
1.00028578042809
1.00071737792583
1.00083081805388
1.00132872511727
1.00132241579955
1.00819210935837
1.03271369694951
1.04291725105255
1.04046253040106
1.03613491323976
1.07904199445004
1.06469089222249
1.08329034438046
1.36971894563785
1.67808644519569
1.5528161609263
1.23096129966348
1.09116056818196
1.25621030675963
1.13901273274939
1.29080484964389
1.46565936878207
1.3401424762245
1.67251295255828
1.55724872785282
1.57146668541339
1.23191187956552
1.28303970182283
1.10099590149309
1.02761799913198
1.04142524167499
1.20531173809729
1.36529236710235
1.36673433159682
1.52496321133459
1.63376707038291
1.54584519151131
1.56785277400076
1.40013968532734
1.83271025758847
1.6688805531837
2.14786692399665
2.26740450164767
2.40535152580822
2.34954070310767
2.30070383073928
2.00213026233752
2.05411861952956
1.607853589868
1.31663055721215
1.15559001148617
1.10756552726608
1.18216658405667
1.09506934653094
1.17006250423005
1.10621425265767
1.06450208328119
1.19095961490489
1.07545598502138
1.32600600793323
1.10164869141197
1.2087949399417
1.17673588308166
1.10628947447122
1.05434421613924
1.05044532889825
1.03385675072997
1.02148075952615
1.00589742111317
1.00583827090229
1.00513441061049
1.03360039866468
1.09946544205645
1.16728939482104
1.34658780097237
1.29359622928999
1.17626018465194
1.05940607443544
1.03531991882328
1.01628681035028
1.04480984326542
1.03302478733942
1.03703242984459
1.12551987351648
1.37487283083097
1.33249957087699
1.19981599979686
1.17743850924869
1.20718717605937
1.29747547625935
1.80115304388969
1.8245255708413
1.44979043829611
1.48758146271882
1.53821904422122
1.63475918658311
1.25046210573915
1.45565784693377
1.22455687351615
1.04596613246586
1.04070827846639
1.01137205992903
1.02515769690427
1.05256366852287
1.02946969156818
1.03760428268181
1.12826567992476
1.05614717619689
1.09698807725332
1.05617399199359
1.03734140924571
1.13875595543133
1.02895831993297
1.00489684304052
1.03043325458096
1.10487662630065
1.09650524261669
1.14344409920063
1.04114437649016
1.00878751911585
1.00916367047251
1.0083374120131
1.01549347555393
1.00479558548453
1.01196820990844
1.02965203870489
1.06650275679321
1.18067147131437
1.05367398509671
1.02628533521541
1.00803131895495
1.02416626432238
1.09052868883162
1.06099092809996
1.08467176499027
1.04735268339083
1.07576400062296
1.07987797216897
1.04526808523916
1.10951079685411
1.32019504460617
1.64379588033494
1.44571674347783
1.65112838918191
1.7851345315278
1.79372226530483
1.84621536831307
1.61664477581377
1.75387665660986
1.83921016450325
1.99864599439902
2.05899572007216
2.23141088284185
1.94398290121541
2.0299751771329
2.28013579907902
2.2836848907703
2.36765659575012
2.34719703589747
2.36309797304655
2.31518472253939
2.44109774444947
2.42107924665632
2.47785639218669
2.48745415390209
2.49561427778521
2.4981065532871
2.49943229617239
2.49983106570719
2.49980857338935
2.49974672438107
2.49916809261983
2.49944075001013
2.49866827019243
