1.0001
1.00004704361874
1.00003932877481
1.00005754954343
1.00012638241881
1.00004747626868
1.00007393820524
1.00011282981403
1.0000687637265
1.00010773954108
1.00011266577406
1.00024329964221
1.00026071768383
1.00064002174433
1.0003628309625
1.00014483197427
1.00015493205296
1.00020219462412
1.00029930430363
1.00013957022123
1.00055292141671
1.0004710807587
1.00009950333867
1.000023554514
1.00002299166122
1.00003651450407
1.00003549270547
1.00002268342531
1.0000183315237
1.0000276024741
1.00003705353431
1.0001316377498
1.00003955011512
1.00001127500285
1.00000927454702
1.00001339821329
1.00006147659782
1.0000180857491
1.0000091607923
1.00000563562283
1.00000441399088
1.00000270737546
1.00000373060667
1.00000485489994
1.00000430290294
1.00000340934531
1.00000090643593
1.00000067892189
1.00000092314544
1.00000128429144
1.0000046373892
1.00000291892615
1.00000168635985
1.00000058193412
1.00000125832192
1.00000513801497
1.00000746720839
1.0000099080253
1.00000402045769
1.00000212247167
1.0000023780814
1.00000233884672
1.00000625602298
1.00000684444109
1.00000443378286
1.00000261708202
1.00000146095685
1.00000042307919
1.00000097973764
1.00000191385559
1.00000279015401
1.00000896286128
1.00000815868005
1.00002162515261
1.00003195099747
1.00002085788734
1.00003363382678
1.00003843896255
1.00000811438479
1.00000900105708
1.00000448361638
1.00000489214034
1.00000914672403
1.00004351324658
1.00003155143544
1.00004167824131
1.00001930782978
1.00002606842648
1.00002111063506
1.00003714448653
1.00006372262757
1.00004073933224
1.00003751868452
1.00001508985005
1.00002050845632
1.00003111056966
1.00003727667849
1.00002603183812
1.00001246696745
1.00000922299357
1.00001573651866
1.00001812630855
1.00001439959639
1.0000395090968
1.00011194110518
1.00009412127955
1.00040988159225
1.00010860679335
1.00009435992031
1.00005440253815
1.00019075943975
1.00005515114745
1.00003782797318
1.00004643258402
1.00007119523234
1.0001602386085
1.00018481197478
1.00017289567089
1.00017722473266
1.00016045210972
1.00047219392725
1.00081391606248
1.00177974483304
1.00085625690522
1.00299979285807
1.0024489292268
1.00319909082788
1.00276739109756
1.00265189875591
1.00140165373644
1.00069423375728
1.00244464000426
1.0005902648562
1.00125479665933
1.00133603021408
1.00123867071367
1.000524435354
1.00087260664227
1.00054652205947
1.00071406106797
1.00141594649148
1.0014365718941
1.00648429084282
1.01245666146701
1.06222240733772
1.05714703790528
1.06316469346446
1.08022388909494
1.01876249357287
1.02511825484329
1.0068740774773
1.01630932297811
1.0060201594714
1.01431582586362
1.02043480963536
1.00371962981896
1.00243884206808
1.00326892925243
1.01453997412499
1.05462784071759
1.02240277079095
1.01209347819809
1.03452815105728
1.01385322993787
1.01328623884301
1.01048476273623
1.01131849557912
1.0027757773921
1.00187195478945
1.00147255310545
1.00458941773424
1.00267503529843
1.01636363584448
1.0255741950196
1.01467762211006
1.04386451759873
1.04874863022292
1.03358611101057
1.04474102682327
1.06218824509078
1.09348300776161
1.06175802340209
1.0364953749379
1.16495382576281
1.24797181878166
1.29845090367363
1.6978273740675
1.65374038620813
2.03281470603074
1.60765858841228
1.59328899297022
1.51450552206244
1.41549795264946
1.47353965441852
1.34319592346799
1.23760365710069
1.07194768860101
1.10929287320735
1.08339846704376
1.2277352375727
