1.516
1.66357739867707
1.74137497571788
1.65432973266378
1.792940516542
1.94586157642003
1.57217780778707
1.56414122883554
1.70117138696391
1.70347272535048
1.69625884160777
1.4424550904021
1.87931940073674
1.93661586510541
2.04076202628996
2.11092471164994
2.14080274926697
2.24733734717446
2.3178844264135
2.45640428840987
2.38101668993453
2.39905321942031
2.37189697635698
1.99288273295941
1.72116116877389
1.79146353172574
1.81001223183548
2.27628093225535
2.41936859568831
2.35670020914166
2.29261330503838
2.32454828765334
2.43653139606821
2.39571254978895
2.38324220342137
2.44624127639057
2.39303808500592
2.10755489365606
2.34327510702504
1.96188748233896
2.14216256223427
2.04015085680537
1.80126630775635
1.93716814563537
1.96221735624987
1.69979156715281
1.75639215341113
1.68219110071931
1.70798073456377
1.87574617374507
2.07240625828953
1.65360360049559
1.8037973399317
1.79543474990037
1.82075477751503
2.30851448095801
2.34153303744119
2.13658311434648
2.06984511514567
1.87106921512544
1.75779922163227
2.215877091989
2.24151066331207
2.21309539123129
2.33872286847919
2.38057578473902
2.19178674532771
1.74235810119267
1.71039785719679
1.62402062150676
1.54650627471881
2.14337108551174
2.1238763734037
2.14167351678725
2.15357793508282
2.15271767876158
2.30023879108597
2.29148309965362
2.04704636715302
1.81644471451231
1.6255999613744
1.30559063451782
1.28434503116736
1.32994325109393
1.15094137969781
1.21244730115961
1.10726176620992
1.22474749602759
1.06790819363973
1.13215480141349
1.21625850391874
1.22309949535065
1.1966037342915
1.10357349228377
1.08853815886602
1.02831290919224
1.01871807562727
1.00524731394426
1.00585927635874
1.00649590653338
1.00986352490753
1.01101074702581
1.00553608114821
1.00336255593249
1.00104485521979
1.00171955435228
1.01119397371142
1.01321642334388
1.02490012638254
1.01031874961739
1.00309489854971
1.00497774459261
1.0022817668914
1.00127232077888
1.00444144060553
1.00142429396867
1.0035805568436
1.00624238921151
1.01129913200667
1.02964214947832
1.05181915865018
1.05954860211975
1.0869694487274
1.25754758866334
1.50500198476622
1.29093539091901
1.69461219639834
1.72899374937243
1.6376332494884
1.77161561853543
1.98300598147582
2.21714564396866
2.07114616903273
2.19664010000528
2.23137671244397
2.3936935752137
2.41461525110384
2.37612733918316
2.46541753877642
2.41943717307173
2.41722077457606
2.40753950760015
2.26201188206738
2.4030513586902
2.40390022829626
2.3317870402483
2.25888900371307
2.24500502443705
2.13828563171101
2.12185165075221
1.98778332160981
2.02026921611177
1.93839550363324
1.64779322004578
1.70524430481422
1.43748449527182
1.35289074098424
1.77594225688759
1.96151600884707
1.45201305657597
1.18198717749706
1.05219475197865
1.02695798797978
1.03456433768669
1.0472498808362
1.02443340870772
1.02410499676333
1.01378986182063
1.00587051859183
1.00471098685403
1.00636041563124
1.00235276919456
1.00222314229277
1.00273872004608
1.0094676777436
1.00384075631443
1.00131206479512
1.00314704175094
1.00312454160345
1.00342456008881
1.00491023871831
1.02474354410462
1.06670197023777
1.04829382412624
1.07869585422976
1.08860781980074
1.0557508155526
1.06331814275851
1.04747142145886
1.11255750288515
1.06647437176749
1.1693389881579
1.16581756736154
1.66861318194704
1.72851997043606
1.56698776537722
1.53494808959614
1.56161184056404
1.51912783426988
1.431107021684
