1.5388
1.5422381266216
1.52700028331192
1.50684014817371
1.58357370093024
1.58335291184986
1.58134252619847
1.93814521950067
1.94276184923811
2.28540019460064
2.17918918543201
1.97267320127748
2.07704546152326
2.18902515497145
2.2433530882875
2.16974312673826
2.40176693834554
2.46101359121828
2.4614904021585
2.33434676190838
2.38573640510368
2.42934888201621
2.41744668276908
2.39667223962636
2.40018118262839
2.475995503225
2.4717952154461
2.47249012508376
2.49294319242549
2.49753891324705
2.49640433089698
2.49812213498488
2.49883197775707
2.49946896512763
2.4982281165604
2.49766522978629
2.49889323767592
2.49954437168288
2.49940635462824
2.49861292291088
2.49696817991855
2.49281551742223
2.48673865526626
2.48044754085054
2.49166203356339
2.48861124521485
2.48394913942647
2.4803013799874
2.45800994686176
2.45598131385363
2.47208512841055
2.44421549955486
2.44067269233177
2.46806410076628
2.45614495817808
2.39783133357064
2.27852888180107
2.3806871065804
2.42516703402197
2.40190345021229
2.0885968899208
1.75028601845989
1.82043725480219
2.19311663346386
1.77900779336103
2.28237080750866
2.22270955480202
2.12883537377321
2.18947491680759
2.11991480499648
1.68155021490685
1.36809145882781
1.35740366923035
1.49935709344165
1.68222807423763
2.11160165370769
2.25822738285031
2.31425684455879
2.18354978113484
2.1715474307086
2.11305752966962
2.22984592527451
2.27405290031577
2.30905794684058
1.9274019288386
1.41235766026184
1.27752216578309
1.47480644735503
1.44651441569754
1.77690334822083
1.76113300404678
1.29870332722314
1.71433634056831
2.03397275905234
2.18707964802394
2.38218243694398
2.32754696982916
2.14093891653558
2.19020604611329
2.04603746895719
1.9630071661907
2.28717826332921
2.31255187331892
2.13765305639859
2.1805288499157
2.1291700738634
1.98849655652829
1.82761185623534
1.91184028760886
1.86057944593712
1.95733757591753
1.91547434174013
1.93471492955973
1.98527909656784
1.94003611321799
2.30317315632078
2.32991280548752
2.4393803542308
2.45883915683165
2.42664364266931
2.44614336178586
2.40090021651428
2.35211964890924
2.46354379003382
2.47745173261735
2.48499209652752
2.48504840661973
2.47356734607468
2.49212976545696
2.49609497191191
2.49650693128579
2.48938443038694
2.49498237006938
2.49358704025725
2.49749802796145
2.49752821289307
2.49837171664323
2.49890651363507
2.49882597834651
2.49848900447543
2.49777616477116
2.4976621794441
2.49339395193955
2.49758864020265
2.49887404282979
2.49787088749825
2.49880324851085
2.49829214322322
2.49633425212261
2.49531067756553
2.49788160957072
2.49534528123922
2.49826695264123
2.49521316913782
2.49637623578807
2.49595518648083
2.49623297287003
2.49827705869911
2.49969696439668
2.49970240997693
2.49918782676702
2.49938246643475
2.49957371420544
2.49944088438711
2.49930508565518
2.49949394851256
2.49972809374209
2.49949440823278
2.49969053408079
2.49966055380066
2.49970549795847
2.49978826433872
2.499714937154
2.49989399019924
2.49986405905505
2.49952824209643
2.49963578470056
2.49930359886518
2.49821414967807
2.4970156982472
2.49675817008581
2.49716802227392
2.49602777065548
2.49110388875036
2.49475941022208
2.49585553786693
2.495882597992
2.49338717830746
2.49694684279177
2.49879728340617
2.49877088712543
2.49854245075238
2.4995160494339
2.49968300375575
2.49956672162142
2.49884525765754
2.49869220783985
2.49921375783139
2.49785476762371
2.49395360842858
