1.0001
1.00025085235651
1.00041874604241
1.00117588573688
1.00570380033802
1.00585303067212
1.01193155847304
1.01871538462261
1.00773305795716
1.01372973901079
1.0029157905047
1.00575018917146
1.01538421580768
1.02136993604349
1.01438881165132
1.02549534332597
1.03112978153979
1.02751239624128
1.01705891595661
1.03222632047066
1.01314457151533
1.02613068707142
1.0079920435839
1.02037765680839
1.01948999069888
1.01241766680381
1.01135675216532
1.00502004256848
1.00650229937253
1.01948238859391
1.02045489276972
1.09153893367646
1.13043436117002
1.06505749364951
1.09027813765845
1.07935414781602
1.16930718722608
1.08622244026688
1.07610712630288
1.08128993236847
1.2550515592464
1.41983256368997
1.60745444432995
1.46353950366635
1.18208549489446
1.07139553085972
1.04661929966266
1.01260156359859
1.01544272495119
1.02088129584762
1.00441120915235
1.00395519715828
1.00652340774841
1.01679368616934
1.01155037393259
1.03016481377226
1.03185033977094
1.0193965697827
1.01341254210375
1.03736365856256
1.03151044302607
1.01130326694327
1.00856708721779
1.0351818215589
1.03977139903597
1.01537410056031
1.019032702465
1.00456826410296
1.0060081523578
1.00665319408859
1.01400892116328
1.01501613944414
1.0285615894652
1.03583605393873
1.07556277937105
1.07454318631708
1.099041722654
1.07449523159126
1.19001946975933
1.13520164911198
1.3632418626982
1.35631511834274
1.16045192541966
1.61855397580143
1.37592955780869
1.52574429250698
1.37577578156227
1.53706582115259
1.80451614138227
1.52183517047201
1.61542211063247
1.65974900540276
1.55082558810598
1.79384603091686
2.25294203645627
2.21279986827656
2.25175816369786
2.31552683801892
2.45700415879248
2.46142112717613
2.48702482069152
2.47560240432199
2.4715878879877
2.46837824418896
2.46050857249936
2.44223462585387
2.35062697885203
2.38919117667207
2.46544335935454
2.43480409416317
2.41016727027782
2.45881270314807
2.42928600564063
2.38724990217168
2.25939683372387
2.26228907955895
2.12513919583642
1.85557287912492
1.68480386556902
1.6185419027259
1.6107623077193
1.7985540388209
1.95514756685959
1.82749085994435
2.05799186138572
1.88685971189145
2.2199802452703
1.73313427232081
1.79061426208366
1.73912295547643
1.78497912102696
1.55123504004851
2.02203510573094
2.04063160112287
1.9895118977409
2.02258360347685
1.99575255543467
2.07531968338409
1.65353679362573
1.55251872304426
1.71589673941605
1.27354711149339
1.59249851689307
1.7537396488857
1.65884300841799
1.40543823970424
1.07662025642609
1.02623489710724
1.04591069121167
1.0704853620958
1.10482674398387
1.18287654725976
1.05681210945416
1.0208777033535
1.0342271031157
1.03222597779608
1.02449695976488
1.02746210354113
1.03939189587445
1.11302436160688
1.05100736437265
1.03366774019775
1.03731188542079
1.03522746202798
1.03594959308753
1.03117855975389
1.12049794402287
1.08780711357063
1.24054428254017
1.20031167745428
1.24561109072967
1.21938302147071
1.34792125030709
1.61721290985419
1.72050743648256
1.85612623455244
2.27876756570158
2.36388214062448
2.34542905202501
2.44372105954741
2.47465371692953
2.42277346674428
2.37279140997522
2.46721306635253
2.45983884793661
2.45849532041633
2.47098658182633
2.48836805496819
2.47880940954642
2.48042605768003
2.46978489208683
2.45550342730777
2.43442782769014
2.39705067756054
2.46302194933377
2.41447231077301
2.43686708278969
2.46601801660518
2.44475692565985
2.44377416809707
