1.0001
1.00008288749063
1.00027059106542
1.00033621787743
1.00018830790977
1.00017771378198
1.00016647596492
1.00008105200289
1.00012107722124
1.00009093125237
1.00008977995047
1.00045751505649
1.00014702819282
1.00013012692727
1.00052256250538
1.00007104925331
1.00006762018183
1.0000440029043
1.00002644007514
1.00007145092429
1.00004503340929
1.00008682606961
1.00002366855608
1.00001960937314
1.00002245380812
1.00001819637073
1.00001439721556
1.00001755479829
1.00003761004768
1.00000692912477
1.00000212514445
1.00000064644126
1.00000033336771
1.00000021829684
1.00000019376514
1.00000032188251
1.00000014935635
1.00000009693816
1.00000003840813
1.00000004929696
1.00000002890137
1.0000000120711
1.00000001141113
1.00000002432776
1.00000002154252
1.00000002960959
1.00000003262074
1.00000007619185
1.0000000676009
1.00000006085101
1.00000005361988
1.0000000281267
1.00000004237722
1.00000005601003
1.00000001692745
1.00000001362526
1.00000002393438
1.00000001961302
1.00000001899941
1.00000005046922
1.00000006094661
1.00000004729425
1.00000000947796
1.00000002828151
1.00000018093639
1.00000026583789
1.00000025725484
1.00000082389645
1.00000370525966
1.00000283356678
1.00000119824311
1.00000203791746
1.00000507692418
1.0000216831662
1.00000991275538
1.00002086111283
1.00001475861002
1.00001376335729
1.00001094468044
1.00000289306417
1.00000593233597
1.00000099418812
1.00000108472991
1.0000009908556
1.00000032634793
1.00000016735608
1.00000027233125
1.00000029642868
1.00000032752339
1.00000046725647
1.00000081891375
1.0000025958282
1.0000030498533
1.00000118579438
1.00000106067347
1.00000022766727
1.00000088931663
1.00000079676071
1.00000054082436
1.00000076820657
1.00000049569004
1.0000011230374
1.00000110767279
1.00000359061394
1.00000177467643
1.00000301104913
1.00000274531086
1.000002936372
1.00000953658213
1.0000071181898
1.00003397806026
1.00001954530684
1.00001715940095
1.00002620370382
1.00001781390368
1.0000294129134
1.0000269437046
1.00018165460678
1.00014042026768
1.00072249431715
1.00138422713105
1.00133233487634
1.00037569445143
1.00030701604719
1.00082509515821
1.00085528349272
1.00079057813899
1.0009638408038
1.00038239806248
1.00047559341817
1.00030250680097
1.00005669904927
1.00001259702006
1.00001514108742
1.0000130316812
1.00000692746225
1.00001642214851
1.00000922538647
1.0000230985657
1.00002184664348
1.00002997742503
1.00003351073385
1.00008035059385
1.00005893340542
1.00006191302498
1.00001443406054
1.00002639095904
1.00003892065648
1.00005885221058
1.00018295341225
1.00012448794372
1.00027991029069
1.00013768200583
1.00016361815434
1.00051632318549
1.00049785293472
1.00102934504802
1.00089776558693
1.00124628462778
1.00124772828505
1.00196734277245
1.00542348649692
1.00431213238973
1.00760146433081
1.00292629612407
1.00260194906631
1.00118199316382
1.0033515440684
1.00352126569387
1.00376351354486
1.00672706013624
1.00328252520209
1.00275113007867
1.00553749072583
1.013208796602
1.0120400129484
1.00766656715734
1.02434877991267
1.05621996237326
1.07297936781779
1.13843576802322
1.42353984753499
1.13131768923054
1.51725192572665
2.0302664834933
1.75616011657474
2.29867182956849
2.29673376727619
2.16512018713706
2.15991386175071
1.77699193798145
2.04638650700309
1.97768995419526
2.01698467789412
1.77019332565469
2.27797649645498
2.4474436531736
2.47866091677269
2.41385519837668
2.4079464690503
