1.577
1.52359154645021
1.58134386807796
1.84598493431806
1.83199242477054
2.09433403306428
1.90145756026224
1.7233178273855
1.97473787260912
2.21638787190037
1.81475043604391
1.60901849880596
1.21107726071793
1.27164917367984
1.20075497802317
1.31160494297582
1.15749512143017
1.49688298291832
1.78258317888141
1.80259090914493
1.53491871461485
1.76376166351386
1.74594622126258
1.93009396152699
1.96376676118756
1.97935585718545
1.81621351805646
2.15343196303128
1.76034282365609
2.1801349157263
1.69646079991823
1.68188374908756
1.2194202080097
1.18454095625465
1.2915273583726
1.3606683148853
1.1009620448011
1.35410908054796
1.58089331974145
1.54382191462074
1.30909944883478
1.23005796145733
1.16567150942734
1.04412910209137
1.0919694710794
1.10242790934774
1.36580446709891
1.4384811858689
1.12090040400997
1.10618045562621
1.18967742152083
1.14215009515706
1.25871785097834
1.25826994958538
1.21145024860275
1.1476711305552
1.12866206226378
1.27694509101615
1.30847266464076
1.25343586191134
1.20804622535327
1.24257990897065
1.38653388612546
1.225447679163
1.16892365493755
1.16575730585478
1.21444842872535
1.13705968763707
1.18711626700598
1.17179939731448
1.16252535942314
1.05819453865912
1.06382835877895
1.08119298255284
1.19536706626564
1.56443563671834
1.50381410364783
1.34046837162557
1.4663089812032
1.50015459519572
1.5134726949419
1.38864526029072
1.71056155958575
1.88816568540135
1.77868695833607
1.91290749536246
1.49599286938713
1.23120600259656
1.17975632318209
1.28467733111198
1.3015157179644
1.38550116045093
1.53104392669557
1.13385703686465
1.17302253012881
1.06342930273972
1.03034336118672
1.02254670223923
1.03140658494982
1.02400821028592
1.03467118839249
1.03597980198968
1.0660143225781
1.08833533157193
1.08184190140001
1.02121185738096
1.01363992573124
1.00930721947276
1.01221367111626
1.03640488370452
1.06815530236845
1.05887069323
1.1633426852591
1.4374153163126
1.37991348843759
1.40546543954074
1.38050258578833
1.2991359316244
1.64746214582116
2.24746813437481
2.13680888227471
1.53578693759116
1.53043671021544
1.49962576182017
1.55126678034098
1.54190600563585
1.24555070980435
1.31413274594171
1.15629742124984
1.25313534479537
1.75983284395009
1.89855922177443
1.95743898162746
1.94878247079764
1.4739241066484
1.81800063129532
1.78288661495638
1.43477784500195
1.58885262512438
1.2144784866049
1.7378854687527
2.15532253949444
1.73435371722067
2.1837126312745
2.16349597603198
2.08508595217282
2.41839445738157
2.39331608056389
2.12698262370688
2.14347980577859
2.15592014187291
2.360148206842
2.37497982745894
2.39138594317389
2.24389120321324
1.6794206037871
1.26628760089056
1.43300537278346
1.27975802143676
1.29071049658587
1.31535913360333
1.16553188884163
1.09323321538349
1.05122874547273
1.04246272992217
1.05770280609331
1.01661496811196
1.00822550100278
1.00659974456981
1.00206479433268
1.0009285722086
1.00021248808164
1.00018987248695
1.00004112710522
1.00003768539752
1.00001362195774
1.00000917273176
1.00000954670152
1.00000926019795
1.00000343468296
1.00000101971713
1.00000082208862
1.00000170031295
1.00000582022602
1.00001141305578
1.0000123391295
1.00000833840357
1.00003475622299
1.00011086717324
1.00012283607075
1.00002630662849
1.0000298861893
1.0000318142119
1.0000224621088
1.00004439147534
1.00003827586403
1.00005152716152
1.00005691001982
1.00005799174993
1.00002213270563
