1.0001
1.00010988096365
1.00013041995395
1.00012466720251
1.00013068810678
1.00003887848271
1.00002613949054
1.00000797301569
1.00000466716301
1.00000092105816
1.00000053397008
1.00000070515945
1.00000040779305
1.00000044238249
1.00000050932704
1.00000041665689
1.00000020831885
1.00000004972383
1.00000001468223
1.00000001486113
1.00000000794189
1.00000002096011
1.00000000899578
1.00000001036287
1.00000000328211
1.00000000355929
1.00000000404665
1.00000000120786
1.00000000139963
1.00000000081998
1.00000000183557
1.00000000580553
1.00000000780595
1.00000001676262
1.00000000569056
1.00000000587142
1.0000000154203
1.00000001062958
1.00000004623011
1.00000001805066
1.00000001890663
1.00000001519375
1.0000000203672
1.00000001996667
1.00000002702439
1.0000000373413
1.00000003807859
1.00000002683467
1.0000000306505
1.00000001888619
1.00000002704073
1.00000001160311
1.00000000757421
1.00000000994277
1.0000000105574
1.00000001203939
1.00000000598252
1.00000000380952
1.00000000454694
1.00000000314809
1.0000000061078
1.00000001127715
1.00000003285163
1.00000001430041
1.00000004666805
1.00000003334981
1.00000004794603
1.00000008098976
1.00000017493058
1.00000006224379
1.00000016133501
1.00000011892576
1.00000019489492
1.00000042454731
1.00000030213545
1.00000029059715
1.00000043107371
1.00000069401602
1.00000152813803
1.00000733050845
1.00000310677459
1.00000212213292
1.00000252816326
1.00000095064959
1.0000033584534
1.00000845775333
1.00000404405222
1.00000277694679
1.00000131046708
1.00000263242823
1.0000046246525
1.00000769230369
1.00000224166659
1.00000428494735
1.00000182382903
1.00000223769865
1.00000594206209
1.0000049314156
1.00000825591219
1.00001399428572
1.00000987261029
1.00000301525665
1.0000034265537
1.00000416343428
1.00000148009686
1.00000041672599
1.00000053527577
1.00000290827151
1.00000292500809
1.00001418849312
1.00004317199541
1.00006294899482
1.00007307691481
1.00001238897156
1.00001057852798
1.00002846214874
1.00001525855226
1.00002197903216
1.0000150721047
1.00004538734449
1.00005280888544
1.0000408892017
1.00009583553669
1.00011565713174
1.00005980120136
1.0000127999124
1.00002726355888
1.00001000029708
1.00000281287202
1.00000296981883
1.00000085544442
1.00000143444679
1.00000392959125
1.00000212946397
1.00001330004592
1.00000801429644
1.00000197150367
1.00000285015453
1.00000479034856
1.00000831524341
1.00000340025971
1.00000143349708
1.00000370331853
1.00000727815638
1.00001226010279
1.00001108539436
1.00005271564218
1.00011465074045
1.00008842827218
1.00004209058649
1.00006968363432
1.00007934528629
1.00004204782801
1.00007588407869
1.0000653611906
1.00006622397287
1.000069824173
1.00001985767818
1.00001733622553
1.00000356267588
1.00000600539233
1.00000181621038
1.00000404050195
1.00000241425172
1.00000542055427
1.00000785663834
1.00002119057817
1.00001773126724
1.00000980242129
1.00000295175216
1.00000385942147
1.00001354092811
1.00001266712448
1.00005163740868
1.00001158540671
1.00001300322414
1.00001300530161
1.0000302460042
1.00011746153628
1.00028967006336
1.00067788297391
1.00054667502575
1.00036329141554
1.00065493179711
1.0008032749968
1.00087813904433
1.00296292847556
1.00197610219994
1.00113660876859
1.00340133577691
1.00597445668256
1.01085788778922
1.02760094906049
1.01039635867744
1.00414110349302
1.00175564138948
1.00320254714173
1.01024871271058
1.05606673234393
1.10279097531838
