1.1455
1.14162934113835
1.1521233657886
1.15227595051323
1.28902758103689
1.60257006954111
1.72606079222541
1.49346559801504
1.3508292834721
1.41764434052901
1.57262418266162
1.76229543722342
1.47598983498237
1.21922011313304
1.18647674303176
1.07459975296738
1.28884933208558
1.62651277424815
1.50734583069838
1.87123274794391
2.05408069947575
1.82125197886772
1.82763711443684
2.2118896275054
1.74446195973392
1.7345016912593
1.60885470306064
1.92903239474037
1.85567422642961
2.23091587181224
2.0734519709161
1.87028212067609
1.81491338998841
1.61526956873745
1.71595271658522
1.72503677133338
1.81709507229874
1.98141008016848
2.05017488458756
1.74631261996955
1.66982545821281
1.75093271288092
1.73408897807702
1.80572854634015
1.80156074172885
1.84267723955404
1.45504746090517
1.88660214859439
1.85362940030419
1.51365695658466
1.41112717684851
1.60940966200466
1.19166244691208
1.17642556577244
1.25800668910826
1.4066724644975
1.22346095528593
1.26223510726256
1.31417046925165
1.22363452388635
1.30612589600672
1.37079931054285
1.5876561369717
1.75487371600179
1.47106608496966
1.35396272045786
1.36162943062542
1.10915166012324
1.31974417927875
1.2015256657936
1.07857515387651
1.11508931456844
1.10884617639158
1.11165080251739
1.1162790733745
1.172203975587
1.22490153429796
1.40381727831075
1.43895311461473
1.42690455877234
1.35773148381659
1.40629988534604
1.5349696776519
1.57057120759918
1.90601929276226
1.38870980190296
1.82571549314933
2.04287925412701
2.08958865078498
1.93904141617207
1.83699244724547
1.9262742828869
1.67066669722756
1.81300656021811
1.65125384324245
1.70227991349035
2.08915342149823
1.83544939370679
1.90222337897661
2.31597495651353
2.34686764146452
2.31403469717693
2.24585015397863
2.28275729227095
2.43154932341232
2.42601774772984
2.4272295761399
2.43980527645958
2.42085081659937
2.35236648202416
2.45219694849005
2.48031048803728
2.48831641068844
2.49142543858021
2.49785353822325
2.49914362934322
2.49812541877211
2.49919265469932
2.49970837152278
2.49983248251128
2.49989351382901
2.49993312157287
2.49994781259756
2.49994767801389
2.49979515154157
2.499838501274
2.49987540736615
2.4998733667038
2.49967425889556
2.49881873364663
2.49957503010156
2.49947861645419
2.49870826469329
2.49878938578838
2.49671089221442
2.4909636827902
2.4867822286503
2.49329623167787
2.49568587952779
2.49612130711004
2.49742645485828
2.49895510630181
2.49885688428766
2.49785113788071
2.4943650237609
2.49008354465267
2.48936330751786
2.49698945064104
2.49405883966301
2.49616892354788
2.49770465874412
2.49773809815936
2.49339916733927
2.49400516181853
2.49396172963596
2.49300228883163
2.49103693482608
2.44847402086089
2.45300868465636
2.42778741764207
2.45579727703865
2.44275261518041
2.48485904385585
2.47740277366739
2.46047879868636
2.47214368019084
2.45821799463618
2.48823689794262
2.48998322392454
2.49433515360752
2.4973355349942
2.49936577777079
2.49983275017073
2.49986961954821
2.49986924393175
2.49974188383558
2.4998236586219
2.49975874070459
2.49979958404547
2.4998687584337
2.49980351195399
2.49983729127237
2.49983513329571
2.4997736801748
2.49970535934047
2.498310046979
2.49838048553735
2.49743778851
2.4977323003548
2.49695398264339
2.49617655494682
2.4975799453453
2.49399051852036
2.49095875833238
2.49116551273175
2.48509930681861
2.48231545888123
2.45299460982236
2.38070516082808
2.3720611999343
