1.2008
1.29763857813875
1.13465531542204
1.07970830646709
1.06034646031898
1.06655074459307
1.0351279576497
1.0890699079143
1.05324785490547
1.06483729473288
1.29580608224637
1.29569231361706
1.2628059363066
1.38192190066507
1.36077293731743
1.58435141503911
1.54796306382455
1.42378907347198
1.29481998327479
1.33089421081222
1.35938223927684
1.17178391179809
1.33631576226225
1.17507739540317
1.27614664159128
1.26719568673589
1.16572833933316
1.25252926013781
1.28333745641156
1.28900415370546
1.07801087727054
1.14275544971033
1.29368258773659
1.27130017176522
1.40167097935687
1.49038395159452
1.17959947911397
1.0863183686265
1.09355028450616
1.1457667741702
1.08495926322834
1.02569894028256
1.01440884204903
1.01119804686866
1.03548037622171
1.04048258580973
1.06281936226659
1.07964955753466
1.05977080975754
1.05546082243178
1.02515846007755
1.02115924233909
1.01348341453369
1.03154786141975
1.03392653653119
1.06177516875223
1.2414436816249
1.15110559283205
1.03779411727071
1.01580114056956
1.00303643802431
1.00078568938452
1.00037408383902
1.00070130355025
1.0012310576736
1.00064078368994
1.00218393447572
1.00049565092339
1.00042912611246
1.00025074697373
1.00018367421112
1.00005941321071
1.00007101411001
1.00007326167467
1.00005504249175
1.00008945761838
1.00003505594332
1.00003929828026
1.00001845920147
1.00002783142376
1.0000241781759
1.0000094218119
1.00002485801168
1.00004745817094
1.00005897799286
1.00005461892912
1.0001312009904
1.00012862592069
1.00067933145324
1.00197631024549
1.00255371578503
1.00070242114012
1.00074913185281
1.00026226832276
1.00013029868651
1.00068382201933
1.00068110659682
1.00439329029328
1.0040709885119
1.0039208843337
1.00233690850034
1.00147111776002
1.00091711185939
1.00387689641378
1.00428263688068
1.00427806811193
1.00510389558886
1.01003360683486
1.00375153280751
1.0088125700009
1.02006797843986
1.01497705112807
1.01133980939197
1.02890623986539
1.06399974005591
1.12121600221547
1.1405680705571
1.26754664877381
1.7294910201263
1.7325719050079
1.49025455763537
1.52194172932508
1.58927689778166
1.94342749378792
1.61049619982462
1.25315878897198
1.11443108500072
1.05931473762746
1.11321532414279
1.26188519775836
1.06996213940534
1.05750782904712
1.05432403807788
1.09176010233233
1.12536334767247
1.21784368917299
1.11620951842916
1.02023383055845
1.02375658188746
1.02919648323844
1.03615477238386
1.05302932897554
1.03792195993795
1.03211054610401
1.03560076774065
1.01431232228693
1.01972754413778
1.02059460900812
1.02894919567837
1.04980544808056
1.08296031718507
1.05647471860395
1.0746328162368
1.07362594346268
1.30544324060656
1.48931178040734
1.46806632361684
1.40831195180646
1.51925569766836
1.24467540461842
1.37165877836731
1.35043590756539
1.1097503049431
1.09722009640593
1.06364149800554
1.01959553735698
1.04126687932567
1.01900440982809
1.05786241944123
1.040332584714
1.02219263198612
1.02823804374913
1.06259226403682
1.02107618710846
1.02584922889759
1.07745997295712
1.26607180941598
1.38779484305276
1.24217805463249
1.40103824299788
1.28179372213973
1.25933618898966
1.54099155457714
1.25556987154667
1.17396939097594
1.07442040150166
1.13787652827014
1.1068434937431
1.09840810087584
1.27544317740482
1.10560650666623
1.13337504908619
1.12616839280416
1.14574722910121
1.20303981892543
1.20038167683007
1.49178689900475
1.41807418905431
1.8049030738709
1.25994989714154
