1.0001
1.00008409643249
1.00008082189954
1.00016537803694
1.00027446256557
1.00020332600349
1.00008372003908
1.00002593093887
1.00004465275201
1.0000930179177
1.00007055547657
1.00011439678129
1.00010411976888
1.00009031968931
1.00020851887771
1.00019096316829
1.00025008323775
1.0000965431618
1.00011035200066
1.00007033744914
1.0000549749726
1.00020353460749
1.00011433022769
1.00011803027113
1.00026020398365
1.00067835961659
1.00027353785296
1.00032858720827
1.00024677849366
1.00006345222831
1.00002422645478
1.00007389652743
1.00009447884811
1.00006436900819
1.00010401526191
1.00004218762333
1.00003898745851
1.00005105158148
1.00004315000106
1.00011235029155
1.0001100507087
1.00003203694841
1.00002686342497
1.00003613308868
1.00017779884711
1.00018330595869
1.0001280123125
1.00011011910647
1.00010328673436
1.00017213607214
1.00006174254783
1.00001848260779
1.00000349070269
1.00000296519065
1.00001480301482
1.00002797172912
1.00002053467197
1.00001563319933
1.00001452277473
1.00002400241633
1.00002310869149
1.00002827663418
1.00001356756985
1.00003610853332
1.000073609506
1.00002947612773
1.0000157728768
1.00002876167
1.00003414955843
1.00001751885978
1.00001960004123
1.0000910127033
1.00005587074587
1.00008057975507
1.00022419703623
1.00024396436172
1.00011295161542
1.00073406760709
1.00029834599624
1.00043308974435
1.00040685532022
1.00059835337126
1.00026849706907
1.00015035830743
1.00039457180318
1.00216170330415
1.00543678381003
1.00349775622735
1.00200968457533
1.01021674528235
1.00594872512679
1.00383451173904
1.00279101830846
1.00363301402523
1.0179503437056
1.00944797096894
1.01231499436612
1.00367223214175
1.0052465313615
1.01014518789213
1.00581625313344
1.00533963086446
1.01617125423757
1.07743497186316
1.02802393746248
1.0119517720669
1.01177155128166
1.00366826048494
1.00079848818396
1.00046970359483
1.00056462650463
1.00015995224477
1.00008099871548
1.00002128604309
1.00004224582876
1.00003273871476
1.00002426370885
1.00002889504763
1.00002463689741
1.00002000322463
1.00004307446886
1.00002324926177
1.00004685477098
1.00009106441033
1.00001919700776
1.00001417789744
1.00000598177437
1.00000556102877
1.00001211159767
1.00000840654389
1.00001076518483
1.00000286340867
1.00000170236704
1.00000035905099
1.00000068119845
1.0000005774687
1.00000054661149
1.00000049222174
1.00000014312686
1.00000011601457
1.00000025891826
1.00000022913378
1.00000020475178
1.00000029112536
1.00000016131008
1.00000024023968
1.0000007733104
1.00000051371502
1.00000018584376
1.00000038814949
1.00000018297106
1.00000018191696
1.00000010177489
1.0000001116321
1.00000011390203
1.00000002652677
1.00000000986988
1.00000002298642
1.00000003976345
1.00000002687462
1.00000002441129
1.00000005209551
1.00000002003811
1.00000000983646
1.00000001886208
1.00000000669018
1.00000001651767
1.00000003682024
1.00000004163506
1.00000002910316
1.0000000438031
1.00000003542244
1.00000011230831
1.00000011160634
1.0000000868193
1.00000003750992
1.00000003584437
1.00000001870879
1.00000001423619
1.00000000887044
1.00000000584903
1.0000000057177
1.00000001398617
1.00000000959041
1.00000003458946
1.00000002044915
1.00000003445066
1.00000006192868
1.00000009028296
1.00000005933096
1.00000004070229
1.00000009004378
1.00000009760533
1.00000018905896
1.0000002258114
1.00000033616981
1.00000052457612
1.0000020578113
1.00000073687348
1.00000191516901
