6.17478966829367
6.18557642515988
6.09408162444101
6.74277270586419
6.06932319840164
6.39158721067614
6.23166527892127
7.5529304015786
8.66365392302447
8.40611074407961
7.92046015484202
8.12144774328119
8.66660944059624
8.45580399180402
7.92320477639006
7.63369321357711
7.9560025864195
7.36999930541393
5.80040709867504
5.6573479846259
6.21492534009885
8.1014384380494
8.6175620855931
8.71837962945196
8.15613803158087
8.5703144598035
8.00669871638718
6.06900889376671
5.92686133466842
7.98708820636893
8.38779521180005
7.94556151968684
6.9380108870394
7.50794870178778
6.55414599006657
6.8657993144795
8.09933336814844
7.42915362586409
6.39378434583687
6.76177138707194
7.42097429849618
6.89667222720866
7.92813666218941
6.6455420335713
6.54527663569446
6.46344591159701
6.13326853283422
7.31628113544818
7.19587932771383
6.37369268429115
8.15027783099187
5.94824041520446
6.69570086866353
6.43955627862444
6.0815417523559
6.19080727335458
5.63022665180092
5.68633668878404
5.58843081159016
6.42741461822456
7.34464512274242
8.68927970494142
8.65085558434276
8.63416207141532
6.41996415570827
6.11616235662682
5.94780490042175
6.83093303246741
6.60412239425765
6.5512214780021
5.74655005588329
7.57732822190238
7.12117027407596
6.77065383979274
7.31490758445003
8.51986454810836
8.13909910285845
7.41127281722881
8.35248560074946
7.23545381531212
8.60200009573598
8.17454732225015
8.33003056693684
8.79251083402657
7.54332277394159
7.87839154595131
8.10360810485291
6.95349253544931
6.17528416358271
5.65568222053518
6.14573158865594
5.57306990906887
6.29257004735846
5.97294167471084
6.67980010520936
6.86457707653429
7.68151274385491
7.69762136467294
8.14249310059176
8.07901977255275
7.88634542257224
8.17729438387751
7.50553183929157
6.53507337175011
5.50951656686534
5.66069584491349
5.68994279785138
5.51336382864378
6.79670074864781
5.8959666348769
7.72008955924272
5.96767595623335
6.32177078343732
7.30309569724109
7.93668406289154
8.77489426388781
8.27323258634158
8.3192499232818
7.97392455374907
7.925564107811
7.86409567727754
6.94379667121181
7.0879546436207
6.96180588508435
7.48780499645026
8.09228990597649
8.2504125832222
8.17971995407599
8.15437888151947
7.58393369544866
7.93813813096453
8.27037514415453
7.11454893530621
6.59566743842734
5.58014553335054
6.23447416509783
6.23172783548961
5.89230917343192
6.67168389380119
7.65830067659858
7.64933461147141
5.95705036333219
6.36679274862393
6.08015748695023
6.39338259165659
6.40006689234028
5.72998359624594
5.54620396131627
5.84672346084493
6.44908363769877
5.50790126910808
8.0239410709442
7.30022745185257
6.21780375252658
6.70986038100998
7.1016965778678
7.79860954521737
7.06959516707562
7.05184954455257
7.78369506800233
8.04014941034771
7.96968969807571
7.95573609561391
8.22066068280859
7.82901074595122
8.48193890179471
8.77791188118152
8.11595092808555
8.30199332737449
6.90394064687519
6.23525965506615
5.58291702587115
5.84856601166274
6.43628377341443
7.0637674650627
6.53767896394087
7.36997656817522
7.26128759594381
6.13672512169401
8.50838217097739
8.5718420142865
8.10182118722502
8.08295282810453
7.39939055883474
7.77269483012029
8.57313603853903
7.78616552534377
7.68071074540877
7.48207587125648
7.36738557105191
7.44760257093897
7.20334873761969
5.53550361546387
6.09166927996054
8.02722127285841
7.5646555835875
8.29174613897522
6.56634207289614
6.64673761769528
6.74671378252335
