6.60858687795699
6.73065959335537
7.35559155814856
7.22408764139791
7.40598115522163
8.71428862310888
8.46202757748503
8.36734758299993
8.65464335319252
8.66830737933703
8.7673124635423
8.69375003784563
6.80527274724109
8.37758161639003
8.38064509060875
8.70905857223898
8.10272995535342
7.77285394687678
7.3011200109981
7.47222252623356
6.63387166111033
8.73687387700593
7.83158274304115
7.69665606726813
7.78365114235763
8.38813250620478
7.84906859940524
6.31039844052243
6.17506425000426
7.09306630526368
8.33447867370465
5.51159610854821
5.65170096303201
5.8712426399633
5.97849255245204
5.72021551047529
5.98451512636782
5.67467247951426
5.58958697782184
6.55898835547634
7.25487636833388
8.08299378870029
7.97661141276531
7.79618661074668
6.25264467150811
7.10123310829211
6.42056633732963
6.7013064056384
6.34137624095097
6.54667091488977
5.88310585098879
6.49244274687541
8.55859374509377
8.74969051864797
8.18718986354184
7.68745181791177
8.23343536695647
7.61159421737158
6.96372235007255
7.66317024044804
7.27732178936339
6.79232965567994
7.17292258682017
6.76196655889323
6.89378489473318
6.38462791744078
6.56411541980726
5.96012958123797
5.61681937712
6.25272227071809
6.60022832512913
8.05804198514309
8.4018529161609
8.64103124540143
8.4096716266501
8.63583269929507
7.96046755716017
8.16862483512566
8.64163925269575
7.69995374179086
8.0419894529017
8.56830930060232
8.22007631605947
8.10538307626309
8.48640890520455
8.48999597825738
7.90165940118969
7.54662046649447
6.79838784758279
5.51657485565059
6.04073307655997
8.49942800117894
6.63933444134197
7.28223936827821
8.148336027162
7.91280236379252
7.85742534794854
8.33587954252503
8.22539932596042
8.56435890801993
8.47497007334557
7.9552910408665
7.69138860297295
7.42261714381133
7.72871399555412
7.87641113955822
6.11521594581488
6.09621917146474
7.60894139522903
7.55711026206441
7.74486059527959
8.70238831130698
8.22175659666561
5.77135106067896
5.63065511526003
6.5319812577178
6.66046474164575
7.23326647113607
5.51467618240199
6.18902472089597
6.44517018246288
7.80451479183272
8.58412399312245
8.48745888686503
8.53879438910144
7.95465011870057
7.78190128969528
8.34157147187308
8.33713609552964
8.54493816717789
6.78656896908728
5.58295432067131
5.99072747551599
5.6013020267969
5.57528459054548
5.52169712842413
5.68363054912057
7.01475186976745
7.83986648362885
8.06550833454198
8.26165023666649
7.12296105175051
8.51563022610237
7.94475164830858
7.54999431853928
6.79667336214283
8.56948238825567
8.60380015159029
8.47841763464754
8.67805191314322
8.31699963497722
8.70900102107237
7.65834167775816
7.40617128703019
8.17700658626396
7.66729652001064
8.19866041991875
8.04322739517332
7.22541287624293
6.83662396423757
7.19033961454624
7.22858340980126
8.77175292637297
8.64865044361239
8.24160203863338
8.19633954638147
8.43939030772048
8.27059236489405
7.2853343465371
6.55234708181131
6.88230203440837
7.36871761108413
8.59207382713854
6.80246477583957
7.50430876576774
8.48226946267841
8.69747878841288
8.40237590693423
6.71225175114074
8.11161428971269
7.74964335558079
7.65862784759505
8.00844525543188
8.34971970420027
6.4213696972716
6.28121078666215
8.03396199443819
6.43023774940749
7.50940091993341
7.00113021394492
8.50859957286125
8.15522152985281
8.36766449782221
8.60948259795119
7.0654384480228
6.81174412394632
8.3806660224179
8.38780302794085
7.75545734682492
7.51712211687069
