6.18222365602851
6.3745984861486
6.31247092351382
6.65164440579147
8.5470999665748
8.16099387468876
6.17913703348984
6.3128963226983
6.04452840966019
5.66475803945489
5.55402259716125
5.53438027279648
5.57916678051653
6.96771476596959
7.10700814658626
5.94491422839391
7.39255285621336
6.96973017290106
5.95203875453417
5.63659779670385
6.69724778477553
5.9387019518094
6.00966596945951
7.42076599442463
7.64462573624279
8.39482040048285
8.71665508575491
8.73003874569379
8.15545448068157
8.75873093807897
8.2152721142639
7.82723912441107
6.60162136917215
6.74039882709622
7.55489559843991
7.22506467351245
6.84093593503706
6.89032683453367
5.72188766242186
5.50089737979307
5.77115353916112
6.66221418282056
5.53487178278008
5.54574126632424
6.21229928484584
5.74255039054368
7.26797687736639
7.72273394445378
7.29770866234086
7.19551827104787
7.29434786929893
7.19046598426284
7.2055698844898
6.46399725817019
6.18969108474994
7.09113745655779
7.77780219167002
8.03321427398128
5.97131029335598
6.16875526517544
6.99413927559028
5.67684512659303
5.64790721999148
5.98195496498098
6.85288267192507
6.1039222737875
6.29217422761796
6.41480391004648
6.15134778519327
6.48437294181737
5.61814021970352
6.56210461552764
7.93245507213872
8.5969930232561
6.01337155466461
6.53783451906679
7.1631112592615
5.69202417903805
5.64583356589071
5.83426574510348
7.25943382328241
6.08783490761723
6.57472259518676
7.10738147972137
7.55571197502417
8.68288371787034
8.61614518557714
7.06329623191201
8.07171382703052
7.548374506598
7.00939070231156
6.8015804196967
6.79762811797752
6.06774156809128
5.60193416201883
6.13473938171609
5.71364655804985
5.5087363250839
5.66135707084559
5.54891788229477
6.03861263591447
6.09284272886251
6.86699286038328
7.44373078088294
7.36708863273272
7.42608481209672
8.21375584538973
7.84336431218624
6.57534978680145
7.88466065919792
6.05360221101737
5.64100744889
6.52900392914282
6.66840689853602
6.33013660563868
7.00513000414806
6.97738531476193
5.72462330097055
6.13932080896664
6.02876227325362
6.43194170423874
5.71844853447326
5.76386395123004
5.55086727660484
6.26273262959521
5.83370366236598
6.50968279304534
6.80366647607016
6.60047587722695
6.41463735935384
6.28010246015406
6.85243995939928
7.02908382770932
6.68011511962413
7.09858846826376
8.0460919976229
8.02557238715336
7.86080309430236
8.61853233653052
8.77342784086793
8.3661851659867
8.29076281745614
8.33832088243541
8.52473869537425
7.73555801252751
8.12802732102978
8.2421740669221
8.73836606167197
7.75118235813166
7.71043231253199
7.97949201314973
8.5329976607932
8.68265901005108
8.5953696785446
8.75480861050135
7.69969502850055
8.27561317374549
8.36972750783799
7.24711231641192
8.3238268068562
8.15642188717165
8.38266727825043
7.7462146481849
7.47228374247022
8.4180559526036
8.59627907038634
8.54186680537611
8.61458244682794
6.78086967259643
6.79912069507305
6.69334222184571
8.53798360533456
6.9042273615759
6.83248203190383
7.75809127337639
8.03344296721675
7.22072075199117
6.46000356398304
6.58939590801349
6.67930523259329
7.93459345547396
8.11913545209519
8.39160919329612
8.35971768079494
8.58339823983548
7.7075280975401
6.66881057901741
6.72292366479212
7.73980386652536
6.38161163232657
8.2530355416611
7.62456376451383
8.21299961944424
8.06563698136595
6.265337212797
6.39556502306876
5.98444684123116
6.82766194712014
6.80397509447495
6.07477313864533
