5.56991239613853
7.29062898748784
7.9172464026103
8.49929609269785
7.90658462436939
7.05948838157264
6.44991570498051
5.58806593310058
5.6997866619769
6.54267761910201
5.98375463701925
6.20294316752019
5.97759954690257
6.13817542924875
6.98280979189674
5.79752718057257
5.75589550594573
6.4909727854962
5.62631566202194
6.63699678931819
6.50027680541477
6.69280600400022
8.05897894257579
7.22017269834922
8.18440026350249
8.54761915720422
8.06614439294352
7.67117328458047
7.59848695322909
6.63508856417649
5.83321488844825
6.22203017415009
5.84242517978741
6.24077330177781
6.86780846508087
5.59970504214248
5.75057679283801
6.6477919936811
7.50867056281008
8.11070080619529
7.89263881973756
6.60110647787476
6.39639819298537
6.91673317587772
7.27747787822609
6.41812997741374
7.07542758689274
7.2540767543903
7.5300349178841
6.78592356698183
8.27526373847162
6.97165855511885
6.47557871896323
5.95586329279727
6.39493413098928
6.55251773244725
8.75286997203914
8.57084624800685
8.0196955802929
8.22793027321241
8.44055089283048
7.57509531859626
7.79150366416648
5.74594485586024
5.65793665030661
5.51835160215672
6.22748269691957
5.5394847311296
5.86692924617483
6.16819648306609
5.50017068553016
7.22744054900203
6.4703291171945
7.17244822036171
6.38865822677304
5.5938949253499
6.19873898515751
5.80450738717653
7.17363905797564
7.72497837159634
7.38183425906444
6.6499902918409
5.77788826406838
6.64399685107184
6.58416366206494
7.01745996115652
5.61129864878036
5.80059324927456
5.73087554644169
5.66724263903584
5.94271437798649
6.91482213091127
5.89750376643202
6.96353165189625
5.704042913094
6.88626673957483
6.85531502023459
8.15861408560969
7.76839362467564
8.59039777359607
7.35728106915709
8.25873328278178
6.88172362923283
7.33287873450588
6.084057308049
5.75999935306059
5.51593439990947
5.8028894650491
6.19082504190927
7.56285448331962
6.67714845475693
6.30562273240004
6.73502057266582
8.37943360989908
6.52680712498671
8.46502458154468
8.55990952874872
8.10186094511145
5.83181686529715
7.22464141641679
7.67662714392387
8.37220173377559
8.44221962602042
7.90937958320496
7.56286426029501
7.54533259801016
7.85614593500931
7.62488363283449
8.36041453271783
8.71150239078206
6.13478178590096
6.78797704907839
7.06077535854667
5.77333642131663
6.40434805384281
6.41628447693968
5.90542131256513
6.47515345537272
8.38182794384927
8.50897921851638
7.64072085087133
8.61773436744511
8.20020654131188
8.27574406560306
6.09138279322612
6.02747483531987
5.57734334847286
5.52034580642966
5.69621709399103
6.28521504703751
6.17296202069803
6.87663409229381
7.94440448145429
7.65870458403957
8.56766866520358
8.77548630042787
8.65768662987904
6.2827006610751
6.43012521353999
5.87075498126677
6.210726150329
5.57887875286261
7.41831263128706
7.75565508173196
8.43905595762073
8.4612168452927
7.38767698016504
7.48864454201472
6.59726550374337
6.60293292688884
8.31973290249453
6.6138656245103
6.76826881109092
8.23122911676411
8.12460251459691
7.15480063441049
5.52547284421096
6.4726410522379
6.26498207862453
6.32919047166251
5.64470371886262
6.15160425458454
7.24259248434203
6.37644470658192
7.61072034114106
7.89355864072489
6.92100267131933
6.53080677108921
7.36244689146516
7.87336753713426
7.27723762893372
6.39784961298363
7.13481658824974
6.89380630422579
7.32128050295358
8.33194543102677
7.99067425597992
7.51279429261539
5.87516646492417
6.71639385852154
