8.54403065738734
8.64146561804286
8.71223960015938
8.67599588323072
7.61744325701835
7.78182760533633
8.45126601764495
7.6629527470282
6.02217804833303
6.18328424386282
5.57252976296815
7.09716920993694
7.24333807543324
6.57813389502869
6.30341206526694
6.40096427216223
7.58764218949711
6.47544433959758
7.89216161390859
7.16769399115748
6.21496301460961
6.02725780731524
6.73400314824759
6.66276017890442
6.54969751461152
5.67903872373988
6.20826998929269
7.87046466529145
7.59179261333001
7.11116588097241
7.76198905425438
7.29976485391023
5.75675160713205
5.99412992246458
5.925066773975
6.01943137114333
6.78775920474569
5.63621990478613
6.18093603232373
5.98613110493019
8.45649909606285
8.69581732884549
8.03844563864797
6.23770171666709
8.55020421153453
7.20873757762287
8.65900952664788
8.68966313807499
8.22811984744077
8.44998040197571
8.3075574529199
8.79398953842715
8.58129760011252
7.76840542573791
7.18196144513839
8.35481934393234
7.80928781740984
6.75097154810716
5.90502428487282
8.06986347111281
6.83178239082425
8.47386606691699
7.48239614667347
6.4271176945602
8.14997978221157
8.07624103010628
8.17214393769261
8.47507513867543
8.7207094477714
8.15575902571733
8.21415147668403
8.70403925812475
8.5115089106383
8.72067027096197
7.91569352917458
5.99788866400804
8.62247215618367
7.75172641825302
8.20160396965087
8.09474568520539
7.36266189024483
6.72948826189408
6.09677720277635
7.30714378647708
8.33913644906231
8.78689181556001
8.52255436905957
7.39167784746346
6.99298217648568
8.78629566472848
8.66261358440183
7.52551834584979
5.99756880119249
5.85035329473747
7.01664208227824
6.69931633448771
7.12437153286242
8.04486169251554
6.25047889720444
6.22930689826736
6.68738538146362
7.96225098647731
7.80889752587794
6.70993664624404
5.9288450035278
5.76505549426326
5.51099222419794
6.67523445959571
7.18850123229961
8.0639608340512
8.43279560118899
8.7801439278649
6.92289853329346
6.53105713072718
6.15474946870001
7.42353059331419
8.2433013402442
7.91782302700574
7.08907963420979
7.74412776917934
6.3128768229186
6.1651649593228
7.4857214784102
6.25411960199555
5.68195352699687
8.3221246124812
8.37575900221076
8.42057910983397
8.79746692222758
8.4077836316587
8.68629007925696
6.88791576839453
6.69912296023503
6.23366466534358
6.65021223790845
7.01000639406865
8.52097461656311
8.39421457768265
8.49860059753064
7.74004641631383
7.03176436401267
8.17388687758328
7.77917326271759
8.03171084621752
6.58262998565183
7.06009096458665
8.49540853143149
8.19115637990706
7.77646361833204
8.40478714671974
8.12970147072394
8.07117511975746
6.42207808001752
6.91644004761755
6.00433760802377
6.20024634837064
5.62020086331873
5.57113361518218
5.87393308149953
6.93073279058926
6.43658804286611
7.23183705818031
6.79270715393528
7.76135371190431
8.3905546649659
7.95479096032404
8.73666663443422
6.97097629900902
7.04213182637056
5.50943463247886
5.56869457940245
7.73286844066864
8.27122673327475
8.78912506862593
7.95863242891591
8.45540242427672
7.54280221221904
7.29326077064752
7.08866066698238
7.03154339830756
6.11567038183825
6.58497024919218
8.08311989255048
6.306892828521
5.59715960132666
5.59083352670481
5.68845426676806
5.98940744837186
5.81627814033014
6.12923871565085
6.1589830033268
6.52717536156482
8.22354017041693
8.03095347523401
8.21740664047935
7.70735838666075
7.12940201448445
6.33650647890445
6.18347451349501
5.70279809382739
