6.53175804559141
7.67250252459495
8.68465740993932
8.62032866548233
8.11721745062887
8.78712873976534
7.44692881011758
7.20413390693173
7.63259671655101
8.66147773260351
8.59740427045385
8.4008940463985
8.57287432130164
8.51453340948874
8.45014249540003
8.70518079499783
8.46702569339849
6.45119853262881
6.50162920400583
6.48701339181413
6.06701309905836
8.40723636840274
5.94680240065763
5.96297572601677
5.64549007208517
5.85717168067957
5.86404258641985
5.69879598948092
5.86085965842435
7.90182706228187
7.69543247638416
7.73384822051112
7.91340153945371
5.99000542982101
6.53554342277534
5.77288699695096
8.21521410512132
8.42327608784885
8.44530794389264
8.04036741691324
8.27429475008781
6.87932975755344
8.67080377412634
8.71177347934801
8.22455014831302
8.41506401781142
8.39493614498023
7.49360140881416
8.45039639018996
7.68249145696936
7.87586292192307
7.51618766820707
7.41331940199917
8.23461885887706
6.93664292049566
6.99543150924226
6.67664444944727
8.20263460873849
7.92506133958231
8.43290767605437
7.37574884131006
7.09103365048917
6.90484632192873
7.11640054723247
6.9962841645649
7.88698309188379
7.01307633423303
8.17514700113853
8.08378044139107
7.16856532588376
7.04036156012507
7.71574418176602
7.6638477309137
8.59955124699174
8.74786840824073
8.48679635451824
8.1749740209412
7.98881871499868
7.35763255848595
7.72268160189904
8.08091658421965
6.28287546413037
6.56932088231841
6.25633771230899
6.11272867470731
5.57679721689558
5.65901958532204
7.89598055915102
8.58292996407465
8.13636172818445
8.25598407484767
8.40035358677199
7.67840197837981
6.2399594086196
6.43894588460254
5.78410470560462
5.67285123984778
5.65751182182965
6.45810289621141
7.63455748046995
7.31341306448751
8.60107766598293
6.63589376937334
6.00146853895373
5.82398451559675
8.40130973535088
8.3869232894717
8.40787314653892
6.64834532273839
7.46148539504944
6.99755202497332
7.53439463877976
7.83021212049588
8.58304874200086
7.80712975527227
8.79433116352589
6.67023993523731
6.83329192772987
6.87846042602803
5.54965450475682
7.10946005197598
5.51223714525375
6.24899426025716
7.55615393245095
8.65629170580764
8.24110924265622
7.56985678526554
7.44192796034252
6.14083071471123
7.80849970321963
8.79844778050364
8.13467871469778
6.9780758154003
8.5569934248201
7.77447088576354
6.83270218031432
7.25705671211656
7.36365651291178
7.68371651687815
6.84127432304292
7.55181970998598
6.86290019325902
7.2759147327046
8.77497499493215
8.52400521809687
8.03213590981575
8.40642159508847
7.02509204281384
7.40893731577548
7.5129990802076
7.25305988851711
8.489231548867
8.78138904979206
8.14521018955086
8.69559853641369
8.42125867291906
8.21456493046206
8.45331783278318
6.69410543760689
6.4273457604591
6.38431116478892
7.01617648562002
8.25347033109905
7.97742596980104
6.51466623224081
6.53406445350233
7.20738728395165
6.5444075502132
7.33588975692739
7.31824824395664
8.19575252075248
6.84479154836657
7.62467949371793
8.55538430453752
7.15396306708965
8.02105751329611
7.68825525142711
8.27441178006336
8.14899153668528
8.56278750640541
8.2802372111275
7.42299539599963
6.28533469119521
6.18975660837935
6.05404020238282
6.82783796147058
7.43585527261222
6.32986466278343
6.18858970960724
6.48204148513641
7.41721167817369
6.78567103203618
7.37589127583058
6.79750126495152
6.76464794454344
7.17246127594749
7.85485631819995
6.80984413715108
6.02046302482659
5.64751961357362
