8.34385685112793
7.98181843972851
7.91454172618147
7.99463034669983
8.77263336183489
8.78713680821714
7.77971386751151
7.4861195909818
8.4018891325092
7.28627052453672
7.03545995181259
7.37842741546194
7.65317111539627
7.54750937216675
7.08362578715351
6.07295394935951
6.80220652965719
6.74976241010501
6.49997357070561
6.3155192306177
5.87262760979856
5.84897306074885
6.6030198689196
7.65774186464211
8.27452787520234
7.13929491099191
6.19799354357319
6.31249398281857
8.10522880996636
8.19498033141986
7.58161274869386
8.02186652268316
7.36330109611247
5.67635744983596
5.74009017529535
5.7563860833832
6.09196465568059
6.76012890807936
6.68949176667201
6.73270955306792
8.0920290339012
7.43121289695223
6.74029312598839
6.27021892543157
6.20431602044631
5.59849014407391
7.24328274172043
8.00489678757471
8.34113417973016
7.4874808241472
8.24460737543798
6.69889001475333
7.01038489624837
6.94978184205083
6.34100550598239
6.55974762652961
6.26119846244303
6.79660438180105
7.05622988300883
5.78774203629718
5.83469297223242
6.01758230535512
6.31820465091845
6.4174085454365
5.6733775179058
5.80879572339163
5.74863625964575
5.90823090237005
6.19592936373236
5.76861227608003
6.10580060037987
6.72784176358389
6.29358049856143
8.34958392709138
8.77383871005492
8.64319593332461
7.0513506682964
7.09828886314548
6.05473359505898
7.68823220024423
7.6693912030444
8.56888966101292
7.8359835026979
7.76199716571962
5.94875253974704
8.2360910056649
7.65436371083841
7.5000280309429
7.71637972339183
8.2582360189477
8.29592689406423
8.23443177251935
6.38329721927931
6.94241667508527
6.51608285578868
8.18412246973828
8.02349510299062
7.89198744463936
6.55787498032022
8.12726385047007
6.91535044385715
6.26717884228633
6.33139544879328
6.11100554797465
5.55801746996608
5.59698361064407
6.17435461472046
6.6061995068182
5.5974129691246
5.70416561855766
5.69737428576901
6.09867800479147
7.46277621283894
7.50092400110094
6.42593510702313
5.98346974744522
7.74131184254833
8.49994702013035
8.30465046543015
7.73963479398356
7.79660244975965
8.544401746232
8.62757704414965
8.57041617235405
8.46318311942994
7.17032816537285
7.69181232856959
8.61773830683407
8.57612172205852
6.62985179955379
7.76158908675679
8.42431776844196
7.41955508238288
6.99496024220268
6.32078782345843
5.94806311844646
6.61708949429498
7.04711895345348
7.23034620802921
8.14408267139828
6.46388541189397
7.05460486099499
7.05735997214034
6.89816470660547
6.65591489007501
6.49446427554003
6.36169932770654
6.25519678551873
5.89378794653959
6.17828675711584
5.95776039724285
5.9617777400196
6.53031136857874
6.52443719873131
6.3282478910089
6.3826340294146
6.93071627014088
7.79010149205774
7.9950553929935
8.7451453417738
6.76606893613533
7.15927102382487
5.85743040137657
6.0720821150722
7.63750064198538
8.5722030628394
8.699504384495
8.56707642551247
8.39738923887343
8.69233317412536
8.04166864920527
7.94310942836818
8.03734555220944
7.4912137681264
8.24177397193284
7.20912346592477
7.24605946170993
6.85923783175205
7.23302823040121
7.39149719736628
6.57816988769077
6.64742636163236
6.42480068121649
7.21454386460652
8.22896546555798
8.43711447320665
7.6105546962675
7.41773142336929
8.39948379117347
8.12155907758484
8.31622271761128
8.38537292514241
7.94465731355134
8.03250367806145
7.63601454386544
7.69189680419846
7.8071729138326
6.3135242605007
7.8004702974676
8.03901042050709
