7.34986959618982
7.45530908496585
8.49111600427542
8.72191237423079
8.34117168124174
7.60105176494298
7.95520132533852
8.17363896887361
8.65656970248748
8.17884170335869
8.30453188247048
8.41058012107037
8.72408944333815
8.26351367103516
7.29822473761594
7.0699464038325
8.47566506900017
7.67919383491698
7.71104708404018
7.11607648817313
6.62989608072999
8.35135965865076
8.74490936290657
8.16706122978848
7.98032214595665
8.61256026507445
7.52174068738498
7.54469660113071
6.6839400884937
8.69694160585905
7.80353880509957
7.85287030690181
7.23287322664799
6.90901787504347
5.82718009815639
5.73885567702821
5.81965742423166
6.11196457814071
6.81943096816351
6.60312397738444
6.84819900975869
7.89667048112913
6.21545538020744
6.74402574057155
5.95610103879638
7.46852739546503
8.4748175414587
7.99670657255785
7.28206263466247
7.33805398950245
6.33024128074951
5.84700160554863
6.71027769365695
6.73356838617496
6.72687629748589
6.86386758390499
7.15207966962233
8.13164805720644
8.10494459161143
7.18935842546714
7.46119767206877
8.0272491824054
6.73810211687272
6.39531354028443
6.29165621004556
7.62064951845568
7.21142015393085
8.38149683637563
7.85545848039607
7.0777090982038
7.62346366430669
7.28867299759038
5.82077143353966
6.2203587052301
6.82207322127995
6.85494059409096
5.67999174796942
6.02552800540957
7.69493074327966
8.31566592706969
7.29600582519594
7.66821336885324
8.00700030656416
6.62655986220719
7.66488972822347
7.38784225521752
8.60910916373291
6.93374925400314
7.34365342626078
6.37491900352663
6.58127247226547
7.2978121438164
7.57095948165354
6.01691104040834
6.02941125420052
8.0734045405632
8.38879497699213
8.42420021671368
7.96623821629246
6.41322200586741
6.93065688209066
7.06309213588459
6.86005820276228
5.69897815531284
6.63796379435069
6.8537425196604
6.80363010989426
7.38477717269988
8.77483781886435
7.94143612256948
8.08675205312647
7.2927896728884
8.15633309678707
6.39529774985305
8.61045949173065
8.45683946243963
7.51317312910179
6.09849037082824
7.10443193536617
8.11398283315133
8.05352593040261
8.16954968604754
7.80208677972789
7.57328409925472
6.10956138060797
5.54975369840654
7.24195578688867
8.31358813412858
7.46633956420704
7.42545855571033
7.08558643896747
5.79570371037032
6.13935597456557
6.29261430496695
7.84336624657979
8.43382247958136
8.11577445872895
7.71806664181968
6.10475144314715
5.99329127177028
8.00036749785604
8.44529238112719
7.46047429905721
6.91587296538539
6.02768062837906
5.51466582676638
5.56225432737532
5.94899561519108
7.17776452127344
7.92406195105485
8.47426244536
8.32292369466118
8.79068964226391
8.15413563269524
5.5455423407586
6.37289235868146
6.4224268844758
6.37968626794786
5.93119253189332
5.74493792779588
7.30510377148942
7.53920259245953
7.73559806166844
8.04741774160196
7.92913448065529
7.37630900763618
6.98181025014135
5.78048168692975
6.40711226582653
6.14291942147242
5.85765067737009
6.47044741960633
6.16599332299695
6.11356914372148
5.84498217554611
6.1787129578266
6.88146402364713
6.35221223249365
6.35901620815976
6.31706491237407
6.51610726155182
7.57818518986219
7.75519040780633
7.37735892884821
6.70162232900391
7.77297062175701
8.7823002922594
8.51678461183585
8.59399948002767
6.72553834337302
6.73888544321194
7.32306882061269
7.84600073828734
8.07848647687025
8.65827173693166
7.32576897227914
7.14832681490748
7.15163071400729
6.77687884564622
8.57419216256678
