1.14705324915703
1.22212357357158
1.84351970934312
1.57746157921314
1.73650221603674
1.43757355906678
1.56476544569186
1.77439964812327
1.89831306326422
1.81117687172318
1.8086114236909
1.95857567416132
1.98505261323137
1.88295223707393
1.81453625692411
1.77165416115416
1.82516954961932
1.81942395607116
1.8112601527612
1.86759521986854
2.13900621504121
1.87873972899573
1.88040593908314
1.97533869791725
1.84441201455749
1.94122342370543
1.79107279214134
1.85199539345719
1.67277595560212
1.89859013043288
1.90339178499098
1.9494610578032
2.01826334537233
1.91557990178117
1.91849189139599
2.17713196092052
1.72175222114192
1.61478558464803
2.19016881929662
1.76891569289864
2.3341756825333
1.67502093924715
1.88554600325579
1.90176152133123
2.10541998440756
2.05830508881823
1.83843324070897
1.57075581235297
2.05825250149386
1.51327919209408
1.75389919435826
1.4179044072175
1.92149819902245
1.69868680572325
1.73965459556538
1.55260257916184
2.12606032354946
1.85772598823895
1.72830706728185
1.7211264063943
1.72144258789311
2.32636822973323
2.21339803122651
1.83303349590347
1.28623822009582
1.68430408923308
1.6608604530863
1.82288962369947
1.67473882140939
1.87102106324506
1.72294452994632
1.7237931786169
1.79469725647349
1.76168347037284
1.87278162571176
1.77606146428384
1.68978807329191
1.75905691557178
1.89932693011825
1.72026925526636
1.68343046662113
1.86068775712666
1.84595035726985
1.81108398145108
1.76194073913913
1.89486557516426
1.73075491928622
1.8062071696025
1.70555023897925
1.7555208511184
1.65859254086037
1.7046226683411
1.67777108425645
1.7747032018298
1.83186026566671
1.70476240864063
1.79951977837065
1.75661957861083
1.74278622779911
1.67231730104853
1.69693766447286
1.66672827348044
1.74386395595914
1.85573724180637
1.78047929861392
2.22671127303757
1.89672879322871
1.76714122829096
1.98583624907302
2.06617263205953
1.73289923796407
1.60800066834227
1.70936031253957
1.76577778002639
2.05735296205479
1.75280738497419
1.69323131399108
2.15625466070579
1.62817928983256
1.93026818737452
1.70143618491412
1.77950129054643
1.72579133719541
1.83452853669504
1.87794928745839
1.71520069490505
1.61970824925854
1.70934902326212
1.77030868302405
1.83313556072003
1.61454402750738
1.54702904598933
1.72996213162778
1.71772054782277
1.69878257610769
1.64797199237697
1.7732719884469
1.69154984494798
1.73822268309578
1.6688824899375
1.71508419285511
1.81754027231719
1.93763615743769
1.80068971485638
1.85235744780035
1.75715486228734
1.9464367887341
1.80433925209501
1.68059763564364
1.80190994707169
1.77983887826323
1.68845070515562
1.87612798667991
1.96251090222145
1.81350446160994
1.66798605271346
1.70364584303124
1.37580842889504
1.61600255312552
1.64649357266652
1.69591141868064
1.72207697193568
1.66878939960286
1.74084577820076
1.83506693887786
1.76688551679763
1.6281689674812
1.81638395524193
1.63197742803399
1.63133086418578
1.51289620953587
1.51487291504561
1.55660934910445
1.90296692734204
1.59661348549996
1.65441822806262
1.46363971607994
1.79427525338424
1.70158554450037
1.73204280110337
1.75697417111271
1.79671570008055
1.69899131689413
1.72679597909406
1.76498273439629
1.85780715055646
1.74992469216028
1.59083032757719
1.62638899010969
1.76509970631992
1.89210619042117
1.78528399359561
1.65047686187631
1.64095094181581
1.64795700116498
1.85950761389969
1.74391158461155
1.53168273923826
1.96980511375204
1.84404951682538
2.01440637198492
2.28759611049616
1.99671888095823
1.80554257068656
1.80536607451329
1.91559155566932
2.14237803735575
2.34003351317135
1.48962942913452
1.64551218432824
1.67397495554289
1.58575099528102
1.71412817880609
1.41718259377093
1.76164674719568
1.46131837922464
1.79140549185917
2.00842951850348
1.95605320667754
1.64900366407823
1.90009270145638
1.46922732356449
1.70254346132798
1.58296508001889
1.39584071919343
1.84187128372496
1.78882167472122
1.79959238693862
1.57080435911141
1.73177475629567
1.80200680037065
1.84149001329543
1.86863041056029
1.69953264453592
1.6552240026318
1.74871573993261
1.65617690430543
1.77793112054853
1.73234176748023
1.67786445156696
1.66631187245595
1.67765850140111
1.86606312108257
1.61623537606457
1.68162253408526
1.72161843999261
1.43849532480725
1.55012944082314
1.5648563716059
1.32940889505201
1.24675386553413
