1.93529541534372
1.67742329263631
1.64957905819981
1.71883890195969
1.62706692988413
1.77746562359056
1.79732882406742
1.79287016644698
1.80629469618486
2.08423500221678
1.90356002596688
1.95223157799828
1.71141985591377
1.84712267163724
1.7051997312096
1.85737131768903
1.84564467236424
1.91737770097215
1.92630179339259
1.93580124660558
1.85667581652338
1.86074098740898
1.90399056814393
1.77397248325037
2.1166514005139
1.64950569958556
1.73018947378545
2.14922819138559
1.806662609479
1.78153976175456
1.78790463826597
1.90645132974973
1.96152054278884
1.87043169274693
1.86561049359482
2.2184598267614
2.4246977751129
2.11637203627373
2.0829673218667
2.01740312640649
2.11582486135417
1.8710213339451
1.88833894179525
2.09077283558508
1.88098820274853
1.81583323404432
1.92166861382783
1.53295261740127
2.0664356866301
1.39722312677805
2.11941958732725
1.93143125593222
1.72425555583914
1.68255281002644
1.79666783171905
1.57355458843816
1.71261400293093
1.95704724226603
1.62747677842622
1.64672216709962
1.66440780359611
2.21851481067341
1.76721113328585
1.80501683222007
1.63946939620921
1.71323484517144
1.9209270982168
1.79487975709886
1.85103914177775
1.75961271676422
1.47644531614995
1.85631976852381
1.74715560531954
1.70777147591974
1.88389576710769
1.79111100361539
1.78955446927292
1.80149021018061
1.69871918389994
1.57644844360071
1.68870339425036
1.77725171119899
1.62808641828192
1.85490534842282
1.64307236371301
1.7934390121709
1.71924491916062
1.73723759859524
1.84538679528531
1.82325914554169
1.78848683926135
1.74399857241635
1.7397300932472
1.84382277012371
1.79792219747438
1.62785492359849
1.72200941204427
1.88713814358717
1.71668097318608
1.78897919096364
1.7980598894188
1.63437003272478
1.7966055230506
1.76389266909408
1.63198521314266
1.47110156722922
1.83148614096153
1.87527609246049
1.62812797219147
1.64846408428193
1.79436714837254
1.66098884585452
1.51642190005159
1.99297720315678
1.69997039837445
1.54570057063878
1.922073253815
1.62347360146374
1.85966432956468
1.88340075249399
1.73562723351766
1.88886934381234
1.5219977116625
1.89437824849927
1.84422163132998
1.92772853082856
1.7069324930002
1.63019264042128
1.81727743690187
1.78914647830335
1.85592271822186
1.78230855681209
1.63496155303805
1.68686755175182
1.82713309960598
1.61030346305248
1.77027185503868
1.84027828780703
1.64132523882013
1.72112452366947
1.72804788529938
1.81972479875399
1.76937660378623
1.95961296728814
1.71985520849558
1.90746168872765
1.95137727617271
1.66094386108489
1.72521058947874
1.9037659127343
2.04398373657684
1.54621166827389
1.83919701095098
1.7448034792373
1.74016799834562
1.80099548042613
1.88699586166742
1.77694582281356
1.44626340586395
1.68859478000073
1.59934276919638
1.79008840193417
1.67912074654225
1.72845229353133
1.95379070542783
1.80658825944107
1.74400775849497
1.63534239080855
1.64437585474236
1.75354915231658
1.44312318634355
1.91055135968001
1.92855598362119
2.26946202647806
1.95388011331809
1.85797590614541
1.55753332388965
1.60596194917049
1.53339401611412
1.77941837431767
1.77548764593995
1.74844609994752
1.82470962035228
1.75676784697985
1.76083680200363
1.7239940071164
1.67210013666682
1.7932508639513
1.69423069666575
1.67114705105583
1.73711983024564
1.6976531170655
1.67324521117704
1.5344061555634
1.72457427148765
2.00620414105364
1.83315618594936
1.97430181110496
1.98082601247626
1.89951542144087
1.90683841901526
1.53208346388354
2.02387278890146
1.8795577525761
1.93170183706196
2.1597270210501
1.75074767390769
1.74574538923588
1.7890962186268
1.65144756836357
1.84527084389579
1.85508838011522
1.79069578879435
1.78121870471489
1.65666734112926
1.84007746275986
1.65156605281268
1.74702367244914
1.92280701627284
1.82026127736226
1.80108568476343
1.36299040332219
1.7255340856127
1.67487339404185
1.71698594061332
1.91328161519207
1.77508742287143
1.97086360593993
1.69408347744881
1.59782330880043
1.75479460335092
1.72522919664078
1.77784305577031
1.64892556743271
1.81614611896269
1.68905781128449
1.66286655551622
1.82350022786287
1.84625211871381
1.69221049446608
1.74678643781267
1.59030586339206
1.75368725746528
1.64403499016461
1.67798531673641
1.90668614367558
1.31436376945836
1.92039210696708
1.44286055539579
1.8386721633047
1.38119599831627
