1.67087256344967
1.51957082211248
1.65124296867467
1.6788811388946
1.50147790349376
1.61146383261017
1.64084959732871
1.71931623858434
1.86480634375052
2.11275860640207
2.0511383011437
1.654049513685
2.00056418572419
2.11585257908964
1.66632519120678
1.82651619755493
1.84037683680576
1.90454816838425
1.84627335370698
1.87137668777196
1.89594300921865
1.74728287051367
1.9509527237625
1.82391239570486
1.80664482710676
1.98193538927077
1.71372668119004
1.9029337133465
1.9494642439081
2.04203407862736
1.90091311262148
1.89041171435319
2.1698118208812
2.05554491313653
1.96550233781847
2.07345422125654
2.29804586851356
2.21050592782113
1.5807544213452
2.42015416224511
1.75343364213862
2.11729425229065
2.34242344391075
1.99227538946966
1.67938235755912
2.03482859846463
1.98543838076464
1.97761548801942
1.79765186394371
1.94462585939126
2.26441050153185
1.9404185499876
1.70517457004761
1.91326970603734
1.84063601782196
1.99563841230197
1.75156580331155
1.89278625463471
1.87186257984795
1.81603690696818
1.89395851735544
2.04718585245537
1.72524476018502
1.97144075232338
1.60529567641683
1.66006247663304
1.87714942298714
2.02773857724985
1.98663623316817
1.85568802831135
1.96072089679361
1.64197802435325
1.88661852781693
1.81986504920742
1.68194560463401
1.66866168382564
1.76248978217902
1.82317276604584
1.75149887906405
1.6256243007201
1.73236235247391
1.73220803460653
1.49680484407102
1.84699257111248
1.69240374618098
1.66328204475986
1.90501855413789
1.79151656315993
1.79747813132243
1.79863403967193
1.71606686797977
1.70302529866679
1.84935996443984
1.77009568690783
1.89122113272222
1.77208306159405
1.69494116979427
1.75320321123783
1.78835444622281
1.70367714294862
1.7333424445009
1.62736952803405
1.77778438328245
1.72565995615519
1.75765802636466
2.12875528766188
1.94801546141748
1.88995636601573
1.76871580422027
1.82050019197987
2.11123792069348
1.9952997063868
1.71268364274934
1.72019490519917
1.50125466162012
1.58008398595834
1.97895235307593
1.68694547015896
1.71456014624434
1.88932541314003
2.07559676134316
1.75198434551139
1.77262785411267
2.02411387281249
1.67640295938519
1.68190724024997
1.63225903477647
1.76292917779241
1.61684708815595
1.81603994632491
1.69391038438834
1.74734121582831
1.65019139335402
1.61768180692042
1.87009550861949
1.69219143821596
1.74069342317938
1.68813635939801
1.65779751631898
1.70308700147311
1.69320746348675
1.78772884703459
2.05038854442275
1.81826964129694
1.85834753016219
1.68233614142581
1.66979617044549
1.51060401232737
1.82556585534729
1.87689798216058
2.01158826170714
1.85751864092234
1.70047232563051
1.76775879226317
1.84441189414976
1.71399677115949
1.69931809468192
1.31200793943556
1.59201784988749
1.91975384667165
1.85551217923017
1.54760658634994
1.84467147641203
1.77948917558389
1.77315645934455
1.77312873538719
1.71875927141195
1.70482220965072
1.69620590621554
1.8563098450987
1.72124536768914
1.95637774166808
1.8366195873933
1.83952307027944
1.86831885965914
1.6363470033151
1.85974439172602
1.79548601070214
1.7184471690393
1.73513471031329
1.67528698588703
1.72330968844045
1.83852868454481
1.74260967698244
1.87008749215755
1.8998021611747
1.71081407043086
1.73677737381259
1.76439770540581
1.72374403172084
1.72371423050532
1.69931294047835
1.81881180191747
1.8328631715472
1.88581308229881
1.65748800115811
1.9587848374442
1.98757712270766
1.95275523079513
1.83671893494796
2.13180871568731
1.95873053677795
1.76062274669183
2.27483685862346
1.87440530743758
1.99445022278391
1.67974049550314
2.0537071250352
1.72507144117877
1.58482013906068
1.84323404051903
1.66309105329855
1.66577579143511
1.84902015009869
1.81519213535906
1.82105698592869
1.70639797847471
1.69980623315712
1.99071448802999
1.66253461984028
1.50237339687956
1.88667766196749
1.72755522937025
1.93523824762223
1.7456766306263
1.65820458645709
2.01004289970363
1.89791627395686
1.9574538664493
1.64533940561418
1.65114428908396
1.9114250802739
1.7559366775255
1.77190960009982
1.81172646865025
1.60522411046774
1.69797979928514
1.77567016402019
1.72916137375076
1.75992956777623
1.78645116368332
1.77197356117545
1.60911728193724
1.72385500354228
1.84009655555823
1.67423775838434
1.85000287313333
1.78818057957209
1.76759343023963
1.66045356856236
1.77019054181718
