0.444761912338436
1.60652571969836
1.59079379119108
1.69042163416897
1.70605613030139
1.75031636105004
1.66477916859305
1.78938765252428
1.85276475466492
1.85067201241174
1.78192628933354
1.76111024855441
1.85252362070979
1.94485689767694
1.85003621525506
1.89551346501885
1.69396952596369
1.86982507143016
1.90069824113237
1.94906546148931
2.00968433385335
1.89201382268251
1.51039924147265
1.91514779241899
1.87871993997576
1.76539059549561
1.66146225779161
1.80762666928923
1.86390218495195
1.812036011572
1.82277105539602
1.90516136266968
1.85147403270207
1.96277487116119
1.71896690636214
1.74219632294475
2.3570519946723
1.90297772115788
1.99311541500958
1.83089755729843
2.04457504469921
2.04099313184211
1.94816281034355
1.93449866125764
1.67898137780607
2.22700535104156
2.07487827190724
2.13764141587808
1.87731692635533
1.57972884764101
2.13241012642252
1.89351779670292
1.86136437940819
1.68955214467583
1.84194502071488
2.00375813799176
1.84781231405126
1.64312585416751
1.53086649470977
2.06809928260764
1.85770511862697
2.07691922666614
1.80910311108933
1.75061521166889
1.78293175422712
1.89199450472368
1.78259750649736
1.85788880169386
1.78043222469128
1.85943750194344
1.82700638603046
1.81764505163184
1.75423848125771
1.80313922288436
1.72374604991045
1.5087003533
1.73204717664376
1.74183923576708
1.71308664164032
1.68491815927377
1.78767373382235
1.71159367189245
1.68813821638294
1.80766906368666
1.79620505133006
1.67459085690199
1.71798437746461
1.93471322959775
1.76974704897318
1.73087459324346
1.733603804184
1.76882856030269
1.7922685214885
1.88107787559272
1.8362204921161
1.80796357688927
1.89093343035851
1.78949059863103
1.65742000584182
1.65369397932624
1.77231928081054
1.81286769148539
1.80683000465893
1.69451280952532
1.75551738005458
1.86335080076512
2.05471195098505
1.7910698857257
2.03260110009951
1.77258235748964
2.22047050722964
1.8479881176324
1.8902214944006
1.78537815029952
1.67961092690296
1.84301659452654
1.79556458100999
1.86147070224316
1.83508813951791
1.65778697108223
2.09232858993095
2.23078891765157
1.97220346560643
1.75172899006699
1.92121775206808
1.60277042856382
1.6803386035253
1.85733388980524
1.65777316270088
1.6858963239657
1.85320348782834
1.88591166361947
1.68637329947667
1.82034502949864
1.80911077676186
1.76762534683119
1.81532071352084
1.71462188569777
1.80506259928646
1.98686897829344
1.8488356104899
1.8277077398164
1.893747642625
1.70684300922466
1.79307402187607
1.94073411309328
1.65532477979622
1.85590890172241
1.77199464874515
1.96329435992877
2.02417745617819
2.0083274158717
1.80923982567938
1.9483330449114
1.67335886893283
1.93549314436021
1.76418654063573
1.71553059793929
1.66037151133813
1.58302500764653
1.71286213369346
1.79227919593983
1.79683016480006
1.67875870985485
1.77704353421101
1.84914958034924
1.66210267264143
1.72181743995933
1.57578541307451
1.83288147429117
1.70657240911397
1.8411787010615
2.11851784870515
1.83791220683974
1.8984620541003
1.88905401528058
1.65060373008787
1.57620355666286
1.68960050665002
1.75438726926289
1.69702995855432
1.7205093773225
1.8035013464184
1.74027025911853
1.69888479510345
1.93253560953426
1.90032238158554
1.56690993576337
1.81395336999666
1.71567128699436
1.7199788436574
1.77633951062096
1.74812570737957
1.78787463640549
1.85877725724226
1.95056538125929
1.9988123711849
2.09685779485061
1.96927947035584
2.40166258246406
1.99544424632921
2.11836309100328
2.12222153554626
1.98828657333571
1.99077160903396
1.77874584048827
2.06898892744415
1.72697690309692
1.73158109347429
1.84040325780546
1.66747444861265
1.77493163324698
1.5830423123669
2.05514565498485
1.66381429582898
1.93204595767761
1.68135254163824
1.6724725124625
1.82415802490356
1.90013965451225
1.53680681743344
1.68196852711283
2.08891397863173
1.69718233335965
1.9401537184088
1.75071165802216
1.76858826107924
1.79379623450184
1.85378643730064
1.67472413953803
1.77833976445149
1.69095109740642
1.70139872167429
1.68779574392665
1.72346974519955
1.8255411345682
1.63196013217762
1.88401271054425
1.69579058345432
1.7313746859233
1.72601033036239
1.79578745774259
1.71589418952756
1.69775473456722
1.94530242828488
1.81523211372192
1.85241314603398
1.75339513844312
1.80318125376743
1.92114823441232
1.88177050682069
