0.756088515766896
1.44589590722663
1.59864672984487
1.62720828566374
1.71576451071858
1.71912451064204
1.65194298085445
1.65682558427086
1.86674040404491
1.74127420899876
1.78378056886092
2.15549208097554
1.75703001105331
1.9538762356471
1.8726159658631
1.58315168257125
2.04179994136422
2.00287117232929
1.80430366124501
1.80148988968121
1.9105922564986
1.75322433591341
1.84520544951169
1.74547936402834
1.96320266930429
1.63772693308065
2.06449812102431
1.54187146364771
1.78503970770832
1.81368862123169
1.92435666215056
1.89787224383995
1.78248361379254
1.93263582997359
1.99398380247717
2.3725142034037
1.98328606915065
1.81377459211195
2.00707465769545
1.28642894426253
1.51060884334809
1.67713846056189
1.8831453103575
1.59119506082214
1.75259927236519
1.4778685286304
1.79883748154319
1.774320000981
1.82728535057741
1.67595488755248
1.58754776838996
1.69670644781305
1.95660581767196
1.65298792220984
1.99750699424702
1.70241786145003
1.57054517354362
1.56515343773225
1.91121779153414
1.64036329298342
1.90452295441834
1.59252813558992
1.47216594752771
1.72245789537141
1.84785914743583
1.57067124580131
1.76792886044754
1.87352931826245
1.88909251517129
1.88573317480982
1.74554975757077
1.54946945219825
1.90079385198819
1.69655474872374
1.81271525081716
1.52818252717615
1.53629569085487
1.75137690296669
1.66126868563303
1.64793195733366
1.71497410216491
1.65226182050252
1.62749941304248
1.53212578342166
1.75982868640093
2.04453924374296
1.76069491208477
1.72759741352332
1.8567582390454
1.78197119130918
1.65172968230633
1.73617808116655
1.78382700274195
1.76950169488774
1.77545076255561
1.65122581790922
1.7122712461407
1.7317596439032
1.73554321805135
1.76515832720359
1.62850732043338
1.84035909812148
1.72350933103861
1.82596092634825
1.7500302682566
1.65154693775734
1.84987175320853
1.86391860904561
1.74761508389819
1.86558118870177
1.5255277911841
1.61534352048194
1.65410251025718
1.66885020102659
1.57663472632893
1.71982642491572
1.62594840095825
1.5848120440906
1.76062847183649
1.61108781947377
2.18124428844561
1.59329753608846
1.81126794693513
1.66570081005898
1.77512149180808
1.58526141958869
1.72069813537896
1.58228223683279
1.66214133222378
1.64925423828183
1.70538152351439
1.69196981075234
1.72519950346034
1.7084694061545
1.73827308283561
1.66920887450072
1.70496645418292
1.72850223852768
1.73398434174053
1.78983387408409
1.67749273809125
1.67282820461703
1.72325580484003
1.84549997075701
1.78278018196972
1.72652840627535
1.67857775643631
2.10467496608819
1.87025545937591
1.51401539974479
2.02282176760033
1.70308464285781
1.96541912669699
1.77416256710785
1.67086779978464
1.69679781803402
1.59686421882515
1.59323455629931
1.64224361698663
1.64309079525154
1.67009283708042
1.72235878497886
1.66508462755909
1.70372611208326
1.8278359282583
1.69728089733595
1.74197259316541
1.69377386387611
1.64937778332374
1.7610468691252
1.58099583663262
1.71603340238949
1.93538972660816
1.7522164929377
1.79028045965288
1.6372860259106
1.38108897540008
1.69600959413678
1.75283149141285
1.78135981386779
1.68933831960513
1.68511446333035
1.82784371381676
1.73505496665221
1.66032402075402
1.68604873780399
1.89517921989844
1.79495087148067
1.70644746276221
1.65561331519808
1.70557503047443
1.61190316100532
1.6806600110583
1.72041585361154
1.66780203400631
1.5630440702202
1.75619355198655
1.65018059081123
2.0466391992785
1.79550959308139
1.76787108530738
1.68101676954546
1.75704912530314
1.92639352619669
1.62685725305186
2.04352356041999
1.7190562623278
2.216201538999
1.76187985983773
1.72483692522463
1.53118204641826
1.64227774621647
1.62461239750772
1.49953536375284
1.69033541404774
1.5637922414387
1.90340858066166
1.58558663816055
1.6187730736109
1.63159973126019
1.50182276876234
1.6398238177288
1.6290623413302
1.44987947568147
1.77562895536941
1.70853962859929
1.47732630875903
1.75326279346181
1.79015172873458
1.6104358407078
1.65618692092637
1.58461222498607
1.71788524315426
1.72862562955829
1.55469527099564
1.72834902141322
1.6745105951682
1.89511213161228
1.80362895329813
1.6772105928994
1.66443213179886
1.70737811479933
1.66155023232029
1.61686330956244
1.53019024885782
1.50424022095839
1.76813871084877
1.82345311393269
1.65813243654112
1.69234811672149
1.52835034228221
