1.67902917761821
1.53390201199424
1.65926950437873
1.57898938828866
1.77395410882967
1.51911120255311
1.76466857372284
1.74414163915858
1.87525904633617
2.00562249569391
1.94157570677236
1.87324433278236
1.82487567894307
1.92326118321257
1.72209144253354
1.77152975260349
1.97029498069537
1.74374516117314
1.93486559221294
1.96304347946728
1.84531114598522
1.91329574704594
2.15585471774558
1.8975382241749
1.79099602381391
2.05181044652068
1.79468667340613
1.86300266591691
1.81559855805722
1.87936385636118
1.87416314508907
1.84129831798398
2.03695596724575
1.97553980232622
2.01979391651669
1.60485433397706
2.00609662070126
2.02853350868496
2.09626952475615
1.70364879053917
2.58954890352597
1.64520462489321
2.13085495843645
2.00983724228611
1.58569325695408
1.86072889061782
1.72253470587051
1.66569928507321
1.34716149122018
1.77179565740662
1.70383242954327
1.79078256269285
1.65165447960913
1.79460692193698
1.71225820007652
1.9319949073436
1.93862421527273
1.92253300215386
1.61171684481692
1.97593575485812
1.63292706500345
1.84656318601615
1.46652494870711
1.51336453028778
1.89849562118452
1.65560601642636
1.69656563918276
1.751192670374
1.85378656811679
1.77979872512385
1.8829376659531
1.81938314939517
1.58296493910982
1.71057763544649
2.03831223544476
1.63932182636892
1.62358208446449
1.63225162722669
1.6359671498564
1.60629661911602
1.71362033988284
1.7043629504581
1.7582560410088
1.70641277737734
1.72486031600449
1.89488653033594
1.79486815203516
1.71703998042086
1.70103727562755
1.78702332424849
1.85888282581651
1.71362930867143
1.81440516810211
1.84307113017853
1.80554166427675
1.63919786394424
1.88030380659091
1.6634727271957
1.75684437622607
1.71450891551557
1.73329418364591
1.74999357919954
1.6603400066212
1.66407191962708
1.84003844763052
1.7755038522531
1.69097104457632
1.81526272233607
1.82843524106591
1.72134191045186
1.81484211250453
2.00942926085642
1.91538523277564
1.89058578750891
1.74498095592442
1.70655220257057
1.97532713393109
1.51893288428113
1.77212386269117
1.9795129757017
1.75984709160957
1.86525448497099
1.61174025246216
1.71695579964797
1.71540415153289
1.66963811131073
1.65954918571658
1.95058751024562
1.45450999472011
1.58316577319058
1.61996489313418
1.70330428132385
1.70704233012627
1.54244722710863
1.62230707078347
1.75317877217255
1.73311603496161
1.55801047911363
1.85190434702202
1.58906852817648
1.75078528480406
1.79146031704242
1.733605372496
1.75431835769424
1.64671557948258
1.87090033620979
1.76705111158808
1.83512634088656
1.73624223473146
1.78420839321794
1.79823902318426
1.80241926202967
1.67507649613053
1.78476761689136
1.78791269699636
1.73182819487764
1.80816674763495
1.63285150262429
1.44996873993047
1.69988688943232
1.53496985914237
1.56550011427494
1.71655883124312
1.83524341870453
1.77028947334261
1.83619211989231
1.82270617383892
1.79073211339702
1.73965628839252
1.62099559874321
1.81898291334284
1.81266888423072
1.82289177588318
1.8880707779963
1.68755219574196
1.7867940460912
1.75903901971701
1.96731230684129
1.61457606864053
1.7565840939316
1.72334475778303
1.70148306086815
1.89709224094599
1.70250556778499
1.71997789534263
1.72733403894318
1.74468694723901
1.67790560055983
1.75469579035286
1.80033025639943
1.7920178431345
1.8081187304533
1.72865136087455
1.80287493700242
2.01744761415149
1.83871775060889
1.86185136748459
1.8283709807642
1.82736305088318
1.98192720973124
2.42344740880523
2.11607757012915
1.77821153499167
1.77358646212369
1.85040233879099
2.09969486767002
1.96612510845554
1.605016484844
1.60898610807917
1.56313653045515
1.6256966854845
1.95096165702069
1.65822542268733
1.72448477131057
1.77698180498864
1.53316221840758
1.86174267654843
1.80182425647554
1.84469574821425
1.62843208782388
1.59715326535114
1.70153870891655
1.71793215195791
1.44001812465676
1.42587222787163
1.86958857213163
1.55496846890403
1.71233004351063
1.70103653816252
1.74896713789443
1.70527498610554
1.81113087639679
1.67317940719112
1.61849543523808
1.65614379224547
1.71487441605463
1.8206847398525
1.70144902045106
1.82532176870367
1.77428647719776
1.76866592073332
1.66362510255533
1.68426756048365
1.6418240440532
1.85668237509932
1.50056444505358
1.4738273896395
1.72372305703254
1.76544418352265
1.6070172001054
1.30701511801466
