1.97493602321483
1.48779741775512
1.72515800860231
1.73485273317542
1.58935707891841
1.76779931121275
1.59129823055577
1.6828010700835
1.86761308255903
1.76754590125424
1.9087414737256
1.70554714624261
1.81303841479021
1.68284348290782
1.67219944976155
1.76938897161778
1.82569113782724
1.80115925263692
1.89635665643328
1.73270441873317
1.89496608834013
1.81046634550379
1.75036880985113
1.83794657194345
1.60890977263331
1.80485485770336
1.61896252280769
1.74520143043996
1.9246475322401
1.82621150875906
1.84127057674028
1.79565139197529
2.05241016650516
1.94583522853566
1.79037394943083
1.79384693940709
1.92254828183446
1.89616260719087
1.81184113938784
1.76928054947729
1.97261502785927
2.16653171678212
1.858254310706
1.72923174130628
1.73696736338689
1.70875954853521
1.7353080478578
1.79897605855653
1.71087086195649
1.39460947333525
1.4655050372943
1.86062049260887
1.62257392814037
1.72476159449543
1.58646683508931
1.78501771482528
1.47811887040173
1.69513645423511
1.5721331784931
1.80538579953104
1.73360936672125
1.6881713701022
1.59701843713068
1.9738882292529
1.61412959170055
1.61624670022371
1.64627048146039
1.86750749186814
1.79575165567699
1.75459480780193
1.65843354809934
1.6896956172397
1.70332597081564
1.70964092500214
1.87916642931708
1.55421621209776
1.66005614917799
1.66973474864666
1.74079994181001
1.67694249024279
1.71457400301298
1.65770643490323
1.81393295280067
1.86877761974071
1.74005536403898
1.73717065791583
1.63094372507076
1.88081442825891
1.68457859046862
1.6874603685833
1.77775648593497
1.74591932884756
1.77517655973505
1.7005194559678
1.71023513700745
1.84243512710121
1.75393072614744
1.72850155385045
1.77426850384327
1.7409132757366
1.6882130756684
1.74061936543319
1.60544249513212
1.74830512683039
1.94862990960561
1.80510027750684
1.2788751344669
1.77672240485967
1.49932920390284
1.73751650004729
1.66476254213942
1.63411394808041
1.64503881980343
1.5856788088662
1.61759114607542
1.78698956926887
1.64055475659865
1.722871433786
1.82746841152837
1.68759619396327
2.04413255859316
1.53323012641045
1.61565260022336
1.58786794931006
1.68693030748044
1.832640672427
1.49055750608026
1.62226553941166
1.67943527209593
1.54499515494076
1.74624341737131
1.64993779432888
1.6860246720692
1.68260669566853
1.70087356864276
1.65476665391251
1.64222067593632
1.66695531756983
1.67784828274591
1.73945845182909
1.87423623394448
1.56742581341003
1.7102996330206
1.79900606750625
1.64722709049378
1.75384122491588
1.70198061552686
1.96845947977937
1.76492776383788
1.61728586745664
1.74426547619245
1.79717675648584
1.90723909876291
1.72699788126799
1.73465727000987
1.60266904628008
1.80282377355518
1.69149942685719
1.58976874217928
1.64427674900342
1.52434406786214
1.74866306981403
1.71814899162964
1.68169995917118
1.71112162904445
1.73090135650814
1.74408097377249
1.69747626419186
1.60205804138464
1.5630852875989
1.67733490367587
1.6850996988904
1.70621153173655
1.605277078592
1.64233060077429
1.62092029056227
1.74611934685929
1.76173395871476
1.74989566953489
1.61308139003449
1.81598796441821
1.72050099098125
1.67437193720303
1.64362507898916
1.67756000149533
1.77724665912417
1.7793519908812
1.65856058386845
1.70943497406999
1.73341592734725
1.66718725247028
1.71191367580328
1.67646752145961
1.60522474063469
1.71664556196134
1.75313940026581
1.78368173502371
1.82779728583782
1.71107979487654
1.56765882625348
2.00106842439982
1.72526188490443
1.7556019287414
1.87833783188422
1.50873196805729
1.97686195826299
1.73490217330193
1.78211376782406
1.81546249847294
1.68946162477506
1.61345340525808
1.69120542654782
1.5405789546489
1.86347747072664
1.69917343352627
1.77099503484029
1.6858035744932
1.60588545386617
1.62033198043613
1.71837667187717
1.73052934646076
1.65274340238869
1.69578701246676
1.74798985190109
1.74769592077806
1.73574408189609
1.69492299007891
1.66124963933041
1.58204936425692
1.71394876694032
1.89361464209344
1.81753888888737
1.71256077067675
1.80979452609586
1.79134791436224
1.71490344932352
1.4750205716378
1.75480664552255
1.73582834207098
1.67833565477585
1.69612978358574
1.69350444588628
1.68544854612729
1.58811007037609
1.6498815773457
1.64368621628909
1.596873880531
1.71270815341993
1.63872229344195
1.87436616675581
1.71299115041664
