1.09695114833303
0.802922657680041
0.936614928272214
1.55192656256755
1.39171452191833
1.57720918582406
1.31015137200563
1.8306288801622
1.65756007365089
1.85258012456311
1.75262745985163
1.75526834959598
1.74522557827337
1.89755978578856
1.74424869884786
1.94010388015486
1.80390901432967
1.92613272944583
1.76971200691188
1.66506792924516
1.41379297441997
1.8971465922314
1.93429561808213
1.77620366133933
1.67390432765061
2.0276740700083
1.67404325733956
1.48718330605622
1.75036024456319
1.85226453615687
1.71184471539807
1.80837581772954
1.92961819206556
1.91831285233714
1.84362348583749
1.67396409004705
2.01278637763177
1.38845819383485
1.26802565115336
1.01080840204621
1.21214350512131
1.16366499730408
1.30521987119393
1.41952789852838
1.45465902967297
1.69874443156795
1.83953437685585
1.4123981580448
1.4967249147337
1.70357434267163
1.76049804185682
1.35889910495056
1.89720532289695
1.7753765330683
1.84211237872555
1.4609833590773
1.49832943471959
1.47062032224188
1.58364864702188
1.66188235042809
1.5045342353227
1.24436590398508
1.15705962241808
1.29846779410084
1.48555148296097
1.74267471946345
1.8461154700217
1.5829795054663
1.53391203119694
1.63373927468342
1.65121754069866
1.74109709189016
1.57159051466799
1.71494654897035
1.35697850753009
1.5220426929585
1.78349027396748
1.65360052557067
1.58041740464374
1.65604546303466
1.81800191963404
1.88465778733224
1.57619205433146
1.51014190421283
1.55929908321472
1.75940824421767
1.72269483446757
1.74111636959757
1.64317304054814
1.73288983631555
1.63114326370305
1.75923478145927
1.73008717718236
1.7668438833524
1.83821678667714
1.60167984153564
1.6420398340639
1.82460100647823
1.72387221796175
1.73141222734927
1.79183492522107
1.65841842179307
1.78027020794913
1.66395803532218
1.68636807588512
1.83716624550682
1.45216592223061
1.7301862247603
1.56180162787195
1.70049109730037
1.38783408241509
1.2329325276579
1.27952582326707
1.71700228872497
1.8654635890656
1.48878377109573
1.55423942337492
1.34350268923682
1.33209849687495
1.75861568036282
1.24746751832319
1.86347944057396
1.58689050407616
1.47025660219873
1.59033816983976
1.49150962170124
1.37287559296393
1.4503854929277
1.49020511054456
1.22982326759122
1.37122495313359
1.58635607679087
1.72004507136277
1.55069710349395
1.65293070481989
1.51172048497313
1.58111727072154
1.54231280365224
1.37985123731346
1.66697603804321
1.8145754903656
1.62131620708725
1.64286989960617
1.88135469480919
1.67092782872542
1.98723663209664
1.76012849872225
1.5643328764687
1.69760676295499
1.63666788962083
1.63827899228249
1.65044320544941
1.87412218171595
1.65764378179369
1.3743813647695
1.64062784442164
1.25010666845882
1.40805861879018
1.5427054236402
1.64054082321331
1.61086083317757
1.75472982981097
1.75999116740597
1.72603426804582
1.92936438557779
1.77726339992267
1.5669769572003
1.65037571666358
1.64379033106447
1.44057601264097
1.32520764514158
1.31650791740477
1.64598921256687
1.28597826265743
1.4343962844485
1.45684087306913
1.64414026418008
1.79262192057715
1.66101963973361
1.7892956175541
1.73181991295034
1.8322831296162
1.58408916488071
1.64275066771807
1.81138471831478
1.65524080714309
1.62670302786125
1.74866709329901
1.58916271165262
1.68036764600263
1.67645056951481
1.80661341726851
1.83512367981901
1.6383816718868
1.36324024533029
1.8752355210808
1.71222988757094
1.45652671809819
2.08235932861601
2.0580375011172
1.65403897953593
1.5731598632956
1.81454612953155
1.30580639090091
1.14696489671199
1.38096859851357
1.6501774406314
1.5692023396149
1.40935532462023
1.67967727303209
1.63779176651302
1.56811821646571
1.32044086903653
1.22729428177692
1.22217379762761
1.38132105850925
1.40423476351901
1.17351486220891
1.47497017496316
1.48682170976465
1.52352689990091
1.67722945590181
1.64793324334176
1.53381166676092
1.43408727468275
1.49092152849038
1.45270422113513
1.90790774189391
1.64319234094972
1.79367263443445
1.79719584208573
1.72251991108756
1.70146561682152
1.61598961193704
1.51523433878521
1.58139480338265
1.61979786350089
1.70827317294176
1.69507015302087
1.73802849511558
1.73573417704896
1.72724734292571
1.74835735353582
1.91781202856727
1.54075447926782
1.24484878332978
1.19912418904305
1.34985089776563
1.32031765822579
1.14857018756179
1.21914021374856
