0.0743751378497109
0.976139110144945
1.65117019901201
1.63182734828105
1.67871685786112
1.65285129696367
1.71839835166245
1.73410984741526
1.76365113863843
1.80099383236891
1.82011229272994
1.79432148863932
1.85443758717564
1.89021522167717
1.84883353990173
1.80302286398177
1.83957245760762
1.83482829509994
1.88875499769282
1.84081178248323
1.85669490071837
1.8372077902745
1.82137949839214
1.88140761640628
1.88953910767096
1.81557317940731
1.82241047198948
1.76784304857985
1.79435876850254
1.84603773622255
1.85250196501157
1.86084675697301
1.89217586176338
1.91932070046615
1.9632331593533
1.93562613465926
1.99231435090582
1.93332014595943
1.89708660767674
1.88193015417816
1.82521668872091
1.78609607356209
1.7702618327848
1.86842291547824
1.82968387038647
1.91847787149552
1.82465241837859
1.80169611470223
1.77601223633162
1.71021439593711
1.80243131999269
1.77797684762381
1.73046186736766
1.73670118797621
1.70158273309592
1.76185786111568
1.78471023672786
1.76274071400158
1.66693817587092
1.73649962718155
1.76382750450754
1.68218920166172
1.72134781449328
1.73752945715015
1.73473775124029
1.76557918900357
1.78300672774618
1.80888109653777
1.80016050106003
1.8181652143431
1.80375355230417
1.78360409747121
1.77153675974645
1.75696610184164
1.71998173293086
1.68765225656481
1.73592438238025
1.75099061870488
1.71117742570981
1.66897906256226
1.70226430879702
1.73284332542428
1.75032948046813
1.73195760247537
1.74922276988069
1.76688578480498
1.78204672674365
1.77923375177708
1.75535595242998
1.77066906161073
1.74950863749154
1.75815862815616
1.76529793434173
1.76908948115832
1.79258277078472
1.76982992279176
1.76632694748762
1.75532478744917
1.73592841165276
1.72537482096311
1.72111027983761
1.74788658485473
1.76494983535285
1.77818569747472
1.79877064147197
1.80045143941682
1.8344929865661
1.83279732172579
1.8679389598805
1.8742761125987
1.84942615360996
1.74984958523842
1.73010173516275
1.83808508275623
1.73309593029471
1.74392104122028
1.70851571296449
1.70144590532588
1.78568976694408
1.83206343171719
1.86800152711176
1.85176225430236
1.82351162834881
1.8212312102105
1.77939236069461
1.72144605413496
1.70255849932978
1.7272812204214
1.68727194970948
1.67184602824625
1.6850461451919
1.72241616922483
1.71845867428065
1.72606579881463
1.74024621695588
1.72825057755897
1.70902494034659
1.71355182713776
1.69514271961071
1.76128419915068
1.77370653823011
1.81293209000357
1.82732037173238
1.83367683839137
1.80540565817935
1.79492194246791
1.86268361682949
1.76061660319788
1.74432668211374
1.8071188921264
1.79233681036389
1.85465912517766
1.86865152732713
1.87750024162788
1.75226716703905
1.69787022250445
1.70409245897358
1.66748822853906
1.64144634114714
1.667863400881
1.65065029931428
1.69583502337109
1.72830404233891
1.74764773692809
1.76940533459359
1.7725550975315
1.74392089137939
1.70843847650097
1.67553987167317
1.66315769574464
1.69578047884456
1.73910132440894
1.78166542007038
1.79026446047288
1.77471685364821
1.74946756444205
1.69179574650778
1.75760615922409
1.7228056991132
1.72420116879634
1.71153928919063
1.74278267070954
1.76495853666595
1.76167873407542
1.75267392030698
1.74945391013757
1.73285024555664
1.72225364811879
1.71242446386644
1.72183940424643
1.73585664425546
1.72196061795629
1.71837596598667
1.71854325912524
1.77108598818978
1.81706042905826
1.75308982804971
1.83482903533058
1.87393028243752
1.90252842720193
1.8049111702789
1.7714998880216
1.78502361495435
1.87963966666585
1.81783578426117
1.83885660092485
1.87788931987989
1.83785509846643
1.74144782934195
1.65806800081978
1.6951044167878
1.71543903536471
1.60563486170402
1.68651526768436
1.73985493056001
1.74825790224071
1.712925319292
1.71262425484303
1.78238671170286
1.76915313737285
1.72699591393827
1.68570539462376
1.73890909083661
1.67624252374367
1.70295857520179
1.69933485415969
1.70970057076153
1.77385734644719
1.76550354944767
1.71369024832426
1.68952510691896
1.72729360070809
1.75275348028158
1.73173540499051
1.7026006684306
1.73138963542235
1.68283501768715
1.73358555591623
1.75503019457463
1.73107328062469
1.72589281007695
1.71296299483664
1.7224780764647
1.70968849656934
1.69684289840866
1.67768516932642
1.62851602074702
1.69236162207376
1.66538825685907
1.64085852582854
1.66185881242736
