0.0120812149252743
0.0844846780407603
0.401726210858424
0.403319838315779
0.599859446026994
0.68736608631569
0.700671528636593
0.972456658517163
0.886293806389845
0.89464296111613
0.994278697110194
0.88446527956373
0.654670064773052
0.747809508491689
0.95531016189987
0.960559639202915
0.772147992451946
0.62833908693821
0.794844399401721
0.861649984802775
0.914642246689349
0.90436239914587
0.88023219863251
0.940483535309847
0.955734371499901
0.952126052453499
0.983783165188033
0.767431077319763
0.78031463703224
0.839586214519801
0.844428372011644
0.919086804268346
0.951722103422759
0.868834198579501
0.87284994062368
0.927546381113648
0.918316019639213
0.910815016853724
0.853100386952995
0.888274404980133
0.899257963417719
0.997190279462285
0.783921885208753
0.812959458102945
0.920493589146055
0.750167604513617
0.721683978940195
0.956353276480302
0.88305409723269
0.810032576094174
0.941395585401352
0.899366481695571
0.917956960572465
0.849485906183468
0.794036086266487
0.896470901325172
0.928850288798619
0.938090969223874
0.724006659643438
0.779440611693699
0.670940503340987
0.682568968492013
0.86317430089909
0.832397324974859
0.854969622139716
0.776998353186502
0.909594416760843
0.923175587591398
0.891521971607155
0.861734128600804
0.705345999297459
0.959640208735809
0.918058690878422
0.835956266907666
0.91189248731416
0.747620917285906
0.957324827925127
0.802863862756558
0.702556958956823
0.873951343036385
0.821824608045308
0.625580375383174
0.551977229937842
0.877936764451609
0.694427654844806
0.972679511175206
0.760047480857318
0.743377278476892
0.599090233877154
0.690583235621836
0.894990888179954
0.932008611973716
0.7112360860003
0.910841671195751
0.869195534319423
0.896161103237651
0.877118827069138
0.699835757183698
0.846287505156521
0.929845012541454
0.530591607825006
0.795828119572955
0.792025163181985
0.907702776100886
0.809286911790124
0.915386273357323
0.828413168394461
0.929565519792826
0.84614852613375
0.893813725632086
0.819645550291831
0.848711216371609
0.833886885889548
0.772060315549822
0.926784473075806
0.703920531508707
0.750889907251715
0.922131874604065
0.92087083601054
0.808050697331729
0.674689032391953
0.722624711063038
0.878031505025386
0.757759405755888
0.860535788076775
0.799162371588728
0.747734355541626
0.753863735658382
0.722946244505381
0.857589255894639
0.783747483101063
0.74171587747479
0.799873667435783
0.933090289953361
0.761034806832162
0.862259872712159
0.776156705017165
0.782488171072895
0.807649853857306
0.860887245195047
0.869558466253861
0.883004896397498
0.880125236541484
0.809990751266472
0.912664533099474
0.723338125103185
0.929732063733357
0.83244053961571
0.737956077980102
0.785670817643452
0.792643170000562
0.81908238647741
0.830217509615511
0.871549921290816
0.961113672845449
0.917428282018928
0.764394916242733
0.898014477108313
0.759142713946558
0.862569138885381
0.831297115153097
0.762901271740889
0.994627217001899
0.874944999742426
0.99059308040225
0.744836442037824
0.774932983319347
0.578737670775088
0.752911532747673
0.843875972766835
0.663243840557621
0.915000830538586
0.942844247175694
0.957767652362216
0.801413760848352
0.745344534547646
0.799299346370074
0.868579007686203
0.862612607101869
0.84066465786284
0.802728029421165
0.809477934842604
0.695635375822504
0.61428654542829
0.850281823275473
0.777341772120425
0.631345333463245
0.769366498182269
0.77182270825696
0.907608518694048
0.687440563917323
0.951220027729101
0.710977378715648
0.984936169996738
0.799881979870853
0.736438405138763
0.90178450959546
0.740204150709367
0.834484951433788
0.940916534853002
0.843837929132319
0.783791530984337
0.99701036590742
0.873977884367316
0.838548886295667
0.886604983447251
0.821557672222188
0.625515629837358
0.855470756686354
0.748396725545699
0.795604542252883
0.872494640274424
0.756190290797954
0.688708042660118
0.871338772618214
0.434924436660299
0.813398935168565
0.884412418441676
0.634271684737842
0.772195144063277
0.594909882770439
0.579870964188234
0.962840125388305
0.325857748869109
0.658754423226364
0.938754548023132
0.468459493677686
0.823493860731293
0.707551912750515
0.697505616238441
0.846069916805458
0.656865410343669
0.664993971640091
0.796393690880154
0.84955141489535
0.751299259118885
0.818861959119094
0.847504129125885
0.673035001323472
0.812872475283579
0.632476923899247
0.992438940741053
0.717944567939281
0.706782081444866
0.819235903697608
0.840033564897476
0.807265006351311
0.762001807933485
0.707253329809442
0.993539084942364
0.670856273787496
