0.734342915937305
0.552061693079395
0.195786392587779
0.687332814140883
0.711299119383642
0.833958219600863
0.300124421384866
0.585675232141996
0.99921806114303
0.860296632747107
0.939888617500703
0.921390915359156
0.639817931399684
0.904139375222968
0.9711310692114
0.988844444935215
0.96867676840465
0.958690758493097
0.825690500300578
0.898199978312482
0.819224121689432
0.972409013736494
0.819694140835791
0.909594687573521
0.986136209959745
0.899478607885508
0.902829835334732
0.899736729135509
0.803424530442905
0.952737821071701
0.959173412343892
0.852346392412409
0.939337951623466
0.897885343343435
0.911262210571543
0.998963654707284
0.939588907580626
0.927551575067373
0.905582716316693
0.91467938296912
0.954434409074191
0.72428980871491
0.825379097377626
0.894719368831468
0.901127065684814
0.901424808449023
0.730369250662863
0.838117964018854
0.758569283556057
0.896655418248761
0.886878184722258
0.937774959749144
0.817933957033619
0.666241145294329
0.975566058007681
0.853971810189252
0.981231732146951
0.698067859826315
0.987648254440465
0.9512566741005
0.968594199818954
0.732726524050414
0.678101814785538
0.834578729003919
0.82290997052458
0.599115646329055
0.899346501949124
0.812458312236102
0.883089507543104
0.822018322392367
0.724421529734898
0.80946056511773
0.901632040807939
0.626152402070796
0.800197124354239
0.60303424337142
0.913196886914885
0.700696051686053
0.809914063995574
0.697553161601134
0.794403923246994
0.546061482723844
0.751218649719656
0.895447437357422
0.898485060858986
0.978756106892923
0.83258912910373
0.810034732762805
0.730384936608918
0.812703004158411
0.876980644065077
0.820676808282549
0.834495151904492
0.625292780253843
0.961167778404024
0.851216119182136
0.785124064821522
0.783206662883516
0.764112574052467
0.889124967619751
0.798370180455668
0.898848671844649
0.936924691907468
0.903647307671204
0.899516810168126
0.892849194850149
0.990366029356707
0.938041307540054
0.885837458258902
0.853616452993541
0.921536203189884
0.847550521132264
0.912825622807236
0.803778425214638
0.748434711439622
0.88454446362262
0.796205289464487
0.721058883304703
0.710923472067294
0.984511123860639
0.920903373244943
0.92912499384368
0.691388363371475
0.868597975515986
0.800280113581086
0.687151512341797
0.668751560876845
0.881740842606451
0.799556308039695
0.847431319597514
0.762745920871503
0.831532911004184
0.689150517635282
0.692559210299966
0.771700217584314
0.741324459292924
0.799188197432318
0.827938795883071
0.874018304557625
0.804170251905159
0.832483471815677
0.910704865599869
0.944660499950844
0.84710810838427
0.938443563693374
0.993713856161865
0.987464759289315
0.817605983008076
0.760410746272408
0.761304348409063
0.889528614998157
0.861717796781215
0.975852122957811
0.872267710307714
0.919044460969079
0.572942399454459
0.781236936954548
0.965236640337328
0.675182684499728
0.612432323107565
0.920917931721486
0.613827816454955
0.695190187407627
0.874763170512687
0.838416570065288
0.822978160710204
0.704627181184348
0.787301735102202
0.747407805535129
0.670049610334802
0.990339581625474
0.972517033415681
0.917019179904629
0.799246033039403
0.972798995634022
0.926075978628193
0.910919509047917
0.70485330905835
0.945087780428273
0.798391511992092
0.739184364805311
0.763281918273139
0.862465338812928
0.545627532406419
0.917292178495698
0.8582734140273
0.964043348529142
0.89594815132215
0.975080978083754
0.696361416243846
0.730556603333458
0.764109972737646
0.617742055380612
0.789701816457546
0.931464829019301
0.638282330168013
0.950444250586304
0.710458013709387
0.964001356658413
0.786373087217459
0.978091853988907
0.815777975484439
0.862078852156257
0.787266958900544
0.898103053506688
0.992622520026956
0.755716211221072
0.920668964581926
0.798447153128663
0.989485340246901
0.384672771235653
0.462763398289807
0.860887496327149
0.717782552717087
0.62643039834401
0.626626515552017
0.778509134742001
0.700276226491299
0.728815507276537
0.450070899093937
0.64256070481623
0.312006055840872
0.779043775006564
0.682577205290044
0.942942443978037
0.82173567972049
0.607043072474024
0.714332105020057
0.724167573919764
0.751740522586111
0.697243826164719
0.885824844994022
0.878451479389144
0.872387145059004
0.727258948298273
0.815641428649015
0.796185194723229
0.838390571176579
0.945039013503699
0.570723173896822
0.785867200857358
0.892051208793977
0.605269743433629
0.825247100233132
0.882943476789739
0.784463053249424
0.583073184930368
0.943140744856939
0.720889696756451
0.594520783492591
0.661985655121107
