0.689129431266338
0.412470239262616
0.302252175966681
0.143838412512744
0.824389426358428
0.900103497048862
0.897314619856788
0.899861509977312
0.884893475968326
0.791879124396461
0.851993993541564
0.884274356564639
0.951278458691327
0.691646322385406
0.893589634295515
0.97575699769943
0.989520863112623
0.927560198555711
0.953466460177117
0.838193208395596
0.826914381843235
0.934997516317755
0.849530907261796
0.858126763178719
0.884606889106006
0.858643064169123
0.975764099003411
0.893548991205217
0.960218670974202
0.879086342345637
0.985376713318953
0.945326396901232
0.915492350758563
0.977644109543829
0.965442183450511
0.966544730761115
0.926695621488202
0.925408725165398
0.891048517374686
0.963039655626612
0.772818516596152
0.936473637747572
0.853658149146263
0.91354262063911
0.860108983597087
0.832392737787675
0.965139296391147
0.992142055677132
0.934463534483546
0.992933543310989
0.88267047045199
0.917684673438679
0.950172140389664
0.991930376892851
0.802646193629513
0.846901225180674
0.865055135312477
0.967549121695226
0.949533031208949
0.995001222479936
0.865543927018756
0.868526724573396
0.692026335378242
0.929473704360218
0.78165730150857
0.802753866452781
0.776090946532576
0.82777217168082
0.801898690566067
0.932679936601961
0.975374445559683
0.808139419989508
0.849963798841032
0.736893053714765
0.762393313237218
0.787557620543151
0.599787998263015
0.984115429322483
0.975182788269842
0.759517283269602
0.995677632581686
0.810833528060415
0.938682828469834
0.985177497961498
0.880490824184421
0.819870093020887
0.94361058755674
0.838277671375481
0.850617547116146
0.94872780429931
0.887471329277251
0.983232865286382
0.981258678890584
0.787646020910575
0.819123972200906
0.889537303491226
0.882482543811705
0.991578821802696
0.896150556958494
0.862142000773989
0.739771806991643
0.93765121009599
0.82947127957349
0.899759358619358
0.855496519474297
0.746821376922251
0.918891451129134
0.902983868835977
0.876317774950963
0.875043425309136
0.811476443170381
0.856608552443217
0.896320633596313
0.740754359347704
0.914069807085997
0.995655246588628
0.759227785075325
0.890758277114715
0.886501103473757
0.91991462565765
0.835690135714069
0.884381205653646
0.860329082345971
0.842233747802253
0.796019722272775
0.760999940556795
0.757306355931145
0.849690748564583
0.739322202530241
0.839778924784283
0.792885691946589
0.740508476294612
0.805736952035044
0.760746482332178
0.82798464260077
0.744001194373507
0.782057192915488
0.782475359041051
0.837121368924319
0.889449979690504
0.947499066879828
0.842302230453858
0.976619871942473
0.961357501619655
0.785418348425183
0.878335201155393
0.986635431265639
0.897246816658283
0.932074933417914
0.971825402818797
0.873457403464353
0.935687120670083
0.788232452046341
0.870823471734151
0.900313115929864
0.716723320150279
0.762229430724092
0.870596321767238
0.825620758150913
0.876072562258471
0.820081403866713
0.816807654845456
0.91778706999048
0.956991929420601
0.814573217679151
0.903525918345748
0.939489620044567
0.860646032702182
0.9629979531561
0.829224883452971
0.921010022572725
0.76367948402156
0.817678864134985
0.911909363578487
0.907731648594645
0.727295277203664
0.78427170088855
0.810711561005991
0.885284239023396
0.932383079725266
0.917813581442511
0.834773261565855
0.763739421963776
0.898889301239253
0.810654142798891
0.919608594196199
0.838567427647551
0.908266086148891
0.875523371291497
0.730928422680752
0.660589712010952
0.754071493084309
0.792565528262206
0.948258582524671
0.996041175522461
0.821888251378485
0.971158324298732
0.96609909309922
0.684914119324569
0.968742365869057
0.962379794178463
0.924316295900985
0.785447327010307
0.746679483317438
0.863056041298229
0.980587686698142
0.799503662121512
0.95865527539007
0.835023743073133
0.838908393869465
0.689369635573697
0.969364432012921
0.996394762040826
0.973756579425318
0.836156588893947
0.41869204993181
0.775349070626868
0.843362679961096
0.877657372131085
0.969551464224568
0.816323516446467
0.843783506693342
0.351841926215733
0.733184408865048
0.479964468233979
0.589046832356588
0.588336568308784
0.846500101022453
0.719384862135107
0.708678537897279
0.624897642462012
0.827310952935201
0.800091255970259
0.673316076717678
0.780794713694331
0.841541714055593
0.819185492232858
0.686024857363955
0.779426077088719
0.884396662701893
0.772274862552541
0.878046528162298
0.953874080610701
0.911959095329326
0.985288628942306
0.715717710810223
0.489261154626606
0.570986735521403
0.678623665003352
0.490112577981833
0.792256269051286
