0.452616375405341
0.222153034820072
0.588064067465209
0.628531038610912
0.951247049185739
0.847840510494807
0.733418524792179
0.890000036157632
0.935464986267797
0.731753367066855
0.977695827362238
0.83750224858406
0.858044902528083
0.819156980673121
0.998062931969677
0.969033406312316
0.462623250281136
0.996305596351805
0.960889646057069
0.759253940624945
0.77056248866791
0.882923458985866
0.859183834141257
0.955324343896599
0.741906883390542
0.955060677166215
0.893329206285882
0.906155084570759
0.884321058232784
0.782901894542859
0.896875885409431
0.798230430974364
0.855068670320122
0.902199026722708
0.923589157732279
0.947970007279404
0.861128074894768
0.826881209528485
0.844294837965533
0.8498551810505
0.784878838722281
0.807905028076923
0.836888554688431
0.911995467066779
0.756492447577657
0.858303256658317
0.85074364814338
0.960550077775236
0.774790410939428
0.785689881220374
0.811874779788015
0.971249555661193
0.874451180772029
0.773288702621917
0.899351244399569
0.9204601303491
0.930528710691969
0.957509963311903
0.91287478569719
0.916851517707228
0.84786774044806
0.844960632420428
0.639829795880476
0.789824424216477
0.812704662046435
0.739818521985082
0.861327402942435
0.87624248275346
0.896239832455708
0.739385380962663
0.807129572306558
0.973015195210616
0.630011391478147
0.653941044174534
0.855286695988698
0.900878642005927
0.731791023000497
0.829258344444925
0.798508931861343
0.921173042921625
0.775946173312711
0.600988723863911
0.833154780133806
0.978045519629046
0.805658565646965
0.977845977986905
0.748307378145166
0.572039030081677
0.675983181242647
0.902691935569818
0.8210493936941
0.566534116927632
0.542187965550555
0.873952052832538
0.642518943774049
0.644191878074114
0.897306008790414
0.768519588861943
0.896704181968013
0.844381943964572
0.69563676841988
0.875250776770958
0.901018101552191
0.883224239588019
0.838621274755766
0.864639617569423
0.892862574939632
0.78902842907825
0.834772520654354
0.828285933878836
0.866507758725502
0.781964500698537
0.768947567015785
0.778632303072298
0.888460503534607
0.861006378872457
0.982756333451296
0.828791428619821
0.761735069880735
0.694250152378703
0.829182878860421
0.840194022474732
0.806637707978346
0.777135889167086
0.899002163973967
0.77780267724511
0.709054898680484
0.793996294457597
0.77759472601866
0.808925179725195
0.694496968897252
0.868539890825828
0.765311462321465
0.763524066728269
0.796083274652146
0.831837275162126
0.793952334881197
0.773435401711761
0.829238567938017
0.879524914163116
0.779375523217742
0.890229560378131
0.984160636155343
0.917288037104524
0.965136656455936
0.969759718750066
0.903474781869221
0.876357741980382
0.83024215055978
0.987355188463979
0.88341104879395
0.664834820297966
0.640362796108509
0.708445012633771
0.662197188179285
0.767957813172072
0.821927898252298
0.839573564787365
0.672428874635001
0.974919707089771
0.92568508722691
0.848256267902468
0.742122836882061
0.666520010517438
0.604625268017251
0.631370856583773
0.845904705265395
0.926259734814752
0.73493377605349
0.882032172846352
0.774286017501502
0.891301289042096
0.848757589880696
0.866000099690715
0.768728530825126
0.864902495193795
0.919915743246966
0.95595598915396
0.836219600334297
0.989278333878877
0.663827351986026
0.69016902555053
0.809096685730706
0.500498120056984
0.712434581359346
0.562617780900563
0.728437983640229
0.496638744824283
0.91855324805943
0.864762273534333
0.879910881287412
0.631038013081304
0.748649906201207
0.84653725534831
0.66327442726898
0.948117533175013
0.93053105786094
0.70068734943131
0.903130607737904
0.913970211480191
0.958595559530074
0.900538180260739
0.989175579022327
0.883316298222189
0.61846011971946
0.784822169814837
0.817518769106379
0.765516320749378
0.733873729682426
0.813376348370963
0.798732092604288
0.650150007154057
0.743634090659458
0.742298555336983
0.531165266306766
0.724558452719178
0.690557832097916
0.729826321492395
0.783733135720888
0.936459606087951
0.306417692006778
0.674089989580869
0.329242435401098
0.806050240518968
0.636212980508219
0.723143340211953
0.626822273314182
0.752655424156678
0.651417798048138
0.71647745748118
0.863731017864185
0.712274471898115
0.817789070268264
0.854592225121832
0.853976902220279
0.711215446100367
0.905491088067894
0.909836821652205
0.726255072201269
0.718736895210694
0.53680676563884
0.620745439554302
0.688666435283481
0.819883666496707
0.683087270886206
0.718115999880827
0.502011871603228
0.710781024201115
0.596199791146153
0.836386461174123
0.684174338440832
