0.533889152575284
0.224653914838731
0.810125216760164
0.695110116616448
0.852274274045535
0.322264998169692
0.824038890131588
0.784683700175946
0.940693331297032
0.9546259157525
0.672399479731588
0.910785327945534
0.706184162449319
0.746264419117433
0.774888299327676
0.678604047801052
0.585654350014113
0.69938549834678
0.974293662146857
0.835623385963217
0.630428584117171
0.796597267809426
0.976458899608821
0.880682060591748
0.785813200634554
0.610746679838915
0.56806795852167
0.719517308396297
0.697193641965582
0.779725690678719
0.867215651731871
0.965403783467873
0.862802498848984
0.741052708226804
0.868383661271802
0.886978523499125
0.891293407568941
0.889103970822382
0.929512380513838
0.862339179784174
0.84585652219235
0.780373073487134
0.728168344053993
0.736885674303665
0.88495314595932
0.868121978084768
0.590376150228773
0.978806369028365
0.78952695871784
0.922863151542021
0.884370124375979
0.800003639388723
0.727007783860387
0.939837242883532
0.85414076370658
0.899452360004501
0.953593084064943
0.657987810190083
0.62401500937986
0.426191766558602
0.58465320347104
0.655475988190334
0.709161934891915
0.630391180704304
0.571811671888393
0.867635289186295
0.931440867977981
0.784368679781442
0.69704031575358
0.72964838658419
0.823787227011794
0.871879419916225
0.773529183031014
0.638696343752164
0.798104541051817
0.531857489851344
0.898920248972706
0.69398952800415
0.939867844419645
0.724477723156053
0.5519916552338
0.771578720142085
0.924862251118389
0.605014967822342
0.813134507006362
0.411570829949911
0.578666125243321
0.73277834434514
0.75010818836371
0.790978596084241
0.765636316476315
0.672202483771806
0.716897191483862
0.670266441766939
0.778422307244285
0.87571268765644
0.768622929202053
0.737799476967334
0.793664474091955
0.467106245851846
0.617070666401118
0.832412974352629
0.797048998166091
0.699074028778076
0.77469409136492
0.857622427701543
0.844715225226082
0.929556638639342
0.764845445933262
0.797094704048014
0.761271153689242
0.879751623254031
0.842652620332803
0.811744453767523
0.73364660727646
0.79817532582363
0.862449238065979
0.865907263568599
0.91045308241176
0.749306361139477
0.79622568997251
0.951485365896667
0.813193056956264
0.737512085096098
0.730024320895628
0.796243292192184
0.828049274290085
0.760031142732083
0.770546444505112
0.783427660724555
0.767861556553325
0.877375498431343
0.840962689334674
0.736357474452329
0.782315562097883
0.794969151003758
0.802103244760542
0.747357749391503
0.799179421464647
0.835875160764002
0.798825356149428
0.73280482425912
0.641538080952628
0.77560820943
0.810635231028714
0.798760362704938
0.864218077424346
0.918042546631178
0.820931135545118
0.861786235131742
0.932881205477144
0.920564528916416
0.797478770481174
0.831210866131269
0.753459408223569
0.466981283922936
0.798900235377013
0.47705205866177
0.418988443881851
0.368744385578783
0.919938706592068
0.841688715419286
0.693139234563245
0.47520528289041
0.712246601598559
0.898686167910256
0.784841984277063
0.645260311347069
0.531133079801631
0.39848077284999
0.939281966936045
0.969189438958583
0.790879478997351
0.834707838790815
0.75532355629838
0.712441733923394
0.825366566898338
0.962220101671403
0.939620657337318
0.847167084868513
0.62136521310833
0.705811924137245
0.620719425389181
0.853417392244867
0.84047217815458
0.621443925842947
0.923711450704651
0.847064587423757
0.859363191282789
0.759621351654533
0.413166572687617
0.508662957067642
0.523997995935813
0.940447342018348
0.741543792202586
0.733326895475326
0.900277751988717
0.75857876757459
0.912116921490312
0.791904417388625
0.930678406404996
0.828474977568377
0.764367719713365
0.876850479512292
0.790093330172949
0.824522711171698
0.703500955443124
0.758660343468675
0.606049453476159
0.655560729860255
0.131741446087021
0.893392423686373
0.708116197044365
0.39944221871091
0.597281192832728
0.709230246811383
0.926707602664921
0.6551384150634
0.550990423688994
0.533701870337021
0.658175656681178
0.769267152936872
0.889253262417632
0.323769520418045
0.558603310229092
0.568983086787312
0.690102193478341
0.792134788753592
0.79368873357279
0.675958639197202
0.590837210316336
0.561583363351137
0.84991868619769
0.674221311534607
0.7618475843481
0.749069801167609
0.855232130706612
0.698627752626608
0.839263953237214
0.620139474310555
0.888871016117245
0.720606694598401
0.740140925002598
0.602605481967671
0.226597440101606
0.860743579223309
0.603971826467864
0.706823469869328
0.662634864432914
0.767574777446502
0.887474553099855
