1.28958524451591
1.75884088465827
1.40234113052816
1.41587136963104
1.4996035635692
1.62720766936946
1.48572371454562
1.57137434075
1.59796109944403
1.84686742469914
1.41766861487206
1.79783503068083
1.75630095562135
1.6838204884816
1.74530914839672
1.8690616546183
1.71922425511644
1.7019833238016
1.56413802649249
1.81032304417681
1.85695715505716
1.82886146291903
1.77004088418485
1.84439669888347
1.66032065690594
1.76275238315253
1.97766209818514
1.75298941190518
1.7003825538635
1.72978160656065
1.94840603276183
1.69737784349609
1.82689583304543
1.8737376069153
1.97878027161637
1.91293724211893
1.73376714201515
1.85894221101707
1.76394072888036
1.875797186392
2.01372900481168
1.77090037174346
1.61841832599045
1.81847134373401
1.55885928146235
1.60763006105813
1.62069537656603
2.0712083655817
1.49405663444655
1.90596644687461
2.02414846056064
1.98079478466702
1.77736205966296
1.86183994389299
1.7171432507763
1.86355916137143
1.67574672038312
1.72564031605603
1.56524037788618
1.5329844727386
1.74199316490516
1.61423495391656
1.68320905465237
1.71409845595829
1.75512268494052
1.7185855054105
1.71743948085415
1.7553367551116
1.68387886588626
1.79778827417402
1.6506835493226
1.78063589968436
1.93181994459631
1.66541591080957
1.5639501299224
1.77082949271604
1.79645560305244
1.52667474202028
1.50863438739002
1.71760825433348
1.61200476919997
1.75947929546732
1.44143005350659
1.54196806213403
1.93212558142439
2.1177503746515
1.6599115394539
1.72040534193808
1.85903641250105
2.01332590046442
1.68315387080439
2.10178826324827
2.00473464397853
1.86391137736477
1.92203528853351
1.94873711605355
1.75468353231462
1.91457192811292
1.58284572922583
1.93080389171429
1.62946969386698
1.62950381285572
1.72504143259966
1.57526251129168
1.97599217949519
2.02097475146681
1.70356945444012
1.86306314452448
1.69988642474493
1.8877829731231
1.59354299819084
1.9982353120411
1.60989409627552
1.43381732047182
1.58899179539358
1.61633706664235
1.63781477097034
1.61045104849271
1.69554755823971
1.13725257603046
1.66226988977398
1.66915444494317
1.78442285779977
1.58356565568776
1.48447718262841
1.64740199600097
1.75979177691974
1.73518783913485
1.63140499997678
1.68461764574695
1.64829948190295
1.35572823683693
1.6969647929073
1.61495654609774
1.57819223503244
1.51300390043715
1.58876487710324
1.81630908808612
1.55113276470609
1.62182401338539
1.85449669766904
1.88727479407409
1.63180723104918
1.52643912088772
1.24874130389832
1.86820699733297
1.9460330606728
1.82534454778595
1.57713261120519
1.78838712163168
1.70383015754251
1.59838519361157
1.76324537929871
1.77078017468562
1.70174877088377
1.65741334572301
1.69297830140563
1.58582694444025
1.68804178929175
1.63466652693362
1.61606729618044
1.6184503147885
1.62621148882525
1.65851526638655
1.71797410003419
1.83627266907178
1.65642436732086
1.7186029229148
1.76586259646017
1.68211717637295
1.76588262317522
1.78608155179525
1.90864388650579
1.6528677457929
1.7158198941818
1.65798568236481
1.63715519632742
1.67892858245405
1.52331680522397
1.59911143420896
1.69911759988433
1.57191888706226
1.85230878178569
1.40728396058292
1.45941053714598
1.71551472496471
1.71370214750446
1.89392400188437
1.51735272239755
1.53595263015809
1.95041720152471
1.61075507394812
1.70996039987372
1.89406175469709
1.84670569736361
1.73923143108548
1.64518521649265
1.47492392990623
1.61323317048671
1.67806198578072
1.6661976717695
1.47853542081338
1.54578155666901
1.76383256905691
1.68247485669738
1.27028187767551
1.65008456223665
1.44613084687403
1.61445092295228
1.62248355899621
1.5227977076479
1.59930396047975
1.75922402185129
1.90645171310513
1.66181840035147
1.67968095112849
1.83918828725873
2.21422255630287
1.80897943994624
1.91571609072801
1.91267851806077
1.71820958294392
1.83800758624054
1.76099190339255
1.59976836118318
1.72752589430322
1.75323252451897
1.62570976273774
1.61855508930502
1.72963765249971
1.70390582803993
1.66297979993187
1.81507999775704
1.74655112753724
1.74867945647204
1.60149212389742
1.82009504531979
1.75974123703628
1.77553803041389
1.66040687837191
1.68136009685495
1.83839355916322
1.74116054733429
1.72359675050728
1.78143527754153
1.77585185925247
1.75623802642206
1.86989010191276
1.7647469693631
1.74028483896727
1.54600603907737
