0.0025853353086859
1.50623408757894
1.52291486811089
1.61877151435377
1.64814768708094
1.97566055387311
1.53115297634249
1.81723040940199
1.52872444940489
1.61114929442742
1.57242008536863
1.91206479663114
1.63401417839031
1.84547928346153
1.7736940321095
1.75332350206358
1.72589232250909
1.65455296774886
1.73947278380493
1.79233940002456
1.4973364764014
1.66453491302255
1.8571780045532
1.5827801444692
1.77207700769492
1.83329251855159
1.87843039562854
1.93422550434047
2.0164417485519
1.78313963801109
1.75048600377265
1.59007797396138
1.85735002813324
2.04689022934559
1.82383441706726
1.8301059412291
2.04076825827513
1.99774894320294
1.62999838915694
1.95856787068748
1.65943458660777
1.99061868728644
2.01926365339319
1.87538397184988
1.66385459448411
1.86270646488681
2.12172127962518
1.62065013458275
1.62714996767244
1.86898732253932
1.51794780442412
2.10044353395754
1.69970621366411
1.87639553753314
1.73449074611883
1.78669721779439
1.65489403234474
1.69708112059383
1.71471334220679
1.63270796947118
1.85929398984294
1.73997329630876
1.84255193711111
1.5622097918423
1.69405369569518
1.9214748651138
1.72635430180814
1.65673875251165
1.6587488726659
1.69985195754863
1.75875337808251
1.63854306182685
1.75982257785726
1.67234668846409
1.67854500269595
1.78798351303468
1.66606967964324
1.85360812847285
1.73225861839347
1.57862318923778
1.67443857644535
2.08449249818161
1.90545379928579
1.67658163638629
1.40233982887679
1.95232328407674
2.01820580277327
1.86044160215146
1.6963397992935
1.87073277110385
2.1745731543109
2.01934433296166
1.93633011057651
2.08950489802979
2.1402667602078
1.78101158660422
2.30456184403823
1.70986026940363
1.61163386435849
1.70253848204286
1.69810600096011
1.69091434606784
1.64330087449993
2.05291625486148
1.78591893990055
2.01131871167238
1.67622550603242
1.5733931636165
1.38131264475225
1.72672032182704
1.61685113393707
1.6127423363461
1.71676475218143
1.56967565932284
1.68652388802434
1.5991038959603
1.69609969828593
1.58727927436584
1.78945068998332
1.22829426548549
1.41399761821733
1.41435357003638
1.58357587864321
1.36802646333775
1.85207596749993
1.84718182104454
1.76192318953806
1.52075876815687
1.70528366598923
1.864768747668
1.75805929938164
1.76323641684717
1.85440731733076
1.75007847924042
1.49906176370127
1.83353029924518
1.64741647369552
1.68716708557176
1.91327377632337
1.5828662695966
1.72891118499103
1.48875181582991
1.89122377424414
1.74001175368379
1.81765114239878
1.795499168758
1.45330191909525
1.80459099876009
1.55501667368764
1.58979043004004
1.51436372501994
1.73750543141997
1.77373613480496
1.7376704527959
1.74778283294598
1.65398660857541
1.69563325926018
1.63820013021457
1.5949717124735
1.68898668727097
1.63638435709222
1.69026205563367
1.68755469470617
1.65815608844174
1.60338737799598
1.7970891237715
1.8864343602432
1.60272603700867
1.81458508394951
1.7121837030153
1.74123063300204
1.84601461543326
1.80317966110123
1.90016842921515
1.75028623023628
1.78315347127694
1.67131824451419
1.66298494398607
1.77653647092764
1.54444556901809
1.70895873021045
1.82706434780289
1.67115703242923
1.78812167297934
1.56169699452147
1.69468814540183
1.71161460800928
1.72306396661811
1.70230880947558
1.81969161431798
1.49873133736286
1.96892211054544
1.84108923004132
1.68293393852979
1.79956463533912
1.54786200717895
1.50552437773911
1.74139851542171
1.51333986718853
1.86328129529351
1.69082474580125
1.79977332507195
1.8650704151872
1.70883169277188
1.93874584323567
1.70336051374098
1.44094068176154
1.84652847616333
1.88996211712919
1.7877268693777
1.87135952023107
1.69637047195596
1.6854305626004
1.94003493788027
1.74771259215072
1.5462165202669
1.93373836369547
2.04335502562405
1.78003139961607
1.87382700227312
1.68641648066749
1.80116466100926
1.78657758441683
1.69581906046938
1.72968551731968
1.68719224535246
1.76519521449145
1.73271306869111
1.78860013353058
1.7008067644648
1.87310020057435
1.85708417412939
1.78006724312625
1.8670289642518
1.70340560645899
1.75067513181076
1.74734631867335
1.71949776603364
1.74180079933118
1.73541437760097
1.75974033853282
1.81974112374233
1.81859233109581
1.83776521951044
1.77827555711709
1.74023528828165
1.84286521091354
1.70062657149447
1.78719087406553
1.81322779968903
1.87884635463851
