1.43031114740297
1.70599786988546
1.61382704448375
1.61123082568289
1.75834126465126
1.92963301419099
1.66975439438303
1.60164477369221
1.69354079332256
1.71119299866365
1.86912208461749
1.76789856939143
1.57920873684776
1.77411346063795
1.70006224091769
1.86832706899173
1.67268415672239
1.71350602100783
1.7965218517148
1.69272353616292
1.7788436770542
1.73880826353908
1.79419054090928
1.90774841889845
1.91130270194051
1.81510856614956
1.66156213662009
1.66360190145141
1.71777424948926
1.72967614084674
1.99937222833477
1.71989395411638
1.84485210837351
1.99559224953401
1.80713013517629
1.87376111147216
1.72472886806161
1.83005523963284
2.00816132599023
1.75963299009832
1.66555725399222
2.0913440830532
1.83367409743867
2.03877997518483
1.8188450956803
1.54347841630602
1.54035137010938
1.74246429908669
1.61380926819811
1.71027191564497
1.63548470820811
1.71077505029541
2.12407206104151
1.93904929978579
1.86128538530347
1.63981232385358
1.55100577332123
1.70014575831248
1.68135565272152
1.70299323053369
1.72633781128796
1.29855251128148
1.46350257601055
1.63010661986974
1.69960626515083
1.6518561613046
1.72097744787356
1.71037121776257
1.71163904954245
1.5923472591828
1.78903827824256
1.49825073248187
1.61511389072921
1.63776986486599
1.80034186520544
1.76006013319606
1.54524501652454
1.75381623116162
1.72008463738549
1.57652302336541
1.87311428967337
1.86631682813567
1.75266451038318
1.45988412836043
1.68146938864498
1.57064969245306
1.71824728275882
1.86052555644736
1.76727281689869
1.79175536399506
1.91659729561381
2.04018528913659
1.63562619769731
1.96331218587897
1.65699356844638
1.56776669441953
1.83632050545135
1.65993624532388
1.60358528337024
1.80075783360403
1.7740322111912
1.68210834583207
1.85435716659659
1.77578382253897
2.09573084853672
1.81077338512445
1.63231281307209
1.59447076027393
1.81290051256266
1.73470245538808
1.59293940875458
1.55085709478811
1.78851661368263
1.68000139727542
1.69568476279281
1.67072078058941
1.67817985078892
1.76119850366034
1.55793408026674
1.79302812624136
1.72702426998335
1.49319923438974
1.79113978296269
1.65992081896426
1.59199421594039
1.79195670953068
1.72987295300817
1.5228954333854
1.61143064462653
1.57472451793386
1.61614016917551
1.63659059153663
1.70247665619298
1.76353314829261
1.53280880972743
1.72351355950832
1.52807402415887
1.58505498400479
1.52007929615303
1.58392359051362
1.80745108288868
1.48140016057357
1.67970622253268
1.7207061009782
1.75198361659286
1.8116020129212
1.85249510830996
1.68240437904533
1.88735796603251
1.62511522596745
1.72757076603958
1.75035090874383
1.76189872936701
1.73117724145368
1.69800915076935
1.69436616338408
1.66616779822159
1.65507074679741
1.66631816149971
1.66250941637099
1.61025078714861
1.60547230461297
1.66970559446822
1.63700225242438
1.73443679481727
1.71806870914209
1.69976307626135
1.78258213693964
1.70111922825751
1.84879746414445
1.68936265378606
1.67601158682832
1.84593678260705
1.84601864030929
1.7096265170994
1.7338909880659
1.65419827345271
1.72164856131283
1.85727504000862
1.70659120536664
1.62364527257434
1.83102933862588
1.89232575586673
1.70710890578581
1.65325000962937
1.4464823284941
1.62593942114596
1.62188147388793
1.75477347130775
2.21057241802496
1.56691418590962
1.72631166149227
1.64787700440445
1.88343704970809
1.7371489971624
1.64718306023281
1.78925003875882
1.67863578060889
1.49799335621527
1.7339280151988
1.46548765672821
1.69689242994339
1.7073339826239
1.73003011897548
1.55501222799857
1.71114484453219
1.68510419257379
1.66445173668201
1.58415208531884
1.5473084080128
1.73718782106601
1.65718339122503
1.73200936554183
1.53455297633829
1.62239861941155
1.8706777470687
1.5721018582624
1.72724006633511
1.7427011879672
1.84548513426564
1.80379350978897
1.61736991386574
1.64454340755111
1.67274836554137
1.85225715307689
1.87196836845041
1.68767693423101
1.53433727614901
1.77207511422324
1.81932379137414
1.59631754160403
1.89463200605301
1.72690086566031
1.78193114902053
1.56408258468079
1.79715093575894
1.74583078200881
1.59170980413368
1.8260228608865
1.75594177077838
1.80309874684287
1.73868790616153
1.81376899962792
1.72199477084423
1.77240163288487
1.79527717513662
1.76501744660405
1.77878575487396
1.89420006388441
1.67217761299835
1.79213279601918
