1.94649355430156
1.62657279109479
1.64741870205362
1.60075061887163
1.61997389519184
1.51719875774159
1.66248119118622
1.52167574593674
1.81585860123136
1.65131982493596
2.0154094300807
1.87088424341882
1.38303193830694
1.97593906130174
1.61141097693673
2.03236999202181
1.62941798662632
1.84445293244985
1.71441423681415
1.69756367990954
1.74099858833986
1.67871571460982
1.69430697910423
1.94457943672796
1.73438633118576
1.82834668274465
1.66692002272808
1.73590498025788
1.96946131568488
2.29567200567764
1.81803695168312
1.71349872665165
1.83056098286361
1.92547919493729
1.96035709143651
1.90450257706312
1.91003936554889
1.83704216405409
1.52166006054893
1.84236273790672
1.64255657430765
1.5971021048087
1.51457306048819
1.9101476038524
1.80257705934391
1.70466924910814
1.73920665891695
1.69585466576317
1.81977014830596
1.53022659876642
1.97699807215367
1.76698767295012
1.74248026958191
1.64091983731023
1.72038327751973
1.78945024761681
1.61420494398949
1.6142611505919
1.61555978968917
1.55414553149898
1.82232500383338
1.45035294087205
1.75595968169251
1.61294860818083
1.66197674353401
1.68943207901229
1.78545271859435
1.67156287431263
1.78047270140153
1.76269328678161
1.60431484281322
1.73606856547249
1.57644522977739
1.76275787865536
1.7741813900679
1.50790138571696
1.62397288453532
1.74981015516161
1.63211267351861
1.39890121575418
1.70695076777407
1.75591787930614
1.91747284253522
1.61566744465614
1.75149207039562
1.70711847483389
1.55274230854889
1.45245102339068
1.81999593277948
1.84615762596855
1.86154470649125
1.75782513546217
1.76165087410518
1.66933545186508
2.03096197310016
1.45380470741244
1.83313755180566
1.56582437573361
1.82289009973
1.61413243392983
1.6422676711652
1.62786064527518
1.76711883711232
1.57370508013367
1.7438708299609
1.74713484732203
1.79488395798509
1.84170097937555
1.60832208695113
1.70609304603506
1.75046581616546
1.65602042356005
1.63251397926779
1.66245295640437
1.5839541501294
1.51664031941229
1.82402504790228
1.59622386608297
1.75252623599179
1.61056494115379
1.53612683756463
1.49256067091889
1.69392834288769
1.62723066432756
1.71652502811271
1.64173116187285
1.70168588481435
1.57733641078594
1.67954873818608
1.43888995306434
1.68266911488546
1.82598330331951
1.68477890126294
1.57979391804188
1.78943192276815
1.62957116614683
1.59216702027685
1.6721278884973
1.59484521284497
1.85109960860947
1.70797752197248
1.58529041503646
1.65061993703242
1.79633219860246
1.85872459666684
1.7451523540382
1.71403146065689
1.57431938612739
1.78650450418696
1.65864092139836
1.67376597179527
1.68756532859083
1.6223050434354
1.70699502873823
1.66058654330922
1.72942035779615
1.64303540274384
1.66109143410647
1.62559943458707
1.59175453756275
1.70690734771206
1.59204724193862
1.71725074256079
1.68725738673062
1.7337980263483
1.73235389007286
1.74325791055243
1.82709935448107
1.74805862417686
1.80610994964732
1.77879147406108
1.70142178559785
1.74587323339191
1.72296102591541
1.78126287659715
1.67358659505622
1.67763278731384
1.62337082242586
1.56715752398768
1.6272460718669
1.64609275254423
1.50291735165658
1.62741637196444
1.53546550992523
1.53583877358283
1.37772281148855
1.81556864268896
1.53701261253078
1.81749487903049
1.89980894528533
1.94537779126296
1.83872239963611
1.5977567376169
1.82960216329507
1.66582017836392
1.63687506142434
1.61158627447671
1.69483461418222
1.80177195991032
1.6780696475133
1.99003084648161
1.70441039624481
1.80754168376007
1.48120807222058
1.64886761090229
1.86864320572398
1.85214669769393
1.50728156207442
1.64367160922927
1.550807426541
1.82364433977446
1.71467206179689
1.74501871674406
1.53879292341778
1.66722031788538
1.6913041577794
1.76311820733186
1.88679238818765
1.74363240384249
1.78646908810949
1.68677301142933
1.8130885183697
1.68110708682297
1.70794376666354
1.67989476908314
1.63755104467124
1.66657187803419
1.79663815085288
1.7169487196244
1.83053275973456
1.69121621528562
1.57206191586023
1.64457929614595
1.70767388168639
1.64006941559362
1.79309744088852
1.67079571783939
1.70115804344603
1.72038553166776
1.66353704775066
1.71473765269117
1.76400430131471
1.72847920211699
1.73006806430658
1.79046400396384
1.806065459694
1.76182406961653
1.75636222797713
1.76254252935337
1.80625538720165
1.90487050891094
