0.660140909720212
0.773317072303945
0.47303473006875
0.648481527829895
0.795300702546093
0.653364567508739
0.748296953834943
0.27252517812083
0.641251106938229
0.64249239028416
0.703639622746642
0.841887664800364
0.843737519582313
0.717222829899253
0.850064243702399
0.782644131735091
0.83663568970361
0.739982686772071
0.952325330095232
0.662533870990919
0.728939216554292
0.493906917908644
0.821315044674144
0.671224173165406
0.787666388068941
0.612136131333516
0.821319735411407
0.813995531181075
0.833361239974608
0.673966482128553
0.651026925236855
0.790289975517195
0.797989776473092
0.836421121259862
0.742014393393127
0.810299728246636
0.754759481836234
0.718617302713861
0.731287293035183
0.700624709313372
0.809288309311346
0.653020135659383
0.689791929112348
0.968043927048408
0.846446933762479
0.837305974386398
0.835373607384589
0.635933730408967
0.570889197545343
0.711744565649675
0.827074505251092
0.931001467469199
0.76675105673224
0.670988235837837
0.743565753151936
0.56937559689719
0.786644893965946
0.720561053799917
0.751930187913012
0.912075163956813
0.716855442650229
0.699676992165358
0.877742140875172
0.64781442451862
0.717712089131508
0.728791636773799
0.711677478245277
0.647086874045711
0.747021872602917
0.768697852012636
0.54811124896444
0.678404861054009
0.592436539015148
0.649561222206695
0.494494815191271
0.489153674241606
0.622493438760635
0.540992683583872
0.662837849433824
0.601826932155354
0.622397867971076
0.679985789521129
0.672604087303121
0.579951491464534
0.66605528212202
0.775386965234733
0.72666115317702
0.577644227981567
0.654411117142201
0.776066864967965
0.689841862582671
0.840904939250888
0.912860935272028
0.673192180445923
0.73209897168783
0.70785206016993
0.66584787482604
0.81650454337734
0.693121444126945
0.743159804530248
0.727709707102339
0.615079868603144
0.731829122370206
0.846656034998716
0.716531435693161
0.721683778512564
0.833272052355233
0.822443336537669
0.766236924156156
0.631066082934779
0.804435342284527
0.721014093846597
0.708230018491689
0.663931852191509
0.708634986722786
0.73005280260547
0.653699664314697
0.626195908327508
0.749586530089889
0.747022704560914
0.759881780833878
0.653691348901355
0.735038260143472
0.717639264329037
0.714465295342363
0.661669263720869
0.768654851301403
0.7318239774448
0.760265587166867
0.739879642136296
0.752771485559149
0.695395271936053
0.671985773011526
0.813209041742558
0.811285497678245
0.78694662069832
0.892315485257708
0.764249415132859
0.678338246542989
0.81290791906786
0.667065719527874
0.451822054390675
0.582013361152959
0.725673760709894
0.900743388797098
0.624143661005277
0.676772054808562
0.719555169868554
0.627451860373863
0.443302982010251
0.149303314692908
0.538810281835212
0.658368607107374
0.651533412690596
0.965476048790477
0.792765912420171
0.699131914482201
0.767901243018779
0.762670508853691
0.849131041321388
0.790230201355318
0.844578655311492
0.661438561588428
0.762034170996177
0.877042177751102
0.645197998984425
0.842536555671544
0.479099726893545
0.627865782494219
0.73655453824885
0.765118063041459
0.846862872482157
0.666891215375051
0.6703593414496
0.47979218855867
0.712807062953829
0.581977770491067
0.705537990021749
0.702703366408066
0.69708843891893
0.748454792435998
0.458081990227321
0.418431148872801
0.693619147462881
0.63170512378503
0.713538026055739
0.706083636400537
0.773417952916771
0.908636719205593
0.792801864392392
0.668946965084337
0.802002112743381
0.784815725958617
0.694811787959863
0.726002353074218
0.680028346037287
0.778953980603368
0.810972189334782
0.833811481893759
0.886104017558254
0.793189002461247
0.818096222270301
0.822089335062487
0.816735380853599
0.789637112723981
0.821778338305224
0.7291308580589
0.704577617460607
0.751851783830116
0.912877640961083
0.68986391150904
0.79303622483997
0.75413798412292
0.764766183510513
0.711430602814162
0.891292791828336
0.719865595875646
0.7189918226175
0.696437721875917
0.780470634592407
0.771328220697101
0.735005655212529
0.751447581020904
0.795627768599694
0.690599422129394
0.646958444096358
0.797122359783058
0.710547240477415
0.617865101232198
0.793947378852682
0.698142757729416
0.664700448871385
0.672101137974428
0.93512097053313
0.764426172182576
0.821696737566749
0.66527501075884
0.673478283107896
0.494021538890268
0.79318652129638
0.651356408772341
0.57261031267127
0.709424890828322
0.779597704731692
0.790036514114122
0.63929336658925
0.680995282674178
0.667456099671455
0.721632574821497
0.809059111052765
0.742019431368719
