0.532328464789316
0.787994490403657
0.558803121518128
0.557040293686067
0.708709796825017
0.814536339129081
0.796386716539105
0.79906968616705
0.962877957129411
0.89019249423483
0.971913264215701
0.929756025246191
0.887045224738063
0.837099600215367
0.931647357255309
0.889683879776692
0.912446106499038
0.913136833242791
0.753419060239133
0.789001797880786
0.917676353505894
0.944893695437597
0.814834748000353
0.661582380988584
0.76606668099381
0.724761621061469
0.694423533540237
0.758244506757469
0.761942393001739
0.927912248509609
0.907335819902535
0.803464631636868
0.902619291007161
0.847759375166707
0.775295778273633
0.881883452561796
0.895326332697368
0.953142100814361
0.840902390401115
0.938150332601969
0.840755531643352
0.829498260422537
0.932675868040985
0.646346139169043
0.796893422327907
0.906759851441736
0.758535444295178
0.928155342078223
0.764479087300002
0.747836494866252
0.942079979442018
0.483860073968106
0.972276884578711
0.919619500548988
0.706917951429765
0.950379572168319
0.511602431200984
0.773674148593943
0.932750568147355
0.726977384875841
0.878003376436415
0.743392596581903
0.722491121678183
0.801733137737875
0.706970793884709
0.722996499041513
0.909251305856095
0.779436621629335
0.734240185450019
0.765495547459613
0.667465971052895
0.701100447383938
0.879568508219414
0.789849898846024
0.904058700503811
0.75792315758251
0.949822074914568
0.472093901891443
0.882897190636128
0.751167824624758
0.798891621389284
0.892464789741412
0.514267995559865
0.762226081052685
0.427536382994324
0.999034332729804
0.971259146218988
0.862977535455904
0.998341886730891
0.58607557439239
0.74209098928426
0.717214258017658
0.914808682532916
0.919682056644911
0.964469331174752
0.962827173393664
0.900128011104197
0.867140034819981
0.917638891951359
0.720846578336041
0.754732603049974
0.82268168547482
0.818626619171855
0.864988973251772
0.745804114368613
0.88994907592263
0.726265992322284
0.886130440686115
0.751768952153002
0.713015487219369
0.72694263617248
0.72335997633548
0.729421644273628
0.641748312215417
0.60814789993201
0.752885071158952
0.657960259302547
0.702207464760618
0.774774404629613
0.731810081367944
0.704492068635299
0.751110972711698
0.692683625018163
0.667249052686616
0.800837377156894
0.68708453651969
0.744649120246482
0.75049592059999
0.759292988319159
0.764584632886965
0.748198838489589
0.788889976241257
0.644897787405714
0.848831292114845
0.61325419614646
0.66996786619637
0.935322046677156
0.77983096553556
0.77139086618148
0.749446935357326
0.799829911213341
0.991768484876969
0.709926036764696
0.865506430130663
0.737697050388521
0.914871046414766
0.815696861768851
0.683838293456786
0.575834891944324
0.512085645174844
0.761592069194966
0.990275942214083
0.988725638579583
0.750676683658616
0.818318271940207
0.783992729979131
0.770682703132107
0.896843476827653
0.850630007107839
0.893908067496478
0.885462035992915
0.75740943991842
0.859011134271202
0.795460356447512
0.695421867328845
0.829952401163016
0.442288394658346
0.597780882683406
0.876238663060768
0.854730366468627
0.399944128088999
0.778048275528743
0.938188063597927
0.636654983672305
0.645167814269935
0.771381114181693
0.592976149921937
0.927095658631358
0.961618269096558
0.800604425982628
0.848407350456856
0.779082417638819
0.948512431906965
0.675557535874063
0.918214643552857
0.709552843487624
0.893033340203752
0.896276675198364
0.739645376221207
0.760692924350802
0.744496431109939
0.756391939386643
0.674003626029446
0.883587915331572
0.853326903935725
0.650849892250481
0.757525328990293
0.896320007035877
0.742432748934435
0.839953710914554
0.852528818886561
0.738771630514583
0.796208392411908
0.781345197194206
0.733612597298556
0.73616701269558
0.738177647149647
0.765933578767795
0.883437962014008
0.770202591441177
0.815269491406345
0.880183840628673
0.766503723933576
0.826753491375195
0.895979057243242
0.871739190264323
0.835467644312967
0.811671132241164
0.932054856766852
0.746685299405356
0.901066947274622
0.687838472373868
0.991313040103191
0.760586088635161
0.642717222084006
0.982443949275763
0.92556727017138
0.937179735687592
0.791493234022143
0.8344653643786
0.876346634933045
0.860256084707417
0.919493654933399
0.78351051335857
0.973717790318565
0.805835330573076
0.889537760899887
0.856266682083115
0.749176513503443
0.737372799808897
0.620054434798325
0.92645689581175
0.779106763543996
0.866613213337746
0.837174297389074
0.666096262496704
0.740147500041972
0.743689815557488
0.730298028311635
0.804067498070532
0.781035640651877
