0.863874353468418
0.872545005833306
0.795251093877034
0.642569555625741
0.644088383812209
0.708114989961481
0.710758155383403
0.924199857170233
0.700626849676567
0.945545217328936
0.983296714515218
0.885505681839127
0.881912143515075
0.994915966040216
0.978097688466306
0.925573492911224
0.842548482538573
0.828269784597001
0.911422948479422
0.976923891296456
0.906389783780855
0.910745011815708
0.942112733296116
0.896253998556351
0.999194614881476
0.762302067653573
0.729677511570647
0.878369474004478
0.772319058197811
0.832589332416562
0.765102899731372
0.738160879083272
0.936141931648089
0.957301521745494
0.829414546103678
0.865648836284165
0.903499899149827
0.932022380829262
0.944850126051483
0.71757377241339
0.798596190678308
0.92819422232591
0.94780413621286
0.889161231117554
0.792094483165974
0.860400422558185
0.588710756145908
0.883359897826433
0.687782345506865
0.763486671276041
0.940362372438045
0.962286626216119
0.898066831167794
0.903636299566033
0.891231403633093
0.87973329162523
0.716240236902445
0.725050506099955
0.757136223479494
0.88651338892909
0.984683321784014
0.759230059582205
0.760121852994449
0.660518298137609
0.824860381708693
0.935192777602726
0.858465713447529
0.833376465051854
0.722587285375468
0.839182639984561
0.923191757306551
0.890519554311717
0.956397998638345
0.765627121648968
0.744575564355965
0.940632339714438
0.895876220176971
0.833347668246244
0.698128216075931
0.890990722832994
0.803257584837371
0.920163316749755
0.70009859408758
0.695273224598522
0.83221432362405
0.996288826819979
0.983594124651943
0.940224265924193
0.780276717200252
0.849378547003667
0.967729631215704
0.947660143749076
0.825584112263519
0.804339593909935
0.824382152550364
0.985304827923078
0.891572794869689
0.913872061156552
0.838946907442437
0.851831530157052
0.821463886451937
0.786004864810109
0.853649315842849
0.937685679844008
0.877350712075208
0.957356861205694
0.880630917543329
0.930265709323854
0.775957572987042
0.810255996960109
0.80134511047979
0.740148661312242
0.722611210244551
0.711567224586319
0.669003167948836
0.74787312279964
0.720562916630653
0.720500850479665
0.748855891460567
0.718682162764694
0.736285275678723
0.682435444750426
0.757101682493595
0.767079606670697
0.829011512862281
0.74608324347308
0.74018564010782
0.763525382671601
0.756210886602464
0.760424451632666
0.740656195283965
0.792253272782318
0.790230374750848
0.80318709391518
0.856032991056341
0.77260211862748
0.913800209080023
0.894224129902769
0.977526952813155
0.847358597442994
0.850431390312523
0.924094841316936
0.48332190263057
0.874734241828795
0.985878976673007
0.870018312142721
0.993029295629345
0.99600866084112
0.909745504057521
0.924989570723505
0.821062911456177
0.949796743956
0.935300628033242
0.937257848119379
0.922044125305266
0.775572515531657
0.857722411701527
0.694330596830181
0.800764283056675
0.840458511976352
0.746886817348743
0.795666831290581
0.732449381812489
0.793730079705901
0.916576152208051
0.890291030071768
0.984218280885159
0.884056773520015
0.877370574750923
0.963319236435961
0.818722906577863
0.668059997080849
0.887939818336121
0.920511837859364
0.928089895463982
0.988538944751475
0.840668894181583
0.871790943957239
0.6703518695025
0.910767485737335
0.984782015207591
0.729821679462607
0.871662742123961
0.927071902694466
0.788235016386028
0.958001825115793
0.832031796438311
0.934316865324349
0.811136231677344
0.803932324765788
0.797620854738922
0.786023879081235
0.777019578443898
0.895543920434944
0.828029824875624
0.688883671280194
0.734684069167027
0.842934704133572
0.777501263802378
0.837840464635609
0.818878415897919
0.829228294153934
0.772319503250548
0.837858760867555
0.852124316211575
0.774691115324395
0.779022947629762
0.772375749470404
0.804979279587286
0.612842991516394
0.720842504954136
0.859943350696605
0.887565214395381
0.816131819819233
0.724354277364712
0.893597830447194
0.924562390788821
0.845461505567107
0.962508279266703
0.773763060458216
0.951258908558538
0.767319623461584
0.914266951500913
0.993073263007117
0.837567269553183
0.930253734772175
0.786297386269588
0.869051620581632
0.806296811619724
0.843339585239789
0.887136396711217
0.902003223989611
0.994603321420728
0.844436800550836
0.852421319753964
0.808035932023002
0.888221389101831
0.847393684894201
0.910596129426972
0.964132355905976
0.724760013455482
0.703745744945893
0.957602707702093
0.886051974517886
0.818871106131195
0.739175245212774
0.862179929210486
0.608432571554111
0.890423580351408
0.871760821510459
0.857177325553949
