0.501752777025104
0.635149122448638
0.582369509037961
0.567429415557953
0.687912476150762
0.717406634270319
0.676494026034622
0.709172066350614
0.977807169194586
0.918508339429259
0.935835586085324
0.92626619115937
0.984792805007971
0.94577099603902
0.967191177402157
0.980511223675949
0.954553562328766
0.896698970672925
0.87925079693675
0.836762775664321
0.873008534944578
0.927751456481674
0.87371404641134
0.953389737699688
0.972995043124212
0.789691227002249
0.837135484421939
0.829315375475819
0.860099285941493
0.906235169159107
0.864118409709218
0.892021589655344
0.895497624123544
0.888190411997104
0.865295126933888
0.863310173373533
0.886964505702879
0.877522311877212
0.881451584540015
0.867802498196814
0.897180533895591
0.904794266074634
0.971221888524211
0.968819406287746
0.875399561935242
0.882717618584758
0.822461609030142
0.835138535667359
0.856692122809268
0.85320493965107
0.900405781038578
0.935755605681127
0.990510743191137
0.92596235613344
0.877531986266948
0.855098785595141
0.832656903032208
0.832912483106183
0.847996394323566
0.846394783761454
0.851693443677652
0.837843801350192
0.806480282976559
0.796559470856573
0.807118086069864
0.800427082247392
0.789059577215526
0.772786007708978
0.769147822452326
0.77253045514226
0.750807739412999
0.747669364534338
0.685421325385894
0.696299600594438
0.771031072841614
0.870706084882092
0.86302603069741
0.955884637777198
0.835037614578973
0.860475102713383
0.784018869550177
0.790321945153249
0.758878409824089
0.761043404803791
0.71338163948308
0.740080958028626
0.874209823958586
0.84039901483487
0.906987674874138
0.906225200593003
0.971166942373531
0.969867263670791
0.947266089345382
0.921425589142975
0.879701028067101
0.917244728531631
0.836180904269918
0.89063066189962
0.841867121040716
0.804211396431571
0.820994546886026
0.797775558592072
0.767877535548369
0.804003059389419
0.850705909999952
0.80083666756632
0.77882793359761
0.803256338166833
0.799304674041205
0.760433332830641
0.737635834647644
0.714697479623029
0.706204202106127
0.696751790602125
0.699170543886995
0.722347245765836
0.726411969664653
0.722902411157282
0.741202494218031
0.735074050163796
0.734693457740186
0.717589788385212
0.734911513254146
0.745891056657031
0.73327718871537
0.740793733254295
0.734711994595004
0.748695761135224
0.758566667428478
0.748251938274333
0.751972876995437
0.738059740436522
0.735522794217462
0.784330434494108
0.767244218308539
0.837295174936087
0.837641225872336
0.851809849879421
0.894787288837956
0.852943737244684
0.857404945661811
0.930822552913009
0.970986544812553
0.867350051702892
0.879832396664154
0.971159408929576
0.950789686691482
0.928242117503064
0.951198280637766
0.773926481380634
0.819851986505156
0.857816170344533
0.920463286816966
0.982389055640387
0.941719943826319
0.863684671787102
0.834766023283482
0.802229150871032
0.820534916215111
0.815236629781421
0.830800526260408
0.831711527015285
0.820115093470197
0.829274640139544
0.784292932041009
0.765131241704935
0.762992739173025
0.797221010315613
0.933396472437767
0.777310262527492
0.870218393690387
0.905414523672549
0.832951730477785
0.89543468234072
0.844871618150552
0.951162653966098
0.847493958830441
0.978431481419154
0.971120460096235
0.830886130166507
0.906749336770605
0.893431251971988
0.906077519515811
0.827331690377582
0.812366563809128
0.817460620522419
0.810117256364979
0.847427759927767
0.856201052779797
0.823318252448452
0.842929278460098
0.805507585097071
0.809084271542725
0.797181548919213
0.76534609474836
0.743260255553146
0.766806557999393
0.819232446429525
0.814380651811319
0.808656051817456
0.802498600758448
0.79351903111378
0.812230999504589
0.803930096013225
0.776516902223568
0.778611093797605
0.773498520639215
0.775825292283667
0.793947658439595
0.799613076126044
0.809686318357334
0.813755521592929
0.807093517731602
0.793356325730552
0.816257748318245
0.848381571043224
0.845997303006866
0.791617705043754
0.836594568490223
0.823302762053502
0.84706250913451
0.874342013174298
0.915042380953508
0.940252471692369
0.983765009496633
0.997684502333475
0.929826215840876
0.818081434583291
0.818949639445255
0.94711844699548
0.957389095970274
0.89014946504379
0.895320403455181
0.851616243284193
0.85991743753204
0.837430536244954
0.863154835005963
0.86147550568841
0.825089451793153
0.795256991813513
0.960090389590071
0.963437088575087
0.868520509241572
0.821617759770528
0.822638778751041
0.802187104814133
0.780264070596942
0.761068609216205
0.807394117157005
0.811534421476383
0.882797597958189
