0.101574580650777
0.709243555694149
0.684002547901852
0.880042929849863
0.988094497833434
0.807796301274809
0.595425944681201
0.925852726313225
0.858242928120718
0.976840746082606
0.920770414095924
0.813134623639206
0.802047889007813
0.999999
0.999999
0.975424232467006
0.949880843579584
0.988538996350332
0.967095806282387
0.975223354602608
0.87481352565303
0.911705142874933
0.971548824133439
0.942817726045232
0.999999
0.9180817241664
0.976077436992722
0.935719429922155
0.877189214350781
0.950288032172491
0.976443364302698
0.92373414496918
0.976931060933823
0.936287463790332
0.947554672969368
0.971151409606481
0.929376487138887
0.975826097413947
0.819374948338491
0.967292874683504
0.604502341241059
0.999999
0.934791282594676
0.925163117415299
0.964571441205784
0.923173528346879
0.958109266622912
0.999999
0.800731484468022
0.796967463958131
0.646624281184739
0.826149759063565
0.950832939935018
0.978567616795396
0.956721960287374
0.951630329479571
0.827727808817885
0.817002043955758
0.971936224257202
0.835793134988198
0.740630266450651
0.908379066476147
0.757885752566091
0.990276455040999
0.965175508356861
0.873561389443429
0.962344915832411
0.935980013236998
0.894567734468253
0.774303940473878
0.93262478918022
0.932319541682555
0.873959126943372
0.984571993224936
0.933475479985058
0.550678506508984
0.677033481738765
0.794780288789968
0.597437041737447
0.993226127786415
0.998788477331192
0.853415721781186
0.836802272411355
0.758097313795082
0.634344598983232
0.912161129937125
0.802514383360572
0.939293494046532
0.999905355306324
0.997147473870774
0.955771429781563
0.999999
0.709156311839646
0.911372452261146
0.826422661474778
0.915765993101719
0.870666406010981
0.910935608764886
0.972797501445194
0.944229122125562
0.918734509001768
0.843763616090445
0.951778730660346
0.945686353723535
0.994324307609148
0.903410594416006
0.785663783994904
0.890871798205757
0.807261774478122
0.741580694370152
0.757453208503437
0.673004982716979
0.645108070586836
0.684322325783969
0.69280566460182
0.729471008115131
0.840951807039235
0.680877531985942
0.756531645989966
0.735643354488874
0.717391479049846
0.706778659187123
0.735000711551586
0.712462915004184
0.79754722994783
0.767016018167432
0.733143750916365
0.711229348086132
0.757841710706421
0.774038175379398
0.75236567682999
0.723026750733806
0.754717941091261
0.926643585003213
0.721947766657063
0.957558699834228
0.96241211120613
0.859586273603944
0.937640603086683
0.932701187398766
0.689386181982445
0.702999959948989
0.995983190036006
0.999999
0.999999
0.999999
0.999999
0.910914059548017
0.9774695632925
0.998316881958337
0.959112074411645
0.949031498166231
0.994921798934705
0.989947372394809
0.889750030392123
0.891611599557684
0.933094840128496
0.905075668989269
0.814874701463705
0.822643768217994
0.886259041074167
0.945633291128918
0.952795397942688
0.85642093835224
0.833290919561742
0.876199218203627
0.998458703656827
0.992315891388257
0.999999
0.95522578893902
0.892068658417293
0.990506238799728
0.949658953568145
0.999999
0.999999
0.970449125678365
0.934541096050837
0.990175966318395
0.955619472558937
0.859769153143858
0.833474606219329
0.681175372907625
0.950397752549278
0.887808207360546
0.840408589292624
0.873700413398758
0.952454567819499
0.732817354151834
0.849284309873765
0.745459409493758
0.868041461387656
0.768491716213099
0.831764330877402
0.894364361666904
0.834886840772012
0.934488467601744
0.896678013688782
0.965764247410902
0.848427504669413
0.733459875033875
0.798797323882668
0.823212583207722
0.810576171334831
0.799958962923754
0.791046508725589
0.854402637331566
0.745783065115218
0.774394683742033
0.812929484512251
0.797109349654476
0.92215508431509
0.804551080429128
0.771488278736878
0.811388085476641
0.728139056895152
0.887757986333711
0.760021234374849
0.977597205083406
0.931546436970848
0.928246629832229
0.978040636449716
0.940864907583157
0.992349377981205
0.959647809334816
0.924516943849926
0.999999
0.945239195016104
0.906089817633272
0.937147924979977
0.993442811598098
0.999999
0.980352518447923
0.955662079545453
0.851738363054282
0.949656648350734
0.978516150003125
0.918597663201358
0.999999
0.922024923980352
0.914989844891562
0.984572292092109
0.879116080458262
0.946988166717288
0.906451510809855
0.912231373825784
0.867541568776631
0.879132156828436
0.874427377058985
0.982217944094735
0.951480866391711
0.964980929110103
