0.454130389494821
0.603265673712314
0.445298672087804
0.493784777412916
0.449560405404425
0.681445788060957
0.329400845200733
0.838479393954221
0.790655303464767
0.981419475484105
0.816428374730076
0.935670082976791
0.951667271938839
0.803251395899163
0.998341172122547
0.862427248966697
0.723995923538282
0.779108034415143
0.957850680158698
0.973927080954405
0.655859888862652
0.935364681055846
0.876369133478111
0.769436289887953
0.865990516639278
0.892150041347373
0.936368042336499
0.836484247454786
0.92930136146393
0.89787463129896
0.872959887057429
0.904469568323391
0.858184387581836
0.840978658705395
0.780801208196888
0.949974537654964
0.722987180347126
0.865505132304582
0.958888382852007
0.895898985807433
0.866925717460137
0.876872284726145
0.934379195439863
0.825620671402031
0.775326044608115
0.912688154704226
0.742534463374777
0.793795207426827
0.827311252441739
0.795866632303636
0.922714849278736
0.959870337323194
0.833537541682692
0.781801001277826
0.925988211442071
0.798128633070508
0.859679136745183
0.856034834589607
0.855437213822722
0.73284666847016
0.83607888198881
0.836578645741726
0.76298926191706
0.902263993763932
0.925746240408423
0.638768987848413
0.72209634138285
0.770612331760283
0.723371139436637
0.875989463917829
0.579482729296336
0.448740826758508
0.746916311708728
0.523502619515332
0.756780917742579
0.391166399161062
0.944557572937364
0.847343376055423
0.799479268194602
0.932348023997211
0.833457009982593
0.793185368637857
0.616808392532933
0.949276983487442
0.987752424157956
0.631242227695195
0.706554550160585
0.858755759028296
0.9633838806892
0.981017598974054
0.626771248168062
0.937393395821364
0.994568519179191
0.850928439230851
0.892315358180892
0.940330745847246
0.81944584789776
0.737347783482981
0.734135550889992
0.908463981770056
0.64848965998113
0.637462158647326
0.731311329470331
0.82074094941385
0.91230718984435
0.775159701882018
0.888631704330446
0.707389040457836
0.772503712899069
0.857635318126748
0.731752575460135
0.726755323097593
0.693345598447506
0.764416814308065
0.670738481042296
0.751054915218493
0.663161066661296
0.807481773214883
0.757977414301155
0.763863618400543
0.694366650967298
0.767021660496603
0.766430060547869
0.696648858082182
0.674038043075732
0.789840615301224
0.774164792456187
0.751687666000614
0.753570267666172
0.736539872844083
0.744143071326739
0.803665003637947
0.820070355194208
0.812479700784801
0.75824166600045
0.800941879381933
0.771557060695813
0.942917753989703
0.793845260668889
0.885742830460397
0.865782069966053
0.971318375151349
0.755552964214315
0.973979255564634
0.870707948569313
0.675587765606765
0.808414682950478
0.86660273360862
0.684300857566443
0.708291465371282
0.896279771891876
0.751646296994183
0.851254571705362
0.950935287446314
0.86939286493476
0.829657378172385
0.683111314608057
0.84524296551852
0.881171648536196
0.753513354651452
0.820760244112176
0.853656825641007
0.822439743939856
0.633696408111135
0.750101097497669
0.498540491007232
0.753062136232836
0.832634944701339
0.991767060159396
0.601162049856071
0.736567365519884
0.644727281171462
0.793868147937416
0.625173933166251
0.775148592294334
0.659706514523767
0.816750214798982
0.749209582340609
0.887383009650574
0.861866189857867
0.430705423991242
0.945723727925651
0.846746757328593
0.611458978287763
0.416787436071914
0.860716862715391
0.851908450992518
0.948354574608141
0.866334605056703
0.821245351728193
0.817669724023591
0.805155204967092
0.877439402104275
0.811982935020208
0.72109266123508
0.640615189614535
0.779438003614881
0.774994572605869
0.806912923685951
0.845757571950743
0.839423954347938
0.753613086820972
0.8489670429593
0.822888049996381
0.812285391200732
0.724022676177492
0.796304461774923
0.730799350272389
0.758223740747337
0.641410824135457
0.970449295869747
0.794833908117871
0.78703555555827
0.942654153093405
0.96138503453813
0.909013696231755
0.956666267038316
0.837706180272154
0.940851117572306
0.740340014396326
0.873945685158809
0.910215070203719
0.939672474620306
0.952951998994894
0.932170297521735
0.73208767610368
0.975950255510386
0.736062710195058
0.823083538266306
0.880528990367455
0.841770540314991
0.780553123182871
0.842967746499817
0.902765907940724
0.870998584957023
0.897043105284491
0.658255545977344
0.906260779910341
0.784442927804234
0.740457276984053
0.842343188441868
0.77686280804903
0.871199068791727
0.706239060913956
0.788260481183199
0.856169003614845
0.802822480173857
0.683989123486359
0.731756253029975
0.913308525144707
0.74407236487925
