0.00673261657661719
0.0176986627217179
0.0213230342764278
0.0206975769330034
0.0230597709920183
0.0231789990423014
0.0206072070793072
0.0231069422848517
0.0227233589657782
0.0269093209570633
0.0386562971885871
0.0442399149245873
0.0368346325745944
0.0356323404691143
0.0290455104412716
0.0185993075075922
0.0278801130543139
0.0353473117848672
0.0342318729458524
0.0283618153850114
0.0269532174108318
0.0296268314452673
0.0302787039068435
0.0290301834328853
0.022134005584285
0.0254005705641356
0.0466301884183102
0.046684160644279
0.0448421227435722
0.039956974674874
0.0390264688677862
0.0320989894610081
0.0375333593984513
0.0369617325713744
0.0339846157742218
0.0388315399253493
0.0405920422850625
0.0422045175561684
0.0478868076972582
0.0453745856345603
0.0461047977891807
0.0404475443571955
0.0413333964672936
0.0362384436488725
0.0331371870508572
0.036683142489626
0.0311620285979694
0.0296378117437399
0.0250949618522878
0.0242550846648236
0.0164277324288837
0.0176898565381597
