0.028288908297909
0.0284451846120347
0.0332422624243547
0.0394238006365251
0.0447460505068809
0.0377295170556883
0.0384367536459228
0.0442537284894194
0.0317551178470125
0.0392754875076855
0.0328969178035835
0.0396266911829159
0.0361512252636907
0.0326343199108502
0.0368796396120609
0.0310588278840803
0.034880909098703
0.0378386555715708
0.0359515714574102
0.0291743655097334
0.0320709532817537
0.0325459685696499
0.0342372637011448
0.0308715516292626
0.0336534607663152
0.0376795856804964
0.0180764931559528
0.0193852069478796
0.0213249253442721
0.0248848581442049
0.0205228719845105
0.0183004704350902
0.0157720673574836
0.0161595709609376
0.0123491284529649
0.0143585426234042
0.0144347656699456
0.0168791963402678
0.0152177760357571
0.0183929747764602
0.0177191190050899
0.0197677287908703
0.0214975048444925
0.0220486521573696
0.025384739865769
0.0252330925956676
0.0231129072442848
0.0234209706458408
0.0283674520489075
0.0347456341485133
0.0287167007060639
0.0323235500297726
