0.169741349619649
0.167881303053396
0.14164262901935
0.146174560332896
0.111436567350594
0.237449484523653
0.149508315571142
0.174404015965407
0.177402353056042
0.198626440988807
0.225816676687295
0.226723142006484
0.174451329168852
0.200309521983463
0.244732094604946
0.196346033097948
0.21592043455847
0.217018874472603
0.17636561008529
0.224348014077215
0.195663309819759
0.251786294790949
0.158446018168931
0.242502237332865
0.228372854981257
0.188565988300037
0.19329789990422
0.27605184730203
0.166511681233332
0.162286667391067
0.179106382890772
0.13583956145507
0.152552851278287
0.15584025073268
0.167206713518645
0.203057353943032
0.19979174152934
0.219479543652371
0.187301212796479
0.230622907045059
0.199067902218551
0.187767776441296
0.239319998250261
0.228823584001458
0.198383336506464
0.251610211532351
0.239279303997088
0.216192436530221
0.217125666803583
0.159861845089129
0.209994840170405
0.169424160523868
