0.115367311479691
0.126798187391285
0.100866994540962
0.0647565389022177
0.0609041101577795
0.0735020713370327
0.070547742831072
0.0766162360636103
0.0695956459478724
0.0642220956614955
0.0658378577768118
0.0714516446341028
0.0641610346084097
0.0834141719563019
0.100223583043235
0.0925385921062043
0.125067475601942
0.0706950034200833
0.061353495270434
0.0799956906765405
0.0682703273430321
0.0646043274208654
0.0796844293197847
0.0676954327138042
0.0657389307410013
0.0665009487777993
0.121275748787056
0.108259125003083
0.105633187702608
0.0920656861089502
0.0971160816725848
0.0857980080604609
0.0662667739968076
0.0687143172880277
0.0696558634916296
0.0737361966197756
0.0869463400332548
0.0849381182878556
0.0603541994379777
0.0715319100375729
0.0693691543027307
0.0616750600095922
0.0767014906760843
0.0696792125831296
0.082010962171057
0.0785746229250775
0.0619841932435207
0.0866308095485298
0.0736802145543479
0.0683723320196813
0.0807238464736432
0.0705452311159648
