0.0808851927298399
0.0723238734155561
0.0795590919415309
0.0859957231121319
0.143369396880682
0.0933440556226247
0.0816870528693616
0.114444954478716
0.0981638571928428
0.0805701460385228
0.108235089298569
0.110585798970711
0.114884524124188
0.155572130340139
0.132812672996343
0.138732930836449
0.101422282596027
0.114146278071394
0.0733869437671288
0.165722930781967
0.138494252351131
0.146355530557467
0.174469770651244
0.107247784872163
0.155350564837772
0.0763805661168559
0.0780042377918319
0.0644413938240989
0.0832739817607138
0.134782200048561
0.0913589885355958
0.0901716104385319
0.0684129831658042
0.125938435845075
0.135976529247476
0.12211354958636
0.119899929903509
0.16370935258813
0.12986653110956
0.12532457913625
0.094175857451438
0.136276300556355
0.104501597395384
0.104944079008724
0.0819696605313697
0.122725079981088
0.0867250654766033
0.120887419324646
0.181425700887704
0.179179394601975
0.229064348779848
0.125996034655547
