0.171872477394447
0.154865539803868
0.176072034398545
0.137184506604181
0.173725331778503
0.183363186321915
0.187384155569822
0.158158248923056
0.165285775280289
0.192730551001691
0.169983719997808
0.177150225177669
0.165918985783658
0.156407693872012
0.152091482225575
0.162591514392062
0.131839679154478
0.16226763994917
0.144573761156933
0.138742779566982
0.120454557679935
0.176474681746273
0.152331496240477
0.173931496091569
0.120481459440415
0.124409847770643
0.154001471923433
0.129705623106798
0.135639128253308
0.107165071953828
0.154668323637125
0.158153235647045
0.127861125677966
0.137571824829871
0.158326959652236
0.189455452449453
0.174794146276589
0.221749480311128
0.218304358205795
0.200781548902686
0.138429763447994
0.125783900007808
0.139565317016386
0.144671263174783
0.142536252724544
0.12189380578771
0.128857392642015
0.127668214881965
0.133071439078092
0.122478618929525
0.152957733007583
0.131962876433192
