0.175471414280148
0.158589861331256
0.140295011135155
0.164293130744438
0.201843026829132
0.19580300602883
0.153522174031677
0.15267296009384
0.141803410181681
0.14579691964896
0.118692710322735
0.1320648936017
0.144544756045675
0.159730141370048
0.160183714498787
0.142014104994724
0.151524029254721
0.164265869372081
0.167367471299291
0.101218437238693
0.171768365555213
0.144387833499591
0.191497307424671
0.149675304299601
0.158794928000461
0.162425026523119
0.153920991111765
0.168606248386261
0.165082330573979
0.169170737321913
0.184663865605335
0.176444935050773
0.211396207245048
0.19285338148301
0.184305130841987
0.169472495138179
0.225455885026254
0.179386038622068
0.198012561641444
0.204543807277145
0.21114855918247
0.183244806216691
0.186748990269931
0.188966855267984
0.203752449510026
0.174782795385254
0.187849114351056
0.211038101175036
0.170973743843014
0.21109170496474
0.202773648595423
0.168637760945186
