0.237820034995722
0.266356887627348
0.314273601964775
0.237762870713759
0.239568126663708
0.282604196514268
0.223565285857016
0.227274138761654
0.240006758319693
0.251926719198695
0.225895498263018
0.209390871380307
0.267316209113257
0.235963330837323
0.227729711792104
0.216779901910447
0.258693469629002
0.231147081604544
0.239748817517024
0.272646581893331
0.264809978632568
0.239262584142982
0.250748217149065
0.216729683447628
0.218192780075189
0.20294437160928
0.292579986300585
0.181863669920074
0.163894981016391
0.210161469607919
0.229442113225443
0.27004375616222
0.268094680003243
0.228495114569879
0.233217531001153
0.24111395718601
0.248078606316972
0.299731168671275
0.252004589959859
0.224671861807299
0.244431847810037
0.226138228104304
0.335211610274649
0.343330650310628
0.23320086027681
0.221488959516405
0.277179213102639
0.216603490594812
0.163903291466456
0.214379036215659
0.290389548383275
0.255504251134911
