0.162219273682873
0.237233049427082
0.338436065337141
0.297690690036205
0.128897255773098
0.117825094641693
0.149660065509437
0.215339213574895
0.156533605772119
0.0725952630754608
0.0641004623811072
0.0631842585081807
0.0708044526937602
0.0789994106742463
0.0774197835666882
0.0815562584949526
0.0949992244570821
0.114210409677234
0.116709598215822
0.151626354706005
0.135105638478669
0.0723526950877925
0.0819322888867393
0.0887105446568421
0.122501470984831
0.0941377636410229
0.154487786153287
0.177848099535191
0.11807577863745
0.131001616523743
0.0951459476973862
0.121166959706771
0.143129674991949
0.0732076998617959
0.0819341483030794
0.100644007564724
0.100367449847026
0.114949532323612
0.0959096340688774
0.108575993441563
0.0785199234060808
0.0670147129534447
0.0995475405085779
0.133097868657135
0.123067728409319
0.129120399545334
0.108194186555622
0.0767765228175753
0.122884178317315
0.0824060594279416
0.148318112512395
0.152475753446794
