0.385458165948007
0.270796058653085
0.40619918292058
0.347058871475215
0.341834750150074
0.235654485590695
0.235833588676221
0.342584331240728
0.308971037089177
0.343044904718822
0.356186005987721
0.340122540765624
0.328643855848675
0.32597646674141
0.293066835981597
0.369538303534864
0.400155823266744
0.351906933852948
0.315941165383331
0.337717244563182
0.38956327768814
0.410642405839193
0.326948699227218
0.389046929903412
0.407523281681264
0.418981130886588
0.188863265953662
0.184611155335941
0.222608171160118
0.229922565747379
0.287209721492683
0.343285239011801
0.334037757265507
0.261229111978203
0.274711790262503
0.257489343606477
0.29992614609173
0.302954128228498
0.307280800749734
0.328326043471036
0.283406106647656
0.27287814756901
0.348851460610378
0.444894185476288
0.449436921227513
0.416752362151669
0.325575583367859
0.272119047574013
0.312556390696597
0.241589168256571
0.156708293651772
0.2237396885604
