0.36350122882764
0.329585239631546
0.325017658561988
0.364665512775803
0.319083310156155
0.318186564863993
0.335236778145935
0.331311926836215
0.336893855107133
0.34747143587611
0.312180683258823
0.313336163992089
0.345561553673847
0.301341873048967
0.2539919638534
0.299515864018634
0.321073648889735
0.291366735172081
0.34074743370645
0.32298910678779
0.309196540318316
0.299135284459301
0.31365517758101
0.32238662798743
0.30511736403783
0.291501357181905
0.381354520650762
0.360796706513854
0.348635905515061
0.336874070280514
0.330978104059176
0.236916001217028
0.273303143404661
0.328289430573359
0.322252422454891
0.307607749616813
0.366871883112852
0.333038259619933
0.293782048572814
0.273617517979428
0.303196829268994
0.291452140619827
0.284695673151855
0.422038305717695
0.384596452265988
0.358277045288592
0.324487864177799
0.336157382367537
0.317152571231925
0.284600006884627
0.318821208800053
0.306371062349388
