0.128709846188808
0.130094382795564
0.0910256046515074
0.123449997650828
0.166433560925012
0.115906635532699
0.123246771911583
0.11052819604137
0.122969857986173
0.103025839045027
0.12875662041887
0.0877913013008946
0.092176796785514
0.109682250587688
0.104817296626717
0.0911297792386849
0.0719895004492496
0.0714765902447765
0.0841908920600796
0.0675755626717959
0.0887747540545704
0.0938295016421233
0.106925217047639
0.124331420821376
0.117742692820698
0.120856601389249
0.121365149494136
0.110338575213276
0.106440013322533
0.122859784238977
0.159106060494038
0.158046688588901
0.139032466227426
0.14539762821393
0.13801834703661
0.128582895048316
0.119839593434458
0.110842027101805
0.140273552443041
0.146490157405127
0.148769858509514
0.101710922442038
0.123224068339257
0.134474462304357
0.143718834136619
0.0985786290689084
0.155593756513906
0.126599385249097
0.148190257312307
0.147968584693402
0.130325936028646
0.150013586126782
