0.144307347395208
0.149150067044327
0.140996204482711
0.150047356007113
0.178040149160261
0.132413821372887
0.107889657914505
0.161649510582384
0.141214250789675
0.1350152246062
0.153642168365376
0.128958195007205
0.144773202371857
0.132867191339036
0.163914529151206
0.119475230126426
0.153035228009344
0.212888093437585
0.168609163609995
0.138765681021444
0.155413229191377
0.137190911633251
0.101255749494424
0.11555312503645
0.179734736296533
0.140452046133834
0.17949881350191
0.165912875723989
0.151866754603559
0.147003311769978
0.176335423749248
0.138611898231034
0.156773740127994
0.127268235394844
0.153612559141602
0.219945197085675
0.181058112062201
0.16133583183101
0.20383689498396
0.16986094869786
0.111510681594046
0.150936280244781
0.157164840329081
0.150465626718223
0.141042855931794
0.161681783742117
0.184316321361611
0.196811299622116
0.141605713942068
0.184560102028525
0.15781898211351
0.217327283786098
