0.0948259317903048
0.136374991830243
0.149906107025629
0.151312788792341
0.110634438987862
0.122214712456278
0.134853084737189
0.085412691032361
0.125750080677676
0.101087687189408
0.109342144064296
0.111195148091677
0.136010400565656
0.115459145539485
0.104198646027715
0.147055005901086
0.131465720920251
0.115309293306321
0.131489855919483
0.113700802920505
0.150895451290704
0.152018592425218
0.125201212578396
0.129839103883232
0.144406597822285
0.134852236431483
0.12085114602515
0.118014563420715
0.106675157422036
0.139156719102098
0.109967353755379
0.111723878539584
0.07065499310073
0.0870107168364415
0.0964413127666582
0.099675348186591
0.114956487884765
0.135471846420045
0.141787422102368
0.138078775337317
0.0885507694615152
0.0959520402050086
0.138054569939407
0.123612993962074
0.0961044859617209
0.140752599880077
0.137515473469923
0.119208872423951
0.118704471168235
0.105680529147336
0.155612558274639
0.129329108567803
