0.153283988220413
0.160882288980974
0.152685460204149
0.143325943403088
0.131282907491545
0.129343627041377
0.0999493639047589
0.0681147227762798
0.0922441096681984
0.131746026545269
0.138338833529901
0.150078851377567
0.134224159350081
0.137733538625515
0.143571206515685
0.148578253059513
0.166079414479833
0.134146558633209
0.119859021245387
0.150490358304263
0.161850926287174
0.155849525638746
0.104360303516107
0.114082576883331
0.0899467473494008
0.117290892680284
0.117207875338052
0.0961755039353968
0.112571619218686
0.145296364767012
0.11047931688087
0.129950574238968
0.13735296184263
0.130019901932511
0.102796340494831
0.136167473325438
0.114218263858103
0.116364309025756
0.121749658185104
0.121319260641584
0.115984886703485
0.148089407670745
0.15613444677107
0.1189375852129
0.117783861547326
0.12433496191445
0.124980065067636
0.142146711936798
0.139735826424551
0.103525472815605
0.114716979530083
0.131149927177948
