0.125384478413451
0.134356299835213
0.139840959299869
0.0977580258622069
0.0647623830164494
0.0570228812472204
0.0609145294597353
0.0961800385664321
0.128424394369744
0.0930387545293807
0.144644379716472
0.118921169713942
0.102796501856383
0.108463662780652
0.130181397742696
0.128737509550284
0.100374873659892
0.115673303129537
0.116721560732021
0.113911993510829
0.122313658574285
0.110940676973714
0.141469040793441
0.0992872828809695
0.128445998893968
0.0817053975268117
0.0973119732576011
0.139329495102982
0.117652466548648
0.0912065638661851
0.105693851677548
0.118566922616249
0.120237960584761
0.121998842944031
0.121014048156668
0.123027550334522
0.107518330938748
0.124014953281095
0.103233420045629
0.129529454889014
0.119231254362832
0.112947885198187
0.117654706286356
0.101001813250562
0.121202802493396
0.0857908247194835
0.107056336123729
0.102102952387557
0.117385478783711
0.0978056846228506
0.114209859129257
0.134755133511153
