0.160113199943264
0.175120776739954
0.133681753657595
0.0835117138042324
0.0874043190096793
0.100817489708216
0.146467915761297
0.154716148772884
0.133249277030925
0.119328283040427
0.115908035840165
0.160796232902427
0.215285797502925
0.214631764656331
0.151839232721657
0.144851597331068
0.122699829777296
0.130636783183609
0.116703889038964
0.125253437731917
0.222657870361217
0.126219622034565
0.136148304093971
0.166090024944247
0.169024587785941
0.116107139995797
0.14410875103376
0.132296845012425
0.0896534635904051
0.103438952783127
0.117059272638808
0.14325939430829
0.155990985806902
0.172328689806824
0.162413573573442
0.156857844386313
0.157896294568295
0.14822932871777
0.107237923626663
0.135006781588209
0.118439601742138
0.144451165530028
0.13997043935862
0.102253592696152
0.126915298813038
0.115716137841823
0.113190101944639
0.129377525833869
0.121773184754658
0.142170149028221
0.0939817938207884
0.115537822013639
