0.131682342000971
0.127896042289023
0.126512414692754
0.146715245819523
0.114789375940896
0.125002870101662
0.128067751388485
0.139565058236941
0.128188688447738
0.12139385636104
0.0951708806937316
0.105914978821534
0.101818641865853
0.131930511498235
0.0837466257065169
0.069839932412535
0.0870105802812512
0.104001822119521
0.115571443420365
0.10444263582448
0.122227793735194
0.0915064619553392
0.101802699649885
0.11990356028312
0.0952594021669617
0.125487075145206
0.143819789537728
0.129836299852291
0.0957093060345056
0.0774346058396626
0.156698475044587
0.138873875809148
0.132774843097166
0.092420267852505
0.0989014767430813
0.139015451509116
0.157155361934706
0.129117934851203
0.137914359233546
0.123430243514677
0.119642695127533
0.124215702862412
0.0894194451913547
0.097230466571669
0.116058405665587
0.135164394844444
0.0940757591905397
0.0978012018955428
0.099370993692842
0.101715572008432
0.126078841734184
0.120503408330959
