0.0853658752626251
0.0832434443205143
0.0804547825739318
0.0734098616861511
0.0664362727038708
0.0811767898608486
0.0670074396247463
0.0840479606740787
0.0740044543453383
0.073861554299334
0.0647172676832501
0.0787278448765021
0.0890568869288288
0.0669118409653748
0.0834899350108809
0.0638202599959572
0.056768918905407
0.0550659036892576
0.054896649125313
0.0547636681417717
0.0571986225794438
0.060794776460298
0.0637462536468077
0.0736736452929653
0.0735547941671627
0.0800756597603117
0.0607972593261085
0.0546425931405984
0.0631544863635072
0.0775434567124571
0.111190520799661
0.100125268605405
0.083179621679002
0.0953987521388035
0.0877038818194384
0.0873140622846144
0.0850562221095659
0.0916743939298127
0.0885947666631282
0.117205151948156
0.0836276017408506
0.0811971845539325
0.109693289464603
0.141616650202147
0.155672437151939
0.124255328131467
0.103752012127427
0.0948567122501649
0.0909681304745704
0.0875536127286489
0.0782571309017004
0.0757120189013889
