0.105750437993155
0.110697306430464
0.100742516701983
0.0831482360047879
0.0981613475373428
0.0612023229643446
0.0622953760878101
0.0729269188991671
0.0732139708015342
0.067705161823104
0.0650239193188321
0.0655875305478876
0.076690838813847
0.0822741194655395
0.146672287635
0.104940923679078
0.0911025095413398
0.129222322842503
0.14347876047349
0.13392544381144
0.211567610927284
0.12544487944046
0.227968132679829
0.257621577413473
0.160915194465915
0.280813299240383
0.152312457287892
0.114025610136611
0.168615735425615
0.202255040581171
0.239760815088057
0.224660551203177
0.121209255048908
0.184187588495773
0.238183841209477
0.270624970056606
0.270228246903165
0.203577265719818
0.121509564719132
0.248236646137352
0.178624623351393
0.105820874659837
0.13132895968289
0.158883748152739
0.267198602217174
0.174272438680004
0.167868965934773
0.132616158392408
0.146797993529795
0.208240355486057
0.283235044557035
0.317404594142219
