0.14817170158067
0.0960953879738148
0.107805887194068
0.119472190287303
0.0884389449791262
0.0739169216803632
0.0722022719209126
0.0817060711004942
0.0932827654282179
0.102517025777609
0.168487302696329
0.187708202848502
0.0956869085838792
0.10336428456364
0.144036033164595
0.141245095307799
0.0808167604506645
0.0771412067515818
0.117527279318832
0.0732557890906575
0.151836900159996
0.161257195619071
0.0910795137279261
0.0669294322222178
0.0877414695102266
0.104920674826658
0.141671509802034
0.173745658803053
0.0985814364216566
0.174405113966125
0.137867709203551
0.153553718950843
0.105210673698888
0.112060462985988
0.115742749094504
0.107174716550998
0.132587094352157
0.142335179031421
0.141629897765833
0.100531013850831
0.0742371971897208
0.072963939460465
0.116623343065485
0.138083499765974
0.185742160176788
0.189988612256111
0.171538669002805
0.226640131369133
0.131741537861273
0.184063307127906
0.216157631715973
0.202404176550555
