0.0811090923663673
0.0891941142983104
0.0704269216358253
0.0679433251017841
0.0764526595189884
0.075215115524512
0.0703363270894278
0.0608932908258384
0.0643885125961384
0.0656242010983011
0.0783927179024329
0.0656736338010352
0.0835968542393126
0.0615475579104191
0.0645801687992325
0.0797339134047738
0.079961988719735
0.0637085383430462
0.0825928650265672
0.0632836541758336
0.0572820747901206
0.0663457235940495
0.0967542213670727
0.0962505326093219
0.0963325407068688
0.0807508957866795
0.0592421901302547
0.0681321944368354
0.0689509046744537
0.0757202124335805
0.0644016267165997
0.0797805327997133
0.0804352019738007
0.0653704550237848
0.0640067516715947
0.0677375487298163
0.0639826052554611
0.0798581402057975
0.0664096242373087
0.0735120145543077
0.071131286237637
0.0692711540320078
0.0842796451479723
0.0840149259140438
0.11894947687526
0.103689036934291
0.114294711522891
0.054732809536193
0.0648586097477664
0.0869415487533652
0.0711240435546217
0.0953912653743252
