0.256117831931763
0.257011112148517
0.243592397439404
0.239972270899841
0.173694645264494
0.193651508456147
0.200813683224561
0.250715456939179
0.220425178267667
0.223032875818366
0.227525962179183
0.208375810080776
0.256160103904729
0.248622726765882
0.264061431184448
0.233893216442163
0.25209636088417
0.261788323539529
0.229649781846431
0.215873343463652
0.190731700269436
0.201619179289135
0.217664007278382
0.213021829367904
0.258434935244302
0.238393768717611
0.237971782106281
0.234361357644063
0.226427356915709
0.211177897231845
0.219582748667155
0.214921567128552
0.203953725787568
0.215320150313629
0.211156527622858
0.212458297973647
0.241355509439411
0.239062124401573
0.229332389627943
0.196241023463763
0.203665410335922
0.221562901538907
0.22635556546866
0.235820095452238
0.232867122053783
0.203961932126581
0.227055603140254
0.22838304386131
0.254873204160725
0.245119015084697
0.215408475203576
0.212730875039996
