0.114811154739997
0.0761844996797618
0.0801435900413709
0.0685129715717358
0.0791429532311044
0.0745363001061313
0.0657256252067763
0.0919767287694062
0.110748574967107
0.0847390720399464
0.095820465683055
0.110896039558166
0.0966923932481485
0.0938246639107032
0.0926525835175905
0.0877479815824534
0.125796652364639
0.0860013335514901
0.0792614122018585
0.0850978694371072
0.0663718032060069
0.0873502515006635
0.108767221306457
0.0958401619483125
0.118240679329435
0.0875929655427912
0.0911651526801325
0.0923825800491093
0.0905117676013671
0.096105271523001
0.109585948681077
0.0995217865843796
0.0793680358834769
0.101828466796186
0.0887487396405469
0.102875138766084
0.120291508945812
0.134477932710456
0.13637344289292
0.0856260752769409
0.112221671820687
0.0986254534098229
0.116487286489062
0.0862367812302916
0.092208445288779
0.0968579358619951
0.0963001848546991
0.082975687153121
0.0799845253577502
0.0920983654119567
0.0892548731970036
0.0968079362606913
