0.0873601832800315
0.0811036264569241
0.120428361422285
0.100237467992087
0.157760089126871
0.207548810265506
0.16377391797328
0.113748355993798
0.0986306984302714
0.0883909690727624
0.112433643061531
0.126663802033246
0.134443390455158
0.100367302864206
0.0931969629239762
0.117594843446575
0.0854870390631578
0.103027451232087
0.0770318464970516
0.108433806534418
0.113519745543254
0.0995654350598806
0.0774096950809453
0.108091432490366
0.105653858590411
0.110834361783886
0.137224572417906
0.133221934982684
0.0911616074331802
0.0732424537098168
0.0959603301854376
0.080268122090043
0.0996799324860397
0.0852315080955333
0.0948005455859433
0.0837801425135311
0.0942291081229621
0.0893772440793766
0.103236080408999
0.102058602483991
0.137350011518492
0.0968695216190087
0.132209811728808
0.079026163828889
0.11727965380053
0.114352563204026
0.167578501592647
0.120450144279311
0.0902591540478835
0.114921577470368
0.186213562999545
0.135609248943077
