0.0786579529638976
0.0815477427797992
0.0950480125882779
0.118101134708059
0.108887437458857
0.10773053996996
0.0926790442124775
0.105054313275265
0.105190090493404
0.108870006770758
0.0888423579075133
0.100440277847484
0.0935174812514126
0.107732584253283
0.0907892608846604
0.0829443007398128
0.106115976354039
0.0760656042310604
0.0678078218777107
0.104680242403315
0.119696783007785
0.132749754600182
0.115493314286512
0.102402277719413
0.100790809036862
0.113379341787492
0.0798403055327124
0.080693896434553
0.0860449294226187
0.0908985746619157
0.09118778136877
0.0873239127289677
0.0880763264645899
0.0992690857779578
0.0834740085564068
0.094522210292558
0.111883190314584
0.0862606231431663
0.0791000205067936
0.0890398113650088
0.128903184771318
0.101997229583613
0.0919844115675983
0.105059005137738
0.106895376899019
0.0725572236931243
0.0822720947546684
0.0948524410347892
0.107872109113781
0.119896427781704
0.0943652045684475
0.112369445287187
