0.144972760942897
0.124589832173612
0.112255229462638
0.154245559060091
0.155106089849117
0.175006761388219
0.180160553017579
0.241255362372668
0.300218819830448
0.390171575748686
0.35103363367791
0.351876198805411
0.324576225031556
0.285691385281018
0.225395827957207
0.117081185855608
0.0628620488949303
0.0640666536564009
0.0579050611977856
0.0598432805790451
0.0651727769499543
0.0652573262843504
0.0945996898906939
0.157730437656177
0.21077452775023
0.233962291702772
0.226765352637249
0.177035489327926
0.101109150983232
0.087270298532705
0.134839023210709
0.115451026558969
0.114280640922421
0.164544410186825
0.145377653519002
0.202410561447176
0.1232477589938
0.159646686204479
0.154244498382424
0.145356989900707
0.109546621499886
0.123500631571588
0.161715586613623
0.127291970983828
0.156911459603988
0.231775986193898
0.215549621581349
0.145043584608824
0.172998697727602
0.143415009367198
0.103015346320783
0.12646708436707
