0.0645589378608033
0.062179366773235
0.0591498899138969
0.0753797708743345
0.111738171194743
0.0844387931582471
0.117140430469324
0.105061109266442
0.16340469569307
0.138142432617878
0.163021725333883
0.124324496754797
0.0780181094016006
0.101920572738657
0.104370152089282
0.110253949017635
0.0793023498103392
0.0621751427688267
0.0885566046833743
0.106162057950062
0.0760454142914843
0.0907281741999095
0.0886846280403197
0.0959935622976426
0.0995632666266074
0.093428317966865
0.0990283137925147
0.0985908425220445
0.104611648281404
0.115979960943192
0.0946714303916975
0.0841400815653273
0.112728295078276
0.123761160921317
0.103222710554509
0.110165242666053
0.113799101080293
0.0761869957043434
0.122679988517734
0.0983663442629886
0.143133898499523
0.104709036736222
0.0957431348458146
0.128537258527346
0.151040363775664
0.203828523468125
0.234473973335975
0.128283143249563
0.116134363743147
0.0775548964608783
0.121877953565956
0.198156269734593
