0.292985367860777
0.324435182651191
0.3152721823573
0.32203620515177
0.316290635605877
0.35346634470964
0.354100549329791
0.347610555267209
0.320016221216096
0.321462365426408
0.281301024398118
0.342227900537031
0.344858105831347
0.362740314303605
0.394055520414283
0.37682941115404
0.421614273962319
0.381923163010451
0.343828723573456
0.334742728159695
0.351914367652124
0.31334902216341
0.339700747593853
0.336393441619586
0.332591496554864
0.354407688401789
0.2961781030873
0.311564683255936
0.323944518241972
0.298332550368217
0.316229460515014
0.300505368816257
0.308529934680246
0.31919115669919
0.310786309889989
0.359896739891182
0.332923574560692
0.341421312491333
0.330503586533385
0.350498884561242
0.359266098161565
0.31249546575137
0.301835364714111
0.332278495319446
0.381951710836226
0.346596515958698
0.316386791238512
0.338769984079007
0.332821411030176
0.305334192333241
0.339716123774594
0.313286969754901
