0.111799240616589
0.14100410351507
0.0920492572915217
0.087277022475392
0.128613576114088
0.154603875172679
0.0805879344162401
0.243282635716966
0.144285179506294
0.0967645861988579
0.0807353526432446
0.0965727309217157
0.102548535646272
0.118122191337267
0.121088365226134
0.146877603287543
0.110101598654821
0.0760903155099749
0.0945079162794867
0.128687290551669
0.170961538486017
0.109865202198852
0.103142975579439
0.096666103056236
0.0815675520158982
0.0694235224506252
0.0826454508441851
0.127212631392443
0.105350839124485
0.121794419164321
0.160621434396599
0.159774565616669
0.121773163042378
0.146832524284935
0.0869191720426345
0.142534041667844
0.17381299353321
0.122229318049981
0.0881315202228194
0.179193186463191
0.204842789157653
0.15015049822349
0.246028780218991
0.225943216850747
0.237914254650654
0.268103163920086
0.287620454360744
0.15989567207914
0.119842576127983
0.144683283374941
0.173992133824047
0.157579722915417
