0.130987633973295
0.121685871237043
0.0796411854328739
0.0824577371841336
0.0762063967093321
0.0915796570861974
0.117567492270573
0.1202676841773
0.10344952936788
0.0916540130380508
0.101448062690358
0.0833084898516719
0.0918026915299015
0.112927593105154
0.0805006743631892
0.0761995897903164
0.0646029013373012
0.0565218986273276
0.0741894610105148
0.0752023718242862
0.0781191030738349
0.0819668638368364
0.080155550050813
0.0763550733728202
0.0756076412761336
0.072259523788973
0.0735607131531477
0.0723826227353699
0.0739691619374137
0.0714991993280386
0.0727052881619599
0.162916945945104
0.156940215059192
0.134558187447141
0.129928404817736
0.106873753223096
0.120718498028134
0.0865886385789544
0.0648355512910711
0.0586484238412994
0.060713872269448
0.0836398743885367
0.0722282163346839
0.0746507370168067
0.0974891813937792
0.0947836840818937
0.133052521258054
0.121665741408781
0.0830568330918889
0.0776343454049217
0.088388772968377
0.100427243315852
