0.208266307709256
0.175473003727426
0.152286064490189
0.157099001149056
0.199720735764554
0.170920051780659
0.147136307306663
0.149089710960225
0.140015164225386
0.19959647141732
0.15942109633742
0.165072080730353
0.16383660779596
0.176508779116274
0.15688558029302
0.17750943800502
0.15314894515574
0.169621592655432
0.192395130529737
0.171678560414495
0.173747653955056
0.18828204558536
0.185602196755065
0.174757088498621
0.173871160520258
0.182469739449107
0.178205006856985
0.23872457791264
0.185823418418218
0.188450854097582
0.213714064741098
0.17457971906257
0.138381346386134
0.173730407866566
0.195718805832246
0.172050901586191
0.163335704670031
0.171682345159758
0.220012444875877
0.200196497670241
0.185246067453035
0.195628961803895
0.207478632166543
0.218521422552941
0.208438795928512
0.233086319063126
0.195008859421638
0.192651488734061
0.183716497523004
0.228523779632088
0.227102113281557
0.21258129035534
