0.0819020598371878
0.11918891485445
0.0984186566538814
0.0912961105561539
0.120268635527289
0.119794132514502
0.130023637446077
0.122866366593431
0.0661575891303309
0.0883431224287261
0.119503143219257
0.120505189886741
0.103012817798234
0.125762970792004
0.110186637326222
0.080050502935434
0.0952948585540801
0.0943287559707123
0.101244318530888
0.118504378632199
0.0855297262603603
0.0927889956068771
0.0887513959624786
0.0876414741253843
0.0913857621058882
0.107028961420135
0.097124626039972
0.105566519630078
0.108870286792912
0.0668084887727427
0.0944207368666967
0.0808806834167633
0.065685443092224
0.075826856841772
0.0933541588808261
0.114835587507626
0.0910337876475591
0.0851999403631297
0.0879338084503826
0.0813222264957311
0.100250994146509
0.133920927001362
0.154895108425491
0.10694372669079
0.100104356036845
0.0757211137607561
0.0898195484479524
0.0919668504998694
0.103774076455241
0.112032617352947
0.136354943481572
0.113594134276542
