0.155496621100178
0.0898392158390843
0.139746177884397
0.123185512878772
0.109527830434928
0.121500093264876
0.117909416032747
0.104407498247298
0.0852479646165777
0.141320815389006
0.103763752074972
0.106338371003104
0.117376866072513
0.147995728099868
0.10595240052428
0.146511841599801
0.128115240257506
0.181353488603141
0.149242958444885
0.149317308445643
0.122343860765584
0.106886662984404
0.099520597576621
0.119383337074419
0.0977808369037858
0.118052601504974
0.156810392625637
0.134697120648504
0.0983790541634392
0.067563950266164
0.112561372428035
0.13430867723265
0.111020281524729
0.100527817787356
0.146899932253126
0.12768315167953
0.103004281398609
0.155319228290388
0.127064462676654
0.138656604044573
0.141956573685025
0.113963102009022
0.116360469327683
0.122262491770847
0.122873313080179
0.118069087245443
0.108067419365828
0.0877072176246351
0.122462713298587
0.0977915289294855
0.108873035444933
0.125860982044171
