0.0682064794721639
0.127651496226296
0.112409813661001
0.113525294296426
0.121943395533979
0.0816526716082058
0.073824630143992
0.0758191831264826
0.095956968682833
0.139386858582531
0.126634414312566
0.122370064161777
0.123094570422911
0.144087464136754
0.15699233971763
0.134795835158995
0.082032385290597
0.0734238652143562
0.0709504053069221
0.0672677801772967
0.0699158593973923
0.0722309459241806
0.0763313485878541
0.0777724450749558
0.118482547362681
0.112226917123059
0.072277867870472
0.0770117509735189
0.0821214345365067
0.083164755632188
0.0876617418650118
0.0837803920615087
0.0839255286904973
0.0698306411730675
0.0843918233170032
0.0815454204027532
0.0692602466883999
0.10051699331639
0.107726979166333
0.140229638755224
0.08088236467864
0.0881031926220674
0.105112167791235
0.109571490009
0.104737402376907
0.124348928165975
0.0980930908413102
0.0967676186112083
0.120453768056924
0.108061046688386
0.0959912033928697
0.105736907108943
