0.169178643619515
0.1195608662057
0.189859037714832
0.131104161520099
0.19086307415145
0.244780923888147
0.252264407614261
0.215571405527784
0.238433832297161
0.248502770171616
0.231276644357759
0.22794122422465
0.175067579278205
0.134029493007846
0.144207678369442
0.119312436247409
0.189108392490073
0.183385188976564
0.203946225841589
0.126211945620327
0.157026410291286
0.111736575878587
0.139133664289886
0.14844148548468
0.1325401334551
0.156342838167754
0.142745330063876
0.0875963503872898
0.112049600986667
0.143519833489717
0.115816510623916
0.16357995173163
0.186985198712091
0.217396074574536
0.18202883139838
0.254915605313003
0.302806638786712
0.152883397118732
0.108176751098718
0.161713403991852
0.194256961098776
0.174311480907541
0.137847150159138
0.19626079487982
0.204136300193267
0.181100993570185
0.251930170770727
0.300499085506007
0.240624382672257
0.164446829229353
0.134034312661593
0.128298027312423
