0.22401787219386	-0.806572674057928	1.52289094605146
-0.374677815778386	-1.14985521840589	0.545518870873696
-1.67329563483398	-0.15760205565494	2.53119539396117
-1.67329563483398	-0.15760205565494	2.53119539396117
-2.60396903212605	-0.211296551410329	1.69003199715225
-2.3078635156147	-0.10714013132028	1.81467918382538
-2.50828174765603	0.895090303542299	3.27632375141333
-1.95428679546333	0.584371988179766	2.64448556711386
-2.24902258052101	1.33300397126195	2.6003242852883
-1.65959091329126	-0.282900997257704	3.23079764309929
-2.18282744575625	0.547175028895476	3.27229994619749
-2.12290043590742	1.49534593284731	3.33040612932876
-2.64119486489665	1.32702331493524	3.34334420883023
-2.64119486489665	1.32702331493524	3.34334420883023
-2.64119486489665	1.32702331493524	3.34334420883023
-3.04658947137218	0.36700553256428	2.99409455978442
-1.81776633895573	-0.122987130423443	2.62035419985355
-1.60864878621208	0.821408465189011	2.32404443595586
-1.36426736519442	0.671131615631525	3.10759024318476
-1.36426736519442	0.671131615631525	3.10759024318476
-0.575563842442966	0.351309056569273	3.77053502630934
-0.575563842442966	0.351309056569273	3.77053502630934
-0.731616249396675	-1.76836840320915	1.52429472419518
-0.974551864138283	-1.1860647222675	1.33411879093099
-1.34911129943837	-0.75979181813391	0.965000480305406
-0.87864172092117	-0.0956537345216915	2.58671709860604
-0.566322077438878	1.39006396925968	1.25985879042661
-0.259171716451618	2.02702408689923	1.3741545814091
0.594470351871989	1.54619321573469	0.686333421954846
0.713202994592628	0.000563159272308322	0.88346734832384
-0.00434486228316762	0.796647024052438	1.74245938313057
-0.204941294500391	0.844524607820097	2.20817774139747
-0.804162430517211	1.05842100524162	1.4350816838558
-1.21274027027207	1.50656278795038	2.55225190411574
-1.21274027027207	1.50656278795038	2.55225190411574
-1.27642671800029	0.563496849012796	2.91035014527151
-1.08498027860784	0.691246721870204	3.25441750291215
-1.10078174737411	1.37685614673375	1.58910964083467
-1.78992979781619	0.624136734234608	1.25064294021205
-1.97807801137901	0.742043732775299	1.90308456337199
-1.23754458714436	0.322979796114087	2.53053567228947
-0.286440327084961	1.11122656038116	1.2610916838261
0.0920927681159874	-0.300853032878358	1.937258131521
-0.367345077621283	0.349542103325986	2.77846408681601
0.566985086313197	-0.163165891756293	1.02014182738678
0.566985086313197	-0.163165891756293	1.02014182738678
0.851103189592708	-0.269015202976317	1.44409883185549
0.0646773309984838	-0.279106712981308	2.06944881364556
0.657216855149137	-0.144242824603772	1.68523313624073
0.709806782898042	0.168168141430372	1.67013757439291
0.367207351656766	0.136626811061949	1.45314200371845
0.367207351656766	0.136626811061949	1.45314200371845
