-0.79421978575172	-0.0464333311991078	0.884190376295134
-0.850040505254809	0.685345367667262	1.47116014927225
-0.673324907730316	0.200581865254435	2.45441316277982
-0.693121754189508	0.972628677838848	2.47733878275985
-1.51140184450534	1.32224977723027	2.29726505246563
-0.589561513901068	0.267523257798482	2.57880249999758
-1.503399847107	0.144376370090765	1.82639382633063
-2.50904196448063	0.520755473570181	2.04282044458919
-1.709419895168	1.39875143400736	2.54858531326214
-0.00801211598957755	1.11513496023468	2.28788692549047
0.820073384314694	0.832575706167934	1.88563598114071
0.59448781063095	0.110641019506109	2.01770356564587
-0.0425537976303738	0.78567719361842	1.86448699466716
-2.08715669692773	1.31477977779048	2.62029846807826
-2.68252720892911	2.10616681349837	3.52298408202303
-0.228147157098569	0.905902310981527	4.88006284508855
-0.618035132984449	1.55816550647762	4.67170208801082
-0.530800152842878	0.529097193731031	3.58468857372206
-0.530800152842878	0.529097193731031	3.58468857372206
-1.45283090852585	-0.412649513316479	3.95955125375531
-1.22006672550479	0.195750673108297	2.79067532616965
-1.69964329732562	0.385166079366628	2.09191786124243
-0.842525644959753	0.213427295836925	1.7052837445239
-0.207558868102412	0.592048941416399	1.93398096561273
-0.0851655079408996	0.85190908820283	3.16707261697826
-0.121398598966636	0.351240612496631	2.33289396841447
-1.38815551459539	0.372990783571608	1.16876448187869
-1.38815551459539	0.372990783571608	1.16876448187869
-1.26403515133035	0.323664935871566	1.85595158862343
-0.277520620652738	-0.430125659292433	2.0089491250782
-1.61006327308184	0.575015961266761	1.65359776701384
-1.62393460065199	0.462401275079241	1.71236839052859
0.404333212959512	-0.21929943154406	1.90055433223902
0.280053740520585	0.195796765449662	1.97187575077928
-1.0219556672361	1.13890636191688	2.72959558449402
-1.37585924407484	1.18152397646854	2.34794138880932
0.478217393693035	0.535609103024713	2.54522463220196
-0.0762921358733822	0.450784375521389	2.53050064631079
0.370525095757321	-1.11177009121401	2.31647498963208
-0.0121043694867218	-0.628092133234098	1.69573177663477
-0.600382025249601	-0.124189871379993	0.964119226345687
-1.05974064521742	0.721957284918928	0.758266879195754
0.846343213150122	0.343395533569312	1.29029103779965
0.418098162750068	0.194093677340468	1.2255404520583
-0.8017396925385	-0.259408881154491	2.69073938162858
-0.616698881897517	1.49779771606484	2.09754591716346
-1.27264656806048	1.64049416294065	1.90176128776271
-0.752607129640705	1.1974496937923	2.31578291645896
-2.03563198563931	0.107312556862465	2.26124349211817
-2.00797762633411	0.486082462389517	2.4533952391031
-0.267146447066424	-0.468979610600955	1.06779225933625
-0.389202917899722	-0.658628547391149	1.54534149921958
