-0.973357561673742	0.100550594047969	1.78037524532568
-1.51624775805352	-0.428027849446023	1.94285118946008
0.705807438880141	-0.264559899532666	3.74508108344502
0.335630019346341	0.442608005803741	3.45292998274162
-0.944239613489975	0.969726754823753	2.47740721407829
-0.944239613489975	0.969726754823753	2.47740721407829
0.00104474289488596	0.300452845175108	2.74281523078283
-2.00346404677286	0.376398254646549	2.48741750765427
-1.06053073608536	0.918072702310945	2.19727332536051
-0.605852701746204	0.670680942275696	2.66794532528855
-0.453411539130167	0.287843436309233	2.54576005102248
-0.453411539130167	0.287843436309233	2.54576005102248
-1.57834829257766	0.244064627306721	1.99318915831559
-2.67214167213556	-0.0550522300600362	2.50569086599543
-0.661614178295305	-0.446892874813732	1.80132418818082
-0.591860621576593	-0.433613015335652	2.53331785493861
-0.612995636810071	0.513337308007023	4.01782367705823
-0.772368061534117	0.548463073225638	4.15630051037149
-2.12592170613473	0.924649417086768	3.50477223081261
0.283095995651709	1.27726929072217	2.65643355918939
-0.872413131861188	0.71763416465857	3.03547277476439
-1.09458979462401	-0.151363160387508	3.62566873617857
-0.210527280142057	0.349334675259378	3.55592371921309
-0.283353955126767	-0.153340814975257	2.75745485493132
-0.283353955126767	-0.153340814975257	2.75745485493132
-0.808386436513928	-0.752311496066709	2.56216393280684
-1.09250110991054	0.792687572204446	1.8979161309573
-0.321924305570411	0.429514807758878	2.03151669471322
-0.886386401388931	0.248559442639796	1.60033862227363
-0.886386401388931	0.248559442639796	1.60033862227363
-0.349991215278198	0.839913258962247	1.30824330433451
-1.73503126598804	1.02728438537401	1.69042340288744
-1.87366301685966	1.08908382996695	1.95598233066378
-1.87366301685966	1.08908382996695	1.95598233066378
-1.57133063160264	1.74501252848652	1.65189481816626
-1.27929419444908	2.28248284642394	1.99059077044024
-0.723865242998546	2.27750319245738	1.54356700538986
-0.723865242998546	2.27750319245738	1.54356700538986
-0.723865242998546	2.27750319245738	1.54356700538986
-0.723865242998546	2.27750319245738	1.54356700538986
-1.47800008018563	2.2689730907659	1.6851737323138
-1.13654534214924	1.47399155481437	1.13743077849197
-0.544124907087461	1.5535370910503	1.60896104490505
-1.59619110512727	0.643177788595093	1.48565161440062
-2.18071004038362	0.619007237925354	0.885923331799121
-1.58164251482208	-0.815766767353454	0.563041980008057
-2.58341698724371	-0.744513325666416	1.85746036184993
-2.18226918596595	-0.954089194249487	1.86130523046351
-0.416409697272417	0.200987576680671	1.62649345787116
-0.883070272935006	0.341069222071521	2.89650886710983
0.209211977898626	1.45802391859825	2.67699969352144
-1.56406814074389	0.945866373862045	1.52407246993938
