-0.467778329575777	1.66473938613413	0.707808222781214
1.26855987467168	0.089990197932621	0.105706452056571
0.712876129476515	1.486759730121	1.41033488317763
1.20388830391211	0.26900654439293	1.22779929885435
-0.0916331806279302	0.0877550168517015	1.76514496341162
0.0873260632113438	1.0124028246891	2.05917269934238
0.983780579857853	1.1642414088204	3.08084763278582
-0.977711567376254	1.27940601014305	2.78599953958786
-1.53638023253315	0.559566641146608	1.92063370524538
-1.08266823809352	0.639426746272608	1.55638312253383
-2.11819689456138	1.21286139825599	2.82696957511025
-0.767386254575054	0.693203585685345	1.23380199596247
-0.65827784145408	0.213748358855642	0.565915697062629
-2.49815649787459	0.999687046052553	-1.0790537671403
0.85060530871367	0.44032303445391	-0.550623159786419
-0.595494113460285	0.872802309383737	1.27363143426586
-1.73649618107294	0.284806988759009	1.61217697284507
0.181362538776451	-0.795169854975051	2.66700526664176
0.135083011658624	-1.2695653925012	2.40400216333564
-0.516803398258551	-0.420079980502564	1.74557920861922
-0.211218483416165	0.285299522469818	1.81987363736458
0.122793049178046	1.40320198899667	1.84423492692585
0.214183683975261	0.45330129638744	1.67227289980703
-1.20771688091134	1.20701757782841	2.21937132072175
-0.55710107101656	1.01114065082944	2.95063972488684
0.150674925196363	0.128316214967276	3.0915434893414
1.08509932575706	1.93886563803448	0.885091748001212
-0.622699972466008	1.32013265898811	1.40314448073636
-1.55810072460214	1.3944109106458	1.76379530918117
-1.48911275106465	1.44558546937301	1.03319643786316
-1.17979556713585	1.2674028108415	1.3242885885935
-1.44289434571027	1.23873962042832	1.20646885679007
1.1098561279933	0.353746444085643	0.588816456773768
0.343063593708131	-0.0973202577928872	2.0970199668521
0.0173143438156813	0.308590060139942	2.76751881593858
-0.955305557732056	1.43084053095215	2.40786838708996
-1.85883139376781	1.67192215138371	2.80290526209405
-1.70659597945995	1.56850538297339	1.93331637785893
-1.70659597945995	1.56850538297339	1.93331637785893
-2.20101729142266	1.96081694937188	2.51353425808496
-0.52478780748454	1.76592573508673	2.84277866250642
0.595391545245845	0.606358001394153	1.98001270423669
1.03942253684753	0.428644586489883	1.97235019399336
-1.16522319172962	0.339204907458729	1.99171777899579
-0.241282937404588	0.79153189457766	1.07829865627736
-0.0282416413408758	0.387525263815452	0.896567141716421
-0.541789450170215	0.469511712148747	1.21529514602304
-1.03827768317818	0.822631126750435	1.86786796317159
-1.03827768317818	0.822631126750435	1.86786796317159
-0.781594034457831	0.142583986324512	1.96203533778761
-2.29621298654992	0.12625401381817	1.37255970951604
-0.337288859532544	0.944909651359793	1.601363857956
