1.01139087619364	0.68710358428428	0.446398721439407
0.79431463200872	1.08593606816526	1.12880940742359
0.632969042910773	0.62868262536039	0.819933860058809
0.922436780603034	-0.598830437222727	0.693589937254651
0.785889189304114	0.162506172422874	0.577330976968263
0.791901088745974	0.476968437516695	1.19273417616541
0.791901088745974	0.476968437516695	1.19273417616541
0.239859491186838	0.5136074097537	0.671594140810567
0.239859491186838	0.5136074097537	0.671594140810567
0.979789325222998	0.461064781851423	1.03267990964944
0.841623884009605	0.175805534687925	0.859702263863922
0.489985038542015	0.0277148190876024	0.323689494986511
0.581645433873931	-0.496877541150856	0.615760451950741
0.631159469360786	1.5547825102	0.910894511169192
0.572287406252634	1.31760133257807	0.783130853606434
0.812735614854139	0.95036119089133	1.81906560791975
0.523140308457842	-0.0353050002462504	1.3439715969296
0.433154613539076	0.141956389978357	1.50722945810201
1.21447482208391	0.619772568704406	2.4608074354388
0.507281413758001	1.28973412015893	1.47306789020744
0.687952278565259	1.51348345103681	1.44889360557614
0.249846743873677	0.862853512461741	0.228212627817899
-0.200225025828862	0.258664845910976	-0.871231376575391
0.188021505706606	-1.20215494784515	0.170760813737804
-0.46061246917338	-0.415576152346618	-0.645639998910846
0.541616136797575	0.450247611104575	0.136391286410973
0.582173802817635	1.37581066736594	0.781603991461156
0.448498530315686	0.560610146220623	1.02764168882863
1.37339910939323	1.23110675326361	1.82577323716008
1.16549653068999	1.16633238036022	1.50917067592638
1.08177163647578	0.414747800103219	1.58393882281577
0.141335569257346	0.489716114026205	0.448687849734121
-0.264975686318964	0.760310210471758	0.351502856114814
-0.302051921226027	1.05500113365321	0.426226477361786
-0.302051921226027	1.05500113365321	0.426226477361786
0.044396989646895	1.63816564794672	0.2253828298194
0.044396989646895	1.63816564794672	0.2253828298194
-0.253248267593881	0.794320463350693	0.170571679455632
-0.34593421936609	0.00393493200326389	0.0808542687389202
-0.34593421936609	0.00393493200326389	0.0808542687389202
0.136731972677056	1.01580879910181	0.5354685828598
0.136731972677056	1.01580879910181	0.5354685828598
0.107507640044924	0.773725051443801	-0.0158134929426959
-0.177794882280462	-0.112584868465719	-0.13101060871887
-1.26506097678591	-0.905372182881743	-0.414111131168731
-0.855419769679275	-1.22742737112349	0.892372168668406
-0.433317564535068	-0.608443019637302	1.14656390791389
-0.497429791754039	0.097608551944937	0.479700788254589
-0.497429791754039	0.097608551944937	0.479700788254589
-0.0968360840429571	0.283024261507544	0.81863163355477
0.433030306918372	0.980305560620279	0.877412465028504
0.377551522725369	1.08643231563931	1.30304315630066
