1.18156614254223	-0.243395122373018	1.33652382191773
1.18156614254223	-0.243395122373018	1.33652382191773
-0.743622612929357	0.958622935195335	0.596973857805419
0.222886806430405	0.833457403769287	1.41341314576593
-0.486708873889004	1.38364877890683	1.13199332706082
-1.55000143863394	0.890867048924875	2.34307462775944
-3.44630088362582	1.46718377026346	3.04124667832638
-1.44341920372041	1.6110195421476	1.28704926309636
-0.262796219723008	0.743671462071342	0.902457150820102
0.0492498731563348	1.1221061103439	1.62899642840373
0.0599570858632405	1.99620006081861	1.87662654011114
0.0894916435738477	1.27857683490483	0.79416844097446
-0.208461257321137	0.193209486096169	0.233164509177803
0.382639784872181	1.09945214314037	1.4417176520189
-0.16226453446617	0.0223155847011528	2.13845091850676
-1.89353964164619	-0.144427046580555	2.93463931720524
-0.749622297927056	-1.17931039957013	2.03543773141383
-2.17871000001542	-0.554428687853769	1.45304671084965
-2.29001473412893	0.284741461294826	2.3395063603562
-1.82426500996023	-0.190536358381584	1.58906809221099
-1.23680107908922	0.733439458032379	2.78942730983193
-1.97773060527302	1.30540166092498	1.24446090909001
-1.24819939519707	0.679762312084225	0.687036676996858
-0.0522563245526655	0.118458739403943	0.434154817731099
0.229961868044566	0.318378543384139	0.907270228672837
-1.22231968703636	-0.558637283644379	0.470769879621952
-0.821517927008564	1.41566280752306	1.54118481499594
-0.698116024201601	1.20562172178102	1.34818170604243
1.37350624183737	-0.105819626794588	1.29009666963572
1.26446364804778	0.451580507359892	1.95124406525342
0.167598605749023	0.551001631279758	0.910545061075923
0.18994906928143	1.32956901360294	1.42162524224421
0.162254824963822	0.260064064102431	1.51392809882464
0.446541531278774	0.37377281064717	2.37407784057534
-0.444716538258208	-0.198613462404227	2.0915885590915
1.62406154926658	0.338754656518943	2.60169568103267
0.0370237172754639	1.38607921258824	1.45134819861306
0.937228501030112	0.41899885236279	0.635494804158026
-0.941441935958905	1.35259976787798	0.703544924710625
0.361423807052156	1.6917883727277	1.57184939037561
0.361423807052156	1.6917883727277	1.57184939037561
0.486660801198518	1.9429256307021	2.20428561704029
0.297336773916531	0.859295334133216	1.47057502344654
-0.160056537319821	1.17028577082024	2.19093545462214
-0.107528325672981	0.694144417386413	1.68469433462893
-0.0423335966637103	1.39180975529465	2.10256833683077
-1.13897874481518	1.346510674291	1.59887007881489
-0.776592423269051	-0.674520383712448	1.32684043768976
-0.764853329399415	0.645363489573181	1.41376345261712
0.340373331727727	1.09500000383027	1.44828273973403
-0.48983149254922	1.75220591616469	1.05172173624773
-0.769771182385665	0.331263339150788	1.34752408953724
