0.276239055596488	0.882010117050404	1.75531689822728
0.824435862452771	0.670923566080998	1.27387113639059
-0.669429490985149	0.153158112225021	-0.0293490951036028
0.00548778234330233	-0.830608919819375	0.622951810012071
-1.04867395561676	-2.14811355722511	0.399805791015014
-0.0731788544265318	-1.45818074602803	1.10398454312279
-0.0731788544265318	-1.45818074602803	1.10398454312279
-1.24598106645547	-1.14543320415722	0.992279801875759
-0.620550256678096	-1.69777686236838	1.88895875672545
0.907306918869934	-1.04250980820161	2.08831603835752
-1.25196917641846	-1.37581038183754	3.1048949812426
-0.675159519873123	-1.92098773395151	0.45176212233089
0.766561407583979	0.479523046721997	1.11033281558152
-2.68262643227428	0.502105091645071	1.43583463404404
-1.94007513599657	-0.849762546804606	1.12577959357982
0.704998304637831	-0.769380004453817	1.57861449120793
0.603606123853375	-0.505035831439591	0.855918861138873
0.603606123853375	-0.505035831439591	0.855918861138873
-0.0946531162207938	-0.190256748444075	0.0618594940194543
0.544065633655197	0.324920616331199	0.898448463944004
0.544065633655197	0.324920616331199	0.898448463944004
0.544065633655197	0.324920616331199	0.898448463944004
-0.0255717952522644	-0.13004234948119	0.232963947058001
-0.0255717952522644	-0.13004234948119	0.232963947058001
-0.403134235428155	0.530333031943467	0.757203411054213
-0.832289246360307	0.185989756869217	2.16122215188583
0.30417396960035	0.661833977482191	1.24220431822805
1.0394377504044	1.39216161507164	1.31265504096299
0.885462051283424	1.75391572894729	0.933946960323934
-0.0541169510473108	0.167753969035029	0.699527057918846
0.954132485193443	-0.305843791624271	1.38537180927681
0.896784623226092	0.341205629381372	1.63856475860847
0.896784623226092	0.341205629381372	1.63856475860847
-0.383703490126668	-0.083859001259029	1.55249162771606
-0.82611767664676	1.08646137478596	0.574809449144092
0.738051339980983	1.93725945427362	1.97546872134465
0.43733521685562	1.35526101744767	1.63817054465851
1.42932408823199	1.53036122128246	1.36061487854172
1.42932408823199	1.53036122128246	1.36061487854172
-0.115232186879865	0.638620451647295	-0.160677739048831
-0.204895314354536	0.709122159567492	0.277765819195316
0.536305963034617	0.801423968413979	0.696418953298275
1.19347960427068	0.429121895099925	1.74332445086162
1.24811740135003	-0.33391075368445	1.2072574347622
1.68773761014237	1.22374331067927	0.879448651673414
1.68773761014237	1.22374331067927	0.879448651673414
1.84386682300835	1.73298759315571	1.06019134780841
0.62256289794309	0.699580534069146	1.04848379656737
0.762298601627388	1.45291729009186	1.43823150866472
0.475391187352576	0.140841510474373	0.596485289087089
-0.486618239290198	-0.266851119556224	2.37354477678744
-0.817567909942862	-0.564645196709605	1.16354939602332
