-0.246676226957312	1.42840759679985	1.70459231167117
-0.246676226957312	1.42840759679985	1.70459231167117
-0.879830254246095	1.07626900425365	0.233052485983319
-0.137437789645262	0.393507843308286	0.684612293851684
-0.137437789645262	0.393507843308286	0.684612293851684
0.556168431810106	1.37399293691674	1.60278121998802
0.517363789366077	1.29648430579768	1.75633424309021
0.0543144873347905	1.06390665994458	2.32258884508596
-1.09593136737199	2.08355414952064	0.999832592482035
-1.90108443832453	1.85059247164623	0.34477115266592
-1.11274785353504	2.11120077197961	1.24556523120519
-0.604185378351969	1.44123325212028	0.711372578192346
0.437419065236881	1.32241683699129	1.18612396346282
0.0558933101827595	1.10178867570389	0.900872081829272
0.0866301133080061	0.736506841245853	1.15726162992511
-0.0766019710787042	0.0381620858572939	1.03157960581821
-0.5716932302239	0.468839831164449	0.968197736545031
-0.309704179290409	0.8075104404741	-0.831425991650398
-0.388649978260582	0.910546666825072	-0.718853413704144
0.160821753946818	0.370588201396624	0.731018789229812
0.160821753946818	0.370588201396624	0.731018789229812
0.160821753946818	0.370588201396624	0.731018789229812
-0.00711447499661738	0.0782220138123168	0.561940399051215
-1.09749169195384	-0.321599190392555	0.512337362957984
-1.6493761809843	-0.127875124267905	-0.381562798117938
-1.10576990697152	2.48284226596836	2.03664551969634
0.0694187821924304	-0.674973501822842	0.9528448529933
1.23610703386136	-0.0488906086827193	0.655389077791923
0.728559248062364	0.626930923933927	1.64327309571017
0.728559248062364	0.626930923933927	1.64327309571017
0.728559248062364	0.626930923933927	1.64327309571017
0.728559248062364	0.626930923933927	1.64327309571017
0.00594078613059912	0.642055262901928	0.746683622808674
-0.306683754135551	1.09988546184949	0.302344299766575
-0.836691393534554	0.404622204133071	0.756843567037185
0.862707819367613	0.592537596374368	0.569388381471689
0.150499946917708	1.95390580613262	1.81247940685161
-0.0174152482018944	2.23380110266624	2.06294783606852
1.25387143814271	1.6310897349213	1.28761174402891
0.651639159761348	1.74909428337466	1.09865321141688
-0.57983229846262	2.13587403426331	1.37721687145063
-1.81861163245222	2.10089390948216	0.532056629560057
-2.5336840555816	2.19782179988863	0.75680308299279
-1.3064067497911	1.09616052311345	1.66140598163701
-2.76746327473829	1.30037924560809	0.993684494730075
-1.98284130204683	1.8572440016455	1.47356561980993
-3.07407797232665	2.48807623373524	2.4355906067314
-2.1380798797834	1.27349179545033	0.719163872065854
-1.08043476680404	1.28095705102563	0.020238613971131
-0.0581909206506507	0.700259797451417	1.08211751641021
-0.973188945038264	1.44842161930667	1.53619154102034
-1.31468948542956	1.78044547864264	0.43271024868428
