0.120508481697378	-0.238677936742494	1.27690015379899
-1.39244656141284	0.257792189950627	0.467956176463335
0.331368282628489	1.63975852555016	1.67867567051889
-0.50946182183327	2.57635466686094	2.00411048448281
0.167799437430455	3.26848814862712	1.74461169120518
0.364096126577181	2.51539522937271	1.63379840270946
0.229783737852444	2.79454936926983	1.56975858253077
0.670265923342753	1.95814272135917	1.15727798934367
0.426797766208686	1.69973551636113	0.997088762870508
-0.685995983146039	0.623161551604395	1.55250687684758
-0.919793323615495	0.782118755960089	1.97651221061661
-1.08405837272836	0.500674630333441	1.3265867528773
-1.40777382144045	-0.395340430549859	0.922045968350496
-2.40494897082257	1.26239111705092	2.13959413055286
-2.87344329402343	0.107805267062502	2.3047009626197
-1.18841527357742	0.87395814126792	1.95579857635136
-0.328253824734853	-0.971935119410978	1.12554239522624
-0.503436522411181	-0.161235040055314	1.80484644326998
-0.503436522411181	-0.161235040055314	1.80484644326998
-1.87954370149448	-1.2775322811733	1.82397787228847
-0.804019148927264	1.65662276315227	2.56622475325922
-0.0281104758073825	-1.42691351475338	1.75227125562193
-0.238013681668855	-0.787882018070836	1.45904292053058
-1.30978514990095	1.1421930516509	2.65093071364919
-2.58678307260537	0.765427623439345	2.12791983504607
-1.06343162764545	-0.0650160364469491	2.30554126954064
-1.21002393038594	2.01586596342778	1.84864532361494
0.158936823686337	1.23213215613104	1.40054230605624
-0.574583204663627	1.88856792294098	2.02827178685176
-0.584789049602168	0.467275958762638	1.68091834087807
-0.319995142891461	1.23039444950504	1.53155399882405
0.453556490051834	0.028167566110713	1.56980760104775
0.984891918289069	2.22687586362667	2.72236715635435
-0.532213252837785	0.425872803020166	2.50816103657679
-0.951577708359506	1.17067221989686	2.83740693698475
0.0119496535222496	0.531740118176432	2.48106665176558
0.0358512019599617	-0.575768670509591	1.63451672988452
-0.218970425947508	-0.748898593352534	1.69962587027784
-0.220697340101799	2.06060100796345	1.59972958676624
-1.02468485001821	0.491516310088423	1.55998143872009
-1.00635964239933	0.302156958725851	0.871037250002336
-0.66519139803642	0.374781409184068	1.19205392692548
-0.753082427885068	0.00936940790027703	1.21936820836792
0.0739259863133747	-0.215852699342907	1.94770960914995
0.171542359127149	0.436214125985746	2.85022672017466
0.861383809261944	0.579018986399021	2.50814652380058
-0.932101237816785	-0.339678944101126	1.93763194508782
-0.932101237816785	-0.339678944101126	1.93763194508782
-1.04385890113133	-1.454652383051	1.40137616316534
-0.41275793306475	0.709447040286681	2.0814505879418
0.184338073242742	-0.609155175543378	1.78638219897526
-0.368651108596292	-0.88083491326846	1.74083223904115
