0.367498367480374	0.576650108882053	2.08804709697102
-0.212680101640563	1.18238308370603	1.62243439905189
-0.919011014628895	-0.0653276187372671	1.94796278402671
-0.487841332026176	1.284834494744	1.50402420804076
-0.226571854508673	-0.208381198800063	1.48299197199832
-1.45393504737649	-0.72557633075935	1.41831872750713
-1.16277625478699	-0.109621717219169	1.71190304088249
-2.62901554068519	0.0746457318913972	1.42017039687552
-1.72656358957991	-0.163416980697502	3.07384847991194
-2.16780953269201	1.5138877168972	2.45868305172928
-1.62718583493494	2.23098861319506	2.12224316280877
-0.818525551567036	1.84750187979729	3.36216931922906
-0.723175319132448	1.93182765063985	2.9918081651892
-0.619591325596851	1.05211201638564	3.03649849094136
1.07307419367641	0.329619331558792	1.70471677471671
-1.42961272816902	-0.00706043341801571	0.686004605184915
0.171378494510881	0.752646971508764	0.274609224181837
0.128696043629453	1.13458102513266	0.448247939682861
0.0274297587537401	0.681707935282812	0.481607457861262
0.0881190215430664	1.15859339198301	0.820050143399712
-1.34609856509144	-1.05094794073583	-0.165746549091416
-0.0454401225505429	-1.51515496103826	1.34678193417265
-0.735903116934922	-0.340044595201952	0.85452843728537
0.31774754888033	0.47913221418949	0.596987263032156
-1.04952858840425	-0.591318447982031	-0.161322902300646
-1.75894654059392	0.00563776910431724	-0.0452225345571187
-0.286898936892231	1.61990205425926	1.70911909808133
-1.45430303623022	2.19794582376834	1.95446010166874
-0.324516780765493	2.3357007660334	1.74797179552513
-0.105091455464256	2.01989999227973	2.21192338127227
0.0455177512487106	1.54701149850267	1.86554751998411
-0.23298825507362	1.33605371862985	1.59699326245794
-0.676688691020726	0.606422817045175	1.20555317043482
-0.519821152548837	0.915958753932564	0.865317507586676
-0.69782927967318	0.989629589306682	1.40752754394541
-0.713216565664391	1.06317250529535	1.68142181753116
-0.870455891634037	1.69290935039415	2.58696855161615
-1.35786121015255	1.045930586924	1.47385424325751
-0.209002080131979	0.961653899436195	2.48943747842752
0.616733134571597	0.595076581857927	1.8199699138087
0.616733134571597	0.595076581857927	1.8199699138087
-1.10086334844173	0.422622468268937	2.02999580368214
-1.79985251983191	1.49445091908036	1.47897162322945
-1.98868811625226	1.12391224627849	1.98242963941276
-1.5644368687068	2.53418537425895	1.85610641464908
-1.68584945340299	0.228346341062798	1.42955183014857
-1.93494651099007	1.20346232278969	1.93171844970987
-2.71401873992797	0.142780916129313	1.85288561973842
-2.3062421558924	-0.385377567022955	1.84790824138054
-2.82801327975492	0.114118145819695	1.23068265555958
-2.11567966448847	-1.14932033849541	2.04535191456501
-3.26852285762611	-0.144209731225011	2.29154049212959
