-2.19458812554777	0.657896270507114	0.346030076645099
-1.29583359402959	1.13330120709186	0.759977149110622
-0.225133295335929	0.0700552887457984	0.734445482734159
-0.225133295335929	0.0700552887457984	0.734445482734159
-0.225133295335929	0.0700552887457984	0.734445482734159
-0.225133295335929	0.0700552887457984	0.734445482734159
-0.564293579881866	1.36067803821874	1.12635609292483
0.232101535517047	-0.519962409169231	1.16701268792765
-0.283357756592395	-0.117313385141026	0.531739388440771
0.179939775204028	0.0742687705196889	1.5317979707508
-0.164224395197495	0.0102663204184993	0.881609013536591
-1.44799656037971	-0.379666895241785	0.166230716983748
-1.81250065784818	0.767207692292383	1.53012443630091
-1.34850265419283	1.44551891165635	1.87017270903435
-0.335758596629611	2.49005167160603	2.37296725586146
-1.35026757045263	1.41592250633262	1.87252893354219
-1.39633672678026	2.47137495370282	2.14910319862661
-0.79551311907985	0.616923730306961	1.74334251470559
-1.66868660993905	1.41106297823055	1.56717726747286
-1.85149668759127	1.72147761671803	1.69804866697961
-0.955922205676932	-0.0141461804204858	0.101310466016553
-0.750983793224386	-0.125338134978907	0.159179958949727
0.123935500806442	0.564336129589242	0.861708056216742
-0.127489166776729	0.0771082191178314	0.370121219028457
0.0129327585794425	-0.061136183968309	-0.102083534378745
-0.00214285896143185	0.230838239208121	0.416843613215324
0.322016300126753	1.1916120432083	0.229697002849971
-0.82609609398906	2.01402267525315	1.41829340113343
-0.76965128284512	-0.0987936086269445	1.47708341963153
-0.359614101624901	0.608550193320438	1.81101046803323
1.08932432108265	-0.1889473007616	1.55454675190442
0.389551353920946	-0.137920881123637	1.71164865326735
0.287923417198046	1.56248410228336	1.16086993737271
0.713809822488785	1.25600112481396	1.2903870006054
0.312816936164847	1.45634823388437	1.39161171605389
0.444205255731625	0.567873680127303	0.407327864443935
0.335931325275374	0.534661195657783	0.803847117618479
0.437479962190713	0.00547140764464649	0.941801241358319
-0.555536424075527	1.48250656456888	1.49838761131985
-0.597613423473609	0.825634135237423	0.552126194965083
-0.595226053800059	2.5304252668019	1.95887915704761
-0.595226053800059	2.5304252668019	1.95887915704761
-1.99680941235408	2.38728286558538	2.11498452340167
-2.0699893109149	1.54678056820312	2.33984117810473
-1.36386472694933	1.7604946542921	2.58114247690474
-2.07361128090297	1.52706093611514	1.78381687316044
-2.07361128090297	1.52706093611514	1.78381687316044
-0.903003104280224	1.23753278801583	1.38251214030654
-0.974495697100616	2.01084290745736	1.54949766915545
-3.00191092611909	0.75994651153814	0.24771028963565
-2.21590456492557	1.63924025739198	1.78970669974209
-2.13300004643098	1.8939459327574	1.51069306305269
