-0.997405722896874	0.416315912660339	1.75065495199418
-1.66903071345795	0.0996840281457342	1.71990608021866
-1.67523390070318	0.0882850097840145	2.41233920988748
-1.21770922404017	1.85576945681879	1.43910855670452
-1.20436221643562	0.373973438014805	2.16818851574099
-1.51578680628177	1.35880316261928	1.80368941173738
0.007356693241371	0.0555752204753529	4.30025532083002
-1.08242117860147	-0.823996489269519	3.64630293171127
-0.941359335025483	0.41627060387931	2.08256334062191
-1.33164635120581	-0.451150285049397	3.21190142298499
-1.23098503260752	1.31192025122183	1.908766906965
-1.05137363229197	0.517423124607453	2.58957978812867
-1.05635048449617	1.07342838546043	2.92189669629283
-1.32358906948786	-0.773282194622542	3.24085920075551
-1.79410155146229	-0.046537085289885	3.55026076441839
-0.447303817134668	0.306194716510165	5.41878240375953
-0.726099544183906	2.32720511872933	3.2726663094517
-0.632689123420997	2.58321532901352	3.08011776804163
-1.17319693228372	1.72804547881371	2.97624451562067
-0.882295325159932	1.72494162553029	2.39825753762839
-0.794680454090949	-0.526078675156811	2.76049340328466
-1.25653829594535	-0.607593010568778	2.72038428649224
-1.25653829594535	-0.607593010568778	2.72038428649224
-0.800418742351631	-0.836944695596254	2.76838010854042
-0.800418742351631	-0.836944695596254	2.76838010854042
-2.10946027693295	0.603901731653531	2.13269287936683
-2.13438974873438	-0.221535113533486	0.954017872829272
-1.96629351345874	-0.187911246101985	1.87471785633518
-1.11165201835645	1.38940953955266	1.68904267825995
-1.66331247973066	0.705061241310567	1.82072719174329
-0.916548921381224	1.38995392269607	2.81466673723926
-0.818300920476651	1.18211306328112	2.09635433499174
-0.343090359310959	1.82742335986094	3.14269114726437
-0.343090359310959	1.82742335986094	3.14269114726437
-0.145825744057803	1.2656830341906	2.7068092187885
-1.03888189879128	0.539635101517522	3.08177878117163
-0.163058243523647	0.583415454902858	3.05533798920459
-0.306411735917853	0.304741483219898	2.68982388886578
-1.5784041629847	0.691698048036367	2.40500520562212
-2.35146372650484	-0.149494635660332	3.02688760412209
-2.03442536170225	-0.215880147657383	2.4832353090177
-2.22786329881982	-0.892409015921937	1.44506101453568
-2.52623603543837	-0.568182014927858	1.81589996678739
-2.52532407660438	-0.97574289313532	1.65783652899487
-2.93988318935405	-0.387650588869326	1.97183243231909
-2.88208783684236	-0.465146262753914	1.87254493833385
-1.76177477895578	0.220146781175005	1.42381371141857
-1.07508468100003	-0.381387749409674	2.70976678950257
-1.2603548077639	-0.330033936758518	2.97746500000299
-1.49398099874178	1.53602557757214	1.91567000272445
-1.20004587694389	0.959527206194981	1.56657269197202
-1.37078868806634	2.3080003791911	1.43573977872917
