0.364039499030271	-0.258094509534885	2.72186468276876
-0.972186029820521	0.251916297313421	2.75333380528143
-0.972186029820521	0.251916297313421	2.75333380528143
-1.72464537092914	0.408622914169673	2.94014199992224
0.0840589190636629	1.38980810016781	2.10666642350755
0.511777230899727	-0.0836432129166732	2.9044883897128
0.146072118244213	-0.880780122438075	1.57832640303605
-2.98014317563165	2.2193685482919	2.32302165897805
-1.66761436771303	1.49036379712864	2.15316081796118
-1.75990806611861	1.1956318596734	2.31284306856765
-0.6450125314248	1.4660069576025	3.16195236748852
-0.440775870538327	0.96363413127601	2.81676212890851
-0.822824070949632	0.00964490865810931	2.58363307171228
-0.79155007533108	1.14532205768086	2.77199304316891
-0.79155007533108	1.14532205768086	2.77199304316891
0.568156036453445	0.396922777566479	2.13379094493141
-0.736977049094832	1.12829622604213	3.16616890577508
-1.34797500587757	0.973062893453743	2.1100573734185
-0.00324319615245594	0.0139334591913691	2.36549531469888
-1.27758503053193	-0.370973952275181	2.23950683632445
-1.28139164993801	-0.627507636767935	1.53653183289012
-1.28139164993801	-0.627507636767935	1.53653183289012
-1.62720814165607	0.364831362889831	0.420542414895793
-1.62720814165607	0.364831362889831	0.420542414895793
-1.25534269002985	-0.167969635788827	0.525885201514487
-0.117383347062332	0.600326343162988	1.72464067665982
0.104360513444833	1.27617367630463	1.73093738047556
0.104360513444833	1.27617367630463	1.73093738047556
0.408140373570114	0.315609039208913	2.28121740888289
-1.31228385522836	0.964507189700858	1.43700443309746
0.95787953961811	1.02629117227814	2.31183615337046
0.38308806957041	0.977339601187615	0.945162176942223
-0.901032453400984	0.255052538728496	1.84775564534392
-1.31606831470191	0.209583433868492	1.90690276710172
-1.84326378779268	1.75597349163342	2.11487100932129
-0.679657836010897	1.76098694105109	1.60404850380849
-0.697511038362503	0.914968926336197	1.64300886684798
-0.29836846205529	0.94338385468191	2.22047170649835
0.153531927129905	1.06348358507706	1.84523966478812
-0.289493695706442	0.633804270112103	0.591538699557633
-0.0935955129662729	1.24194374664942	1.81013237871735
-1.29986199152787	0.350531129836564	0.511678329484773
0.819405825146357	0.529510891001924	0.0977152739045799
1.4970065616421	0.956870499517219	0.364148128017083
-1.88366933351374	1.27414977567831	1.10395984829973
-0.67644357025773	0.949692020979548	1.58876724556573
-0.636948226428239	0.674719492029098	1.15681108954646
-0.297576198345427	0.519008019558529	1.46541882461306
-1.54071942550202	0.293141391454253	1.39221887444454
-1.99794509377648	-0.122355545767391	1.30198980579904
-1.58816357465818	0.594521412101887	3.1003559584016
-1.63110290916983	0.743258858246633	2.77135152179085
