-0.286010940962602	0.324098519375463	0.849539105038641
-0.329503507509185	0.84793267982963	0.277613045036358
0.0414732565426875	1.30936762016843	0.886998461424231
-0.64634400354377	1.74164855806292	1.63124592024677
-1.13327490854491	2.01540472585793	1.51723824972808
0.0953101304892461	1.68982256214287	0.82451362157635
-0.459639832329378	1.13707845552757	1.63132063036391
-0.685400171367025	0.280745405401159	1.12757509476158
-1.00273710977891	0.743318336671308	0.833326586091068
-0.125320839489148	2.50348094075362	1.52572729806216
-0.125320839489148	2.50348094075362	1.52572729806216
-0.524840327953145	0.438007990654997	0.206286314255742
-1.35904406217804	-0.179194144330538	-0.0469952415816943
-0.539432161986354	0.879646418635183	0.291044019217704
-1.46367036124506	0.494901149008401	0.0412437239152298
-0.87062268590049	-0.207498838171648	0.156943859272815
-0.173914292479616	0.668323259087969	0.453412108969942
-1.53355197614074	-0.135702029262466	0.926779373901923
-2.15358135429802	-0.23548656573657	1.1913738863407
-1.57374008677553	1.55614712540447	2.46669583853194
-1.9418047135143	0.723144339523895	2.73776586722715
-1.08862777548192	0.248407862142617	1.00439962667931
-1.1252110019753	0.747114161976329	1.32706562054026
-0.645612347018115	1.49850471777918	1.97138380690869
-2.0366529788207	0.367043676218825	2.01307467999979
-2.20986631497444	0.0184195367774693	1.75546275368849
0.670587563456014	1.49406833942783	1.50866994061952
0.684582835400538	0.40181577154626	0.869737926898829
-0.331439178156877	0.840374426856414	0.697848174833507
-0.331439178156877	0.840374426856414	0.697848174833507
-1.1409460877876	0.846509184459684	2.01647533146866
-1.43966533883009	0.649927484302784	1.38435944834903
-1.21687661482412	1.43351461675765	2.04392545611282
-1.06967693869976	1.5754804430344	0.449154630087388
-1.42104067213697	1.18513651662622	0.335974085310616
-0.564287718810795	1.25373066004221	1.02455751376155
-0.0605228998964855	1.27410867371149	0.950366084552188
-0.830657277199726	0.73792314751105	1.18649553564984
-0.268026704625238	0.724673024278974	0.96804929920347
-0.282109109280585	2.69210507796513	2.37419658263547
0.16941040656428	2.57428578434707	2.09491512860059
0.660816562065494	1.35957637319107	0.817342409280782
0.659883198894402	2.15773373819849	1.11048849700323
-1.00537472339492	2.36392287758449	1.28960149189582
-0.77905276372314	2.22023963881304	1.65301589590539
-1.55064359769132	2.41413782970341	1.89894925677196
-1.55064359769132	2.41413782970341	1.89894925677196
-1.05644087109033	2.49179668364584	1.53087683683036
-1.19414836901447	2.71012080438447	2.38487061902966
-0.826878093764774	1.82667924143113	1.56628331286511
-0.44787859516555	1.50847507834974	2.20153056884873
0.0512922190953011	1.0090247048613	1.83090538645611
