0.750615979926823	0.319491527192358	2.43187439261516
0.39866917833863	-0.411109422699766	2.59782569071927
0.0219994014747285	-0.708960289139123	1.7136064959927
-0.570853470585285	0.144215909042335	2.3387556626754
0.11028641813573	-0.596970735838882	2.57182065532155
-0.444946514281628	-0.524392123336342	2.52479892098933
-0.260493818128003	0.280385395552713	1.80471101310222
-0.810889263718291	-0.53686967688057	1.2553691350985
-1.16224331812099	0.420889900792519	1.16154478640719
-1.64062010441184	0.103029157552247	1.66724043412465
-0.905215823891058	0.228378907191243	2.52187145464402
-1.28592979134015	0.936370415928947	2.80347226572731
-1.49235581339055	0.0877921390538269	2.4675650693184
-0.988608591380385	1.56561266197877	3.11514537605062
-0.840248888996551	0.507133411396957	3.26264391017001
-0.867509124989692	-0.0555694274345788	3.48957538827917
-1.51919499327834	0.528015029615312	3.55841500708841
-0.792673072856838	0.500331941473523	2.95291901764106
-0.592265050240622	0.0730787126708865	1.70522225960181
-1.29566443590888	-0.208715769217875	2.00655690699855
0.157651511505232	-0.515241172193177	2.69175434531617
-0.648136604988673	0.00742001563666783	2.80965071836967
-0.86528224742198	-0.564281704178269	2.64960883591136
0.455280473029187	1.53416788462961	2.87712806273767
-1.28666653556314	-0.690427252178645	2.93398671256496
0.125013418502013	0.994584205193551	3.20830125661295
-0.700009644981128	1.03505261285491	0.816460641588075
-0.700009644981128	1.03505261285491	0.816460641588075
-1.14839950479441	0.658479144683493	1.97501171921323
-1.25444725160078	0.745543220650696	1.58674357555644
-0.264816965173984	1.47355166326001	1.30617600924126
-1.32518084049921	1.29793311945009	1.25193089337115
-0.980420081362426	0.541648563623372	1.77208003837332
0.0096102337252757	0.92543265653222	1.83403032652362
-0.436551330621255	0.308194260726699	1.93993782025205
-0.686683311120589	-0.441653231457382	1.89720281125085
-1.39295501715324	-0.190992977409077	2.00670651984988
0.101929352154009	0.550332569409735	1.84931878771564
0.315018346999731	-0.262229423882434	2.6969317056403
-0.629639472073273	0.897055893353873	2.25248641466503
-0.70452836038916	0.718425512730085	2.5424096184109
-0.642740947380194	2.14468767256688	2.21496538545174
-1.20448520512275	1.76837922791211	2.63133933088769
-2.27225238073978	1.45622274096099	2.80195353089844
-2.77276803573369	1.32218601873991	2.42645138315446
-2.06540816448931	1.40514419146084	2.43832574870463
-1.02420845356312	0.631308164257004	1.86774200251936
0.31056348245877	0.850886214855556	2.86009621203732
-0.240699686123672	1.44849742881933	2.78082158563412
0.0455988799663818	2.2856648621191	2.52831382848391
-1.22708378264904	0.303110556641263	2.48223661701072
-1.30543576560847	1.15296044364337	2.72956615761044
