0.494198955146356	0.941430219543966	2.35040341397448
0.494198955146356	0.941430219543966	2.35040341397448
0.692286250950174	0.778942854689822	1.66009794937056
-0.211780503413457	0.231709328914603	1.28896663942316
-0.490802990433468	0.297834489097544	0.190298026632754
-1.42181752859694	-0.584397768218435	-0.171615362878055
-1.09402895396176	0.364719054456992	0.581334579313981
-0.158557475854499	0.932127650750765	0.833627229948571
-0.287600719328434	0.736611420722518	1.1146533709579
-0.282407181619339	-0.200059375671841	1.50099630672795
0.377106480532739	0.0870557559821844	2.02367221622734
0.377106480532739	0.0870557559821844	2.02367221622734
-0.110098381528654	0.947748292164303	1.42971161928333
0.206488137573255	1.02586945161245	1.4410872757079
-0.182777216722854	0.75432876333234	1.70172526299694
-0.271952784274728	0.263372489898033	1.87274440935858
0.304883705130143	0.611688419111079	1.93256136179138
0.304883705130143	0.611688419111079	1.93256136179138
0.269754319761329	0.0055609528802355	1.77613186170263
0.269754319761329	0.0055609528802355	1.77613186170263
0.551621976839176	-0.621060863532181	1.94588053954351
0.551621976839176	-0.621060863532181	1.94588053954351
-0.672820849654043	-1.58532888033696	0.109801026746234
-1.10161352640049	-2.1080773067812	-0.108281820094614
-1.10161352640049	-2.1080773067812	-0.108281820094614
-0.56074984939919	-2.41481005916718	0.646692315531028
0.224837034901838	-0.7737454946107	1.14340566996154
-0.0130696446023145	0.998225070777423	1.67113922448144
-0.0130696446023145	0.998225070777423	1.67113922448144
-0.147083744027017	1.16885999840448	1.44828870179932
0.35887646572587	1.04479923878415	1.84047684617727
0.35887646572587	1.04479923878415	1.84047684617727
-0.472897416298301	0.0939844944836136	1.1879412859289
0.107224354444852	1.06665611742396	1.52801190651337
0.107224354444852	1.06665611742396	1.52801190651337
-1.1571276247922	0.679691379529529	1.39989343157981
-1.02139616757893	1.1482133547262	1.53835193918005
0.337266135005953	0.480149251107859	1.73910353551759
0.337266135005953	0.480149251107859	1.73910353551759
-0.281105481729131	-0.0573787983223022	0.768591922458533
-0.281105481729131	-0.0573787983223022	0.768591922458533
-0.267800030148728	0.131021027288434	1.14768242717919
-0.347895694403341	0.344401026821147	0.850408632304097
-0.621646690524472	-0.34389046652125	1.1681718776524
-0.621646690524472	-0.34389046652125	1.1681718776524
-0.596448563374487	0.0216486342945131	0.882058136734498
0.517231744053638	0.597386218669292	1.52999437012386
0.517231744053638	0.597386218669292	1.52999437012386
0.395846653898813	0.365694099730736	1.65380486216226
0.395846653898813	0.365694099730736	1.65380486216226
0.395846653898813	0.365694099730736	1.65380486216226
0.395846653898813	0.365694099730736	1.65380486216226
