1.00037285204764	0.534218050229998	1.84430329541036
1.53822081512059	1.45581357226368	1.41715511426515
-0.597343576630299	1.51021952963801	1.77878649415824
0.255129621279471	1.37497000397162	1.85244109845845
-0.43503237576764	0.26443789800136	2.4448436981445
-0.43503237576764	0.26443789800136	2.4448436981445
-0.703522871731262	0.937706880967502	2.83295572704611
0.711891046925453	2.35067600398232	1.77420112798688
-0.204103385390993	0.942601061657096	0.901804746803371
-1.14987831743483	1.09189108706432	1.29501661143394
-0.158920589430216	0.54965941819754	1.91696489203084
0.101737667645412	1.25858339656109	1.7265785773037
-2.22517092227821	0.292959008400359	2.19353568793384
-1.31764010259379	1.09403570293569	2.15060713428994
-1.31764010259379	1.09403570293569	2.15060713428994
0.283693693103924	1.58818716960307	1.64576323701442
-1.01113025996892	-0.332852025538489	2.22131850709083
-1.24788697285569	1.05146354046152	2.885630511023
-0.990729458413209	1.13786654834964	2.60545273412318
-0.0858195921553119	0.0408334303178741	1.32662024037604
-0.0858195921553119	0.0408334303178741	1.32662024037604
-1.63797918666077	0.281002191883258	1.95741311032423
-0.352366684644428	1.8736368196211	1.61578509025252
-1.31835495197765	1.99303353558593	1.45179964214378
-0.243700401072929	0.819817994143573	0.63017949302829
-0.966257463544987	1.29538910691838	0.607288605041138
-0.718203576087845	-0.526832221585921	0.230339898767442
-0.972989755246757	1.2293168488516	0.934859061829288
-1.23205146229714	0.229189711134814	0.626209819652068
-1.80675689779102	1.85429689145723	2.32435782856698
-2.18159115176933	0.952662669461917	1.85516079461624
-0.787194496447138	0.818165225024885	1.54421465007813
-0.787194496447138	0.818165225024885	1.54421465007813
-1.28121438420228	0.178894617000435	1.120289808512
0.909244300180364	1.27916889657485	1.26470127948482
-0.597261385104856	0.169767128106773	0.460682349696788
-0.597261385104856	0.169767128106773	0.460682349696788
-0.597261385104856	0.169767128106773	0.460682349696788
-2.02853555548923	1.12863965543391	0.5089274816031
-2.02853555548923	1.12863965543391	0.5089274816031
-2.10975143958988	-2.00761124509067	1.6515034758367
-1.70158074732025	-0.601907972166714	1.89423088934057
-1.49958465951839	-1.10851206537323	1.54872931716414
-2.09888259567294	-1.02932112344512	1.34636564342393
1.13867343941938	0.455792653338403	2.27080050700212
-0.879858572911748	-0.855954066864929	2.01448435194974
-0.0197365890939718	1.0735923325174	2.88357050633658
0.115664147124184	0.819898085638658	2.38225076554695
0.024161383673204	0.0668090907217124	1.6945459569005
-0.526250721207048	0.145056619457809	1.96430233295172
-0.584107472137193	-1.74541232625491	1.72045612432753
-1.4266093621993	0.248709538711815	2.36170858542771
