0.501054951199371
0.531164070012413
0.0809867980608194
0.429816748472307
1.10433309418779
0.818971937355673
1.20101754202559
1.63422306698508
0.834605309810287
2.61829774753804
1.69235227516468
0.848594471859443
0.562617015851359
0.72555979691018
0.179591036357963
0.157954996117482
0.797043252016104
1.09161131435208
0.165790831846781
2.03540106429285
0.67331118666481
0.467991628401092
0.653130846565183
0.868503985534715
1.30994288886124
0.967318156386526
1.84628695731719
4.23936365188785
1.99652442193646
1.927967334801
1.45380530771402
0.0817951924497596
0.289907894959666
0.914721506546311
1.35431428811196
1.79142896302748
1.82723777685281
1.631857845064
1.56899542377687
1.4338133392705
0.724499710528234
0.347686865743814
1.95705743351591
0.924329779244804
2.68360795848676
2.3150882034586
2.23220976737176
2.42209312135917
2.18311453382988
1.27521316594844
1.15917416893826
2.15196462274799
