1.63163562258891
1.87361280730622
0.473874471207925
1.19326136521085
0.466234616701523
0.0831297937352819
0.00633430675862651
0.170291932325251
0.715766111780393
0.640547421812357
0.356087151940348
0.647321404213815
1.21865034493296
1.16112803746842
0.59681089789899
0.0540381980330223
0.386024819085477
0.151888258869531
0.0604023745379907
0.20252796133061
0.087788322848905
0.132691014373391
0.466207259872111
1.75898810155955
1.7859467558981
0.643921295472316
0.20695609733748
0.437538510191233
3.12638989387394
1.79653984092376
1.09503129913938
0.690698758348668
0.697097984808839
0.643426423892469
0.386368244921519
1.59617616774309
0.589631023776354
2.54215797938798
0.432937231117191
0.547595584548933
0.880094895292359
0.509326852278543
0.875562859922971
0.390929177171789
0.801201599377516
0.496941937478464
0.219253133057117
0.487044995790439
0.483009124612294
1.09627029065659
0.50412933008702
0.473148839389329
