0.959259723954772
0.667055325834125
0.276791638406601
0.110127543639894
0.102108265054455
0.109640562818017
0.0594543137464118
0.122659971181888
0.13389289184216
0.642453182907052
0.242628358386129
0.113940288350834
0.204269121833359
0.0229601071415847
0.317211055114932
0.402683009505451
0.612463051459595
0.942909220479614
0.169833135834314
0.137852579580399
0.262792509629092
0.0714893675533723
0.428506299376759
0.482868293506856
0.254187777270786
0.0721791253087236
0.163973908912451
0.476348337561397
0.434708460197019
0.33110569563852
0.565942001757875
1.7002206234596
1.79865166603805
0.040324501201445
0.168141833720452
0.201236212384175
0.400286659967622
0.188061224460196
0.193361847956974
0.12844610877266
0.0774600243480634
0.105501202025986
0.0514128779062244
0.348167926140395
0.348357779224238
0.292711513056939
0.0529502947143426
0.16390907087754
0.058953051937873
0.614935673048666
1.25101464543062
1.11296150151083
