2.80478356691483
3.94987804674462
4.05565717467142
2.75270756446972
4.29846253237423
4.35135379935625
3.3486342249516
5.10574013822042
4.80280056765414
2.61799948990081
4.83297409615876
3.77905353044871
2.7532815652826
5.1642433938054
2.41881733244518
5.28311904683815
5.03648037712747
4.92793348383495
5.40353250782992
5.11797487150933
4.37327066519683
4.0951209490634
4.22477741023863
3.96568009293178
3.91328627637137
4.03553428178034
2.2258111952343
2.22523163744908
2.24598490483153
3.00752576622818
1.68573043494478
1.68759638889414
2.52732060529301
2.61128542193298
4.27949523047633
4.2500013402238
3.69845658397254
3.15459763550523
2.88131550711263
1.80750084921426
5.04172449641365
1.74111511753398
1.95723322442476
1.8207375201321
1.84842258764652
1.90891168630867
1.5384156342408
4.36543164161382
4.04561324923075
3.85544595294963
3.890564065154
3.75926964435367
