2.49984584906521
2.49986970422757
2.49904291021862
2.46335642938325
2.00736207777915
2.40703766034065
2.43924534526743
2.43399372488114
2.33224340350383
2.22742026022683
1.88901417255294
1.61880044568251
1.90828921260403
2.22925090405099
2.37677132375916
2.46858072574723
2.15265139039216
2.07995686877791
1.54245456122156
1.53549680357146
1.53908528589032
1.04791875317394
1.01142035155012
1.00500294800384
1.00703592105778
1.00180614739296
2.05150463513403
2.39204941525949
2.49396169867644
2.48145069806621
2.47858576245368
2.49232533464227
2.49039108666657
2.49682838946958
2.49947529214199
2.49199223147189
2.44989832179487
2.44892474987609
2.35552874986782
2.2165212348285
2.4572639184617
2.38632882630304
2.43315268214607
2.41823272234841
2.3612266025449
1.97894732439777
2.34713776749476
1.8177316337104
1.84854447101822
2.29505826030135
2.4141181290395
2.45093005358979
