2.45191263050955
2.27675609110811
2.3923801764432
2.35309458817016
2.19683664883126
1.7992800160278
2.31334714904625
2.05201598278489
2.27378463020987
2.24828556463399
2.3813656202538
2.49432719939688
2.3870781752238
2.28232455943261
2.42091564054494
2.32575959958255
2.49489271393122
2.49990437608436
2.49999132694022
2.49976725998702
2.49973823489273
2.49993068461399
2.49984433320289
2.49653800793371
2.4902884443073
2.47815509903715
2.43067639069464
2.45949477654749
2.49473059215506
2.49640567703232
2.49891878451883
2.49869934128982
2.49962634351869
2.49883161263598
2.48043473611497
2.43132551801012
2.09039910273849
2.14287737374478
2.35106589985655
2.48668236513262
2.48044807649858
2.49103050888795
2.31848087515477
2.36005531830553
2.3333841971937
2.21867553836852
2.36430962534283
2.44349114714017
2.30549075940086
2.06521860285805
1.69171860010572
2.27424748597197
