0.635787879366274
0.366723310669876
0.233661762303355
0.333513900321265
1.81658764111487
0.375229758853859
0.0279546012446923
0.00623267976990233
0.0668521334234333
0.24919081487068
0.0350523665721923
0.840567084864641
1.13476337567606
0.327395570974052
0.181980096322341
0.379102828971983
0.178946625647299
0.13490266965239
0.247518009082302
0.723209766345911
0.313865264592403
0.507125262152541
0.2230239156222
0.091364650160497
0.315802317391304
0.183182962460472
0.264508845108372
0.591344789482414
0.437928123085939
0.755117709951657
0.586281880009918
0.476831862048203
0.146384638095548
0.208659706631916
0.250842597853927
0.40322853544256
0.413168025439662
0.071050246108072
0.0211861490414246
0.031497692460452
0.0249205084819097
0.0248112076673192
0.399039249515271
0.0890629133773732
0.485025645816324
1.58363102963853
1.07787894494772
1.82963163886336
1.38888291211547
0.798064384789717
0.67185789107238
0.474426311553328
