1.3221835349702
1.28282724918774
1.99190166689856
1.11377990390796
1.06991667206629
1.1536933956377
1.06632196798055
0.694471209226002
2.34847999081444
2.51387345431407
2.13082798221075
1.93270121345669
1.36331259265231
1.43690447114839
1.02149210607443
0.677334601912382
1.03641264452879
2.04494796942046
2.11767273776466
0.95869122171967
0.959016343751886
0.959611624093906
0.880213461235572
0.832090926767791
1.62602635925305
1.92193636326001
0.379462390422656
0.470252046362958
0.63914150413016
0.649502888317911
0.639197260993317
0.639728311846528
1.17839389022999
1.834364362498
1.14709507606495
0.94609656440568
1.53114914587756
1.59766407998979
1.30945850471467
1.76349990441291
2.22849366753802
2.61138069688816
2.51068328810827
1.0980471868061
1.77711372291888
1.83286063618875
1.59557917509482
2.02194505752634
2.29182274339121
1.0653723071263
1.43305372070092
2.38547667779106
