0.19944801448092
0.182265397929211
0.347896731016881
0.224547267016025
0.164293177151657
0.331568351966124
0.893885785273765
0.25642170861895
0.108481266888123
0.321174771643423
0.557200268245533
0.324152448239814
0.255052380512725
0.215148885940482
0.0265335084287692
0.0392514491618051
0.694887766663901
0.623067296107763
0.0796607561834299
0.0192114580240291
0.182664794477932
0.167123679508638
0.201796047253903
0.19736919490149
0.0594937092528974
0.172938304568259
0.243091345627673
0.276956430065733
0.374972157930697
0.601842896573149
0.84155706061339
0.560696893218568
0.419731633202228
0.0650735616663399
0.0853664246738939
0.298030712593968
0.349523588363094
0.826268264151559
0.140126357664914
0.134009205243247
0.181833083553318
0.732373956993753
0.233969054129364
0.224001248623209
0.0381421794680993
0.119309701769364
0.0516227559927315
0.0211022509829977
0.0385336997953862
0.0376710912325706
0.034978209318219
0.541381055369195
