1.67901148544046
2.77167701851575
1.23327261125717
1.2141278295347
2.66633368647824
3.89475184858899
3.57714341159001
2.8695225610104
3.19100200789232
1.49532387663007
2.20713652055455
0.917204627270588
1.0293307616042
1.11974111694827
3.42096446399524
4.09759051455159
3.56056816037426
3.55482395731231
3.8654780900924
3.31542615542866
3.48512125999074
3.99584246610286
3.01779948001874
2.43564453843321
2.46381602403467
2.79093503534422
1.2742864718432
2.10975271005817
1.63097249237703
2.50011844224888
2.51230382575044
2.8627158291694
2.20275123522781
2.1603388923041
1.03246736901355
2.50355552089642
3.08980698945022
2.97120869390712
2.96677657352736
2.63300225499105
2.63440102260525
2.21183205682367
3.19676165976169
2.40339593598588
1.88444258989921
1.88818504579819
2.63418390240666
1.77226608426339
2.93726406131964
2.71618449425294
2.71747765246048
3.43061952090715
