0.0565317382637749
0.152046518348899
0.366358795518084
0.0548128089819988
0.193281160223848
0.136988503878838
0.176659113619501
0.939843337809125
0.211673567111309
0.576097978616725
0.327985341502416
0.185742926370625
0.134222645661232
0.305216983607995
1.19192242037819
1.19142949521884
0.390119502350775
0.0753577000744463
0.291475192836016
0.209624143775402
0.157998646646752
0.535293211119595
0.23710640722162
0.245012399559835
0.52931913810234
0.0639649021193661
1.60607062142064
1.25572920851592
0.322640187347398
0.871963803709286
1.7179849981329
2.01549922749371
1.7196321339706
1.84636170914101
1.00788125110743
0.96385067009798
0.0389458733276404
0.442271165824449
0.611210933330813
0.511072884342881
0.0831862961475909
0.299759862666812
0.448216270409972
1.57593082147693
1.05589706175026
0.972312852285022
0.479308709347389
0.439972779694507
0.948094123614881
0.159261110210365
0.195530166367213
0.193110614487889
