0.452431019042348
0.486084150253974
0.236024976673877
0.297065374735403
0.289473742665039
0.474692721694338
0.179160563641583
0.126426814975419
0.117707393185342
0.0975351962468692
0.136293158317479
0.343430714125229
0.12438230113357
0.248973929103433
0.248134461580519
0.0837417073911526
0.0615628745299486
0.0994929410081168
0.0136493527976488
0.0358663297242734
0.0603949740879724
0.218351164191682
0.181907881998799
0.0757331227882239
0.0610397701369012
0.0401075402189983
0.457083808935751
0.156422175107834
0.123738666570359
0.0458339727635657
0.227625565292558
0.0508224801166441
0.0896384011600397
0.0666117420478184
0.0856750126130351
0.0444132054278272
0.0279261987792348
0.0251577495865989
0.0274359895354056
0.0417930581976545
0.277103095256287
0.0980098542460767
0.178184517307995
0.166188641457881
0.0959215281889418
0.209163718119643
0.191584849885312
0.0352150995762406
0.00877267765795503
0.0134727794245567
0.0335278088407883
0.0527375958772701
