1.62804993299512
2.89133274750859
2.95119768626936
2.69818915492061
2.3145158125743
1.61741675819544
1.66914809119853
2.35513408520218
1.63056437588601
0.646752280349273
0.634980518930363
0.856627777823434
1.39155106248287
1.25255075355441
1.62538037357425
2.17829711603922
2.56448841200602
2.25520786557904
2.46902563536692
2.66249877021337
2.7531240515563
3.49236706756561
2.57807652635219
2.13420693441052
2.32249896966212
2.57544514165221
1.51533000170104
0.984761219378133
0.980566402438739
0.90941741497094
0.602106103793323
1.49110187700487
1.33052319661732
1.69583508894352
0.927832501845393
0.738302745356907
1.36327039452902
0.95147381412389
1.70660771329353
2.12521053420407
2.04402565441775
1.73851665057159
1.28093283821307
0.571499209715017
0.859079665510501
1.42743475061103
0.765137749584683
1.47741646801907
1.52451830397254
0.975458237789683
1.71899005551323
1.72173068450852
