2.42734866113031
2.30201432573776
2.48616184402423
2.49312659051145
2.48684119770089
2.4991669356218
2.49853560094648
2.49642259883513
2.49527677717811
2.49819856267485
2.49856909999234
2.49959977681313
2.49864404552814
2.49976123859095
2.49751380486499
2.4982657788572
2.49356071969785
2.48518420700105
2.04121077652025
1.99274519667347
1.20691124047194
1.36359639967223
1.99349459569278
1.63383374525834
1.33216405101423
1.20700833783253
1.31296504721535
1.21698545728883
1.09075994547735
1.12398059359897
1.58715828911579
2.10233748135559
1.60565267091879
2.25420547836183
2.06407400318046
1.86112879822029
1.29943720950551
2.11157245329975
1.03518568123876
1.20708682978883
1.25857530228462
1.07732929313078
1.05914176068234
1.00561646463189
1.02422708312204
1.3613620634718
1.29525967792983
1.00891463120222
1.00647776501391
1.01528611866
1.00389716175715
1.01126790707385
