0.541734062035071
0.849252979725706
0.635821617394161
0.596596632710728
0.574415419230092
0.614253314888818
1.21461348002911
1.49463175746896
0.866202240109586
0.890630011741455
0.628310017288987
0.59979665387264
1.3716407583062
0.710308660499524
1.30358890219506
0.514510701471676
0.944082609134808
0.358897615607733
0.386419758480406
0.0158379332619284
0.0610575417367553
0.0243872790054734
0.138138883184564
0.198312451584684
0.306169174171503
0.423273349200342
0.691618657991671
1.03434390382777
1.09727940578138
0.860857519802186
0.740090192307348
0.304421231344937
0.127738319047701
0.515328317474625
0.445649445063123
0.989143441261936
0.778163029295489
0.698713309395004
0.343125122711236
0.449178784043267
0.539514764585203
0.720544584932914
0.46998288933551
0.625010771405902
0.0992716251952044
0.10378384240131
0.0974273421089552
0.181363146688934
0.44267097512628
0.249416818165221
0.399453916620988
0.880505164595172
