2.37361419659837
1.02499001409651
0.355323316665592
1.33711206752612
0.365218291984959
1.6962037915101
0.73916342644785
0.972478280271013
0.238519662191658
0.311284080436036
0.163825439323506
0.482174612696339
0.981622185026398
0.493699426266983
0.218946170340349
0.401061978652715
2.17737679941401
0.741861094275953
0.700264852474869
1.02941410463103
1.31694183047578
1.7613018704496
0.693150151287526
0.238663671224125
0.268181986195136
0.665998014517312
0.125449458454112
0.136054701406403
0.0275055010793402
0.142084666287968
0.392306949225882
0.498078375852715
0.39435078600491
0.0699923541409325
0.186230226977642
0.129834542145664
0.118140305150417
0.0449540896567025
0.111362152902147
0.12405310466342
0.0413492628559797
0.235733637381928
0.284442836220212
0.0731062719686347
0.104657812938968
0.0859857152617279
0.0352989316534035
0.317619844760902
0.0266074902422512
0.0182512790993426
0.0615372644990432
0.153660293567071
