1.77814604225029
1.67521401021392
3.39580002893454
4.10999458401975
3.60070377870678
1.8415722548236
5.01093589468014
3.74173538293133
3.74168940327667
5.58286277696678
5.69826435819885
5.79793544498582
5.75921363261999
4.55372815059831
4.55381636054918
4.55413751554128
4.95054529210348
4.95050474989044
5.37623248034291
2.2333453259272
4.34828755198967
4.44802041226653
4.51746950374756
4.40969210575681
3.64917509157523
4.53994562565846
1.54666634550943
1.56352417577322
0.99237828927352
3.55096047592095
4.55346255083561
4.95478105251513
4.88331407269215
4.75003803477947
4.51606432341106
4.78567989299622
4.29768724697664
4.51014520969457
5.03677542251584
3.06047289467898
2.02895716434288
2.56699560327575
2.55457457738604
3.21492347705066
3.11498650622482
3.94072196974373
2.0573396169591
2.61501021570577
1.57350897287732
3.73689423017141
3.98694903749735
3.71132040900709
