1.39463537566927
0.520667989884014
0.439417821466153
0.838094545933594
0.524828519730214
1.17936549329111
1.48667687979482
0.0625748355302576
0.0442648552443995
0.313270203229584
0.0984092800777842
0.141557244645339
1.14380946180921
0.268047785390175
0.345074003713384
0.0237182736410122
0.244791558493179
0.0559195480008482
0.0657577705778645
0.304564459652934
0.290451070575831
0.131225476463377
0.289858294601474
0.489411862935415
0.845778989162716
0.2998202928113
0.250540992015179
0.258118118415392
0.254502626638233
1.18126543591272
0.435840375972452
0.999578367333383
0.808523155233323
1.87008588972065
0.603375429563896
0.631500765330999
0.580726138568583
0.4626256007855
0.0743329119943893
0.088091165220344
0.0538954207979712
0.0507194340216281
0.018554330857471
0.0324147301137773
0.362699283243207
0.0990977271863368
0.0944498568590117
0.0715446167610771
0.0380492183714943
0.0639711838542354
0.479100864328816
0.0618917958098209
