0.142306709720943
0.345530160499673
0.345599836887008
0.117397609317597
0.0928702467820679
0.135480629352049
0.0505099456435611
0.0809526426647674
0.0359578727639064
0.396390324949337
0.224722720763121
0.148435975184514
0.237275624950864
0.313292350391613
0.165901297630124
0.139549394829474
0.21700130068047
0.22166504385178
0.172013747534269
0.146315223741943
0.0411198729613439
0.283739401694278
0.28560465441288
0.0396195455762029
0.354023072704266
0.0894152234905842
0.479969944012918
0.153496831674156
0.0831002972720783
0.255204038257567
0.506649833308264
0.105984861880625
0.22463220506593
0.059632691171977
0.374197993788992
0.0968530565222291
0.265011135865681
0.0436934464766197
0.0446765154121612
0.428953800821977
0.169953269285146
0.384021327247634
0.211014897193645
0.135774744272621
0.107003488100787
0.0414453681894051
0.039967952441247
0.0968016350431849
0.0935693192777933
0.390873080073065
0.338486789027241
0.108567001679166
