1.40472729403099
3.25491906654063
2.44799951288753
2.8940030447795
3.1044148892468
2.30264131243697
2.46526815757274
3.48827128549788
4.53874905361792
4.49859387723748
4.1073201934778
4.10189743506502
4.06546693705852
3.80848496917915
3.0328683267188
2.39269100793502
3.26268788921682
2.1495484639723
3.6415506696233
4.45211136522431
3.60652008474651
3.44114226930358
3.99410433658931
3.83476826579102
2.99740438799526
2.88982603556055
1.63142621569652
2.52566544064517
3.07453195289729
3.61512429956296
3.67639277408504
3.81272252114519
3.94716655662175
3.53482020528048
3.66271625230405
3.26224428889879
2.94340755052958
3.54356101056375
4.05045777314361
4.37648709237072
2.81035734935803
4.59423659514956
3.66457181357543
4.26134427329711
3.20529847347399
2.39212736656684
3.32504688589972
3.33368128100973
3.77564961651959
3.27403568718497
3.28530694636272
3.11412946882602
