3.73102045345849
3.33593804311603
5.41067656938001
3.13180349358614
2.66722765580599
2.93070138166415
1.7612897141139
2.98576687552445
2.05906108770087
3.308825422848
4.79701652822651
3.74806797961143
3.73874530348121
4.30713875578455
3.2769132509953
4.7632358573329
4.42994136054824
4.44045635277174
4.30956119706205
6.18223247674885
3.89135922600143
3.89936566407999
5.34904203979898
3.78620248665366
5.64248650342263
3.82325106007311
2.52953876065908
1.9785163987548
2.53363014723472
2.44619784954683
2.00466193305972
2.98123359338976
3.11848067288545
4.10029773228419
3.32807367493428
3.73502677413457
3.31822454131125
1.44163173092723
3.59807435443716
1.19248052369995
1.9789729304195
4.08052452009386
3.62012681347008
4.76259504009932
3.00915887635757
4.75356916511767
3.7214754059458
5.35564348695666
2.3246002752261
3.96330525608866
2.22347560082392
3.15446789014734
