1.00137555301143
1.00100765441339
1.00036342615433
1.01383174514742
1.08707625762795
1.26363995928232
1.07869927750726
1.33715168362676
1.20093225905468
1.37798626979053
1.00377826641819
1.12444150277891
1.0018733915542
1.00004615176237
1.00152102140135
1.00026397237474
1.00102979111661
1.01646086796046
1.00222333864635
1.0020549008272
1.00132445567638
1.00230136100934
1.00951372305965
1.00024841297142
1.00355717180355
1.01082177517141
2.10682102374073
1.69011767760791
2.14722102191501
2.48592669809909
2.49876147899034
2.49821040584075
2.4999112135833
2.4991285641517
2.49771483330082
2.48996763143785
2.4927457832199
2.48496621076612
2.36282429153355
1.96614926494594
1.47933746561293
1.65303609400699
2.45288269622615
2.34866459915656
2.39352285506281
2.30642187045523
2.4107180062474
2.0270998895596
2.14789974109365
1.73409257515668
2.13316143572384
2.49546763092007
