1.6568539398174
0.763890901371651
2.04388752301219
2.0890867892154
1.76936332424934
2.24762595984773
2.11121150218594
2.42752409531809
2.05584121524473
2.4505808394972
2.66899093007992
2.27641115152247
2.35056418967795
2.92311782026814
2.89054312033541
1.9965603220432
2.0579570175313
2.29702046787269
2.18207049128446
2.2084116336735
3.22508326438717
2.95929830462034
2.91145766814029
2.91707094644435
1.95824158182939
1.89577633999053
2.56793718280843
1.81265749109619
2.05556581360551
2.07925041613709
2.22835509240645
2.92579707098445
2.67557480492672
1.54568651310989
1.18006673592322
1.28722985167113
1.09866321285528
1.81680354326212
2.41395785067071
1.53558429411044
2.3265784904025
2.33119423292103
2.47171426298266
2.40500463896225
1.46105837611183
2.1329624972793
1.99867625078599
3.00493398848781
2.65832629795507
2.0496298248784
2.02550616175543
2.65530971596253
