3.33071758774221
3.17392677537228
3.67634512709105
3.35168424951
2.94561886366811
2.35634177675222
1.32310244204432
3.10938579005497
2.79350730513714
2.41730531190889
2.29791985389989
2.3410325181993
1.88648436724236
4.03753671400396
2.98181721471765
3.74076665747476
2.90636007831669
3.38181598161342
2.72160164610638
2.29094220742377
1.59946918919172
4.41555092096204
4.51749591038868
3.96339042507224
3.64987965131355
4.01027257469107
1.5942724627313
2.48541543953283
2.22910522951559
0.973872952188906
1.06593657613599
1.97024330890585
2.70727469159166
2.02616984810436
2.24689620431606
1.33712639432302
2.5355213140559
2.65741902133307
2.52837135094465
1.81885317196363
1.97625466240497
1.97496051386645
2.33346059613453
2.23969253312691
0.679149287290427
0.506110619741329
1.10583307596546
1.27009943840478
0.779578569077053
1.06661905362528
0.904389858970135
1.09299535928742
