4.17611741735581
4.23293382664225
1.96056949434363
2.6100767374246
1.26012692902184
0.326239476497622
1.23778374523781
0.760503770490375
0.739051803274826
0.410835716517154
0.402405318757937
0.824222296567785
1.31955652103398
0.973269493572483
0.241232935225608
0.386672252408251
1.16218178177056
0.830425806712564
1.48376307654329
1.4510644403777
0.248725046222025
0.264930322087303
0.251601067021004
0.0524526880449
0.274227233172278
0.0979384309873389
2.55398681168232
2.55322077007177
2.48089428423832
1.22989060189855
0.351791411568016
0.714497123766999
0.569983861123495
0.569982876825707
1.90343465087425
1.90354068793935
0.369409337981437
0.369419306676708
0.275695785271773
0.224568945295431
0.276356514464256
0.349764038321699
1.04291414426123
1.09689967779243
2.49213229701009
1.62759903205926
0.458158964795554
1.13880282335217
1.69538202771529
2.00893659599412
1.95019659067302
2.44444054658164
