0.528402132545652
0.552897801922981
0.165539204446956
0.699053201303223
0.221648201898317
0.221645428858285
0.464619943126282
0.397339167028699
0.182173192067429
0.257360196542983
0.257666720337117
0.257672983292585
0.785912665004619
0.507848729733684
0.479495724449447
0.491688822553943
0.26820584887777
0.118568942797581
0.420299537831431
0.0639156394998722
0.586304454838631
0.222340518361269
0.196701353228753
0.19759918971603
0.482313242597494
0.467498523145786
0.908849647134846
1.06583987922758
0.383622265641651
0.483374195303215
0.2995603365709
0.239167462342973
0.104876611151114
0.326957003973804
0.617213949716937
0.230778764987188
0.407232904021026
0.090755074116049
0.109119811955392
0.178116664224087
0.598333400300977
0.409338940585004
0.650288284222842
0.658324814085964
0.25458008562791
0.627452099991319
0.638021597513256
0.3073552830106
0.41758706565905
0.141212161172321
0.725200940016624
0.720787882601624
