2.40901724110416
0.487347529344274
0.227055091822003
0.830613276788397
1.79412268512771
0.776466542900384
0.777943099367751
2.8293277000135
2.71005259144992
3.39590744403961
4.01815234354708
3.56962748240909
0.827293915350049
0.619263620562297
0.27146628764202
0.895490285085473
1.39485810025316
2.08032437754484
1.53934425954256
1.78211950775828
1.72027610281339
1.77753470073679
3.59863213645532
2.97117874471563
2.51380550224644
1.49317474897155
1.0803785940868
1.0826497545846
2.75767144941388
3.31087268836393
1.3929776710628
1.36528442178353
1.35778162638898
1.40138130165379
1.89845444017998
1.92198159113331
2.16830736750149
1.70443705056028
3.17776661313305
3.19156539975702
2.43833079145709
2.44206412435647
3.79442014227484
3.79536416345686
3.1205292614761
2.01023335800709
2.7728810526647
2.62168765399929
2.82059721246996
0.782440487518168
3.18866784573589
2.27063508426451
