1.22500430508557
1.22507968666958
0.811256453735236
0.811267081322203
0.811264940842651
0.486823041997543
0.613964722978023
0.27736565864607
0.683502807937919
0.65890239165244
0.666110415938898
0.88745194542142
0.428473559898996
0.189527867869228
0.43993331956205
0.439855806409589
0.88022076423381
0.302867097851317
0.943538518458579
0.703391469245421
1.06735273297229
0.796852814826359
1.01141181642408
1.01139034857307
1.01142609374794
0.50601833455224
1.14199228749078
1.1421271188786
0.287860489086662
0.85727643200943
0.443577978872302
0.244647910460633
0.49546991915628
0.288968394663642
0.0662484482590395
0.668184968852738
0.634720262431258
0.421319243807447
0.106953579204493
0.111190014407772
0.18146924700265
0.3278373011969
0.546373433018524
0.840222599329406
0.946205038037512
0.623551475332114
0.594014665501502
0.768673134209009
0.733752930891505
0.860751817178355
0.274892089636988
0.539544394315434
