2.31896105409418
2.42456532490646
2.43778600502268
2.48418824610331
2.25983741202584
2.43339622859895
2.27046564941692
2.03029096657488
1.74457593322428
2.21595207348078
2.01547752907067
1.21092096936157
1.05406067428004
1.13524617567604
1.13390858879801
1.0292510348663
1.18004570021679
2.1378463619757
1.3602459983716
1.32114665274919
1.4259323290781
1.2647441957446
2.04774433299063
2.37620128273048
1.86467423603924
2.38095102569287
1.0056415338027
1.01840515217947
1.00415588441528
1.00127882374627
1.00027688417869
1.00253632353579
1.00656013030439
1.0026812124326
1.00391202107608
1.00686248184283
1.03002172581056
1.03999381046353
1.33439292208544
1.1391489709965
1.02984145115421
1.00686209802938
1.02036505908552
1.03901970148863
1.00591084519372
1.00283388049906
1.00527357783197
1.00224258138556
1.00580917278935
1.0560141604395
1.24268178741986
1.77125731229576
