0.348540444209859
0.322654525797273
0.364869803217441
0.752377902783789
0.49192307853954
0.432336163076471
0.663228131309242
0.201121944703442
0.966341272255468
0.966354567080197
0.510534808319371
0.351330511899711
0.43420787815066
0.209398254093046
0.745598681917095
0.109238210490694
0.232967624889993
0.210128504083581
0.251201986733643
1.66065685826638
0.159216059257837
0.899165546539788
0.292629940288062
0.756517383072861
0.0862966169696987
0.247329843428449
0.210280222206241
0.147996132025091
0.151288711980887
0.169382905895255
1.72312815556275
1.78069530419613
1.27397653628902
0.280353057685901
0.189750768221865
0.610246711289053
0.319874377488346
1.08518637368065
1.43930305871752
0.143714772247274
0.723470306748222
0.164817886240842
0.511597845304032
0.0837058226722373
0.0338979277960848
0.153161719855939
0.319043577744759
0.569994772782842
0.584843592694982
0.512892375020686
0.104351642994201
0.120750309207498
