1.68155021490685
2.11160165370769
2.11305752966962
1.41235766026184
1.76113300404678
2.38218243694398
1.9630071661907
2.1291700738634
1.95733757591753
2.30317315632078
2.44614336178586
2.48499209652752
2.49650693128579
2.49752821289307
2.49777616477116
2.49787088749825
2.49788160957072
2.49595518648083
2.49918782676702
2.49949394851256
2.49970549795847
2.49952824209643
2.49675817008581
2.49585553786693
2.49877088712543
2.49884525765754
2.42185598725348
2.18927596311621
2.2009911684004
2.47898823419834
2.49764292121601
2.49986070384323
2.49999057528354
2.49998676081656
2.49997952066376
2.499984998998
2.49999644317758
2.49997724901362
2.49997900975137
2.49999052761169
2.49988574308265
2.49973752618725
2.49945977486276
2.49789665314232
2.49974351151379
2.49881192102862
2.49701388337494
2.4927144123158
2.48945053500271
2.4921545502858
2.49347540521862
2.49803033263701
