0.558383916648215
0.268496395615225
0.236899119373467
0.204985911587684
0.21749422970072
0.223236967869444
0.227977921891691
0.238713385591335
0.237942582267383
0.214317977876816
0.499845647718608
0.349605813819611
0.262115306186641
0.279703154124369
0.224831708606632
0.18745172380028
0.209561991796984
0.224457810540224
0.229473443730013
0.196609211139755
0.298477958771824
0.268745100613933
0.312638816979271
0.250557516635255
0.161097061035799
0.184348224653418
0.0643882466703794
0.0826554815031402
0.0703486966734914
0.0703359929034707
0.139342064950612
0.139341137774109
0.0973366752484454
0.283351178486272
0.156163819277397
0.225165836001825
0.225138571288636
0.158045110283467
0.0144609962664358
0.0145146623711018
0.169175292879228
0.328117721470052
0.327983233844838
0.327997495769903
0.339168099862552
0.194482227782795
0.182831310362235
0.182844261460746
0.145128983032631
0.229989964012704
0.229987702328405
0.218876526566956
