0.218843080371973
0.262246192689496
0.220979728748698
0.286371381616819
0.116635323719609
0.162835222525198
0.0522495471033999
0.136826232418446
0.071462554037182
0.0686392423116669
0.0687108998418742
0.162615407681789
0.223667174916964
0.0562430191515162
0.0562841000591125
0.202055733619412
0.0868589528292185
0.032235849250216
0.0687787453440163
0.140754142264151
0.163960761676862
0.209630266133456
0.297303589360493
0.226142499738716
0.110559983567961
0.0505748401851812
0.0785148871685221
0.146074647259056
0.217268502534267
0.210968455922357
0.0619174927219973
0.101847069792632
0.0202868328679807
0.0691868675739693
0.0641937962211874
0.0330537870377389
0.0141370016343039
0.146775311705191
0.0456870058531812
0.0546831689984546
0.083948731470073
0.0215065425602298
0.0132732578067745
0.0172321623475709
0.131921547032426
0.18273625650054
0.226667732745035
0.040375801937413
0.225393538565864
0.220561407124544
0.173897340943454
0.203568408429463
