0.165056723895232
0.165393016124721
0.0876622504168665
0.157021412263837
0.308473543661607
0.367189845869861
0.165781036822704
0.213965585124178
0.351603027239944
0.194151828086088
0.32130359559144
0.219474449444883
0.0963105116262627
0.236168047880325
0.235914765529187
0.197424622321312
0.041768659963978
0.0862129498656746
0.391844520644283
0.143422033135017
0.351555712089498
0.421280117471792
0.129890145046921
0.191419816068538
0.442531032253482
0.294090257959123
0.559187734665033
0.341011056528957
0.345192098217795
0.343756339313258
0.347165161689379
0.34406463833379
0.329825175893104
0.239070187112482
0.343534602595384
0.361417587734317
0.249033038044934
0.308432878834812
0.294249836179296
0.203079763889646
0.458601566446352
0.497982806773009
0.281550874726461
0.270382193137427
0.279272803104219
0.312205878330769
0.318142164385889
0.316250138162526
0.315761948387111
0.176811913104808
0.311155061901253
0.283716523827553
