1.14419778564806
1.25576389880828
1.50243305278325
0.454883308893484
3.5471297256322
0.519899122955126
0.771877621621566
1.13052631228338
1.80834074015806
0.877368975360825
0.895020447672894
0.234407804535278
1.84893378728452
1.2817647465741
2.50728401727866
0.929667568876515
0.904273479975546
1.20948558066036
1.07679147133249
1.65882338929293
0.425669168720307
0.732377065130795
0.114035463469606
1.09355347801336
1.26289693637547
0.806962314207283
0.486173888107459
2.35162568374285
1.61088215507549
1.49492836704849
0.849043169326315
1.55487269814571
1.31782401571318
1.3069372364022
2.2005748422379
1.33239480155222
1.46951191811062
1.36733937352337
2.555171881009
1.67671650245792
1.3908955474124
0.785596090682161
0.511884841584433
0.563947974130683
0.599661390128377
0.465168861388509
0.300286072310207
2.05290814558269
1.36151628288441
2.73470535229166
1.83128218595986
0.502457603502379
