2.39737952985507
2.17548974354042
1.96682918061042
1.51634257489948
2.30208016963151
2.22797506273433
1.75868369366661
2.17816406135709
1.64707998652177
2.00082060841651
2.32465216813157
2.18296318457937
2.27368993376686
2.13924244138153
2.42131732794844
1.80292522468977
2.05509295434425
1.82116044244745
1.77589835453082
1.61812645282256
1.58390892320413
2.12178179288759
2.40463396239678
2.45833249374618
2.43991106842454
2.48037381620559
2.48827798713904
2.48145560731034
2.42070681521071
2.48486204835633
2.47933039066771
2.38519769252969
2.39787427668125
2.49497615393906
2.49761155192344
2.49911126160277
2.49994915006473
2.49965324338592
2.49982851503933
2.49904524838913
2.49927426740405
2.49995425891583
2.49993154369291
2.49987155601732
2.49998780333865
2.49999881876449
2.49999191046381
2.49999790290118
2.49995883552469
2.4999388916695
2.49986230931882
2.49969040981449
