0.79110285819396
1.66791657329765
1.10431691042679
1.73738080541299
1.02197056185313
1.27076478332166
1.27081921605217
0.497522636972425
0.418859014345895
1.29842032331372
0.0714959504786493
1.30614071348183
1.8074239005844
0.0659499004840269
0.224673384869152
1.57622401262639
2.18300461020183
2.18299866979929
1.85591855264276
1.7695431910283
1.76954659154105
1.76942428349634
1.78749773016042
1.78580509371068
0.846485553593905
0.229345072502021
0.845291543420015
1.12751974326296
0.951800787834368
0.966744794252438
1.49664066558854
1.2640548437482
1.48076784326329
0.553447556533033
0.470895088326186
0.701829818272165
0.793989534915749
1.52906188248971
1.5916993907414
1.1009070627625
0.886839176391224
1.3390118438701
1.50771803203187
2.46224017282022
2.38283490245424
2.27055379379029
1.93091212375631
1.20921513495335
0.890014913082854
1.53657507301436
0.215787396990179
0.446529320684264
