0.307568323204139
0.881307204633946
0.881484920819597
1.75753902602636
1.8493174512045
1.6340232186208
2.38798276851213
2.65001772280485
2.51173589053789
1.86288360812243
2.1093167204386
1.93395742676761
1.3317775354259
1.36541142744605
0.514855179071131
0.363984109742067
0.569025819772374
0.927284580382143
0.877946281960907
0.199940416734347
0.343405509098879
1.58926575315071
1.59971330554895
0.348488528540892
0.400107281156556
0.240944724565706
2.45351356408119
1.64944940182721
1.7387702637745
0.68454608468029
0.4263568735748
0.425794991834823
1.79731376535351
1.22297520671719
1.41957211613253
0.931590864775873
0.746358094490553
0.562371143075407
0.575024061203488
0.733731519809975
0.246387601283167
0.379495874511764
0.478870340153911
0.666700284525631
0.536763114072802
0.670382882374491
0.380999097947009
1.37763742012922
1.66272494739996
1.16089076966363
1.78978117958727
2.5216308275608
