0.926438575476413
1.61168636276085
1.20813031927063
0.511405807422072
2.27132978445634
0.587201222275772
2.47238441617224
2.15005016035681
1.1033171356131
2.54773179527423
3.57434417322606
3.24860161963816
2.15740130366648
3.06322108598019
3.83295957751666
4.39369728065363
3.26196008228401
3.80697386619909
3.2349406317683
0.557249127323115
0.773524666979919
0.530650272789703
0.275137547126981
0.161800343549342
0.305377848776001
0.372274100492374
1.7379126539187
1.83344487420437
1.02689706037996
0.433583104811602
0.56993377117757
0.299110626576982
0.167488027748633
0.234720208383647
0.673460065197945
0.576266312411135
1.17345123709409
2.11887878798171
2.2128808715981
2.30243974647664
2.12335417509655
1.97749635416947
2.38967464781964
2.83645253465314
2.83656865838569
2.25330026280099
2.32293783280097
1.45939447880116
1.55600507238747
2.20745496164961
2.27031345378472
2.71745131168007
