2.4843801011671
2.49294472273596
2.49598646811175
2.48201500853035
2.48424744188546
2.49746505114623
2.4951667687319
2.4934896840659
2.45131345630413
2.07345799486641
2.32746379178444
2.47096158241085
2.49159801938417
2.49607651617562
2.49784250717883
2.49962415976661
2.49984962563852
2.49999353386022
2.49998198335061
2.49996020882719
2.49991711426849
2.49980149211332
2.49988691024022
2.49997238965434
2.49997112617307
2.4998392891419
1.91939264946653
1.51138860834158
2.00452395170848
1.29067491335189
1.33598788795918
1.36479733752851
1.87865533128507
1.14469523131928
1.01152527676651
1.07856271365908
1.30807955540217
1.23455181501824
1.46226497297755
1.25184076432481
1.46691680799708
1.0852333356992
1.37832875997354
1.22550181897718
1.19949252668939
1.50153897883743
1.02523189363062
1.04933717519329
1.20190695050282
1.41548086865198
2.27253333668417
2.43225655219081
