1.02202175253844
1.02158605397241
1.02160703772313
1.03691141627965
1.00725981034543
1.00104345311127
1.00011240446733
1.00015751694119
1.0002423044374
1.00009396002847
1.00016449523484
1.0004706580909
1.0027292411198
1.00118043495361
1.00104679840027
1.00056025412937
1.00070916580361
1.00076566715897
1.00351785330578
1.01453822518465
1.04661831943677
1.52846371490428
1.42898184087375
1.59862812267203
1.31279540901619
1.78597242390359
2.47331211916129
2.4141641436103
1.84282911534111
1.09522255597365
1.02853125465382
1.01425986932778
1.11357869810534
1.09002819661256
1.42546853740275
1.03892964799059
1.35629570938027
1.03280495672216
1.04049765794581
1.03062284702615
1.5442411824724
2.29753091799856
1.79188338772929
1.32853744738917
1.1834708946426
1.52133839333169
1.94460980778732
2.03221755725395
1.35136937971718
1.06784551984204
1.17836963456777
1.81066196040213
