3.75300420324312
4.10974783955794
4.1472092661526
3.87557608173824
2.81885089071608
3.01238503912249
2.75480660875789
2.94895444808961
3.96166055495807
4.2869148409203
4.62988962487645
4.90660655356394
3.99035102202573
2.99164211741278
4.60817546025011
4.177477230946
3.59220433458655
3.78079704750315
3.19746055058063
2.7378062767023
3.50548570690105
2.51702999792965
3.60122660038679
3.34599723635336
3.52255893301123
1.90708575376076
1.32164083227632
2.28059597479379
1.90081959293155
1.64703659374881
1.71639134818529
1.65975298530844
1.66024471042342
1.95749933105041
3.1849060142543
2.26757724311234
2.28227847802899
3.22326101082261
3.22439273380294
1.69738965571811
2.49587686219338
2.31296923673257
2.09034636957527
2.94512932789247
3.30036728088634
2.84961335007113
2.09685521132137
2.45301044676694
2.56822228638097
2.58772388648458
2.69536495889938
2.39858472454108
