0.113322538211115
0.0523960920295828
0.0957845113835713
0.0883964101618538
0.041821397717896
0.023468909900482
0.124127326488408
0.101794390741711
0.134338040622949
0.060779794367122
0.089534888545586
0.187345489044221
0.187360866906793
0.0735818973510559
0.0735955126067483
0.064994800279047
0.09960235546105
0.199274072251759
0.199283953455986
0.199275804369024
0.0309864293701185
0.0741005452430129
0.0741113626091273
0.074103944594619
0.0884118707355944
0.0417334053652193
0.189798879411579
0.104085474858172
0.0567246834121731
0.0668828533852862
0.252644602401354
0.252643814584517
0.252671288403306
0.0396058077301452
0.0395982722895137
0.0248007421977026
0.31859890821362
0.0209306902855074
0.0201692808575379
0.0849431558107506
0.0925523277437023
0.0930542509557552
0.0842743892854288
0.0862910382623444
0.306231087122545
0.149151110733292
0.148377682871294
0.049634536724631
0.0495887293410842
0.0646949014410297
0.228216412597646
0.0968211970133963
