0.584963849367121
0.653021018685006
1.01956437023827
0.818756762715592
0.566945799673811
1.43280429559558
0.127974219714412
0.180110340692026
0.324601175051955
0.576278068012792
2.04577580752105
0.441232233306321
0.217024392977942
0.293943356388374
0.823449124764516
0.59886452179222
0.415578058300479
0.773154124246809
1.00177083204839
1.30468254084443
1.41103540384121
1.20523574635478
1.65971436251757
0.536065776925087
0.716027724106764
0.449122101465063
1.77965426431858
1.88694829672512
1.31459184846501
1.47338755139447
0.89265413687041
1.23310899580709
0.490905630489748
0.643227930207338
0.802833342948868
0.745395573863267
0.763769402099821
0.363855924188852
0.343126704893093
0.183021869994538
0.197756598600462
0.568009246493475
0.963784279009242
0.530892616244908
0.798007587236544
0.598837889582185
1.15715538032647
0.747384578172676
0.724381621837832
0.533871255679308
1.71862582137954
1.44362890012505
