3.15853705816216
2.35373053088828
2.47135253078151
2.61816160224029
2.83665380023003
2.86755870247751
1.72104335726409
0.974426379390674
1.89483102180042
2.1590191621712
2.44035669061718
1.69637471224614
2.76104070984216
1.42768407964134
2.49899341625175
1.25841025017611
1.06479071545846
1.60035934171136
2.00039767086152
1.68342713005379
1.65660379494983
1.65551431836943
2.3672640747486
1.36068015473643
1.33652115977695
2.30665437809864
2.82241802114202
2.82551383750784
2.09444643739073
1.21865040242026
1.10257455195634
1.43903130400158
1.39758901786713
1.4061751647541
1.97555029796506
1.44561415986307
2.42067114475947
2.76984949345678
1.99758510153126
1.51519594936741
1.89932771469437
0.819760027558823
1.73122113286203
1.94977604999021
2.35079366156156
3.20549426621883
3.77925449125818
2.37775051354295
1.49517419124153
1.25372984477095
1.23391037080703
2.66434963039549
