0.332878254395531
0.978485225658651
0.324449672166252
0.23786887514106
0.437231403648961
0.226521377295821
0.226528092859337
0.253396947991098
0.253871523809788
0.173933532133443
0.0807270731154113
0.100177206483968
0.116880677655975
0.448090232638568
0.11889267144171
0.109563405301033
0.109858397026111
0.124860419635487
0.0929716664836872
0.075365388402285
0.0868100617883355
0.22771891291153
0.433461305780522
0.401603885640627
0.343204684593803
0.941976336437959
0.402687003322507
0.345322771838177
0.309231036544731
0.508644323042075
0.269691554543212
0.245287164618353
0.93783363224857
0.989387574697665
0.130982476857156
0.0707747932553576
0.0334781694051155
0.158430114280289
0.199067516167466
0.252777194460627
0.155280793475203
0.065457486144478
0.391823680556681
0.234487966924177
0.237650687841697
0.13310449175783
0.156069144404423
0.263745642799108
0.326643936267466
0.230575077446994
0.232318816994319
0.246992130262309
