1.00029860826848
1.01261566327861
1.00267801808066
1.00832696872297
1.00322569730565
1.00038186226936
1.01061189568902
1.0022130721481
1.00053341785496
1.00193397483216
1.00000525328266
1.00000794815592
1.00000437651355
1.00000496819172
1.00000083242953
1.00000005716498
1.0000000554103
1.00000001873115
1.00000001293401
1.00000003102635
1.0000001490805
1.00000006820896
1.00000000106566
1.00000000089396
1.00000000819227
1.00000001668608
2.49688378760187
2.49802815696834
2.49752427319415
2.49883731547225
2.48765636747083
2.42097384505164
2.49547436792295
2.49524335495365
2.47605440206647
2.45406124617007
1.99971971994843
2.13834454710987
2.33441529463231
2.28261839775488
1.80494542477992
2.41732346768909
2.48083066974893
2.47890689860805
2.49702664271245
2.49095599176648
2.45791382751435
2.39215348639691
2.26294462934126
2.4408964459335
1.99146778990208
2.23367797607556
