3.28479577796703
2.96619797217352
2.61957052936723
2.95407398155257
2.93401679696619
2.91354094669481
4.39328571401151
3.44086283887077
5.01634071712657
4.13566593328829
5.0754922381615
5.08208836038834
5.02610682684805
5.36851967477428
5.04759778898676
4.86028525057859
3.54292673450419
3.63674641127729
5.038751268918
4.44062786051853
3.27936828465303
2.98755350570956
3.24457533369735
1.76427624259128
3.31537178668901
2.68815793591481
2.85906042233919
2.30251870797756
2.01586612798812
2.78493964202094
2.47506339835929
2.47568444360402
1.98320443114902
1.98375447864773
3.87121796052873
3.64135098059605
1.81739022325572
1.46491712872787
2.89146314736162
2.14985803815714
2.20037869330558
1.41935002970535
2.70098726485942
2.20155933885869
3.03994419492318
1.62640791286689
3.25965321494844
3.17494942469188
2.06387434376025
2.03441412055736
1.61267113589796
3.41866631571952
