1.00000319551994
1.00008096021664
1.00017116499999
1.00034802951757
1.00220702020085
1.0110457155481
1.13699981283317
1.04144091647638
1.00675872127247
1.04147230310555
1.0015838239581
1.00153193561884
1.00087023898338
1.00494998813682
1.00072013376802
1.00218982817878
1.00327994009037
1.02004321650873
1.05681509352662
1.082286562353
1.04465347142608
1.035212998626
1.02462040408861
1.02533393469999
1.16212378462331
1.27918986243001
2.42172836926273
2.45803003134277
1.58673528759946
2.29325896358575
2.353271075285
2.47270064208527
2.49115044200574
2.4666323423582
2.44946041721584
2.49054777891908
2.48332127039964
2.48815855406418
2.49351127048742
2.49854610688562
2.49100997877168
2.48110942041091
2.33961780866004
1.45202800123927
1.4299537517328
1.28971688091943
1.01415847817649
1.04633352100991
1.01948496180602
1.01817221153664
1.08282738866548
1.14650781874445
