1.00001960004123
1.00024396436172
1.00040685532022
1.00216170330415
1.00594872512679
1.00944797096894
1.00581625313344
1.0119517720669
1.00056462650463
1.00003273871476
1.00004307446886
1.00001417789744
1.00001076518483
1.0000005774687
1.00000025891826
1.00000024023968
1.00000018297106
1.00000002652677
1.00000002441129
1.00000000669018
1.0000000438031
1.00000003750992
1.00000000584903
1.00000002044915
1.00000004070229
1.00000033616981
2.41877939577519
2.40178668735613
2.11980219457333
1.11167877013483
1.27265236734696
1.45212232801002
1.43254968381994
1.46000809787302
1.1407858985428
1.15362937323891
1.00238356692072
1.0102122157432
1.01442458837943
1.00919389742763
1.00374427563115
1.0015551031034
1.00460695543194
1.00147881032055
1.00059213906929
1.00294263427125
1.00956021399833
1.06324999759205
1.10387328110545
1.03404912495774
1.95127010461213
1.90556607045477
