1.02418829544161
1.04787721852371
1.4931981528037
1.56061093896544
2.22768670552901
1.6156591918138
1.31195234426149
1.80960545852141
1.78247003648029
1.24799962048798
1.39266206030717
1.0766483180749
1.90925962504382
2.31244824052431
1.52886727469786
1.36879260073061
1.62447316943155
2.30553367327235
2.41246659319202
2.47272347741049
2.4488488830158
2.27171875329961
2.39075433735379
2.403013777155
2.37921671165071
2.4801221280242
2.49747631866188
2.48445918165697
2.48710684071154
2.49193219798333
2.45643102433756
2.49478711990263
2.49352645336898
2.4927276754138
2.49918268518566
2.49890959412453
2.47134877832498
2.49941414728421
2.49792171906532
2.49158833808845
2.34693565390365
1.54878743962537
2.04940319987685
1.65592411947625
1.59669382800688
1.26600316425545
1.27717594769325
2.22720500153504
2.0150459361242
1.97909142348239
1.79761883393786
2.25134090046981
