1.86356408012038
2.74577806467358
1.48844091455284
1.16957531519454
1.83224471222425
2.29993296352311
0.577851650947933
1.1400682940487
2.44712240611334
0.904359436563826
1.67328541757773
1.77111175487741
1.84095182987514
1.29502983177395
1.35658819425232
1.45020624650689
1.83786062273607
1.85352340665183
1.13293023924479
0.533197792046172
0.227815737809485
0.188473952934331
0.18299765675494
0.751033475158261
0.239622313787203
0.288136946467025
2.46426513265905
0.598800248672787
1.8703805987619
1.98827080201257
1.76458020563728
0.580486114622906
0.566468637003688
0.252428156629377
0.291019612342534
0.558845180182557
1.10146596370064
1.04379502738069
0.284515360411801
1.03294981876434
0.684028738270134
0.497320409617625
0.357236945614446
0.356841139707106
1.0546524123085
1.34312371448885
0.873306659544786
1.22641873358705
0.316108116151614
0.237978681106742
0.401972510318065
0.347293936552907
