4.29111677870163
4.29110447222735
3.87309477689932
5.292330504698
5.29231198613456
5.29233938215531
5.60033435250654
4.45285209357599
4.01651110232372
3.98833977257915
3.98814227806307
3.98689083480203
1.78945732173667
3.67292963326668
4.8255217163892
3.01722110883262
4.65576700682434
3.83548248126091
4.95371629541515
3.18090170708945
1.25548880679112
2.44421167193677
3.43171493737237
5.07713913437205
4.29263498721242
5.77669654435691
1.77190220658932
1.54598757930573
4.41669678797423
4.42926826023865
4.5296016713052
4.37497392499623
4.44877268402259
1.99300148393734
2.41918101522155
2.60162384894635
1.52782609108642
1.74059860156171
3.61393717024771
3.73058451808083
3.32828488155439
3.33435982910957
5.31874379217927
4.93135471971468
5.3263492290882
5.06424041607307
4.27264024471742
4.49196241905785
2.70462266774436
3.20916611893599
3.81950079964901
5.7572122858213
