1.46841239067855
1.37149265261459
1.12916822481422
1.0381811728992
1.33809969460005
1.62465723641838
1.88677798508385
1.77938269881083
1.78996205309685
2.02884521828237
2.03880994557249
2.24099427484386
2.41597336618279
2.46491865258467
2.26455762684323
2.18324211140974
1.21505333357913
1.16847946519739
1.01971722705766
1.0162775534616
1.00185180057098
1.00472128407875
1.16962209220159
1.54534475497696
1.25746107457466
1.10694090732428
2.22142692217755
2.31390670572417
2.40710402787142
2.13778313406154
1.13673176757139
1.01752818574497
1.02913377199097
1.00161896746897
1.00020799316759
1.00003980708005
1.00006557322226
1.00012774368323
1.000006493893
1.00001746187087
1.00003202581332
1.0001087351753
1.00041279045309
1.00670557230667
1.61435203555854
2.15064335604276
1.73771838866649
1.77780517342103
1.24416217911618
1.31698120113113
1.56952376637668
2.26467964032974
