3.54095968305433
3.62119209643791
4.87732642061367
4.83371159368588
2.80691048782907
4.02376800537152
6.04247348290104
3.29133875484033
5.05840740938033
5.97477960181989
4.40238455079328
4.02144405641236
3.60222936581387
3.54330127978637
1.62588356491779
2.7847289205454
2.62661578822831
3.5324894071418
2.91506797454932
3.23806546967919
3.10304846918882
5.80036102791693
4.01942311942064
4.67840663461971
4.12631656781039
5.74570101936859
1.45674257749988
1.0265159562276
1.80520359033341
2.56628424033511
5.007113736967
3.32403146529416
2.85510394526304
3.29684454560175
4.40089048984333
3.41556729766526
4.85645089796879
1.42063465117168
1.41511191273761
3.40150700852072
3.79886088471169
2.48538565592789
1.5595048146195
5.56830084742391
5.3743723569235
4.67588054671078
4.84516985761311
3.43546368186401
0.413461502192896
0.385859187532041
0.497787696759934
1.28215516822983
