0.811930548703015
0.755811040427539
0.628081416632245
0.199082001052302
0.120337140009043
0.531434103631785
0.302224023806828
0.447718187272305
0.331207296418732
0.252210980119451
0.228560045764132
0.747460954994434
0.623695243938144
0.597972434749911
0.382846643621134
0.866556262658373
0.971981930672244
0.279413288874117
0.153897375285812
0.070299977445155
0.0461611576910557
0.439863665938406
0.297204108781304
0.244743058584725
0.0818640826665667
0.0894018160742464
0.918344474893719
1.75884449856906
0.734407153589983
0.736638421445376
0.162006391320551
0.180693998898843
0.105195387629456
0.21362198472572
0.208547990729136
0.374119929121345
0.591700227296969
0.340099750215687
0.681648157833846
0.130960335872662
0.227948740842796
1.00966599722636
0.66531358532614
0.120416915406654
0.150046283692104
0.0568692557745368
0.059191035543134
0.0957792934253734
0.0638050266946625
0.216315531195054
0.254779550472745
0.596193086320628
