1.70640253737442
0.672595727969329
1.14841919528824
2.1200036891152
0.937152244295966
1.6367237941957
1.984983304775
4.70612327043607
1.41908564479901
0.772311605206041
1.01665224397044
4.46667892278513
2.92325759715151
1.99818630320045
0.705661075862838
0.136912666902478
0.618005360505768
1.76540882694869
1.08296273912033
1.08296263347689
0.550437064539239
0.550437172715469
0.152243370225831
0.0825285932747725
0.10810708433779
0.537846051641791
2.22641829511837
0.698313017476046
1.31854214225492
2.59963403319772
4.49926283165651
1.3870587791016
1.87963609159098
2.03863330127999
0.928141240175613
0.495735247816743
4.00794866830507
5.41657471347085
2.14494600376071
1.46124522723884
0.236943267910169
0.639718657666089
0.486042638224996
2.11667632271037
1.03274562010881
1.18682528277466
3.20163166309376
3.55711522394499
1.34529460806067
0.872543854748974
1.59189859365383
1.02009067472176
