0.358650440586133
0.365326235918797
0.119945395548126
0.121724330055795
0.178968887743336
0.188446224076378
0.169508250299776
0.235249413799193
0.870535714808859
0.263938902267611
0.553766758433724
0.316221733854347
0.608560987753914
0.607424557281286
0.607360670697635
0.230849377379944
0.330278308099604
0.135983204174915
0.0869237984870237
0.948996694654658
0.426887280602126
0.144491611756947
0.454043807515177
0.465785144325867
0.470697639607404
1.83827637054522
0.0373117242878165
0.0850196766899973
0.20482049517426
0.19220297300653
0.40077937087428
0.917620768801897
0.17979744465847
0.60466992754558
0.0203183809359072
0.031996024587436
0.0669563902382509
0.50555891409107
0.0392683898349988
1.21549356247527
0.401880833805557
0.402566482154897
0.048313018492633
0.145511278731084
0.0495940036132589
0.13954755055532
0.0841178661528667
0.0473365353378913
0.0472403673602369
0.0682165826926627
0.382038609694076
0.533394869915682
