2.80231592160448
3.5072595592279
3.63772432496912
3.03184887748936
3.65520669179109
3.52831542338456
2.63740370818396
2.62197842545456
2.16595225363467
3.73174464575446
1.61224883698486
2.25562946874228
1.0280195127546
1.23175650745774
1.51753449393458
0.906703135330792
1.29070821453549
2.94550710146397
1.91663507323015
1.91664050108637
1.2077348742519
1.04442456984291
0.934775221811871
0.308986231626337
0.226690914845257
0.42104498757666
1.07926066385072
0.968511601307008
2.66144447488219
2.40689679205968
2.68418781425738
3.51060423272562
3.4132726629396
1.81800457172338
3.47818565759314
2.87766121980393
3.02165149586939
3.05003185327078
3.40751372827032
1.76180904987651
1.26953858973581
3.31440852232177
3.24150204432049
3.33966949445548
3.36033247790904
3.11238549800609
3.00426426149696
3.30839294186985
3.1515265167018
3.08502726164964
2.64984088504712
3.5996891812521
