0.372710707936254
0.077332948846989
0.163006938064573
0.199964791721769
0.200656943304361
0.0405455198680863
0.0685770463912126
0.12335050085169
0.123350511514259
0.138562609958537
0.4558960719485
0.0295456257974564
0.0377168055244101
0.0681239915500015
0.411448012370719
0.397904325509972
0.420218758964449
0.646199891119692
0.651347133520057
0.119319701239596
0.11530167069057
0.0639845877924139
0.0298909543679018
0.076293950034586
0.0762854766226062
0.0762753678886503
0.0828791442592224
0.204404108948356
0.832386965510158
0.36110189067571
0.47295917772263
0.472978211843409
1.11714898840035
0.360679166584385
0.20029889958291
0.200637546652659
0.255566355127442
0.267604846672248
0.349965140965736
0.0434993607407859
0.0449290185074168
0.287561266572105
0.28966380474566
0.309479348590134
0.282141803173541
0.0570879057750192
0.113520528496669
0.0941437418195875
0.095654420419983
0.327844614404956
0.325467436067252
0.328495980839538
