0.247635032307455
0.24026389596861
0.281672715729057
0.654956744956336
0.62916303162978
0.509229713512425
0.489238488165055
0.253042771898792
0.0977133378888994
0.0590215801050125
0.0848018434787536
0.24994859216436
0.562659683339976
0.504895279463151
0.533331380777907
0.603895600411758
0.3661296800265
0.669086270057499
0.577596977317876
0.77728151595869
0.777545116313368
0.77802775388862
0.808214876019321
0.383005450545644
0.355097870973672
0.0531158993595074
0.798829693088287
1.69980099659347
0.707511723857529
0.718981485625235
0.707573445141649
0.708161303545748
0.623777168956374
0.449386845483553
0.331515447423606
1.23956385064357
0.25223670419202
0.16818785522933
0.897982588379807
0.588513915340826
0.147433144894494
0.0518382773390216
0.0221271279753683
0.0993571886773471
0.0304140083389997
0.0393914154588399
0.00612781266983382
0.0667025745839684
0.21609344285014
0.499011371020093
0.127224386596658
0.107987910838882
