1.09765290723832
1.09433147538476
3.20293793170627
1.1784826300533
1.31908215117062
0.518344126381964
0.553327849525305
2.81965381900989
2.85267566472945
1.29169027515334
0.901620855412378
0.321046258743134
0.332432689867518
0.235232309101265
0.408627714343782
1.44360793221246
1.24973044780952
1.14962504444347
1.18375153660212
1.49891076608502
1.46986719390417
0.478790268033151
0.390663033732101
0.762103713478692
0.3331154329653
1.22941775311493
0.566700557105093
0.707839702128017
1.28807272747016
1.45431969053966
0.581152523620767
1.12224877693466
1.43109842045723
1.63526314726528
1.6319978378636
1.64897579502289
1.20412283457763
1.76473629733931
2.44464681552538
2.00293923508326
2.30848617970412
1.05580821071953
0.569030328440203
0.458015137893787
0.475353489212974
0.518897460832397
0.258569298525294
0.800210160800515
0.86522337864996
1.00586532839635
0.69844853368476
0.65354292425582
