0.0825031792003591
0.268771606495437
1.12868734387508
0.280482503847805
0.263844708805803
0.61836218004802
0.215177861956117
0.428448073695505
1.04744663341874
1.40945616733216
1.95780520882569
1.69011781682838
0.542719636128082
0.237588222858031
0.4816745213538
0.341774687863939
0.691952602728215
0.325142361709644
0.627729185132837
1.35194115642472
0.323157202861684
0.0651381054192283
0.212685941398733
0.0416289844496785
0.0738722247323383
0.361720835103159
0.820768514050807
0.856495513219756
1.19932911045548
0.367381087550868
0.38014812167728
0.210365787176959
1.0515976349984
1.34054162620478
0.889147755772652
0.618131306809528
0.200569968319455
0.468897801221904
0.61822622188333
0.418955970393617
0.336687663926357
0.805766465815014
0.567701942779281
0.08209405208901
0.0274920478009648
0.0386418012301253
0.048254321956841
0.177995509376787
0.187515910288379
0.141143109229146
0.117811058171529
0.155143306008579
