5.18113509951808
5.48921670807753
5.71258992229276
5.22203985076432
5.97903752569349
5.74346878773543
5.92029237123441
5.60914573242589
5.60907651724339
6.1937735162038
6.32325017962141
6.32321167327296
6.32326675957771
6.32327544239812
4.55932791519941
4.55932736350821
4.18771841348476
4.30110369212899
5.56257827048842
5.56257825853951
5.67914456713975
5.70659717043609
5.11110890152918
5.86808532099634
5.86808622876827
5.86808588427459
3.21602072050259
3.45473845883289
2.65297172148587
2.63858140523493
2.64506816221141
3.08971335034724
3.07816726962264
2.52869983469774
2.52905528606257
4.41973339378644
2.13785303941539
2.87406471200513
2.87618866147536
2.90715684884926
2.88424762050802
4.35891858125634
4.36442077937137
3.97656588081226
4.27492637578579
4.51370171161733
3.96356409003593
3.9681865892348
3.95864614030055
4.3243387407123
4.38367669573134
4.38374994855297
