2.197628933299
1.90798540880445
1.76576640602759
1.92841908303964
1.79424349109672
1.76348911123233
2.09892262314049
2.44893953766954
2.42006999840915
1.79594876124647
2.17465133973119
2.40095264734107
2.40283913332325
2.24254721735546
1.38378018520569
2.16162827887765
1.31649974931664
2.06793039613026
2.28861096588264
2.30223780226903
2.46051191433965
2.36687280845043
1.23090510304983
1.05069985143611
1.02950216185273
1.02346437649235
2.49893412917863
2.46879535294076
2.48923906148115
2.49284104873759
2.49858685819978
2.49865306388779
2.44269144667875
2.47577353466373
2.48035014221259
2.14279473900492
1.70081355503637
2.43544019595119
1.43134766460762
1.0485242338751
1.53972282083157
1.03005024131055
1.39884835949757
1.80701208983428
1.01511722799548
1.0504200874737
1.03279679010662
1.04670454124053
1.47451251320414
1.01193463036991
1.04984793707166
1.51890019997943
