0.287519562616726
0.0958352637891833
0.0862252098623787
0.0846108089165238
0.112338682424519
0.113242896873644
0.0875039528637627
0.110267214121316
0.259985943986156
0.113120411297866
0.0647603524547322
0.166889903383394
0.159621271422619
0.164149668706978
0.0756119424390025
0.0950015399415564
0.336005321423887
0.0523677217771312
0.211512000527594
0.118874053264695
0.118816353827986
0.232825033148293
0.12574054776366
0.497152185225299
0.123048533834355
0.131402464655299
0.104832149222459
0.0246964612167623
0.255262012987981
0.124789165900094
0.157307420020383
0.306595319880322
0.558127389425316
0.426462629622138
0.360583979575827
0.187645109041175
0.0162197316480877
0.0291347007817685
0.100805262864693
0.156731403616251
0.150219149116731
0.597238841086624
0.249759605372028
0.249790505544361
0.24983255644062
0.24984363170414
0.182428831614501
0.0745941167837664
0.0745897339216344
0.250575956884889
0.323262563097083
0.262963290272666
