0.589279572055832
0.409632702886249
0.133129331943143
0.272232201950849
0.223167193516893
0.239886805381119
0.0828995622208737
0.24240809132425
0.294979655898817
0.314654338405748
0.901249005999692
0.158442749087479
0.0476702657171891
0.0441630598842148
0.0433540862636719
0.015506539836682
0.0626491740424375
0.0802645034827432
0.0348234043970909
0.143602794631744
0.145189568529539
0.296649283695567
0.149659781224254
0.0684842433158142
0.254019540310013
0.126016614288589
0.218585130228472
0.221350912619466
0.13906926526386
0.0948428400558961
0.0997511334297002
0.165161268410556
0.360148153423294
0.222641750947816
0.0629187820769483
0.144981135523968
0.176651276379139
0.130208027412586
0.11258864872538
0.164419428405723
0.247183823477165
0.635860484196911
0.526985744998303
0.382675753499688
0.220462338627388
0.0708236730332495
0.271115117525672
0.70119729724216
0.245314336781182
0.430156151111805
0.429498520330076
0.676129797399513
