1.00000756847481
1.00000476833607
1.00001297448143
1.00004052316052
1.00039359975857
1.00055725009979
1.0000760486818
1.00000815800047
1.00010975121234
1.00002695586163
1.00000943988136
1.00000639365145
1.00000106549763
1.00000454194308
1.00000415906008
1.00000208804259
1.00000002643888
1.00000013560361
1.00000041499448
1.00000105882704
1.00000679154963
1.00000549446696
1.00000761931925
1.00017883811556
1.0014109067334
1.0079059677213
2.44297817253761
2.06066954652993
1.7360426095022
1.54225158892879
1.5333820105433
1.42528539071646
1.06790450163179
1.26305275469373
2.26233591919659
2.13421004080176
1.90759976010478
1.08667427969363
1.22731353913685
1.42397319749671
1.40888329893151
2.42571485356312
2.42161969627538
2.14979442643686
2.48001213295673
2.49957153006157
2.49984414987828
2.4997023403243
2.49045167648649
2.49110862252045
2.49846627078946
2.49945003803796
