1.00001569036657
1.00012357890446
1.00003646425886
1.0000115586068
1.00005725987729
1.00003356471224
1.00045818665796
1.00163560135838
1.00319582667361
1.00184264515886
1.00765549662747
1.05351925804342
1.3723444752691
1.81504215595898
2.24005185692912
2.14756160116474
2.2572242004107
2.32713113357094
2.26833218709744
2.28732173880097
2.38986662020963
2.4507322883176
2.46524201893707
2.49005074803883
2.49408737660692
2.49836615556523
2.41987035161349
2.31664379089493
2.28273849488979
2.48494804502409
2.49772548309352
2.49997593348632
2.49970811534858
2.49987032694238
2.49969631796408
2.49982869438031
2.49971731945877
2.49554956496298
2.48458278239029
2.23965741148093
2.46771643180539
2.47680285680706
2.47338469970761
2.42668978036566
2.38696924199792
2.4731068469871
2.49710156917901
2.47556220251387
2.45800788764832
2.21250599016589
1.86314355321305
2.24378209925042
