1.54650627471881
2.15271767876158
1.6255999613744
1.21244730115961
1.21625850391874
1.02831290919224
1.00986352490753
1.00171955435228
1.00309489854971
1.00142429396867
1.05181915865018
1.29093539091901
1.98300598147582
2.3936935752137
2.41722077457606
2.3317870402483
1.98778332160981
1.43748449527182
1.18198717749706
1.02443340870772
1.00636041563124
1.00384075631443
1.00491023871831
1.08860781980074
1.06647437176749
1.56698776537722
2.42817044150113
1.91806210895036
2.40191813519972
2.30932146140823
2.19346343826749
2.44969973519589
2.48849701960861
2.4960593998807
2.3463502061646
2.41373432130004
2.43849821264564
2.48516079616992
2.4730989944762
2.47899105183372
2.49786498568703
2.47774382888499
2.46117161901772
2.48448965110936
2.42257566232161
2.48742527080976
2.49473894094131
2.49582855345739
2.47186976562769
2.48880620076976
2.48882829152806
2.47758318217797
