0.233317520896725
0.233484462139427
1.70046773154351
0.322251350925364
0.23867832254119
0.0759496286321586
0.334221024167381
0.404996193615742
1.28151663390114
0.465984848249147
0.465678109399748
0.111259206445922
0.765331018704712
0.308143946205067
0.256664843916915
0.888785176192624
0.628192091076152
0.459026166640371
0.0677670333387616
0.454007415320577
0.735100883605203
0.735091315060098
1.33913867644729
0.329788875791092
0.0484595343160379
0.0353130328760393
1.21770074277832
0.375335495099231
0.661107326511029
1.51494903233368
0.705611173092402
1.58000172001635
0.671648180353051
0.671585005856465
0.527687060998018
0.262186320363742
0.262315947712197
0.1803705324091
0.310219586725914
0.576137611491053
0.548913819341695
0.271290346198997
0.270173026350429
0.602558587554572
0.845706464332038
0.243825936913257
0.708809647414754
0.188786977278473
0.576860315614709
0.566778708396017
0.533576035238985
0.296541497666613
