1.00000022130258
1.00000030336684
1.00000175055418
1.00000139596585
1.0000648700053
1.00001372919329
1.0000061507524
1.00000281872627
1.00000908261841
1.0000027139274
1.00000035786116
1.00000138289267
1.00003320503137
1.0009867286717
1.00055714684647
1.0002504345584
1.00886403842836
1.01371125033317
1.01104986632255
1.03803091139061
1.00101053257163
1.00197242733338
1.00058935436141
1.00013577520046
1.00014103476294
1.0000786602707
2.4998282153908
2.49998637290304
2.49999736569945
2.49999603858503
2.49999861038659
2.49999468373029
2.49998650710883
2.49997902692427
2.4999097233225
2.49995608908892
2.4998610577699
2.49977306174751
2.4964340297501
2.49775294450242
2.49947574604938
2.49161127713753
2.47987583812119
2.49813273994099
2.47674670080464
2.49568600615235
2.47481969661219
2.49445656317289
2.49791173454306
2.49944220873137
2.44906800710115
2.4894346149752
