0.240717962573181
0.133975498567184
0.210790428157581
0.446096872580201
1.03141710473869
1.03070367041473
0.738221008279484
0.716433844021083
0.647671979765151
1.19575179957229
2.02493909949194
2.07303365194313
0.884293866018826
0.678709286088162
0.18310445827873
0.159127723380069
0.343533052656868
0.461154843338705
0.475029596205582
0.625719300518392
0.385476858704342
0.683637915433486
0.620140416774386
0.595877553083106
0.513175993400595
0.116587253490611
1.44257794698658
1.7001362215975
2.02217480839337
1.17734281735635
1.59321305748895
0.714630215435627
0.136032608055791
0.775909093375981
0.860643025726017
0.856042401777366
0.884910223861066
1.03933268352879
1.03936258711743
0.584659743282678
0.524788645845106
0.231275826978343
0.183862150966221
0.57003738465766
0.611509080312272
1.21864090742119
1.06039322134214
0.998495302005907
1.36628482918141
0.730694485816796
1.01840598895637
1.01930850023411
