0.570498004625323
0.570497777713603
0.570496497211427
0.588145943820502
0.448191023575188
0.448196701645592
0.448197486742672
0.448197406654056
1.05574418718344
1.05575548249446
1.86491556080928
0.27509781033576
0.0621442219095563
0.466273883319048
0.194024814030978
0.210618517363624
0.210618865923181
0.726564050387846
0.726559127805699
3.08900528859114
0.467897650298975
0.0564021027636951
0.49396975398937
1.50013769571501
1.05060461351227
1.05051855991564
0.821854569442855
0.820288873350223
0.820601553864133
0.820147137349875
0.765019681375014
0.199341467711764
0.272508043150923
0.104900354108009
0.0926386770672929
1.13469272169043
0.144828781210613
0.0710252414929895
0.718590710690063
0.587493599179453
0.472809408181731
0.317098686875169
1.55332631712735
1.58373919443538
1.15886987104371
2.74211564084295
1.99116041439373
1.98526138796447
0.626358256868805
0.628963795693536
1.09529918526967
1.09527079949537
