4.8264586296956
4.82674883338088
5.44933606124406
4.51077713099423
4.94169875766892
4.38652890142544
4.54370478402587
4.19087484000342
4.86594193829881
4.53434619352998
4.99039045586264
4.41042064617951
4.62938452748232
4.63076713954017
3.4180677362782
3.83821629746719
3.8377359862311
3.82805782195046
4.93269719801589
4.93283300760891
4.93342195763899
4.70873956105286
4.64790862218522
5.01923547199794
2.621522512823
3.57739721661314
3.14007589909413
3.54943279573438
2.09145306708078
2.5469106133985
1.49574324879646
2.73024179960971
2.72923707702396
2.69325432614403
2.78595972036306
1.88929436446508
2.14068846688442
2.30015408530875
1.95852118460804
3.4716428951639
4.64535341408354
3.67620624651539
3.22961874899151
3.07725239015706
3.4326488846604
3.78322189673186
2.93698791389116
3.86186100236508
3.77026049467507
3.86396771691059
1.79775678659051
1.73898241995762
