0.66046451285829
0.358025778882109
0.704032801372976
1.07948054911428
0.769138319835465
0.382166259715332
0.755529006871106
0.402299209219349
0.395163278737082
1.03285364827953
0.487039426896479
0.428146770520894
0.329148391706477
0.114998963952549
0.0704245169366825
0.705060283093979
0.698143106603807
0.544809202663177
1.58335535394964
1.67348277942651
1.90072261940081
0.711864776756326
0.352595595022619
0.812789436096017
0.635776036692643
1.60320241146106
1.47722719660712
1.33744972317677
2.03943752947499
1.68505229717559
0.987104028307824
1.80683807972491
1.61487869625645
2.00956019712513
1.75422165634574
2.22622414304277
0.686772411036567
1.43846625104522
0.788681530115463
0.659267604383052
1.11294564609183
1.19930785402444
1.35455871995573
1.15839058170423
0.705166203130309
0.299968221183639
0.603170556877254
1.88174670143089
1.64216316848904
1.67182723095936
1.6327679518392
1.56290790527843
