0.482967054059666
0.239963627384851
0.11624339487441
0.492722730179622
0.492143359020998
1.06890875377597
1.82881354239422
1.34587832725551
0.945433656568128
0.946304006983425
0.944769371335842
0.381369947061011
0.121714718976562
0.0829681630318035
0.130665886282169
0.206377510151555
0.206448717402577
0.126151333834548
0.53122838020483
0.790977359188314
0.18796239166366
0.312336232640091
0.337598363821245
0.304266736178163
1.16363468747982
1.1735182748286
0.707675793692576
0.70776598284403
0.135471469255813
0.817037632457891
0.910322154008754
0.33686797092218
0.217671383835454
0.799091595472541
0.0294524287384941
0.191752269559354
0.880704144944188
0.0912201893081846
0.0912569375081568
0.123870414806531
0.150886408114626
0.17339588809243
0.172891865917737
0.180642850462059
0.0853752565389316
0.270864040819959
0.271844640923366
1.10439355332347
0.930212940278514
0.405553546409484
0.645523200991286
1.0745072659334
