2.22106427714305
2.32565004107629
2.48303713141476
2.45406232295774
2.49157163747311
2.46543975603496
2.42961134367989
2.48206805887346
2.44330011048831
2.49218016701579
2.48921095692112
2.48560259131759
2.47556704534004
2.49208880455988
2.49776586295564
2.49965604698763
2.49924105574151
2.49959612568256
2.48614646503158
2.48386109963797
2.36947237688509
2.49005303768752
2.40348741337749
2.48470792274256
2.47039515954844
2.49275857093407
1.40831979000664
1.14151248556588
1.16943475947335
1.59898094614047
1.93056545771215
1.77393615780115
2.11437036616283
2.10355479371006
1.21309667792468
1.02260655843248
1.78380055219681
1.91244430592102
1.76800049089721
1.37312924706705
1.60852971837067
1.39405043011005
1.11072103387842
1.07905818153662
1.50098514817944
1.95609669148865
1.11515951558877
1.86075944260232
1.43304369657127
1.34177544856895
1.8933105252858
1.57817932718239
