2.46725995223487
2.33556834130977
1.76114326749139
1.02354367388511
1.01592306190165
1.57342684981643
1.05054702337485
1.15813576150107
1.48431938148995
1.09592586389196
1.15949980793861
1.36577618712045
1.57617725177757
1.88680696085768
1.65937983863873
1.24191866844038
1.01508757002393
1.02245547889222
1.04071710939042
1.00824659696576
1.00291012938429
1.00134435606705
1.00113537773838
1.01087558299841
1.02002009633458
1.03395775165738
2.49999969491661
2.49999875234349
2.49999907998445
2.49999913205694
2.49999681431049
2.49999573962126
2.49999172030201
2.49999909580352
2.4999957834049
2.49997646873937
2.49948028167313
2.49784902414223
2.49876011322348
2.49816419262116
2.49920500232004
2.49904726397189
2.4988472346348
2.48279651640915
2.30151541503829
2.29152476316524
2.40310246830319
2.3819455983854
2.46548504901361
2.45620055926859
2.47102606310631
2.1341242135479
