0.185432889505187
3.03243599518925
1.30803471291402
0.258051546561547
0.357800412028281
0.359255509248416
0.695111043646717
3.2498824762766
2.60644163203592
2.1418332815771
1.07117494686986
0.724982760570937
0.878850532054601
1.05796475758417
2.7315418724727
3.35008410394095
0.887493012700956
2.49399928297287
1.76713847210198
0.952355426698386
1.75062128176305
2.95793619699879
0.456411082105198
0.124782132684549
0.677553255406036
0.168731966832375
1.27871397570503
1.31739870568968
1.11833360115705
0.829712576228022
2.17612055959187
0.621289426840788
0.5359961707182
1.53254898440859
1.01881332138137
1.46376636476802
0.931193243842199
1.24735957034915
1.28499389437931
1.81672621525062
1.25407192094295
1.96158956476489
1.24449048580539
0.771033668479429
3.21137704732085
2.54981223866287
1.67723267548527
3.55271744005468
2.92679343071281
3.78559634157143
3.70207077261915
1.67873550443542
