3.91678133829015
3.4985465741091
3.65839295468382
4.50679603030474
5.47201890308865
3.49629869770971
4.4724590559701
4.31477243954407
5.83714450003864
4.45843325433106
5.77478029387202
5.05462882644499
6.09877817873895
5.42133587654821
6.32810669562103
5.8710670593164
5.50304314662743
5.23899499501288
4.64045180656288
7.25302680280284
6.82924996505505
6.7871300805725
6.76827517119595
4.738203921758
7.30468143275514
3.92823177717882
2.55930144294181
2.13045166422311
2.31040407135441
3.4859772275899
2.71175127655773
2.46021432534622
2.79194396386423
2.51376283564942
3.21337482841947
4.6466331490452
2.74658212457283
3.63703696089732
4.83428899508972
4.50997511725697
2.69723686119389
2.61800676700941
1.95045604008405
1.89175426907329
2.84490643029405
4.23989385037839
2.70297965482788
3.03098403121796
4.5141445231137
4.2695615913273
3.90264093048024
3.83394781096953
