1.32547929872962
1.40366615928475
1.74910660018202
2.21360928711017
2.09144404243116
1.48001066281539
2.0937064160507
1.98250070075616
1.49295297813402
1.04121263976084
1.06560893210549
1.02516167177022
1.00314309488717
1.0005452659393
1.0092853091199
1.05101591352815
1.00352381571289
1.00061735771827
1.00017385930772
1.00051999585527
1.00695386882171
1.00426949220075
1.00924207874304
1.00443668151458
1.09668755583199
1.02830219389311
2.49996660815105
2.49997475636379
2.49999192484646
2.49998896501006
2.4999983120414
2.49998670772803
2.49999242015696
2.49999880856703
2.49999962112697
2.49999947052273
2.49999878532282
2.49998921887443
2.49995252074647
2.49993839907213
2.49264006461395
2.43391867029838
2.36460680239023
2.24262706549907
2.18567678999133
2.23363257925753
2.26525695588774
2.03064089102159
1.64623875681737
2.33867066386649
2.46045496337387
2.4810472060015
