1.03437006925643
1.02160833483935
1.00933934351266
1.05598175859523
1.00268107257698
1.00123209264651
1.00069292982234
1.0269566014859
1.01716710881265
1.04805458260456
1.00514624900653
1.02118813054919
1.01246426578492
1.00499374628906
1.01174278551758
1.00178084658647
1.01517188147777
1.04026002118459
1.02807509894933
1.01232759256682
1.14530319341984
1.10024240751639
1.29647651866266
2.32306760488711
2.46557782516955
2.49569456634692
1.60558063713041
1.59632952351232
1.4720892597552
1.28976679267972
1.04057725164325
1.09646213733473
1.27130798760065
1.06386524640378
1.15591816376728
1.49783433092822
1.39387337092525
1.71978199408626
1.9762919492458
1.84467143208229
1.73483056633873
1.25710757436863
1.77112480174814
1.41863454514891
1.22531136618962
1.1294581214961
1.01216939737097
1.0495519189828
1.05919753837473
1.21501894664028
1.1878281941958
1.33879838557858
