1.41975885888969
2.47307164648229
2.36695536169597
0.315815003158017
0.598246533583863
0.532604268546395
1.07939136693639
0.495058047937187
0.229842966832431
0.972430325748145
0.260845051478511
0.552711695242367
0.63543713843346
0.439207303667321
1.24958922663792
1.20375694698494
1.19584331746867
1.06270307062021
0.777957957685623
3.81872137487079
0.19447333413858
0.170317164636708
0.751427572463174
0.845002163173215
0.7708737807768
0.246811355302767
1.03576607603824
0.378827342037656
0.640479301214209
0.467030075390173
0.43368981709726
0.372297972850358
0.518790130312757
1.98813517636587
0.835268314304505
0.933108515685362
1.30498305124931
0.883424492191124
0.375634692095347
2.33373701030336
1.20249080587528
1.19772025055033
1.1785946822955
0.477095003419381
0.283585584787924
0.283985689025845
0.616000000025221
0.915107634027178
0.356735462377471
0.643011922367176
0.21367913110859
0.66551163023784
