1.86129276150066
1.86775205498929
2.81787768719822
3.19959536575052
1.96152005219064
3.28907580380059
3.21301898831395
3.72077762448801
3.45301128228349
3.97957393238567
4.02388339618064
4.2309955155461
3.34446540334694
2.54129031390875
3.20439226922797
3.95359954791018
4.1214933563429
4.60562797376126
4.47757221807626
4.57950329869788
4.45035624017823
3.36269139886791
3.55660104201532
3.6031877917559
3.18742200207931
1.07301167700477
1.87001969457421
2.23203123050188
2.24517592508074
0.943158416897025
0.855813703431894
0.808884010932962
0.983644705563628
0.969710696344226
0.971184648826445
1.25255753550974
1.2382581279848
1.22219176809125
1.29717469131421
1.06985407234141
1.61887293026875
2.16082357153089
2.05913309787948
1.56618445217852
1.90363021936002
1.49376631314295
1.7647384083235
1.75823299291863
0.871630331459255
1.55926052541944
2.18371305106278
2.97809864173152
