1.10814214527302
6.0832428365727
3.40380497879481
2.40511708426513
2.46508449575182
4.89998773631648
5.6815115344149
1.87818554583175
1.45345874739134
3.27193559924698
3.86929728933015
1.06844467357965
3.34220295345808
0.456940321583769
1.5756128953923
1.57561633989705
1.12497958813856
1.09237454121661
1.25079765791968
0.607408938492352
2.19393048031954
3.89000230927259
1.80678140145671
1.69868072500169
1.37704340988102
0.268810868133373
0.241103877360328
0.170843586948877
1.73007317996397
3.46074691352755
2.12981071902974
1.21336925761524
1.31647576141824
1.48688930360753
2.31186036641108
4.14234590161228
1.40655671795622
2.12461445527893
2.2049029454517
2.37136877172204
2.61706566037843
2.61707407932532
3.3723433545436
3.31569849282355
3.35682633942855
3.98746741627445
4.86497022258566
3.36047728896671
2.43934194234054
3.00813250847684
1.61173070411028
2.51163167548564
