0.280450981605477
0.842170971584445
0.691614724778758
0.673045555897191
0.79208671905069
0.0867805729278849
0.251490603487861
2.82986840278486
4.62039721425809
0.325933387410161
0.135705588252307
1.48358197528747
0.0537819846220034
0.59227919838212
0.281655090498922
0.409406512686085
1.05585969068077
0.395946690822607
0.651696594637896
0.220955120175936
0.914302958821113
1.06660225416378
0.0460835631553411
0.201388067591607
0.975897689333055
0.980448197763037
0.496985580723711
0.0640531608718979
0.347107919835105
0.153881910092535
0.534896079931881
0.276776046777889
0.2874329768172
0.375246695652927
0.304575114040041
0.72133248982789
0.640836951094321
1.10842455979495
0.260172741595549
0.219256012600807
0.214052063856076
0.197275481381736
0.178926058460003
0.235392957891798
0.420973714280872
1.09929673591959
0.0638036022889034
0.322666736113743
2.00931217723899
0.324111640664085
0.82253598309827
0.531937953638428
