1.64079032196655
1.93193932278879
1.51822068023388
1.20230992248846
1.08887043267865
1.23107387756184
1.12165209433164
1.19265185113491
1.74662714321232
2.00857513864235
2.21273526800329
1.7699285632557
2.1219736686483
2.39971915892589
2.31563229817347
2.26419029610825
2.44906118938129
2.27912431112604
2.36292570025388
2.26065384948833
1.565512981526
1.72014791280456
2.36632031552989
2.22618806822833
1.74201430064767
2.0068676449365
1.63765484657892
1.48519100192017
1.83752321667776
2.45672752694082
2.49884634223105
2.49964181957715
2.49865783163859
2.49568081829669
2.49205717673272
2.48344791937787
2.49762602459477
2.49961210051156
2.49061172882962
2.49904677617394
2.49898649548115
2.49974214510364
2.49918193876704
2.35270544188862
2.46595949952024
2.38577082971586
2.16482753533233
1.72230176212393
2.18169225815317
2.06707896704068
2.2726572622156
2.36567715407033
