1.95650706770898
0.749475487963644
0.322943778731546
0.190296276304399
0.939073191920331
0.948469999534679
2.17578596034138
0.258771982732307
0.625770915838538
0.740947805863832
1.41160536463352
1.03214265619974
0.195565683615607
0.138842631512346
0.321254403002357
0.385703334342781
0.209595233907461
0.107874302751242
0.457566433815249
0.152246805394794
0.832917479816856
0.197678249014605
0.0734633330489229
0.170979512527673
0.265274942408819
0.201128368072314
1.07678846892974
0.614874024874189
0.709184274658536
1.4653298268049
0.83205830701981
0.774980290290283
0.209219966958949
0.409089690254002
0.244713177713873
0.20354440759665
0.198099895947748
1.40283129543354
1.40072511707602
1.64448580286512
0.520471515282873
0.847399604992158
0.541354582305665
0.250912686792735
0.745597416391637
1.50295135274727
0.150926422745642
1.20903508581076
1.81321069602156
0.758446071068314
0.22432196466395
0.0663637234680933
