2.52744667146609
1.3870132190662
1.46292773872163
1.94167586914577
1.7041307946403
1.10189058740201
2.44580356842385
2.74391017799673
2.07726654711353
1.31463468177991
1.19135559795383
1.55279018654234
2.31626366809178
1.37199455326751
1.72425195451576
2.42138164316036
1.82013074589391
3.27156374124568
4.3644228035437
3.99663247106731
4.97265550175963
3.56704296677553
3.45195411642803
3.35164005503939
4.69751066860054
4.7148390779013
2.12314751260018
2.11660237557475
2.05565730652421
2.06190278227608
3.80875333649116
3.04370186985162
2.74248994684585
0.975587247997119
1.20855890785911
1.83247289921778
1.62601760669282
2.55649324036387
2.346287641299
1.86534292593716
1.56341139576355
1.18074480207478
1.04405117401611
1.19504154769632
1.70788742896768
1.79067465357355
1.86378185580757
1.27329616886308
2.28666788216069
2.36823336596435
3.60402958388681
3.53397207944674
