2.63289523795619
2.61315810415195
1.90420443265581
1.77069766486213
2.92233741806487
3.14235929485643
2.52205611757655
2.51623954511444
0.708642198773901
1.01222386894228
1.02971716654187
1.36486221806624
1.41847563228787
0.751583205109611
2.26409693979534
1.52067473104784
1.31629010383361
0.363780037150873
0.839239580719358
0.829508622224942
1.4474288903502
2.13688982311482
2.13084350771481
0.580886566344244
1.15236572812058
0.589822319082543
2.63540069407124
3.1743355849513
2.83977346991153
2.82930784220949
2.4991390857028
2.53513691247979
2.53278736546703
2.60409004035218
1.79728140608348
1.75266683287191
3.35235428555272
2.31857356694346
1.28107436989597
4.10833684361659
1.88415532057298
1.97148687698868
1.5475042697859
1.63454157081924
1.89701284699517
2.31960508063303
2.31959091073536
2.34607949102094
1.07549095345379
2.96416075008539
2.63230550670953
1.00614971823341
