2.49815746534527
2.49865121445616
2.49507544055326
2.49954369478284
2.49904971650565
2.49966291965658
2.49116797711434
2.46002677069749
2.47890717621523
2.3982249701079
2.44227438016286
2.48460854941871
2.41990834681194
2.1603388586955
2.2300893604739
2.34356551803516
2.26510641542047
2.11874995674196
2.44129125222801
2.48091601309112
2.48407001871914
2.43410388163
2.34765813563065
1.36169168361677
2.19424277886625
2.07927508593188
2.20487511491339
2.2233414743044
2.42692865773456
2.43567969436093
2.46931292003479
2.30369291604673
2.11621571783866
2.21446417919298
2.45424773526199
2.38357295658304
2.48735961110127
2.46946173889354
2.45914387425021
2.4000118754932
2.24828562830015
2.45730885343532
2.46018199859275
2.4968977124612
2.49424807462766
2.49141108824622
2.49785151278946
2.49681390433934
2.44038756235362
2.42564350578195
2.41336553294493
2.44760334681147
