0.308153681251692
0.493561081779264
0.087906954731528
0.0694991602881657
0.131634760543981
0.0356587292394858
0.0171538293693225
0.0279967725834543
0.2274816257214
0.328875717656018
0.166484001362838
0.320252186418975
0.132413254172188
0.430762023351047
0.566652447935024
0.854282467176409
0.549262260973744
1.77037872613958
0.340402281212981
0.316866597547562
0.269057111431602
0.0798390587356244
0.234713344339448
0.24460100104375
0.0929065998509352
0.0879201490245895
0.0488285632675965
0.188463745107295
0.135131499229708
0.150288579588064
0.138718173776957
1.3824773892809
0.27179103993649
0.350285753722699
1.10372044980296
1.46201434503609
0.30754221477847
0.21438342688264
0.282088791366613
0.132418295765268
0.183594233476937
0.37996274028803
0.0861678615035285
0.0893921405284226
0.102659944245589
0.222883317697635
0.287949908389778
0.831169995331047
0.884404243234751
1.24106254526827
1.18791686200876
0.244145091587554
