2.41053688343254
3.60299563373957
3.32720416775115
3.2958834154686
4.13297789099564
4.132983900799
3.0315146071983
3.05695584968097
3.05693554994734
2.85409268760447
2.74599714693355
2.97602812256464
2.97599242101908
3.50278869982198
3.08628775148281
3.33520234736513
2.40039892501065
1.0149335173495
1.01470081471539
2.06866227661177
1.30750547391057
1.93265037722632
1.93265084976532
2.33761126953221
2.41257748829067
1.23467027433962
0.893039917393054
0.893042198775393
0.935240401061416
1.17910248633607
0.941518172744858
1.08832882224445
1.05499302628648
1.51385105800308
0.982904069676582
1.04592276617795
1.31748566392103
1.44772101585084
1.56146665766888
0.984867365079504
0.997735282100652
1.52189117651979
1.52207909137524
1.8748384525374
1.88333306600243
1.86525865596963
1.86328344359592
1.02000048274063
2.56742387328911
1.14654805861912
1.27499039334687
2.35761029933912
