1.00044697531539
1.00044410613806
0.257188645371764
0.262248671013901
0.262247753371164
0.262249110914882
0.231401924221246
0.363777804205211
0.452207830672281
0.23262828347523
0.232616764193301
0.23254377113998
2.09337913559887
1.59970835209247
0.633808541558936
0.484918675082009
0.670456473209681
0.271214571009549
0.191875413025686
0.212630969903347
0.149247152694572
0.699087555901522
0.561185396361604
0.243226790499087
0.60523045779092
0.0487502539876043
2.36260939720477
2.8898846568162
0.116629064648538
0.116961031981103
0.11961047622585
0.282090493198766
0.0813794250383229
0.141862029192617
0.15715395060924
0.21884275754713
0.216357978599862
0.0838088892978493
0.0471482777915681
0.0486700866388726
0.0265281130825089
0.523393645363194
0.246804814798399
0.114272887545466
0.0272280990736159
0.102303612249336
0.516971237543278
0.246956805445188
2.47235448918177
1.32385368324779
1.57563055771625
0.185691809246556
