0.326667586242237
0.612182247926582
0.949427646859215
0.737924188287525
0.885152682095956
0.199361567190856
0.0857599830551815
0.257081044927904
1.84602387969622
0.500992771203747
1.12967003005757
1.36455741736218
0.817047758341752
0.717298937946208
1.37889513240352
2.0673063790923
1.25536480203852
2.07128833264956
3.71875521942409
2.67487462859946
2.56258394231253
1.19526495235077
1.96057306480847
1.16203956427824
0.815322210575136
0.346758766118124
1.10960883279636
0.925067417349579
1.47971905765074
1.17708111981184
1.67899391488606
1.62592564653386
1.6556194030406
1.84667031642206
1.87631977120836
0.830191130964261
2.52457330503859
2.15682754042238
1.79067263691139
0.809499884957177
0.454275597843642
0.447369026102905
0.574084568035697
0.834539602386798
0.295939467480523
0.407325259540491
0.751345391789264
0.866832759160426
1.34648888974834
0.45430972514534
1.24916852645336
1.85412863700308
