1.7850185452545
1.30371488419609
2.10905476054393
2.38765321713092
2.08004033128209
2.46163737186748
2.41552529965741
2.48839919711667
2.49845515750058
2.49773724742919
2.49971918179666
2.49949836159041
2.49923393136727
2.49920396226027
2.49860781594682
2.49936968376839
2.4994618189615
2.49987567391732
2.4997159512452
2.49984767546778
2.49993590363063
2.4999505523564
2.49948033623271
2.4998027871871
2.49798925377147
2.48715044473198
2.49995835882192
2.49998174982815
2.49998033097165
2.49998626847895
2.49990841634276
2.49991846061111
2.4995681832427
2.49926559168356
2.49987856209764
2.49998786183475
2.49996701930816
2.49998751419562
2.49997838681077
2.49974518722778
2.49961484290419
2.48214485565777
2.48907656694418
2.41173806422698
2.45816447366612
2.43885675616084
2.45587641507838
2.49403484637009
2.49701299102982
2.49627012436397
2.48650079045983
2.49945949062542
