1.22801105892039
1.85163490846522
1.86565378620324
1.95563554492778
1.71152609727974
2.29319531778354
2.29319151195271
1.97743541842838
1.97743671910292
1.96968384330598
1.99057699492374
1.69263573551265
2.15684409645748
1.35264650156231
1.40776723503317
2.77314696737581
2.92607872596644
3.09973455531515
3.4229577447285
2.23687295323405
1.95350678126014
1.26706484125953
0.820332324843647
2.18651635755252
1.43547668653575
1.2883221945629
1.36339325812295
2.26326265519391
2.26260897264603
2.0464201511351
2.58387252514506
1.78281296979016
1.62591900983677
1.47431348396179
1.47415274104053
0.833279326022982
0.833139458600082
1.40608926105684
1.92012644755146
1.91985671671683
1.50580679701985
1.50565180830116
1.14823732693161
1.66682097967385
2.43067803551263
3.87537009457685
3.61320450253281
2.47923348214712
2.542695017353
2.50458586573504
1.86651426728666
2.30808809483395
