1.95788606337033
2.18883166313581
2.12583941281242
2.89129145954078
1.21103488468113
1.72891010746831
2.4075873023955
2.30069155893337
2.24047672577092
3.55227899120683
4.65557051425011
1.0159339942028
0.589161298915528
2.61413031768479
2.40298037695135
2.42988021138391
2.4298938017625
1.74248034761873
1.35634679373928
1.77914183667014
2.20743921488186
1.41606685099638
0.465851524153064
1.07754850187905
0.2189497402695
0.0580707898547546
2.07178456369189
1.41903515277331
2.07454618235161
0.735803996336522
2.40489221805955
2.56035364966466
2.41873178733362
2.98842493339543
2.98999684837306
3.00995461206675
2.03492868202994
2.83521148592662
2.34187051278738
4.05895637834066
4.95156394327883
4.81502138232084
5.12181062774681
5.71405483690153
6.04749615216703
4.56949678283407
3.62914851716041
3.37436621164386
1.73264653698165
1.59507175858588
4.65479115412416
1.80743767137027
