4.13906832790719
4.13735494646116
4.80677858176384
5.02912283332189
4.8204112880428
4.50631482720605
3.89687773412985
5.20948588756237
5.21240020350468
5.27117012156915
4.90455722237656
3.86874415402784
4.03933507492012
3.50748812050661
2.78935995335278
4.36257675271658
4.17644055979352
4.52693973230791
5.04166065694664
4.89037404031764
3.59522314127686
2.44188208182297
2.37271697493052
4.52570415988665
5.09537385309301
5.28999923563835
3.34740132710999
2.8252138647916
1.65576715545926
2.0603170239166
0.909635159957113
2.75231602660716
3.00609378648207
3.24212911560282
2.48826921158526
2.90123722220383
2.90234377602287
2.6383691147529
3.38879178700692
1.22423977231494
3.46965926642801
2.57449085749419
3.5184136464824
3.22475375339599
3.66383070533425
3.66383672730661
2.91453659152043
2.97344035183143
2.29850108738425
3.6819008533378
2.9693231698256
1.46942894941281
