0.528001628857056
0.695874356916417
0.418716512906022
0.407378073210021
1.15052838657805
0.355620954575266
0.263461928558796
0.176666681354508
0.351320854997843
0.233203405384899
0.279391674148027
0.337237560278814
0.228977082326151
0.389858457748781
0.500105361728205
1.13584023893139
0.632191528286129
1.1471616760527
1.28815367050698
1.28815727157253
0.94861279217398
0.943871102664626
1.01434138462005
1.06632815366745
0.46376113801554
0.382163339638057
1.39525812633492
0.620717768681911
0.336210415101475
0.586650793330736
0.87771557279605
1.38413895925341
1.49679591195925
0.575402422904128
1.03065633224823
0.551017103390687
1.53233642217737
1.81261077077754
1.60834855371618
0.830811965935251
2.13458268545882
1.12423298986311
1.12751531851844
0.662241913456551
0.702780704220853
0.541218656458944
0.43337925260533
0.35614810318805
0.694669350502311
0.683339501043879
1.1032576007218
0.737577502075018
