0.209029463927704
1.70439929734135
2.46364458936502
4.33291769183463
2.378949090164
2.07969258120925
1.37871074903848
1.0984168619672
2.01806389188615
3.56969500729962
1.01919897882296
0.34650110803901
0.856767829733946
2.10297377954098
0.312827498736458
0.346161742266293
0.216387345276948
0.259546618173878
0.222812536855791
0.205899527270757
0.629647434105297
1.80580348381919
0.548114389783359
0.866882175900705
0.588860325156115
0.485454194813398
0.617755756710296
2.88194068779875
1.67664846464374
4.60192574375806
4.49990433483544
4.1532757414193
1.70816300203038
0.865454884197494
0.418046715511193
0.262901839220167
0.45948318502427
2.42440265421745
1.68631170104509
1.65522651927409
2.51857720043604
0.542637176687608
1.34189557847814
0.586823834454815
1.70287721941353
2.20663489345212
2.59731269493391
3.41342818361158
2.49457251963311
3.72850261202544
1.43601443878964
1.16997316744746
