1.00001332619628
1.00000140866982
1.00001311333698
1.00002966850197
1.00000414966389
1.00002389669297
1.00053683518215
1.00004148799608
1.0000013388479
1.00001173611211
1.00034698469557
1.01287097082945
1.00088223605176
1.00463057839311
1.00011594748959
1.0000532666769
1.00002167911222
1.00000627077704
1.00019396565502
1.0009273013637
1.0019581061433
1.00036679632199
1.00064282704591
1.00001685856402
1.00004360545945
1.00000834121507
2.49991551875438
2.49787837533069
2.49064078334638
2.46601222256651
2.48917525364105
2.49694263787042
2.4934345064941
2.49218606397158
2.42364724763569
2.08690422208066
1.07759448729871
1.48117565942435
1.70468424559761
2.03289317105939
2.27614638555368
2.42170004075093
1.47418731081414
1.24875307704815
1.31571619430774
1.75813158163713
1.96171254522146
2.47924728694605
2.49978452357805
2.49996915523559
2.49993812784257
2.49995589106555
