0.315293154387765
1.38303835165588
0.448187774196233
0.343511315534271
0.579622187248426
0.128794888232005
0.12743651648456
0.0331368213042376
0.0212276286142827
0.138099258329758
0.13818959880192
0.0998470122985828
0.148196724158913
0.143710527093833
0.0622909604268759
0.0585705222892521
0.0119533080389945
0.0213673024714027
0.0695532883801374
0.28162671936073
0.339436462542033
0.302621006651878
0.26132873673302
0.15945564096434
0.872038391307435
0.219184146910973
0.650991455984931
0.222962988294921
0.17547384194781
0.181439999755022
1.25231385943612
0.492538599635905
1.02496137140758
0.979558298155925
0.915482919319455
0.304206371996512
0.152104487183289
0.498462775984243
0.686249467028544
0.522897751649678
0.130548540154186
0.10936503800708
0.165093814422107
0.206395840875483
0.0629167054402511
0.21307712572454
0.596055485812595
0.248894280087822
0.302081178647692
0.163411425103403
0.141063500750163
0.0808297006962641
