5.62651360482494
0.678620767400372
3.06261735234649
4.12532305419702
4.38045455298701
1.91105803359961
1.10327703442556
4.70777219989649
5.44276826589914
3.63941965306307
2.96771731132003
5.4815229931103
3.40358356563031
6.53241748346843
5.43720162546833
5.43721351193288
5.67270426994471
5.61614352931074
5.49112457361873
6.01293780523582
4.3118415702749
2.82639433308417
4.94870325594207
4.37673038503725
4.68723681023315
5.39448431145074
4.89118416960257
4.64962614862238
3.37091905053782
1.94857982063691
3.1665328325938
3.84072083643405
3.69803277715818
3.71787808562179
2.99016737759623
1.31311741227409
3.91369950284557
3.32459976973764
2.95565668434282
2.98377637941376
2.79023865413848
2.79024763017273
2.00435587285714
1.98142934285089
2.00600694610637
1.57736778511608
1.85714785383273
2.43177615431855
3.18629735680938
2.82756702028736
4.19572920200521
3.18592103073812
