1.00038209394566
1.02005899629085
1.02749065140232
1.00603843670863
1.05014031129006
1.0360326663247
1.06915563410962
1.07477393454749
1.09835439851103
1.02065963653817
1.15265363667532
1.77884860690291
2.11973734049839
1.40427169865725
2.16625509326815
2.30473927087276
2.48328657259229
2.4901563905681
2.49913113032615
2.49254269399279
2.41666822705805
2.45581030643819
2.45478292662319
2.42822142490411
2.43793289984488
2.45271863002414
2.44315407248604
2.48802683336237
2.46787217227635
2.38483391109669
2.49193464483443
2.48765323018213
2.49863979540113
2.49876238322111
2.49764864737149
2.49896857759709
2.49841353050589
2.49903672251111
2.49746336281621
2.49612285227521
2.48758798173534
2.49066256982356
2.47274592840935
2.46176934560668
2.46630769426646
2.22839486336479
2.46356035812801
2.46894915578903
2.45563702193682
2.22229836169637
2.22362961515302
1.26341006418088
