0.370758777016494
0.51407593653418
0.306886171014566
0.307912275657397
0.530549143537155
0.702303123072241
0.374083745749517
0.488234363319242
1.22018651470705
0.171169148071095
0.340441228397129
0.419609852946194
0.541235956822986
0.721684807977224
0.657787454426367
0.227669355950399
0.412504108955753
0.941739525222003
0.43314832820618
0.453612676794522
0.150814308466913
0.161289513452189
0.178371675611992
0.444622778228075
0.675496623319522
0.301435490859028
1.62948417730324
2.62462270866844
1.9850061234727
1.03355358715334
0.90083091749929
0.99011515779931
1.67990392070538
1.57993069595482
1.22331297885059
0.526306940727616
0.229455254629959
1.68218185599315
1.74434174259595
0.717217444915062
0.316268769214856
1.87479406430472
0.367643178804015
0.246877106253993
0.854129866707529
0.78522367172896
0.588201776583719
0.470938261313139
0.621844878143883
0.680505890251944
0.734497173248787
0.580162940626475
