2.19792184622649
3.18574427272882
3.06000842848962
2.41198019045874
2.3525299432841
3.48023134122686
2.83913283175515
2.91611532298845
3.99819584154342
3.00684395703315
2.9926105711592
3.00730009847468
3.02010832655158
4.35038741007352
4.29124138176514
4.5360720530202
4.70958713519084
3.9433873714935
4.63169673699369
3.6887768721287
4.78032487225424
4.32526563736126
4.32112214394201
4.33469462504288
4.64040257830939
3.69814429343456
2.37009179810693
2.37008657162854
0.545100420162247
0.925404853560743
1.455343749197
0.977503381217917
1.36299395633858
1.6788201450831
0.888747485306395
0.957858223810335
1.80267074131684
1.75374160853209
1.56693790552551
1.4940714973181
1.49702252619652
1.46888641640427
1.49595609460077
1.43680195590519
1.69784471372423
1.6775366769227
2.28464931640089
2.16018662070297
1.73293784268379
1.46914262656742
2.40819620162396
2.39491743272643
