2.35157705467859
2.49099363130502
2.46909351710432
2.38450486583412
2.39862300349898
1.26375179509194
1.28079028557948
1.56216039212821
1.97078323616699
2.15121315463892
1.9624316844047
1.97604196284703
1.62208566072872
1.85779261431234
1.76777453003715
2.2386259152607
2.42140255291173
2.46706215307031
2.13658383440558
1.58611012094301
2.32653008162508
2.4312688043112
2.15261313532907
2.19768384009209
2.42567327331316
2.45051252948031
2.49999908818315
2.49999913138832
2.49999944593534
2.49999952928551
2.49999991235289
2.49999997952067
2.49999994758005
2.49999998103103
2.49999997634798
2.49999985223573
2.49999408168928
2.49999814841176
2.4999993213511
2.4999997235197
2.49999979177275
2.49999939588503
2.49998347408443
2.49994822739525
2.49992125189379
2.49999584216239
2.49994767157448
2.4992038922467
2.49984596471263
2.49999188544814
2.4999340320702
2.49977999535697
