0.42179211410613
0.448448933288479
0.891467153198586
0.482040432455764
0.630442882426183
0.632470662705338
1.27535275436928
2.07670479176603
0.752510585843751
0.762805900398665
0.762839436020703
1.22272742242603
4.63769046640626
3.55322238553733
4.19259951148994
4.19276638977845
0.613789716932531
2.82598579266576
1.4125549684868
3.36623329914964
0.593338887567796
0.593129215737376
0.59293231782267
0.821003086846083
0.853807589346999
1.26710513060226
0.213362271384314
0.323362241860191
0.286137547888742
0.286139067210586
0.734352154177319
0.658105375316786
0.251254537474658
0.620561802363202
0.375565442271563
0.444492081400599
0.604736752455889
0.766730410159613
0.67315163607765
0.673221974725266
0.673723799016965
0.949866099611014
0.451156788769328
0.451148647244699
0.118705379349256
0.814670450822381
0.771271183820333
0.768808548400786
0.897640005128758
1.1380463359124
1.63432579034469
1.33219585829363
