1.90249867513938
2.57593490791336
2.7228361338241
2.41613882789971
2.39973404495922
2.38298683511144
0.734863016758852
2.08647595938379
0.52509301425449
1.47790363735197
0.592680026435351
0.289881396177221
0.286688219681258
0.143326531969585
0.483063008566525
0.539827972134681
1.09649792950581
1.12553411598032
0.230125688233299
0.608620786771335
1.04308593683231
1.00038250029558
0.921671718577885
2.35507503180185
0.79706104232693
1.45638898078814
0.81666989185154
1.41743532128502
1.5552687410237
1.1024441525327
1.26737610648711
1.26769411769634
2.10657501144638
2.10715927613321
0.270022552695026
0.483823616736986
2.09851591041772
2.06846038495007
0.428255070769323
1.37761975796411
1.74190753847792
2.50482261067547
1.33102252830058
1.71589482816535
0.798434424391939
2.47058867614313
0.803219074155986
0.51999722154426
2.04165730170344
2.11273969100955
2.67752086775329
0.783035980211344
