1.00000219703583
1.00000769566786
1.00000773356103
1.00003844566402
1.00195914760094
1.05336802592373
1.02081187616372
1.14686486636761
2.18190069040498
2.00293796166031
2.35518226166378
2.00333476300456
1.58416450924142
1.55195122906334
1.89681874483346
2.19833796209385
2.33039418901355
2.09979736328745
1.89042132883808
2.32953968761647
2.48682469227813
2.46716341755878
2.49392958204157
2.49435294868689
2.46445141195766
2.20907230186905
2.49871385054343
2.49871216066455
2.49992498635818
2.49873461511082
2.49985435466629
2.49945949612718
2.49951098615806
2.49979920915712
2.49859021773118
2.49658522132641
2.49794085499879
2.4994817002734
2.4926336370719
2.49557552619073
2.44816725821256
2.48237548869227
2.49905525903511
2.49576889595439
2.49373947902058
2.49424358962237
2.49727573629097
2.49940273081899
2.48275189704531
2.46829941940902
2.49133565551704
2.48929274271251
