1.22008860883892
0.79747248206648
0.474846598158959
0.587397320616999
0.445972071947912
0.518487215199521
1.02445618986038
0.273954766799537
0.648313286950858
0.64445151322216
0.646702288875712
0.556876539365105
0.824423548302079
0.461605643023274
0.396776242152291
0.135472625293291
0.248208502646284
0.523399536584473
0.836548908532073
0.593641912858346
0.743210998724643
0.99487383616096
0.745281119248268
0.762718614607041
0.224293649846341
0.326346680762182
0.200775122069054
0.127787655303345
0.788570825952271
0.774034028282288
0.633763318737385
0.120969083270711
1.05016189890855
0.928748831782179
0.934015013181284
0.191266881287579
0.192054302680207
0.109474287941458
0.0849184068091425
0.0838233743733409
0.0318676208444389
0.031550315249254
0.0882196945070447
0.0513863620742577
0.0131331905076826
0.0916134223044622
0.333194917641702
0.457124709062438
0.118635075813169
0.210913686973788
0.0675695222953282
0.0593521207589462
