2.34954070310767
1.31663055721215
1.17006250423005
1.32600600793323
1.05434421613924
1.00583827090229
1.34658780097237
1.01628681035028
1.37487283083097
1.29747547625935
1.53821904422122
1.04596613246586
1.02946969156818
1.05617399199359
1.03043325458096
1.00878751911585
1.01196820990844
1.02628533521541
1.08467176499027
1.10951079685411
1.7851345315278
1.83921016450325
2.0299751771329
2.36309797304655
2.48745415390209
2.49980857338935
2.49576517747232
2.49688320824023
2.45684787085008
2.3474504488647
2.49190095533502
2.48714378399888
2.42854523194391
2.3710017059238
2.25128759636078
2.28256523093119
2.39089196626501
2.28447366031516
1.49297702582314
1.0732361215981
1.18646520025677
1.63906750422016
1.84649125347663
1.16324505645806
1.07769400104796
1.03682888054345
1.35788602274869
2.23942957254726
2.48514678071126
2.48407472226818
2.43196344941402
2.28844562350241
