0.499300127056225
0.724139642457431
0.346737030886015
0.125925760417064
1.27381553093306
1.99912850362026
1.8185650457591
0.90789371719933
0.443550710950536
0.478156565679972
0.701198161028809
0.544363849334621
0.695961057044231
0.307644450772404
0.166071161495226
1.72908309361609
0.633041324810255
0.231966391210429
1.45779380688459
1.60592414223972
1.50822527236876
1.67154609811797
0.231182564616921
0.317042510191865
0.276690231391038
0.846396733746485
1.96582898229377
1.62296447231397
2.52981710028943
2.30384820198306
2.3767999508434
0.450601276766058
0.821876690134163
0.478333905753526
1.30644141921753
0.394407093420434
0.38385728741057
1.85571210019658
1.85292597710684
1.6638224018488
0.399749333057449
0.501813549601828
0.210540135813493
0.639421252184605
2.47275376234578
1.94383592060372
0.928376791122963
2.70322920124449
1.8568564805621
1.16864643210669
1.88719163806435
0.500407339873964
