1.00002070600434
1.00000775207765
1.00001355785337
1.0000058677996
1.00004175694397
1.00010369303683
1.0002551306265
1.00009362292458
1.00037167412084
1.00065528897695
1.0000446375546
1.00004646251196
1.00000482585648
1.00000075024087
1.00002529414782
1.00002382079362
1.00000461478636
1.00000015629052
1.00000018720698
1.00000045390315
1.00000618634808
1.00012090903754
1.00004673346167
1.00000867785739
1.00000340733729
1.00000937610482
1.4313802350841
1.17192383899201
1.02325611254768
1.03867386591957
1.00790112632731
1.00307351078094
1.02976917489015
1.04074470304498
1.08197490197203
1.15269600437713
1.28210279359321
1.44061471633028
1.49542616578172
1.30094235490769
1.54991431476321
1.59139220609322
1.45858423422336
2.15903234800692
2.48860324108407
2.47243104082393
2.43031886536047
2.49058283117514
2.35905097767685
2.36730761739697
1.67283893774574
1.51181380523927
