8.38587331471176
7.12174950632968
8.42307595279757
8.02390319195215
7.21943621269408
8.64295651868921
6.85088548010358
8.38507872231994
6.85060891347938
8.55210974387188
8.67193605304113
6.01261318108018
6.44827988439163
6.2829194044639
6.69987384774383
6.228512459961
6.89431776497111
7.48786850094837
6.68116931804592
8.11876888558216
7.8352915711433
8.59105971463396
7.58861553975721
6.84426732363876
6.85083546437403
8.34441432781587
8.65894531445903
8.73913501496119
5.61797423692857
8.44772058924824
8.76772943537496
5.90979701745505
7.80609130165147
8.74751747480961
5.79395973963446
6.7063127644647
8.06853393752559
7.17898650713389
7.79904815463505
7.08202364119722
6.75463519230935
7.28270975738914
8.34956896793854
7.73897213635916
8.32069931336929
5.55589068049915
6.37603047709671
6.88999421941491
7.19605545622726
7.17457048961892
8.04010853921611
8.45298837471758
