6.30347288984597
7.13952391387128
5.65155865512961
5.7319212014707
6.12103157604854
6.71095636812231
8.50238806214959
5.68862109064787
7.46862986546436
8.54732352481701
6.51155313776235
6.2405607092046
8.12209152859658
7.86995488594563
6.77283516152059
8.05748282849353
5.96560912771899
8.27961482728635
8.05553423393523
5.78188931965796
7.28430988956865
6.51166105713167
6.72024884024472
6.65617423739508
5.81022578833719
5.5343684264548
6.82742249729094
8.74175919000758
8.44340796734699
6.99744694804354
6.99797525466777
5.59965110801017
6.56080220455829
5.66240423279962
8.22898569981153
7.36290763532827
7.47929169401999
7.07036147312627
7.13046344703635
5.63102670731479
6.49313528509375
8.42293757080068
5.64000995893378
6.04453292375425
7.54211126007165
8.53268530357968
8.06187343796304
8.56640998090786
7.2447239555906
7.78916275046715
7.98465574041425
6.41759922275456
