7.05395230708112
7.47117335307039
7.01944129853483
7.2732773696402
8.27805422695563
6.58942779444114
6.63565792894267
5.52878799555597
7.83567245296435
7.90623238293105
6.34074884266915
7.22148027262767
8.02684356920504
8.13451575973609
8.05369864118877
6.40304125310669
6.98450681369164
7.06943793216546
8.62795520054493
6.59169624955271
7.56290339326531
5.59117575620641
7.10985969620703
8.45667522011046
7.77136163232362
6.1101884918142
7.94719170813688
7.49917592887703
8.58337223470099
6.91023453385573
7.42933065788885
6.61041452080919
6.93164031491165
8.0692393558397
6.98410200816792
7.39302607287312
6.11078896799518
7.49517599844454
7.77531448533777
6.82104149411988
6.75761856857756
7.35945800789921
8.10246213975845
8.50431669530349
6.43124641395382
5.52291409404501
5.9981759662986
7.06836353331733
6.67253211005807
5.59030229887673
8.3537815582989
8.56526697373797
