6.66354767727954
5.85874926621089
7.00297834642971
6.0064227264009
5.79116041479619
6.47786672702219
6.32073206619751
7.60625895012681
8.23093670179054
7.51650586323398
7.63501875371522
7.66034060711484
7.29819342426483
7.30135762088894
7.94563467304995
7.24419902020953
6.3359714438263
6.30697739841987
5.66939561819524
6.21488730432039
7.18129559517356
8.07592984087804
7.16765664448256
5.70519127541629
6.17242385188292
5.9230781751232
7.53576647648029
5.81228721336122
6.95221726541712
6.74128289315697
6.95501713834783
8.7610102893975
7.81250743018558
7.90221496536366
7.02800207363824
8.72941921078687
7.08471378366741
6.36984347969102
8.29417145715218
8.33321866206832
6.98565390154553
6.66833543374907
8.33510583018619
7.36984252626981
5.96675463577581
6.94307122249893
7.59590520525886
7.43746641610149
8.07439846545245
8.7904039260311
8.69578172914242
7.55040059393137
