6.60022832512913
8.63583269929507
8.0419894529017
8.48999597825738
6.04073307655997
7.91280236379252
8.47497007334557
7.87641113955822
7.74486059527959
6.5319812577178
6.44517018246288
7.95465011870057
6.78656896908728
5.52169712842413
8.26165023666649
6.79667336214283
8.31699963497722
7.66729652001064
7.19033961454624
8.19633954638147
6.88230203440837
8.48226946267841
7.74964335558079
6.28121078666215
8.50859957286125
6.81174412394632
7.91018954450808
7.77086670742215
7.60682950138946
8.07780442758922
8.52740336979089
8.61698051190449
8.1060895974301
7.47413274451974
5.55446074036232
8.75741469076028
8.60238141446214
7.92452410683468
5.99887763154712
8.68826394596769
7.30107363042067
7.30410403863888
8.62495303533805
6.36114145150077
7.26785510098529
7.45335322502272
6.9369107576743
5.79507497627715
8.38926455805352
8.43516760873907
6.92803944113302
8.0954287074025
