7.62346366430669
6.85494059409096
7.29600582519594
7.38784225521752
6.58127247226547
8.0734045405632
6.93065688209066
6.8537425196604
8.08675205312647
8.45683946243963
8.05352593040261
5.54975369840654
7.08558643896747
8.43382247958136
8.00036749785604
5.51466582676638
8.47426244536
6.37289235868146
7.30510377148942
7.37630900763618
5.85765067737009
6.1787129578266
6.51610726155182
7.77297062175701
6.73888544321194
7.32576897227914
5.7880988347279
6.75727730758987
6.09088756488055
8.13872426956688
6.12459824614273
7.70836800121556
6.88744804427453
8.6729817206972
7.2844371480312
8.61117559383946
5.74591246062202
6.40332908292246
7.66413551124502
5.55471468681406
5.75866231113053
7.0157971962255
6.8511343411361
5.66546025915193
7.91303101513878
7.46483210352133
8.13397326746157
8.36405505225913
8.29753861005342
7.40349586093344
6.89844965812714
5.97409474894244
