6.10580060037987
8.64319593332461
7.6693912030444
8.2360910056649
8.29592689406423
8.18412246973828
6.91535044385715
5.59698361064407
5.69737428576901
5.98346974744522
7.79660244975965
7.17032816537285
7.76158908675679
5.94806311844646
6.46388541189397
6.49446427554003
5.95776039724285
6.3826340294146
6.76606893613533
8.5722030628394
8.04166864920527
7.20912346592477
6.57816988769077
8.43711447320665
8.31622271761128
7.69189680419846
6.46607845120466
5.55243830280368
7.63771570586332
5.5714352932862
8.27234282404671
5.75026868498606
6.66873470362896
8.3338298764039
8.70866710472452
5.82911461283499
6.28235576571368
5.90846271353809
7.27589412949308
6.53810769663466
5.64889808672362
5.66060857451445
8.0203505614256
8.31130519353661
7.32234962362106
7.83590779490087
7.33466399086071
6.65702358042495
8.13074991195794
8.37721069435853
5.57343903986582
5.72618889856257
