5.98825772123197
7.61348999490835
7.28495010183868
5.84740813320556
6.15530119098171
7.02200696699773
7.02767852497787
6.49378587921166
8.56546138636789
5.82030801941391
8.77315797144367
6.05096954929575
8.16975478859914
5.6584967528537
7.76092946306246
8.00625968280179
6.849306743861
7.00797400075469
6.08424435135773
8.12479394594451
8.07752335645983
5.60062857140588
7.55128820861273
7.58295079360189
8.38803291912484
7.18908190789312
7.64571605450926
8.33896348391478
8.73958105818263
5.56785024061184
7.47011861050037
7.07633140978496
7.96926574017784
7.82856919256656
7.04126966313808
5.53993713581766
8.33250362741192
8.02591113677592
7.04237312086967
7.86858894601646
6.66336879877946
7.36138574471377
6.2182578097152
7.50563278288045
6.50092320560751
8.29965787026047
6.2640182420998
6.62597333906426
5.55008009183269
5.81417882034402
6.73187132486903
8.73368422779611
