7.97200788224944
5.65657704062539
7.91103145609363
8.53074681622161
6.89601362845246
8.14786820031108
7.17595525219767
6.70232804719485
5.94460339534037
7.0254269398558
7.26215783539271
6.31508583464011
6.469570399033
7.36363275112853
7.64783135321256
7.97671043329129
6.41826920187902
7.87803576452289
7.05801717454619
5.89616401311938
7.7741132307781
5.98197188737303
7.81590874512501
8.64812607323669
8.11934472983573
8.35833132710604
6.38068901182255
7.95747671263856
8.43149153584855
6.19568331777041
6.84698169292579
8.76812229579548
7.36152942848662
8.18584639607093
8.60038796475818
6.21150329778417
8.46126068320976
6.69755530239524
8.46093628713545
7.95329878628452
8.63875928724994
7.93147263144407
5.76940074384403
6.95647554533064
6.35498633111813
5.63067748438902
8.78035837528651
7.21771991108741
8.20740365744496
8.37407991012262
7.408738262313
6.6059000436823
