7.90837065277689
5.52956804308607
7.57449208785084
5.90535815584502
6.38973473165892
7.03303412813349
8.73481197347588
8.50038063637886
7.73990323742184
6.73882117233829
5.57097520634854
7.08777334203772
6.32755293261639
7.23613937463365
6.60825308623948
5.53554750682618
7.36557911322377
6.68306245484787
8.03604138715766
8.31008532078943
6.16078160887966
6.56538694037555
6.9316862327114
7.06074708855204
5.54233607795737
5.51511463174844
7.73359482120175
7.08380539714401
7.42763773137215
5.80000822752769
6.23228507403276
6.81374794595997
8.22474354214129
7.11096078084934
7.90588817824338
7.72951271841763
6.01355453816045
7.17522699918493
7.53022594577162
7.22598870563449
6.66315617777081
8.26284483627975
6.85089855232585
6.42727811832382
7.9477172603556
6.91343696091138
6.47352669580862
7.73396453633275
7.65878224854681
6.71795156773109
5.64916904811191
7.47931578342306
