6.86665369993553
6.55027898352397
6.80845633977626
8.41056055814853
8.59438244064999
6.83694534098206
8.09678919444266
6.84944043135267
7.36484084235521
5.63051976460381
6.952427681225
6.27910291473736
7.64477763088634
7.06830449342591
7.7471259650692
7.26037477169238
7.28185227742865
7.272075248079
6.55763733166059
8.56932394064619
8.34511598854343
8.25149183669127
8.60185420030206
6.04392485963323
8.49063114679667
5.60434058178457
8.17840024300305
7.30991783620119
6.37705168944427
7.12016078381294
5.64567005123032
5.78675490909913
6.08896129148635
5.73275134180733
6.64708160929942
8.68320198067698
7.26376417565492
6.75502308814404
8.38426063874416
8.6111376926106
7.21008431581745
6.83089081642132
7.95177798537051
8.11084084145943
6.49271371236356
8.02871836939415
6.57712248511404
5.86297942220018
6.86449120999907
8.18808064557426
7.25721302350657
6.74243897657433
