5.50017068553016
5.5938949253499
7.38183425906444
7.01745996115652
5.94271437798649
6.88626673957483
7.35728106915709
5.75999935306059
6.67714845475693
8.46502458154468
7.67662714392387
7.54533259801016
6.13478178590096
6.41628447693968
7.64072085087133
6.02747483531987
6.17296202069803
8.77548630042787
6.210726150329
8.4612168452927
8.31973290249453
7.15480063441049
5.64470371886262
7.89355864072489
7.27723762893372
8.33194543102677
8.23127781522352
6.45189517419387
6.40752723696187
8.10121820330913
7.31483466890952
7.03211230008423
6.10882487739149
8.50666281855391
7.94723450846991
6.97093679962576
8.68505430422992
8.33392690077081
6.74335143355936
6.75533334380028
6.35334910054052
8.21378852707639
6.98742367703728
6.89104664833041
7.50144483148452
7.76930256918612
8.63227031723996
8.6910482641022
6.92496231586231
7.41314843940861
7.63461542608172
6.12420650867656
