5.61814021970352
6.53783451906679
7.25943382328241
8.68288371787034
7.00939070231156
6.13473938171609
6.03861263591447
7.42608481209672
6.05360221101737
7.00513000414806
6.43194170423874
5.83370366236598
6.28010246015406
8.0460919976229
8.3661851659867
8.12802732102978
7.97949201314973
7.69969502850055
8.15642188717165
8.59627907038634
6.69334222184571
8.03344296721675
7.93459345547396
7.7075280975401
8.2530355416611
6.39556502306876
5.53382166587607
8.45011648450891
8.1249477304917
7.31671796448798
6.12408879501482
6.49580823833677
5.7006553855936
7.71077805817504
7.93088234626595
8.66307070182037
7.64978878143039
7.54243839629871
8.0887324793413
6.09059457476334
8.73276951882361
7.33704577824108
6.39489744416714
7.01646523477645
8.39913992275638
7.83105332595807
7.24080586843097
6.02158290772167
7.73155033509084
7.75135717572696
8.66638726214332
6.83387103627132
