4.14544052117079
3.95440474520421
4.05576662155783
3.49554687734432
3.09794220464043
3.21249906119553
2.89772943727175
4.26003781352013
4.12523785170532
4.1131431241451
4.38336055569105
5.02843024590635
4.79186589357897
4.28633605309096
5.33946069567022
5.22910257776838
4.50493653644629
4.59511259018656
5.23066143649314
3.15232034293723
3.06008738485909
3.25521299169098
5.42971140351777
3.91767083639909
4.25860583556867
5.21529916737652
4.04792113501812
4.14397759183432
3.10480220174208
3.65668130224362
4.83415024989946
4.1270043503293
3.80278474071856
3.20857023444058
3.4958389549913
4.16460764788605
3.70617563514046
4.14420526532085
4.32354208173227
4.32256239799355
4.7842614306087
3.85073064034305
5.60798579733319
5.34082148118328
4.49312536840935
3.78485666930994
3.28419999376258
4.27568835580159
4.91932858545432
4.36988337074755
3.82644271478497
3.84186798999569
4.89726680888845
4.6768272886896
4.97891713099498
4.62795891417298
4.47438535643849
4.60825719243208
4.2719534273159
3.89060954844882
4.11780705584516
4.82132944792812
4.85548090750654
4.2450252370072
4.42552376762977
5.55957538681951
5.79659292901577
4.45575654505686
3.33696192253737
2.83042914223702
6.70267767692929
5.31823513716414
4.88418186510376
5.28857814057134
5.43994439488612
3.4708278056696
5.53124165941743
5.1173134508561
4.65376818835124
6.43782601648331
5.17898499549687
6.05545498946071
5.27593080469727
4.12757661993842
4.34486066931154
4.48730420609548
4.21950088112414
5.41999173477954
3.78897129778481
3.59298713047443
3.54596622435762
3.99709025416192
4.93925130059611
4.41296347481798
5.15038075688895
4.38756415731873
3.75138874313374
3.21622272123163
3.75076093625789
3.97803475705041
4.04744207902877
4.19787663172065
4.2922835639606
4.21236415728207
4.60290432701941
4.55410544415567
4.64018069677403
4.97678925251943
4.20933508469147
4.26176426109281
5.53235205743817
3.42766275720875
3.71390528183635
3.74624821448664
4.54262371825019
5.03037531113217
3.83516510515194
3.90789747978358
4.60064780660703
4.5762486608037
4.40554047896264
3.2543533642349
3.94753899967589
3.64245642984577
3.74479993928515
5.23681301837354
4.13425358924582
4.402266034972
3.96681312250354
4.72683859121181
4.80855767585464
5.22943082146681
3.79734052878208
5.04191585211038
4.62599959044465
5.77181869798087
5.78956065196439
4.95430070771512
4.90392220816251
3.45447755562749
3.49264646232735
3.65838450244024
3.29437475589454
4.16366724561318
4.00150865964967
4.0167837291621
4.22098208148735
4.81181267392592
3.93524478502561
4.69297844870021
4.08318080939357
5.08814713708522
4.58332517627092
4.99578670808511
5.03261722322019
5.02388207092771
5.39110769601428
4.54790575753552
5.75869892652286
5.72533217000915
5.646081354219
3.78217342796875
3.72695828250749
3.5381342129679
4.24048821278416
4.1922638362696
4.1148601954294
5.24142296448849
4.05060697416343
4.73030445701011
5.92413848894216
5.47225312274238
3.6344635218222
3.8693203834657
4.54176556357766
5.20333818571294
3.80808598354111
4.30373081557105
3.98822357590893
4.02796781349417
4.59477343063765
3.65875321000778
4.02791913717949
3.33925160232895
2.95622726931432
3.83849862142762
3.90257386835508
3.24865485761114
3.6683806465133
4.62184496085485
3.77764016949897
4.2594894962511
3.49166130846071
2.63255637937281
3.77721542106786
3.70201834993376
3.82402206435914
3.70489017303862
3.73895574046394
4.24460253037608
4.73142824426389
4.81787680218325
5.25789301681728
4.95946915408118
5.36532378017424
4.68606110063834
5.15694645172074
3.98555003045216
3.90533671513289
3.97482471637422
4.10509577746893
3.98520007196117
4.01132953459823
4.5778452420091
3.99497048948444
4.47620577860628
3.54555790379845
4.70389043882424
3.61482679691235
3.53005213277484
4.07880848353798
4.49712278541247
3.65151607197623
3.57531583561656
3.08654046514258
3.97327125108987
4.24927195617184
4.60476545633838
4.33311035385813
3.95466303821773
3.75743628361506
4.24745477383988
3.19509833723419
3.5732809160661
3.85385100114723
3.98544384901976
4.01426115899662
5.99896236069288
3.87483361482408
3.99753488373783
