7.62852516224594
7.38434902498501
5.49137673341903
3.19089772134322
3.57767297049287
4.09976324253949
4.14361535293284
4.81504414185184
3.47218620517614
3.51962791915374
3.02144776287699
4.31738695618023
3.44430834367479
3.57151177208618
3.10485071997552
5.71233631047814
3.56887624814569
3.78816730367351
2.81664063933953
2.69750600926294
2.72491219602555
2.84278196250088
2.97914554430288
3.06642947902991
2.82082070469162
3.59898826740531
4.30234405333025
3.41094459015725
3.41997787109655
2.57290581739586
4.66151772367357
4.66466880145673
5.51587764241923
4.3209199576937
4.08855892723562
3.79201336187703
3.36897439843943
3.00312354295924
2.51352295317596
2.72009722740298
3.03498814246736
2.93204356945969
3.81448512833484
3.71915512030195
1.43948137931995
3.86173559245191
4.642332471165
5.79255885649765
6.24624628213066
2.07862044044602
2.34701539820823
2.45234167411232
3.10754655940126
3.12448243207784
3.70982934224905
3.99852909815718
3.77944636680345
3.01196729680683
1.74298812784414
2.38769207080053
2.85834518331261
2.97319433711067
2.86737477916597
3.60734233951957
5.13406605033965
1.39823791890235
1.80384343203918
1.66381521935405
1.59740251401089
3.35555021097533
2.58823802709095
3.78438917920431
3.23995857453411
2.91135952500338
3.20581524138981
2.96299798851544
2.87339464671303
1.20451279935119
1.9825726244537
2.10098671633134
2.41044573767367
2.08339052205978
4.01709260069675
3.6115337523926
5.53811992024429
4.07800006196206
3.74309716401925
4.09074025582825
4.7493338890404
4.45470330773119
3.82437513773294
3.47067925478296
2.68831164673867
3.62044285568373
2.24247199230212
2.02761359865161
1.68981840813848
1.97057829729847
2.02871564618054
2.93951468857496
4.59704482218742
3.15194433311491
3.15485424056152
3.95256554867575
2.87742325497294
3.09395833627287
3.85429262031767
4.05031149216894
2.84946345898289
3.86089124272463
3.38806190461612
4.03480646739474
3.61721065273118
3.14694409483313
2.44690126777827
2.67933011326208
2.92003067341833
3.97116274432173
3.84462882294323
3.45120147843848
4.13431473861006
4.23686449781549
3.11964386927452
2.72905280434084
4.71306558458623
4.87567661742237
3.43261142256313
4.03770251321013
4.59730313560332
3.47145074982925
3.47495542359192
4.32457708416133
2.97114742768555
2.71846912456084
1.94479994782586
1.77537039415319
1.83447288095887
2.29576697040285
2.63629371279787
3.13629390977259
4.37118444431509
2.73127832195679
3.77576574289197
3.94848697471389
1.4601173538431
1.43351124624679
5.283986341392
4.78649819800382
3.14432926476697
3.58552657707398
3.8776029490949
4.25046792021918
3.24614702185251
3.48328625944413
2.28038004640692
2.24659382899206
1.61384714835237
2.07929897702213
1.87773570615129
2.51650914542231
4.07364959494996
4.204424883163
3.8886122656796
5.5586778831295
3.37650267524638
3.52020192543038
2.80151581029656
2.93175545516819
3.46668419703305
3.63938043774501
5.31677002129006
4.48662276700932
4.4500761736134
4.39399546264164
3.7821799146054
4.26069577709265
3.82694578187174
5.79096091377265
4.50921689836955
2.98079760676897
4.27296746919579
2.12218253873093
1.41492898990301
1.47723517075924
2.63981242219729
2.62077891975492
2.99082359215095
3.46892262166216
4.6058028690502
3.57171650670947
3.44524661705376
2.89933952430741
2.21680907879503
2.57329968663411
2.15709957315133
2.99861718657919
4.53932224111193
4.82027371078291
2.1588497502977
2.10310760864833
2.18160023053953
2.66403270968127
3.53063483486987
3.64374166538111
2.97496332691154
4.21001718469999
2.32492473253152
1.92605019916884
1.66050666281066
2.58331890534628
3.04788265144083
1.80836819018799
1.80221287551553
2.3825057936109
2.31383795526096
2.15087428406291
2.18144202785751
2.98732734373024
2.0738926151563
2.37028116201863
2.40963660210009
2.4323368554964
2.10976345704566
2.25836716226931
2.04036710293811
2.57425579029361
3.08178333533004
3.70910320072443
4.05192539240782
4.73242279240478
3.7450828920639
3.72986968680661
2.71629069904068
3.75047811677384
2.76787156423258
2.5689307562791
2.71256328001892
3.215208884797
2.82932456769323
2.52215479826828
