4.2842515015468
4.02768190507367
2.99430007297796
3.70372692678374
3.05017434318223
3.90630520236519
3.52639147359076
3.66225695148755
2.9977870705456
3.3132250542671
3.95053030446286
3.74781460303928
2.86243111116926
3.23966178135282
3.30390017566565
3.12449564264074
3.10675299298868
2.98688224080929
3.29725730448941
2.44715156941852
3.86539376527862
4.00565911693596
3.99938219376804
3.65615567245859
3.1231377968319
3.17615638265199
4.03738555548192
3.06859997967923
2.63102320237887
2.17433204734874
3.69445386622277
4.35996753345617
3.53630763101765
3.1541903838087
3.2352506598387
3.40530209994475
2.33259696472968
2.54754846083532
1.70491935365434
3.71355541056554
3.57805918535749
3.09333653655108
3.57054342329707
3.41022810090514
3.29733873263872
2.99932115397355
3.12187027990099
3.13474856981289
3.30639629776802
2.97275425178998
3.41744463017278
3.2070929646685
2.82821654446491
3.22197070688667
3.97493586625563
3.38857372367414
3.01305223333709
2.84290610601896
2.96491129487227
3.40289492649432
3.04925905115797
3.06043116615594
2.42849420526832
2.78295012273161
2.84295891214429
2.51391114278587
2.67176247358727
2.9692709157073
2.97388335363924
3.18157907170799
2.81424852036496
2.56682291142999
2.89600042654558
2.73688378087847
3.14592183130253
2.95030057583302
2.92750538030202
3.91309747065796
3.71586607257923
3.76633970173251
4.16323945983957
3.58652746291543
3.53441575016539
2.94205607926185
2.81469002321337
3.53314728799688
3.54839674305398
2.92297900602011
3.68403817541314
4.1675379675724
2.18838426814758
2.30183702771895
2.70648794589831
3.18096522955491
3.55984766032759
3.30437185595574
3.60760039024817
2.79222428872081
3.29376067164258
3.92778808939175
4.03222081287668
2.40236823762671
3.10627740721638
3.448127159105
2.79320139875761
2.46764879826073
3.68983813090979
3.35589419905826
3.38568418464039
2.70412864247683
3.21464969905684
2.8134658442683
2.97487538111056
2.98374030588785
3.50420075970361
3.15006341302892
3.18176858995235
2.19520287850996
3.16469259264072
2.46736745833452
3.08537939385692
2.99701088687421
2.52124803720058
2.28510622626244
2.75035662694268
3.02392873830021
3.4151897315015
3.04923471251778
3.36608271582328
2.70035552421861
3.27867182299771
3.44629119173132
3.34600586156357
3.13382941150102
2.84853178841452
3.1364653484105
3.04422950895045
2.8549545640941
2.64734744894087
2.79079193854065
3.11370926442848
2.97995324292512
2.66579207967702
3.68394628263746
3.32780387484642
3.16912443655717
2.8961837793672
2.94002490368188
2.8711301718697
3.63713136099727
3.38102928612829
3.59950970030713
2.54309759273312
3.59017353954843
2.60947812971072
2.73431447677658
3.59366582899401
3.86406176450708
3.35510229237523
2.96925115207839
2.99860762455849
3.06993127942169
3.5258284732894
3.60867328490494
3.03745036214022
2.56844946534059
2.58353843885436
2.9323487190619
3.15306391307115
3.3069936026663
3.31112550940086
3.44315100152078
2.97692754470667
2.94698177256545
4.18846791681757
4.16850015825515
4.44306912531068
2.22602618870492
3.95050251178736
2.26149960208976
2.2575400743849
2.57834680008086
2.42201909099089
3.02379532227083
3.55892848059325
2.7830332328917
3.4042408555883
3.22939556831919
3.23833554420449
2.6490648965893
3.87759775711053
3.82452037505475
2.85598899854942
2.70123133569118
2.89995307448046
3.05968892063424
3.3273689515732
3.32876409185213
3.5103762299586
2.79857827742945
2.96012788612466
2.48978646226219
3.19126728070892
2.66922121681831
2.82148239438057
2.60776916567802
2.72076169926335
3.87172412869861
2.99645783628249
2.8682329055565
3.08692512856616
3.21817413836529
2.83797564594063
3.26243787336246
3.51488792130648
2.96715430548188
3.78665088634711
3.43924276163575
3.20850935998024
2.51255371880359
3.24412840400108
2.85652986458771
3.86118451558388
3.63541803776978
3.17081810220806
3.03839517071573
3.04037254700678
3.88212706219646
3.89558740962538
2.76229997050258
3.31206770049392
3.46401961543373
3.00391379301212
2.28390935040076
2.75003309431482
3.20995284267698
3.51150777501087
3.2225449451528
2.11496276268262
2.68842533173375
