4.09575675418598
6.06692553073096
6.20984652399945
4.30558259732949
5.17633394844758
3.79389328690174
4.32185775250179
3.78581291506049
4.70360424019379
6.04120644064602
4.90619070943427
3.99164542491641
6.22840319688248
3.64792323878782
3.63078672012154
4.01169781151774
4.33358650378895
4.69974439501774
4.99362919809309
4.5442995625008
4.71413194832024
3.85652885936764
4.56653287187129
4.3819725827667
5.91270973111424
4.60557389822754
4.79116017917875
4.23322940082492
4.56349913855853
3.624461997601
4.51953745616859
5.7861479506379
5.62849323121067
6.85272814002987
6.513294220888
6.17148714185221
4.90790284097655
3.45463834728845
3.72550791857653
3.35203477760352
3.94337011148728
4.57795914244394
5.66095293794616
3.86058214089691
3.84978647659962
6.14257499715968
5.94634751557096
4.42214942082492
3.75905423156647
4.38989445950566
4.48771036208212
4.68934361600306
5.22521670976803
5.75552344577537
5.3888757233487
4.56007759459108
3.78829965063389
5.36084145366624
4.5478314557046
4.67205755551609
4.61380073567185
4.52901737043219
5.15934652199951
4.34167648682353
6.50517742119712
4.14026855821396
4.16218127405652
4.97934243465746
3.96212032540673
5.2000462477888
4.14500940170614
4.45589673871665
2.68057236568767
2.4835960833901
2.67113808091594
2.32179549755961
2.41419573454626
2.68911806075342
3.21611572662808
4.50189873716302
3.54432106842981
5.87984019981708
4.85879682468261
4.41961426811451
3.84024367729058
6.95509074456846
5.59002278620233
5.50561886155834
5.73369920993138
3.32639514323239
5.72017798473973
3.20646506716753
2.52523312607104
2.77690379583532
2.51141948887402
2.89229995833034
2.91939642914826
4.86158238799567
5.9294804374806
2.86527806828985
4.19406969945485
5.82048853493834
2.60961714161167
4.94846035873125
3.776335440181
4.03121265769094
5.06591452903637
3.78723276805009
3.29231939801929
5.1214572509004
4.44728491752041
4.52681914315192
4.64349790773145
4.28294797080258
5.1296423401373
3.42489183608418
3.46843065189173
4.0274649430809
4.21677526164197
4.4451405257753
3.39128109800723
4.44652630842384
4.11597975819822
3.89252809632089
4.06769673219265
3.87662972854765
4.06463265950175
4.60817355652242
5.06083122025147
4.5018468768233
4.40429950681418
3.48599383421282
4.99017036519985
5.73225283603646
3.539707333892
3.22719778736995
4.23666253023433
3.95330596843111
6.50183997558171
4.02616655336434
3.33308883499096
3.34582104058497
2.94767502173342
3.3720984604361
3.61433847399079
5.27421203731716
4.17309359657735
3.35676296879592
4.17803439949694
3.70171587155255
5.37366422996911
4.2278856708208
4.69840443285976
2.78404175672753
3.81575466915353
3.73482313881947
4.09511163913964
1.98307109986751
1.93966967389711
2.41628368344436
2.79597374538028
3.72770315429264
6.80979326387935
3.65045059469819
4.26974124924571
3.50355526618947
2.7427163487329
1.73649558006142
3.12133868877132
3.25540071353603
4.93664394226212
4.27540175801876
4.19783883540692
4.49219041130101
2.71283534400691
3.97725639025276
5.14910596366034
4.88587292087258
4.60055893602774
4.25845613935182
4.13890890194643
4.44515578772451
3.42233415225099
3.22215243659492
3.83079314365248
4.75277869189339
5.94817222347663
2.9500868327899
3.85591944102031
4.04229972244825
3.95683902510696
4.11070140751254
5.64847712378087
3.15886771279457
3.40102952518254
3.7328200775401
4.20085245764044
5.05926879097435
4.1635794571853
4.36073200956276
4.10240132773584
2.95371933320826
4.83905680398575
4.00780465700782
3.90224462294525
3.74205785856133
3.58192240024464
3.10625148821212
3.98234504857621
4.08520612105748
4.48380807338932
5.48284503462442
3.23415569193871
5.13237650623755
2.49007032451455
4.1558923634072
2.471729158132
3.23565732518829
1.89601906375364
4.80952930297107
4.7530667868942
4.74697337192819
3.52629932375029
3.59698439701796
3.75127326962874
5.31310860286802
5.29069373137653
2.83335105548948
3.23380706166253
1.20952614243478
1.83070441070786
2.92899468555888
5.07903716495103
4.38220269340605
5.88394074188529
3.93275239698934
2.67607320759791
4.7026945301516
4.75449112286534
4.48099389329926
