5.72048953751361
1.30394424590614
3.15669459886089
1.96872222087517
1.8136456701025
1.2600004173867
1.47486371869486
2.50710598464907
2.34047219429017
2.30144467849136
2.24607546287664
1.47037777056359
1.45628838602895
1.36279905204171
1.71196867594197
1.34962143643
1.38615967503631
1.87680659892851
2.32450256513573
3.2849372873842
3.73120356419571
3.11516916354634
1.90756645816048
1.91096793672134
2.72561504829739
1.4183439654429
2.79186761477422
2.78640184277128
3.10545535390656
3.14005628279801
3.13644110976867
4.63275258948244
4.62454944740164
3.41900127547659
2.90999875890154
1.80131237745359
1.88961704612774
2.86535499689234
1.21514376451917
1.68256659732012
1.14931747826795
1.6254077278131
1.78985436970855
2.21226595494124
1.30029169109078
1.7557795248837
1.77051318027003
1.75177325228025
2.2444925349623
2.83810617629886
2.99410016878548
2.3294799379618
2.1167482776672
1.91841311184879
1.80386941818884
1.90199928829167
2.22932020580117
2.19090021453518
2.08880028087366
2.7767077074917
2.62565778261987
1.83497984353447
2.08401300969564
1.8291744038681
2.03058081661493
1.86477942836954
1.51818305923489
1.76528417029439
1.60336189999409
2.00966369469048
2.40698829032235
2.06728802382832
1.76586297986915
2.24879634976186
2.43597511135081
1.36286847272928
1.86342528460373
1.64637912854377
2.4319749795628
1.80449008555373
1.66167182623358
1.24855801983686
1.4345137203014
1.45807036992195
2.7253997088223
2.71493580190458
2.79085264797664
2.34708428825593
2.69378774423398
1.11505007367827
2.71582800658665
1.64239747670369
1.59110846493312
1.59328714439449
2.17248424018323
2.52426474446296
2.02876624431095
2.77524447360641
2.38984121790805
2.39168750949853
1.98240982843699
1.9258078598431
2.57675958108293
2.27136310021375
2.82652518077735
2.41213093296606
2.6285777050237
2.50965651555538
2.25258537564202
1.63053719980449
2.3863494506421
3.88496277516522
4.39690127910861
3.47312423202955
2.21333799289562
1.46959874557353
1.37889273754044
2.59680456910936
2.07485580314605
1.82240236642748
2.18447528406024
1.79540522535309
1.8551043061372
2.39623209310883
2.89640572351931
2.55209589530166
1.83495583491784
2.84219009907245
3.04956664619963
2.37879922937118
2.62215752832862
1.90849712051721
1.71545134206352
2.06420923509389
1.84424720935035
2.28102264237046
1.81842475068212
1.65210632027498
2.11842013632621
2.06661510339193
2.35103775639512
2.61659073140991
1.21204366823375
0.942304459025108
1.52411893057056
2.2350912859188
2.1612080860456
2.59081821071382
1.61119794493939
1.86996443880937
1.68757549069549
2.3103627029416
1.44567332394242
1.30169678689733
2.44830212644508
1.8790926001521
1.96605510125996
2.58359808243008
1.82143877320395
1.94169858484001
1.48353904908456
2.61430907670379
1.80899444969341
2.14647397726744
2.01326655225798
2.42951504471791
1.92419710713489
1.98091129095766
1.67531125393884
1.66794901580738
2.18731997932652
2.13066404710868
3.42164366048699
4.09097662390148
2.94169884416213
2.21479219724511
2.31298593285907
2.10599992244123
1.68420382116014
1.56788191374194
1.82386145449977
1.89274716184059
1.75342341390431
2.20643523815652
1.89929126916086
2.2296330273146
2.15984094469895
2.1268216602441
1.80496172593245
2.2832479531438
1.88149339366042
1.61862322931795
2.0040068483135
1.46208604296355
2.04454294585555
2.04910565999269
2.11323010682061
1.8556034881867
2.24780743209031
2.19420427760681
1.98864084155692
1.92679563501896
2.29396031023906
1.66972616612882
2.52991899494053
2.79568061251165
1.55184866087482
1.52112953946799
0.919187580168653
2.70248883583437
1.63475235964026
1.80434151235227
1.60183467088413
1.8844752751419
1.95515212436557
1.54984833280303
1.91746729554307
2.11511212996446
2.11414889249217
1.85091078908377
1.95017783277668
1.94897874863465
1.58778023952265
1.77319841187175
1.89031787186875
1.5351676331095
1.86876860470096
1.89094999075797
2.26281654058886
2.30338837620718
1.90669151163756
2.14400697314088
1.79764658392318
1.56888876289972
1.47480247604557
1.76888892791283
1.78887115876239
3.14850722616462
0.876171190416402
0.926489801270849
