1.34923239597091
2.74895098692673
2.83224905687397
2.60185517945392
2.85027755636927
3.18979650017079
2.82124426026358
2.49513032563491
2.37996566711454
2.37200916772869
3.1004322061206
3.08221908536579
2.86553278789795
3.0374570662058
2.62097396661064
2.81587483192648
3.18863037501603
3.11614123026981
3.75737916183608
3.3291571044265
3.04975683135514
4.64834760674809
5.35530452509944
2.67585161966805
2.4481783349586
2.86254206288922
3.86824157848833
2.30380820929296
4.82695136572458
4.23578715025671
3.08318804464603
3.51024414602508
3.0367575269549
3.09652062648748
2.76047931808272
3.18917161367619
4.74603081292334
3.15492280903211
3.49193920525661
2.80910027311122
3.86965232099681
3.7957212109053
2.44428095977811
2.2477740707068
2.34965937893064
2.83791049552308
2.67297586714627
3.01435602139459
2.91295249323442
2.46847730285837
2.78662142009997
2.58340325376393
4.07736022428052
4.48753441295029
3.69279891468958
3.97012942434547
4.09973070193086
4.7218540094065
4.16886004822477
2.75582775095469
3.25733995664856
2.61133770371977
3.40157515500641
3.17028988097764
3.52447679583884
5.47356071454442
5.43403457189879
5.50652784100703
4.17407270698777
4.84937751750431
2.66741829897645
4.20971551557439
3.16627677782807
3.43889528160351
3.40526708561364
3.41099397749595
3.5148411943107
2.69685312970496
2.58146014581389
2.33019208889752
2.47987795733277
3.67267569731919
3.8283512030728
3.61819341704248
4.21446628640682
3.25696970760167
3.18148891582997
4.08691175279972
3.87259458515626
3.61457256598231
3.47543646951971
2.88749282572252
3.47877987341197
3.35782527054665
3.32242476751791
2.32823395356751
3.14235200233504
3.11949026876807
3.5311839959
3.37682915768024
2.78752561004678
2.86153817267934
3.27056611435416
2.65718868119397
2.61323455093183
2.40081914552692
2.31645889171164
2.43548916517034
3.29951350068882
3.23962486704387
3.77108037533484
5.14041560781303
4.05115928999263
4.89095650692585
3.25844132977688
3.85921975464917
3.59854409120464
3.93018782919367
4.19365437064862
3.22119169077226
3.09657683972367
3.6395281260427
3.34819034017566
3.04625656591672
2.8162268148357
3.92838676083777
4.36123958971295
4.62176550681166
3.98944037114927
3.62844379250587
3.9587973021406
2.98416396974436
2.31044209989707
2.940524037369
4.9486298210923
4.13803365951214
4.02277592413657
3.71504123027035
3.8674696011708
3.80157918700818
3.86986242871601
3.5344911196094
3.44992549990622
4.39349195541201
4.42617919847907
3.80179067059683
3.5208107224785
4.1365191453256
4.82791368021893
3.37322201164861
3.48010659010312
3.96197494051582
4.32475838383066
2.85512164413335
2.66556136674585
2.84246659730033
3.00506918919868
2.55922262226827
2.65339562404645
3.37779032493421
3.01411388453481
3.57211275456858
2.6464667399451
3.1936592666664
3.84914028724935
5.09456575043779
4.52981675869134
3.93943559019845
3.08219786095452
1.7718964473536
3.92732040707075
2.47625548967866
2.54600418510468
3.61379246421215
3.06352147933152
4.22112540187539
3.3820379589148
3.09208696041496
2.67890910149116
2.68500198112923
3.53172110497323
3.72414833131549
3.74031046258406
2.60702658530445
3.33497741342705
3.18994827480809
3.0908125048113
3.47372102230609
3.13617895455853
4.60464826790438
3.0554381953326
2.7124172180274
2.90998659109114
3.10477330810812
4.88434838592496
4.34807698696672
4.79384035471589
4.41217983461678
5.08782068308205
4.95749090280146
4.42256321305155
3.99227512128397
3.78032234601048
4.14344085675171
3.23486823661154
2.881529473355
3.13028980316256
2.33149849574858
4.16059729545177
3.13794791972996
5.16552365659536
5.1839178995675
4.51554633579017
3.99946698494987
4.19910871698321
4.04998472043779
2.6617411672007
2.64982249158059
3.20463276137723
2.62820529785924
2.7194000610556
3.52870256751324
3.31250504305097
3.22841170702053
3.36749434106454
3.13422691137165
3.19865947165548
3.67160385237097
3.14169156965821
3.23501462589677
2.75127948548372
3.20767969459023
3.01050743878263
3.47647138497236
2.33556367945064
2.83783511234586
2.73264298839253
3.07937544179012
2.64853541939382
3.25521108092104
