6.0303943317421
3.01396983974056
3.84801393859463
3.86467017205806
3.35693382025139
5.10008195579032
4.7323266954718
4.33958747149991
4.16834130189927
3.33555809832723
3.69222479132549
2.76638666688134
4.40164070072253
3.37994000985633
3.1782187932483
3.28616023883987
3.39681497230642
3.33835006901062
4.33229164802469
4.15245137619785
3.43086506496183
3.02162580913863
3.17930616368539
3.03780236317902
2.96308854417057
3.04122072742241
3.16630385427698
3.34023016908168
2.75736136159821
3.64318618252368
3.27816093015955
3.06050635177181
3.76037701130448
3.9004738619977
3.29201439818902
2.53491876512989
3.63747508550286
2.07808681583255
4.26662718510478
2.58911691239327
4.16539813673792
3.40856554082332
3.03340958351992
3.2456994458722
2.5066613189807
3.41963193740909
3.47078947001817
2.91180041034685
3.93882594983634
3.33230129563791
2.97755354204756
3.36983090820484
3.16578833192572
2.3563543523103
3.64422199897468
2.55720618422828
3.1198068975339
3.43616290578551
3.46724775826185
3.23030684070289
3.34352252022028
2.98304640589878
3.97889277630328
3.53778077533504
2.9478427050725
3.34062997396896
2.70053772300497
2.95325045937687
2.89256201579115
4.13224101566589
3.9891737744852
3.15780206569569
3.16704809153043
2.92194240632989
2.8260667941414
2.94653909678279
3.58303092766559
2.93793944165203
3.02724163642245
2.61642964451767
3.04396082825123
3.56166693766479
2.91794700001244
2.52360120753924
3.09377275729763
3.70924922814957
3.8569457273761
4.07103928440566
3.4331309742419
3.14713423670357
3.42608969903183
3.27295841434511
3.01221394370782
3.75567861618015
3.19778821263003
3.66258333825149
2.83929458927937
3.49846082774306
3.54176561325312
3.36006075074419
3.2702687746609
2.75632724217905
2.62863347265704
2.67150456472326
3.61133176521424
3.70642008161461
3.3683396111121
3.4535127472411
3.17920802368562
2.69994806426357
2.57011094346136
2.62616291578353
2.96014592167247
3.24833604677132
3.86776059337443
2.86700083764753
3.66771552090085
3.46944539838022
3.30843873631692
3.30629241170844
3.93868105330056
3.64810400990719
3.63717405778344
3.45395179234919
3.66994583918725
3.31074473723622
3.29445904303195
3.23457115293224
3.26324210734604
3.34160925056339
3.38387917215958
3.0379590306134
3.18350230368609
3.20476285156204
3.13768174729612
4.14165787740017
2.61904860861938
2.50851286926304
3.25394176077371
3.7898349580756
3.90252580683963
3.214940516466
3.42010655550144
2.97924476412914
3.62642998578692
4.08082932623088
3.1853880310451
4.40971648330068
4.00897240065085
3.73299775257754
3.18812570431441
2.33895849659279
3.41904868920505
3.6955898468915
3.08034708486606
3.31849686174742
3.85348768883473
2.68835233456544
2.79443128292537
3.93342828543014
3.20840926861402
3.67462654120062
3.88572556444778
3.566993914669
3.10915662826373
3.12480206540263
3.0005907598535
3.44332335522644
3.56975729443379
2.33826874622254
2.19787572181932
2.6648276583027
3.06625761456742
3.08936709207058
3.43559990267752
3.07148668782631
3.74900531706096
3.93385258952783
3.15617930415027
3.40207171781244
3.34429524070168
3.31162442309354
2.67182915245563
4.0845889901501
3.15671028180942
2.92165508361037
3.58762609919037
3.70290827050487
3.10260158735599
2.62312288354422
3.73011747100662
3.71686004110419
3.20088617877184
2.7467489106927
4.42563546115183
3.10462740800925
3.2074379468488
3.44931644978017
2.88616277495414
2.69160714100741
3.04056953008702
3.99677420501284
4.06750410838295
3.39424711042962
3.27328630795143
2.75964991480572
3.41619063552929
4.50923075120469
3.06379350019757
2.84863070283223
3.48574468890343
3.52744100425161
2.20712537780173
3.49727915037192
3.3893758792819
2.82761692424569
2.78447916543978
2.79139234440282
3.47050995834053
3.32426034845294
3.15793146909362
3.02608219906812
3.65088225528722
3.78356575023569
2.09444691596436
3.13299391552504
2.91301211895442
2.92877157352886
2.94164350785552
2.53407373808562
2.68607846387995
3.48497390068469
3.7869035690935
2.4463401849775
3.50354287898377
3.37000463681993
3.5834067912097
1.91976998106343
3.38838658355654
2.89138834444626
