8.94538795934757
8.20053285093425
6.12973155995611
6.73694432509843
3.67956455034915
3.0651325167321
2.22792955284718
1.8873849294628
1.76738893031282
2.10308773000864
1.58325268702551
1.53061508168097
1.97774979066666
4.26697457129698
5.69009749130985
3.82362646847671
4.61280010319954
3.86172020720025
4.48036670883849
2.85648678814724
4.5418492813009
3.49549776438009
3.68834463232017
3.9084073938565
3.14354122326921
4.30479739802905
3.70523382271685
3.62146405191206
4.15739694065459
2.75317246667154
3.0658776049041
3.52148289940054
3.4490125431427
4.12787523256272
3.06415321766987
4.45800112084687
4.69343671099484
3.99349322174067
4.85953207411194
0.124808248274314
5.42097499621308
5.04795606601748
1.81682833451542
1.49136675661789
3.76729690144198
3.19001768894293
2.25902920273294
5.00237936909472
3.69982085759913
3.86968932171514
4.28334289793639
4.87855436143389
4.38132323327398
4.31621865977457
2.96079198646282
1.38152080916723
1.08923038729013
1.54012268595146
2.23082662420096
2.4367767930937
2.54758591390894
2.00137260369705
1.7200915583992
2.17450881829724
2.15121764138415
2.28407693017913
2.3442037199262
4.30602317648797
3.22874651422596
3.22814260788134
3.848199778839
4.80243916404152
3.59095041700358
4.20159594961161
5.83167925227716
4.68505618611633
4.05422970170437
4.67148015771343
3.87626794811392
3.99898750736664
3.97112288359473
4.4145249058706
3.71742984608089
3.122809863205
1.70477272402055
1.71303676312402
2.18237913219338
2.18446834299892
2.46618966683704
2.98877103133085
2.40894432614697
6.17023256669358
6.3269524077566
5.97140274491724
2.52747558165905
1.95874408461717
2.53154967181948
4.07768246686649
3.46917364985105
3.61819045522831
3.58585008883499
4.00871370684005
4.72551434903987
3.38568634304799
2.99907801158376
3.79534343880171
2.38938777747055
3.46807093911296
3.12985569386166
4.51133745283287
5.5008806542347
5.53806824589546
2.29262143679361
2.15021935264697
1.77559678088975
2.46651568924927
4.08444342445501
3.5856585042543
4.4116294804021
3.89848333280452
3.07457542801194
4.54048327007926
4.19569057948551
3.62827734074834
3.93500809812525
4.88897409731129
3.75177225795868
4.11838633333627
2.82220939218807
3.75356490954566
2.60424491854194
4.89956650783092
3.6140228634958
3.75397896573663
4.38320106447459
2.17104754489119
3.03646764237637
2.50050502302329
3.04058406164688
3.10495101033093
2.48963164050446
1.82723117877112
1.74365553881858
2.0736608614016
1.58687766797726
2.43618876064609
4.04121921580698
3.00964886526881
4.24024466977366
3.29979668854908
4.65394840966151
4.17867383192465
4.20012621894908
3.01430612021318
2.90378710377062
2.84795950149218
3.33952297134346
3.03884749170754
3.1799189244669
3.02388550585993
3.64572182479524
3.00935895829671
2.99453559726169
2.13040288756993
2.43740272820207
2.10260044305919
2.17752257267301
4.20356452749846
4.41133714845208
4.42236411576895
3.43499405256508
4.3341125589943
4.69634904116268
4.60673313177998
3.26115262098486
2.72356129401068
3.21183701474856
5.32680370729547
5.24299327774104
1.68669896504041
1.2036577544747
1.17841392120357
1.23690152000419
0.937271591925687
3.40914532296674
5.61170413937734
4.23638779657276
3.33774475042092
3.25786266407079
3.3044031814215
5.4855851027376
3.12586338670989
2.22449952310016
1.60535168046664
0.917348023995396
1.16007251876469
2.03298775337972
3.17935498360544
7.58586281315023
1.83684940891633
2.53877821773583
2.18433368321801
2.23974653061455
1.99927352096861
1.88935971872856
1.78548136236347
2.90728236607244
4.52891091203965
3.61522803169392
2.53814938470793
4.25598132090714
2.57517948320207
4.83949429487881
2.45126708880498
2.18694422603083
2.57048552106009
4.72220824389404
5.55485848802128
5.44624771409654
2.25354853768626
2.81952130312825
2.50646279313646
4.72936220378315
4.99759236936099
4.04518891897625
3.00970107405604
2.55298622319167
2.25405707390671
4.21711983246421
2.68954700411921
1.58463149744709
1.70713342175754
3.27230746114803
2.51240599623126
4.16133684387607
3.3244020257707
3.36359971378814
1.31366897224333
1.38111326653283
5.04564396613981
