4.99904038163986
3.90106997777644
3.0891397816954
2.70264244801014
1.82909154169842
1.8297388239263
3.2122883239662
6.16390282046827
5.49910641395888
3.57754961754596
3.60130906703632
3.97329826320272
3.81781173728107
3.81366042324973
4.42111022938276
3.8392494211928
4.87858746888213
4.39060094615542
5.99981071556084
5.06156804494657
4.37531778112151
4.4906716132536
4.19183404417703
5.27833435498173
3.08787715616384
3.301044513888
3.2488411892673
3.21621178168851
4.4882986404379
4.48310707991691
3.90124890690418
3.41167693140633
3.37991765719497
5.34770485405469
5.2967593118803
2.67306691811173
3.21026423594156
2.5090703769018
3.35826555922526
3.44705938435414
3.03465207972818
4.98739509153099
3.67995895686479
3.87617461251945
4.47005461707176
4.72899613055797
3.29836480185734
3.90572837824497
4.14235054003297
3.67315905511748
5.08075710263472
3.95561768344092
4.61469325102334
4.26998791848709
4.38137494750234
5.60474853425175
5.11965511853695
4.56733157507032
2.42972030418813
2.89136147008166
3.41576253987701
3.62144418472276
4.5799838169813
2.46446759909018
2.59987301941587
2.53180594520586
3.62826380630275
4.83531687998464
4.69751320733903
6.16657018884324
3.58554897726753
4.1030740406295
5.47475538539104
5.41005007441226
5.49326447069039
5.02514075718215
5.26592096590763
3.65402565148985
3.34589289778238
3.22058216540222
3.55755247466346
3.27069567993363
3.53877209798059
3.72715068197561
3.6154676989283
4.25761903446785
4.63783889586724
4.07738409840188
4.67613512321062
4.34107799638793
4.41346929555744
5.07292819262301
4.58818872779386
3.67500545581636
3.34234877660377
3.81998396183802
4.34721328442423
4.3716501770319
3.99314333356559
4.94212729900717
5.25487696610033
5.46097557540396
4.17030790602202
4.28823865491176
3.2357025667285
2.78126393026902
2.8433245336753
2.6168335488638
3.90521084094211
3.20956003266095
3.12811232610314
3.25964984829246
3.99707000489055
3.97859038897498
2.67158050713119
5.57122305192974
5.77027815746571
4.35909250451679
4.47442103707114
3.59132137027452
3.17901616235146
3.75731827983037
3.88389223500491
4.72892930045128
3.25767561852336
3.4200407357162
4.09794715998901
3.61094259025736
3.83876901027145
3.67980589752628
3.87346521571513
3.03603130291027
3.47210018980128
6.0505100261401
6.39138800742293
6.33311042374188
6.1031683485712
5.36855929262893
6.58284787366788
3.8634939668576
3.75513979325693
3.47025194297235
3.55098313528465
2.61104660590532
4.95662857654857
4.21942990369493
3.84173960428084
4.01014475108454
4.76624112496704
5.21432338611657
2.68905489056805
4.03690011895696
4.87028079686539
3.73957083767132
2.63944150872077
1.9025668126952
2.44843001559681
2.64063894110763
2.9827306914612
3.31990719342394
3.98800553276925
4.77871812123595
4.44120596711655
3.71037426999902
3.49221042533537
4.45197929944043
4.43418299002263
5.00868707583908
4.86123608719248
3.97268276176295
3.97025584690568
4.29886582202983
5.90253886941594
4.72497374320177
5.25290748884675
4.77874581234232
5.34068163715005
5.59455691982935
4.7522075889347
4.16121217801179
3.74007268034793
4.03830785042546
3.70326530252523
3.61241485335804
3.70488607109464
4.21598002471901
4.21967588781345
4.75131491361153
4.47798100089621
4.36953567968648
3.13595896050301
3.74747846669025
4.58386015167899
3.62346008485507
4.09472884222972
5.18739682536252
3.152747834954
3.5310421636473
3.86158632758591
3.37756648977804
4.17835372210066
3.51663196847361
3.33952866286274
3.21959308838707
4.29411380855602
4.10815492721779
3.9980851573175
2.80338010526341
4.04907265872773
3.81737811825317
4.5127734534085
3.94093490081059
4.89539858331617
4.20544692056702
4.08606174608849
4.58993386213529
3.76588786455664
3.44248140525866
3.3728321498898
2.90992777994352
2.95006342245716
4.04519608770016
3.68682081890614
3.43063272522152
3.16013576961444
3.71809191938581
3.07805969527592
4.38052639065503
3.88691555921181
4.16488543924137
3.18348422439961
3.93228456542381
3.89152645770069
4.6334335434584
4.32103694121894
4.81873156951947
3.80926433654709
3.52949907289874
3.47129637360629
3.36359257189613
