9.13547533855277
6.60357893673475
7.1120803611889
5.44978245530049
4.48428404140989
4.29238112547872
4.42566553007936
5.08295490041645
5.10387233615479
4.85466164554095
7.64586367289162
5.01301461215225
4.23532753986401
5.8341944924432
5.09951346091462
5.32932867126396
5.45734101783341
4.97343721955872
5.28164175495362
4.81896629872071
3.91596776479528
6.13922409433545
6.37201010994286
5.38582793343485
5.86200358159513
5.96744873845089
4.5475529414143
5.32107175853679
5.23209583260695
4.96760561476184
5.27872575984056
4.74941343122547
4.5098731522524
5.32836670056742
5.58011507429939
4.85732986010949
4.93965153839777
5.95621636953542
6.50874538511375
5.78207526613364
5.45526916837657
6.82335136790884
5.00207321216818
5.07215135715249
4.43509024714393
4.68901798927499
4.948620559773
5.55601966511624
4.58619355617647
4.99855955292096
5.00398876911586
4.70637357524153
3.62409000946697
5.96022566464287
4.31378125630686
4.76084560597772
5.32103053782592
5.40174865613864
5.91528030749049
4.29282443815481
4.5175738724285
4.88467777831119
6.27268539679807
5.79199981348228
4.45814989724767
4.76154432147056
5.46437170588532
5.371362820337
3.52217705248716
4.37012239293056
4.1634912754302
5.36249744568048
5.07454773645876
4.54994165983175
4.33406467728441
5.04478478211136
4.73561298580067
5.09699511167296
4.74132181622722
5.96036117000208
4.85909894922632
4.915289439901
5.25810807213813
4.90643636715998
4.23545866311419
4.33060351797271
5.452661311169
5.55740246214795
4.23264976403217
3.750156306399
5.94904182976109
4.43895236101326
4.2561468976163
3.20289870177221
5.27563237876457
4.69687857587972
5.46817994588684
4.36257267795201
3.52487690845202
3.68272519070353
4.4784506373636
4.42909015627276
4.60251897485516
3.89016356417499
4.45372274506194
6.02208735456047
5.27887966611711
5.75664460298038
5.43744990520544
5.6445172560624
4.70879370852309
4.34851330319008
5.962732169177
5.92958705206922
4.80733864415026
3.67450617100632
5.16208664454109
4.85301901165909
5.36462304541542
4.61471506660505
5.06225340825438
5.65680614405244
5.37709131884805
3.82707057428963
4.22214475963253
5.75025612851593
4.90024983687213
5.44037119929176
4.30382554929793
4.42790167491034
4.41573540258923
4.54262678788745
4.23401796722555
4.3988981357861
4.38197862359882
5.54642345397953
6.59112096620651
5.95732738379386
5.25603745294732
7.10286026889455
6.36619488079098
5.65979349160389
4.08364591248156
5.28975277500049
5.28690348943716
4.87915933370611
6.15404107753208
5.03123062994352
4.14456744463632
3.84818645119184
4.19686670712644
3.86408127403068
4.36802729010763
4.40709327042842
4.12377248492831
3.87851918963972
4.35893649450694
4.38387408835073
4.92452637224494
4.2539725990232
4.41185622585536
4.27708306785272
4.91476210267872
5.81678167232901
5.43171316638171
5.97061020140492
5.30038296597794
5.91071642154266
5.10187232644667
4.96086807561051
4.99496314360704
4.31885319807092
5.69925418308461
5.811028052573
7.11873815148762
6.81561114346302
3.54997755061528
4.29872892649634
4.65903257850347
3.28054044900063
3.27056786842473
5.07148443493821
3.55346807423808
4.61239091032945
4.505321445653
5.55245712284164
5.92511510081754
6.32229690883473
3.7862954124865
4.96019875901387
4.67621339678448
4.76206340959591
5.27194873003585
4.55108394140673
4.21549348339734
4.17236292665958
4.31072579302028
5.79761057045445
5.07131021642643
5.26616361157643
5.94541092335853
4.42099687669101
6.49950750508065
4.95582574657255
4.97682799077683
3.84676110612306
5.11656651699993
4.53532148238356
4.67627983651918
4.30468479189884
4.92818424983402
5.81307737475713
4.58548068387885
4.57580953550045
4.13959932590663
3.75496861252319
4.38121911750491
3.13177893736716
5.12679332129042
6.48732718552779
4.86243347723271
6.92173414996127
5.89085045416291
3.7431580428235
3.74969462996496
5.37718117974846
4.11750695272125
4.43219012697003
4.15011377795375
3.73612830019332
3.42917149292204
3.66608071735272
3.60684241961841
4.40250944720734
5.22625252513368
5.60105949644882
5.47694145473603
5.70694503844667
5.16964794931651
4.05623392065705
