4.85598517409507
5.80669058957202
2.48743550598279
2.8678773157381
5.57354806178143
7.06865712966527
7.02614138427879
5.5818407122394
7.78693165164441
2.67676835946519
2.24769725613775
2.75514164483654
1.78826530857877
1.78190746412547
2.23246917188938
5.51519881729367
4.17139431427495
3.73576276342646
3.67813047476677
4.01884923212794
2.84924953513411
3.41302127067331
2.7080850199569
2.39562650106438
3.20368620462306
4.83512026124195
4.30724134761969
3.48406386375556
5.62597115198279
6.87699832441414
4.12018754415481
4.00765664984271
6.96533139445968
3.16459726093583
4.8952961982668
3.80089659285476
4.39187312400644
2.65777538297416
2.70853761722983
2.4433251352372
2.4263988469962
2.98612892462693
3.64870613275848
3.61279411543272
3.69517077435112
2.41847898461229
4.04636135021529
5.78254955185481
2.05265302918217
4.97753576710186
2.77360091750833
3.70888817486308
3.09968541459135
3.42114857480816
2.0522984879925
2.82500046201936
3.22072974442459
3.52995120863385
4.67203986960418
3.96559366154439
3.58305689728773
4.01453060693062
3.19939715834481
4.27461736375015
3.99392208659445
5.22035779551723
4.68177085816049
3.15283645500394
5.5649776626174
3.57434207431792
3.17942745981558
2.87593065781146
3.2081162896667
4.58809567221147
3.92998723397005
3.13201161976877
2.79568602757855
2.66406183593166
2.34140089849201
4.84827866195205
4.75780466733936
3.10295021391243
2.20840238142653
2.86153597537806
4.1227593911236
3.57946659628132
2.95405024526471
2.35976540766487
1.98903073678051
2.51519667027139
2.54792069378279
1.46957502445917
2.54169777748366
4.75228994260733
3.8386701970846
4.67199109462281
3.134038675398
2.89623453403673
2.9304620537985
4.07078377372435
2.64575909293107
2.43880374791496
3.27984130914607
5.23716625684225
2.63970301459828
2.9459966958622
3.39350103109425
3.44309987392997
5.03383552268868
4.34917277782013
4.57417166544845
3.18310588863467
3.13670919114246
3.0977177750191
2.92420643311004
2.94317434052016
4.15392133057128
4.89690827993098
4.40297177103701
3.94686185517701
2.99217131475178
3.61676515022512
3.44026990745742
3.42345781529848
2.71992034975965
3.44764570285161
1.20108443496989
0.986664967595203
1.34711847592385
2.20903660871361
2.30946080062811
2.87924711967159
3.45819834531931
5.19235108053027
2.91037243703095
1.24248698033107
3.29866061313131
3.69487058881867
7.06738902487058
1.11190976807848
2.43352125672925
2.81840349635411
4.69884664792869
1.99842795851443
3.76955219449379
4.64120845774092
4.32194153947127
4.50861637299417
4.83813290303109
4.6266282888266
2.75866471493121
2.95434599068779
4.30672779797409
2.84036525270734
3.00816852857191
3.86671202980745
2.06531831658405
2.82124262665358
2.49356975005496
3.05969626521248
4.23414906318787
2.66944166997136
2.13083357762233
0.956644643905768
6.19690288278069
2.69796276326086
5.69504619490188
4.52958614246752
2.63245947752981
4.19951857254742
4.32899388438924
3.98558875586951
3.3492183952269
7.26251767114288
4.40343134016282
3.90064223508455
3.52614855325885
2.26968175524018
4.34722103298915
2.35919805736554
3.10233436423156
3.4221033047958
5.39646480683399
2.72530364866805
2.8762263550257
3.33641470768643
3.10050487635833
3.96011266416115
4.19592029177488
3.88879116177625
3.8277290570719
2.71244168547249
2.71724356976604
2.93051619547558
3.15860916190886
2.8854484258195
3.55390006052084
3.98128735581167
3.74938780469574
3.66690892565013
4.01908587922291
3.93314576919139
3.61664576108516
4.01477463708208
2.80914683013172
2.77416391224563
4.81120205922946
4.89893528093546
3.87273354289084
2.25335398149639
2.47824314349293
3.15996308415111
4.34377219213169
3.94333206985617
3.41241228658172
2.33178089636776
3.77420189982485
2.85482659289818
3.19710747298058
2.97880373528432
3.53417248051818
4.69895260600578
3.47103030752595
5.0039849351755
4.2266443939237
2.53483347675562
1.82217393989474
2.33049856519049
2.49102779966919
2.63965687784506
2.6898161934237
3.28921936888769
3.74623308257847
2.5592304907897
2.22145839474811
2.01882791073709
4.30786113805881
4.39170853554453
2.60024642053242
2.99020606505867
