3.55194890158525
3.02362325959182
3.15321235354745
3.37322342814455
3.49963882742252
3.14652997990872
2.79390744017239
3.11621016876652
2.826378193098
2.85332164435729
3.11203675565391
3.05100591468706
2.67218320478766
2.74409495048834
3.17569931805481
2.54529253668693
3.27625470557792
3.1664787033632
2.73539898360112
2.91510355245696
2.64915860824585
3.57742572723255
3.58590132000673
3.53059916713092
2.96653799763616
2.80622308368152
3.86305880679106
3.68241982104892
2.66264724441508
2.74906891853252
2.76005792793522
2.58878814480576
2.43859665142121
2.33231963022722
2.31947497456444
2.43540969859943
2.56177833458841
2.21350931261432
2.96574026697081
2.93402412127562
2.81789773995653
3.18186825760305
3.03186786357819
2.46254216657702
3.45923796167348
3.36530406406208
2.99687537738498
3.38685195940923
3.64455289897793
3.42270141339616
3.64674338198022
3.51484594065308
3.84905665590971
3.7203882192015
2.86413016307496
2.75583701811128
3.48368387095251
3.04664642889293
2.34036861699315
2.78065442912521
2.25914758726426
3.17951607893624
3.07598800774135
3.66080517650985
3.24661089694201
3.23735245814326
2.04956955447572
3.00418515488285
2.33103425320017
3.33931418242493
2.70101848145143
2.88581354630901
3.30262039546961
3.56681317268977
2.11904492044767
2.03905191693401
2.66917924438603
2.78808433081189
3.50796977880577
3.36523105141873
3.75820365582461
2.52936106116379
3.03455367980627
3.48921554846811
2.67317229122046
2.85434136239535
2.53547473672716
2.66766673150212
3.07242125888095
2.72396662561894
2.62798171453849
2.95221118592397
2.8840077823095
2.57651583720669
3.05243827707775
2.57503307974658
2.28262343714706
2.24882619733262
2.53739536365766
3.06070555605266
2.89961373405498
2.85850328151163
2.27384954262551
2.84071425672956
3.09485222321289
2.11220495821845
3.29870462929767
2.72647973662179
2.90682877125222
2.73191614908852
3.19917629625473
2.56023473631416
3.64658932121296
3.84162558255542
2.17230703601439
3.24205460005645
3.08781722399611
3.35326470553148
3.32361060276066
3.11665443412398
2.39653383975287
3.13456771806252
2.81208507860449
3.56038712341708
1.96126491487396
3.59900488414579
3.08560573299193
3.04965884705126
3.62649797845017
3.71376554538813
2.70469127885383
3.31510863091182
2.71580059650671
3.12756330260472
2.68748203657808
2.56301825346665
2.48421379316609
2.74054556710656
2.70857423576796
3.41108398768169
3.27008739362307
2.93327921333515
2.86929865925776
2.90577900921198
2.51270806043612
3.49559656483325
2.89410898517425
2.8239191454796
2.94514837590585
3.60372225045611
2.46423553532426
3.72868342628808
3.04575897498161
3.39320584597171
3.38933974715055
3.42543743647931
2.82926108684828
3.29268747937372
3.60782333553275
3.08548019683426
3.13340735056495
3.2919999198428
3.17826288757158
3.23989455127401
2.65261971706036
2.80606763461414
2.67493955069962
2.86844035354374
2.49565236899001
3.28883225497655
3.19592844907991
3.94568961979283
3.71974101439542
3.09703121923218
3.32700070147971
2.14796170187751
3.07766528807157
3.31864729298589
2.87021720237425
2.4981123694717
2.97023539881789
2.29587426414451
2.43274411166507
2.81298060101883
3.32489686311649
3.10560386829471
3.24254329471311
3.32490590848353
2.72441541152399
2.83440465042692
2.96421599705656
2.49510828572528
2.57424272572766
2.90828558266307
2.73581239089837
2.96392713740935
2.84933729816695
2.16502650720308
2.49316810157281
2.54375953343338
2.99842280358648
2.65079387207156
3.16548460449359
2.62269906794708
2.90681686207708
2.55935767404059
3.12113200179374
2.73829742095183
2.73247757335892
2.67522828369097
2.58010522829995
2.48751782248423
3.19033472886936
3.20794739437336
2.99699644554198
2.87331036826825
1.83580784271915
1.59184538999324
2.11290283415218
3.08464012535041
3.11065048183595
3.16744656830089
2.65657080279917
2.6594223752582
2.98078149427259
2.61185188503718
3.1824461534225
3.0924732318053
2.52881211469862
2.50536088607982
2.52400772116464
2.33010826950751
3.09789443893216
2.90188939136532
2.91883246985343
2.89546049644753
2.97122003396555
2.81258520276799
2.17172084429762
2.97567662976212
