5.2634455461124
3.4261322479764
2.87963667438124
4.08306182660852
3.37981489251036
2.33077940434817
2.59430794775548
3.33479052720653
3.87764178930971
4.02651886677094
4.32436303363837
3.97438209445871
4.11262457061283
4.4645989808917
3.46235355523969
2.634528067538
3.0201761970459
2.99764322034777
2.99668584821508
2.73743482084708
3.24222561052483
1.91215012628999
3.64480861030932
3.54146883928223
3.72930771391014
3.05631594265918
3.38215681397463
3.51836017937506
3.19963826145152
6.21862449961821
6.00393955370129
6.42221183999023
5.46955898106085
6.51562551064403
3.70922195294053
4.78023388886158
3.24300339572979
3.16956121974541
2.52651562156059
2.99925909489974
2.99066541769931
3.95635258180478
3.65260276717523
3.85965736451415
3.74197644655449
3.40730964366574
3.09189638814026
3.90255376176977
2.49562280418798
2.38029440353474
3.95804430196718
3.71080023692506
3.418370903838
4.03904102682623
4.43222564786666
5.40932881554582
3.0414341036416
3.79939663970837
2.77634841438377
3.23344320132024
2.64620323496309
3.42714931367335
3.4723353274604
4.00391283960012
3.58803229015429
3.79253156657808
4.48900216061168
4.48016832384758
4.42997584154375
3.54752405860939
3.33488525869021
3.53077191341573
3.52867796173224
4.00412911310697
3.95595730366514
3.718617268895
4.71306635584795
4.39817773090789
4.5389857750793
3.52616369410196
4.62657711810343
2.6524447008149
2.76820151006069
2.82873789330993
2.67169690929157
3.06445027474118
3.52069718675492
4.01746796496017
3.73659863933725
3.78640119784884
4.46400968644209
4.98611812560809
4.06471190050857
4.80146518916504
4.55011219679059
5.32127882707376
3.63021290748823
4.04982505472675
2.24086897228211
2.52742766881659
2.6029966595985
3.35046278884932
3.82981344232634
3.71430265520334
2.9163360752967
2.33329093438576
5.4871461266218
5.57052173004804
2.79814636945112
3.50561685637112
3.71565663777765
4.89449581094559
3.91432926673915
4.4829943888868
3.55260607152579
3.56893022853637
3.38425944261192
3.59399156866309
3.68407659268218
2.69471745927098
3.34753949505699
3.23067449390379
3.5514579958604
3.69190888370809
3.05162840973077
3.17085137342525
3.34425644471778
3.11754409301182
3.0911379387572
3.28020913209464
3.71230716500129
3.54224269613321
3.64292986001517
3.98668652502518
3.92026068066502
4.91347016562963
2.82055605504525
3.53749352762339
4.16932895056767
3.46665666647621
3.2749646652899
3.84987087159721
2.63123154065875
2.96843320534868
3.037139507668
2.65795287974728
2.68308969326867
2.90280298488764
3.14334925630005
2.8567509189515
3.73700912476393
4.22468813129576
4.29900818282821
3.80306995910442
4.13306563132292
3.50724955260797
2.5857455626507
3.57525664692788
3.45543394930838
3.83775694741097
2.86558821777043
3.4586827088596
3.33181304145923
3.47233755128777
2.8732352050612
2.91057504669636
3.76563040993625
3.74301100728189
3.53786787037824
4.02447205429052
4.14859468043868
4.1339419224838
3.75135861509955
3.61131529062475
3.84379930532957
3.48257026894759
2.96700629059966
3.54198517678999
2.48121181019344
3.2714307748782
3.90315664835169
3.78825064520044
2.53869285970272
2.46166942105905
2.47175886301337
4.9071162287706
5.3800028381498
5.15258849184974
5.22165016556172
4.29451832646518
3.87230351096808
3.78188727915946
4.77945996242303
4.60804118646996
5.2387208469467
4.89794026047678
5.58527371252643
4.95566592097969
4.67036172759475
3.58053014699222
3.20353627336996
3.18850336262809
3.27636316550748
2.99717717656718
4.26715695151912
4.09863746950256
2.86597641689556
2.70057072905807
2.8863682434177
2.95118829658758
2.5100125647255
2.0754590039295
2.76220263681978
3.02365129721955
3.11552761451735
2.86071767795133
2.55983267861652
2.48086302585202
3.38201053698474
4.69627109370801
4.53602915868632
4.23465136491231
3.86417861940808
2.49646854673802
3.65352698362722
4.03029330021992
3.09989765087676
3.67038681588055
3.6661932225983
4.14539892083884
4.43400275518106
4.6129931416075
3.73326871727512
3.57138915623611
4.50151998004962
2.39255017615009
2.62189611348427
3.23380945898145
3.72841111985519
2.14661643534664
