5.12190935799986
2.6785992867513
3.05885373835215
5.33282796374285
3.20185527924596
4.41522251551559
4.44038143863489
3.54520465888403
4.06598488556541
2.82923256142662
3.42451854704545
3.28555014443282
4.40123942301306
4.48861039376515
4.96887496852014
5.43368476186839
4.20277102169093
3.49217279850454
3.51481226933373
3.74639560290796
4.38718280903248
3.71199092736423
3.48871836440593
3.83350378137037
3.73275717768773
3.8181768593757
3.0047018725019
2.97359235276478
3.5599788806309
2.98121876380416
3.81826714257719
4.2083755853776
3.98893570183937
3.86425146847657
3.8151318120367
3.91353544840282
3.44377482790193
3.13340949407017
2.47615932207725
4.54667524978364
4.51266510431265
4.31548687982145
4.29160926161451
3.95323567368208
4.25741993052409
4.48739815340643
4.02722392815556
5.15119543371181
3.73519739008058
5.34961556717053
4.7354170454596
3.36990725136593
4.48215454519177
3.90958014476023
4.52561180303796
4.76274527618391
4.8013888486634
4.66236831862209
5.30186175098373
5.04888131478531
5.04051034647844
4.76254635007924
4.570331998315
4.5002640286985
4.5651690447445
4.1382541670231
4.42448907460209
4.19156482790719
2.61007621300529
4.40859530092231
4.25085250305957
4.38922108960352
4.0396577075032
4.07557775842971
3.51486604935956
3.75150593878488
4.46112025245811
4.54378928892102
4.04484396284233
4.47625479298398
3.36219656384304
3.55605353471577
3.27874967419296
3.57501479574233
3.58721656827941
2.84243950304329
3.25013979674071
3.2508869237335
3.19334730485307
3.57511807165893
3.66135619170247
3.78717430853265
3.7380203137638
3.70344237596708
3.63760827328059
3.04246096857804
3.56909427498448
3.6013297516385
3.89066732241753
3.54749079034644
4.2435326610151
5.25942481624791
3.49108271662974
3.66103970105765
3.10558451576273
3.22990099717047
3.52777707603795
3.83367326184211
4.15982578584788
5.42535760254794
4.06129540550717
5.05812848919266
5.04043448554919
3.83924680103825
4.32736329181162
3.88197871908588
4.0471218098518
4.0517707166154
3.84485034780884
2.92957250537658
3.53244365515495
3.64196723742718
3.76177909734035
3.68516882179612
3.91376946613035
4.04144376575167
3.37850620375358
3.41770293906502
3.37364994207879
3.91708643025364
3.90468856637297
4.06410543810518
4.43432004211514
4.67648880995606
3.24595997269992
3.46623491474194
3.51400216995851
3.1881560909095
3.91283959868948
3.73908200317709
3.95014096207632
3.79007615208573
4.4726791253775
4.46188727660283
4.22682504631206
5.45319939260929
3.67242848636209
2.6790151120685
2.65203029658272
3.08533111338981
4.65658191063919
4.00146585716163
4.37310574798237
3.55157934584047
4.09087335145511
4.92367425853797
3.69052762877606
2.82041314246855
3.79294474912057
3.92037652853526
4.24797363037517
3.98671463542501
3.74425174601575
3.69068223368426
4.14153372291183
3.74717852314642
3.8759424501105
4.29454264302811
4.06341112337148
3.06099862770251
3.01354943287632
3.67854783476404
4.0839681315895
4.07728938364497
4.39792293199761
3.87633762537925
3.70513449982636
3.8259872143565
4.07675535316593
3.14976866814322
3.65377862799967
3.58756543169684
4.0047995017142
4.17414288703521
3.11988802129571
4.40926983484984
4.51715324257484
4.59322173697767
3.51270263841361
4.25556424970225
3.38783535466016
3.48744771453982
3.54241491907518
4.18247329450454
4.59995322175406
4.76268595144234
4.75277921252678
5.09912258050595
4.15171549797947
3.63475929948459
3.59454448197926
2.92602322625886
3.37798600119954
2.72507182543581
5.20482426264738
4.37504595101363
3.17439263908117
4.54103530280217
3.64224366579066
4.06240293801339
3.48600785445541
3.71983692008199
4.3340022258404
3.26836010831775
3.05882662619843
3.03808828692181
4.57763526815725
3.58462552321254
3.89294687461907
4.13872505140265
3.97564283635924
4.41923233657078
4.66043936158465
4.30820253095524
3.27700072131054
2.82268943847091
3.99915913701923
3.37973576802203
3.15815379395524
3.57869653561527
4.08982767369041
3.54688460748645
3.88495655635825
3.95958937426388
3.22030089816551
3.56926937038913
3.59322658209127
3.25585038475689
3.20880233852674
3.27149914314859
