5.27850325031123
5.33106292310072
5.43547358744909
6.22295329402332
5.85621304352899
6.04279080880006
6.93006958675696
6.8447889520028
5.73391327049446
6.77966169800472
6.61422736703185
6.98648071005961
5.74697212096437
6.02681858820701
6.91545705713192
6.02742223180155
6.05409440695564
7.24241512592818
6.10887994242768
5.83216580081398
6.55946145525488
6.6574305509432
7.22572493965202
7.33210611708858
7.74437965585315
7.52435781694411
6.55724548254884
6.59936474770135
7.13521883770651
7.51022205310758
7.57052198839259
6.5350893807665
6.43257014385231
6.20820755443342
6.35833929204424
6.07584371096496
7.14417854375248
6.93817498120521
6.58913136883681
6.09985769459755
5.83770274314962
6.96364829978167
5.36139766026461
5.1236331490072
8.4436541347968
5.75322948016399
5.83956036811679
6.37143805326343
6.56218803936065
6.79407055754067
6.82248395480068
7.1761603844451
6.98833469856454
6.68408171456231
6.804122290536
6.70514160204603
6.22937427258879
5.9208994056021
6.53928872988719
6.52500101084981
7.39908865419377
7.20574541658829
7.83875821008082
6.40309533931981
6.67636398325581
5.56352215592656
5.548137766839
6.98568119807952
7.04328211677113
6.50140570810986
5.98800214595629
6.4403752748063
6.37755628064695
5.73181387540612
5.4136586532994
6.04485381060008
5.89159791069764
5.87939677984182
7.06865897207249
5.61982594654623
6.24990294524459
5.97772380707019
7.41671878999361
7.88397156974563
7.65457131593338
7.15076861875913
6.20191882197595
6.06389235382869
5.79291029091894
7.01780838569596
5.90324407195249
5.98631628540853
6.1971386854169
6.14935814743909
6.73683267148259
6.02757888115989
6.34204016704982
6.51685122013962
6.34302736938248
5.60336087158198
5.72844243867571
6.37829826947542
6.26524738062811
6.63878638230901
5.4070545800839
5.78857598695414
6.05032429992663
5.64463616776722
6.00700665022678
6.03013182152806
6.05626740493623
5.80276374147085
5.98568107648046
6.84702538414151
6.27759585385875
6.16720012074487
8.32094356628554
5.72416249804374
6.6647763517889
6.93530814700788
5.66694109725794
6.10099212291679
5.99437599421596
5.47209934123909
6.60637786171516
7.34788032338012
6.57775875037525
5.98827119493846
6.0235457642389
7.63978533960134
5.58392808948392
6.70527138146324
7.53949912884442
7.02272584955378
6.98681226992218
6.76779922493704
7.36383612290927
7.5043243385576
7.15342858077067
7.70454838497381
6.95668573839336
6.74925368998433
6.99366631565849
6.55532350791596
6.1525178549809
5.85441247867398
6.51428453745298
5.61684219567083
5.86453876394374
6.417010506428
7.09511306723502
6.6390363927413
5.70507953962723
8.49454023428078
5.48872845598673
7.49350227301186
6.68563641865914
5.9871223939321
6.00134025818845
5.95644051839774
6.47034028596998
6.87421660084099
6.2443227089132
7.38545063288238
7.4542030544804
6.85016680451032
6.93215955177244
6.39676970092502
6.5856779846341
5.94727878788683
6.27758769881386
6.09937376042632
7.06778559254287
7.39724517965494
8.21469666700647
6.75629670763225
5.64493555699498
6.11480320300215
7.4522726238636
7.3363930057665
6.99973534661584
6.94817196632975
7.15003505544045
6.7085715267738
5.76858427896404
7.80021082152852
8.0414883901147
6.09493502995966
6.62145383910312
6.49573659312947
6.5299692556545
6.08028502953998
6.36062306817906
6.77339508943545
7.09539834126045
6.1194096263047
7.67232223797584
6.70680785209532
6.39151260746413
4.80757626216628
5.68939293469429
6.45137816054995
7.39904322467993
5.07807405798013
6.05339661719356
5.92073310459112
5.5356313536324
6.19307083025822
6.05148682319982
6.6556334607274
5.35305145801685
6.52842899197642
6.12890355447237
5.77042541066114
5.8459219348626
5.01475262711755
5.02794463536701
8.20984272330199
5.71649626230841
6.9504679604681
6.32928929956164
6.49753336476425
7.41764130031953
6.70426070791001
6.62637047521714
5.17110548438069
6.99657015166741
5.3115749646866
7.66130420641001
6.88301934596194
8.49048339217944
6.77641301104842
7.03371625430636
6.89827273073648
6.49652312356089
7.5072368824393
7.40234516807164
7.14713109577338
7.51740934713076
7.55855025235874
