6.12153969955372
2.86853830300944
3.40789774357083
2.64247759834065
4.32814626118403
3.38981004278782
5.13429460882418
2.4395922075834
4.66796434778754
1.47234792619129
2.34903397557498
1.45063379739583
2.95413629531101
2.61984120409176
5.60522235610694
5.32600183186293
3.8064019231463
3.51259518161577
3.51079353534441
4.31564662969679
4.95566466442317
3.35255251636293
3.31538330062788
2.48374680660229
1.55882970846753
3.30082042761881
3.33490694307824
3.18266184609016
3.99217787757525
4.87307111872369
4.21951795695358
5.285539946322
5.08978082254114
3.54085352146583
5.11271850037357
2.06606206668448
3.12796121694055
6.59214408498584
6.24247750673226
6.36017003153057
4.37202626802565
4.40174275199593
5.34595156270207
3.30765211230727
2.19985623399378
2.53549805490883
3.55506068667406
4.08248183544531
4.70494487503349
3.99014673236563
3.08784018963381
3.82034029488524
3.25455576075822
4.62604601808473
2.02105154876247
2.19035452778101
4.02480762485996
3.7655235533579
0.974734684620494
0.834618282206798
2.0014600923103
1.6871011673291
2.1239860692811
2.99792071099755
3.43586934817386
5.48113651986596
2.97677106683505
3.09929252343258
3.26081007644139
3.88212749879284
2.80054434114544
3.57028487469478
3.98638669958293
4.23408978430509
3.69052555488036
2.81699832092461
2.93471970857543
1.72349592560392
2.27980088751253
4.58705800428477
4.12897459193508
3.96691379891152
1.68820177306796
1.48123617291932
5.56169508184318
5.0345916326252
6.98598485141196
3.34750963005114
1.56717628567377
1.68699754049034
3.39802391610104
3.48172370923424
2.39457464331502
2.809997561289
3.0234302872736
4.66221946887113
4.06955711347423
2.60693544558622
2.61785846519656
4.22694579843414
3.84076166205091
3.3487910037486
2.69702837167596
4.60823523177123
5.51042184363271
2.54164277752081
3.48379115930966
2.57066960011817
3.83964815011541
3.13733322846065
4.08115009672774
5.08777281104191
3.41853084729255
3.63553723029063
3.53448775807755
3.46458819786575
2.27403755427463
3.85082958237423
4.65963518777086
5.06575854792415
3.31774596128267
3.19260002537957
3.44736466484235
4.47684412205869
2.3320924805879
2.66232404457615
3.04410313461185
3.80176439522089
3.15538463475437
2.9696815820721
2.62769807189079
3.05767683854764
3.03588274377593
2.95728733236051
2.16719619961536
4.78234948482445
2.68928190399042
2.29039107527665
1.735740767178
1.15617470033444
4.45557507565909
2.37994293003075
2.33134082121201
4.55924254910447
3.76278211671603
4.00860536500556
5.62719644154934
4.568546954183
5.1701833425221
1.05251974902498
5.87846576639496
2.82464971317348
2.86249587702004
5.40122282659003
5.31843015355759
2.22241567924635
3.90487499453144
4.92071571159541
3.8107844349499
3.51675400641297
2.30276499898746
1.7604265555331
2.9267593019896
2.85485903980516
1.11641789475761
5.34743707759052
5.045181889038
5.52468639996948
4.19146049551169
2.28821169583932
4.48398290200294
4.48734275634991
5.27665872137652
4.04398596902968
3.54940175043078
2.85940374537961
4.4004066177796
4.13365823439529
2.34193239638063
2.7547741262004
2.17968895842733
2.43527694915566
3.16484097998901
4.38275048604547
5.47711774429618
3.06450542111262
4.46347641548159
4.41351764387406
3.90441501625429
3.01655365991917
2.29229663105822
1.59153341282047
2.17963313219045
1.97100558598433
3.31489026279681
5.80922987836906
2.88457852751202
1.91049650508351
3.54744572984886
3.25065395029701
3.06616832256568
3.59073519740504
2.31683832231916
2.39371532306082
1.70578477961949
3.17943000106148
4.16401295142255
3.85376741282649
2.46293361309462
3.47549465125012
2.57539646700144
4.26294082123906
3.09494552832337
4.85185548631113
3.01833367314992
4.07303741232851
2.8450304030756
1.8889975849533
1.97524829588986
1.93145963138125
1.25153008040459
1.21615839366432
0.506803631357585
1.88852033304613
4.69744879805434
3.6859334866232
3.09953586124408
3.16903482908907
2.51236557771536
4.76410831941118
6.08996387671842
5.49677007773593
3.50786131608933
2.2519056567169
2.31172541234886
2.84225164335414
2.49765094048653
3.25948305561168
3.09057446143551
3.09078129394283
