1.94125428605854
2.33761509830161
2.83402193427115
3.07172086242827
3.21020794766264
2.68096160521106
3.28542479034806
3.69845459377685
1.96842822479201
1.63333631010855
2.38702651899684
2.57865667105097
3.4235373886112
3.98775445951043
2.67587150879835
3.18449777518098
3.67095294130268
4.52710572700482
5.35509146926835
5.63635796751444
4.39505106746768
4.12455654397187
2.85664116285322
1.70917414166223
1.9752245380217
1.51619455941485
1.89498527046757
1.89447637421867
3.17253214126204
3.41606844606667
3.68123119295432
4.13958567384822
4.46683034816949
3.06639825929148
2.16550845006749
2.06842156878009
2.18312470671783
2.37438477709442
2.23081816739161
1.88680113113244
1.35470968352504
2.94194238549892
2.15245421427164
2.85218525630492
3.09785061002779
3.68408243095419
3.42739549441393
3.19197365790328
3.68732359641886
4.23559563336617
3.54062447892225
4.7575917715179
4.55933535434028
3.95774988823739
4.21668513485399
3.11026016523299
3.08259194679718
3.8414300390296
3.39004290116416
1.96433439583914
1.00267967837535
1.01844578159295
2.66847305827182
3.13057554642078
3.13928138174456
2.28397795733403
1.95064373443242
1.69043019309979
1.69416933845983
2.38621254584264
2.56521832004633
2.47319961617471
2.30466407955395
2.72466337587878
3.19042399851798
2.57839230029106
2.38554844213843
2.34118697138737
2.2022444647574
3.72262679146556
4.11674668967979
3.57902112745004
3.05462338222311
2.70648076111571
1.97355803853021
2.12506153067694
2.11538214009376
1.99556156040938
2.40226680293268
2.19261220397016
2.09221145769951
2.20636992200241
3.35609448954481
2.95993311986335
2.96046292692431
2.65468781026088
2.16898028835662
2.21801374688975
2.27164910233583
2.46717352478768
2.83280591377042
2.05160673487889
2.0880191322772
2.26267986664383
3.07335641480817
3.27234632441608
3.82467699250041
3.59769346857278
1.45745605803098
2.74692386635582
3.15370082636367
2.11048499166215
2.58008550617093
2.72762355112651
1.20754485918843
2.05547186654695
2.44863366304599
4.44745493788906
4.6028919065655
3.72364128053202
4.68655253199874
5.33069119600593
3.3362765540184
2.15475279789432
2.16427492043129
2.27381920972965
2.35521793291098
3.00405938188321
1.76671613770115
2.18764285241019
2.9581652759644
2.58727793164623
3.06943733340201
2.87253623830227
1.76003018582312
2.95710429970247
2.08929563781319
2.76941289359527
2.57726240090849
2.20416070221869
2.18463002996143
2.1135896925218
2.62680818898227
2.7930308835201
2.77382818840348
3.50304840596296
3.90972255815593
4.41964363300083
4.50982613289437
5.05861181985295
4.04871670496615
4.93106099558027
2.63961967374163
1.81610290644548
1.87559467029834
1.60622562819516
2.36142779399997
1.94604912875308
1.67745515387593
1.40225153457726
1.3718099283004
1.3878721311638
1.70938461266609
1.70812345935295
1.84435044495652
1.36311326731127
1.86851468259599
2.53251055245647
3.07600942778816
3.15044520109375
2.88111159796669
2.41562028290677
1.53272320748708
2.44194862189332
2.0684922393978
1.91528527584005
1.53464947629018
2.260985827886
2.11288937560336
2.70507582928441
1.66643909923188
2.04054992179774
3.27312623136422
3.40452168451361
2.93989608080747
2.33331622060077
2.39961837967334
1.72230127193302
2.2661676911664
1.79839501082028
1.75856330077226
2.02881419024492
1.69999874101405
3.11182373075552
2.89509330336357
3.71787522440832
4.13861541483607
3.74243615787532
3.7091944048945
3.49036562107087
3.47828690930785
2.4638485955495
3.06100494837869
4.11578656229667
3.82701329756073
3.72864774159037
4.1709154118865
3.26792713752863
2.66698593213138
2.30954585968116
3.71513319761558
3.18678149954482
3.2408876231601
2.99895855807058
2.11150019824795
1.91943857515521
2.22839616168581
2.45363851167507
1.52819657952576
2.49113420465081
2.49083564597054
1.98079545636534
1.92216795759691
2.2728923965448
2.43798205009276
1.58757376523616
1.2686436701745
1.3870334347545
2.77274634860135
2.75775255433894
3.03096556975863
1.91231403530278
1.31968725363426
1.14863021934964
1.87865026604943
2.11365515210294
1.78100036455851
1.85079705527585
2.17221131899017
1.81322330556029
