3.3655572470404
2.7488757256621
2.72665548615321
3.89594050415023
5.58289828581899
7.77556592749595
4.38191766303196
6.02810607209965
5.98105972597539
5.20080656103953
5.52000911964267
6.92042601166456
5.16513890830963
6.08366671395824
6.58260830776171
3.70828884378884
4.68588424012874
4.14050159375061
4.03588062107053
4.59997422243434
3.72490305774811
4.7818392086305
4.03116992065113
4.93744631200459
5.33518652283179
3.67981842422966
4.3850041630875
4.17934650120093
5.58748877172126
5.81614763133927
6.12105295244345
6.46064062924796
5.04699142785483
5.1481407751061
3.76727067452967
3.71770053968876
2.52615548805025
6.0314545439991
5.46382662462365
5.62105098175179
4.58713987743776
4.29085680045482
5.1127761462174
4.98522221704273
4.50221780629157
3.13264355144723
4.3172919567421
3.4431968911736
3.29693701846514
2.5133433898607
2.80141688070015
3.29884250770736
5.75608009688038
3.09002181311551
3.22496338776726
3.97917881683859
3.50846930296573
4.80100616935122
6.28350218461308
5.61540117237199
5.20266939682368
5.09870767296705
4.981700000596
5.17012809334392
4.0875753176033
4.18531648373301
6.49763991428609
4.53222833039309
3.27339201474898
4.08462330101394
5.13931948600026
4.83898097219891
5.09858014678018
6.83607031369018
5.82799339072215
5.7252109014559
5.34140324489743
4.5116004584317
4.20450942348287
5.01870774190239
5.51500863480679
4.7337281750891
4.88059095669572
3.89737696344067
3.55370979263875
3.9186481095055
3.88018786996477
3.22773053958886
3.739770662001
4.78058039763065
5.57937003665657
6.88235209642963
5.98889854567123
4.41295368008313
2.44889104802159
2.81261205784704
3.50186784071575
4.22110741184752
4.50824517309393
4.27602740758547
4.53444737996423
4.22302396961231
4.45544863112945
3.66497854259907
5.3595490601578
4.83935988430988
4.45506681098726
3.27290919997852
3.68765484056576
3.32143841223262
4.93507363140053
4.96346863593128
4.6864251531769
4.06943640905586
4.20255186502975
4.04021074111727
3.68265619397012
3.52101391309721
6.44125293603015
6.56146559806389
5.80906365318112
2.99444832950719
4.25218486857016
3.41603402911101
3.92533249246304
5.14587185602982
3.00288208725845
4.18613213825022
3.7440292626897
4.64803077385744
3.36684883165156
4.65728620870953
4.61292740969326
6.41500403253701
6.80189329373058
4.77566382073702
3.79567293899335
4.1479854157023
4.13025438103973
4.27624840213134
3.25649383494778
4.52399784622862
4.42092082990405
4.16166323065829
3.96900872011264
4.77905116798883
4.61467750147512
3.72231892040526
5.15554073043694
4.60907855360364
4.98945597196525
4.05046275733566
5.73703508461421
3.24320843779077
2.92554408694213
3.06184753449181
6.01521377404699
3.28416881197611
2.88776155560756
3.32874791044289
3.72270811628098
3.94333109491983
3.1846696771636
5.81775163299883
4.75259480300551
5.05608766178003
6.03448419066062
3.9204653066511
5.70005344300742
3.96471311970825
3.70362459267802
5.01088424264766
6.05083737946428
4.45701306551076
5.39170101462537
4.21400372908124
4.34918029466196
4.56248958734348
4.09959315508156
4.1513112629719
4.83084640977457
5.24717367020919
4.81028962927909
5.66992200073825
6.01621409180613
3.838399033662
4.05089309918142
6.16626166869118
7.44774259757414
4.51105073550879
4.82100917774305
6.26610107117385
3.99835989836513
4.7515730437304
4.2207193238142
3.39802800942614
5.23777634274131
6.26912853397345
4.02660150635904
3.71604950630727
4.93693955333593
5.10606555731656
4.64071378730046
7.16969928577351
6.28573443271695
4.11897206256641
5.58010669240704
4.08847252886718
5.13868277699063
4.97226996635638
4.4424501263104
5.70506637107692
5.39644273446984
4.01132509701065
3.72640183784179
5.33312916133664
4.32138909683435
5.28945265046557
5.4055129901173
4.68559820774767
4.20262707967136
5.76455430045548
5.99235178401518
5.18324059305537
4.11875447222787
5.36607411099325
4.06753776220496
5.14443385133411
5.06266553285655
4.5662817734802
3.55301066289804
6.80918735580839
3.45514440379939
6.99144281849167
5.38199334130222
4.27416257424811
4.52500781168291
4.53621808842817
4.57192751541759
4.45513710227649
