4.11981014362103
3.67240319145863
5.1349145115914
6.5415522044154
4.17600299907868
4.17006991269087
3.79872692586874
4.02881187969839
4.27935072664191
4.08782309559972
4.01020392076029
4.413222869848
3.1476806190513
4.44840422670319
3.52354562354237
2.70061659412169
4.47630005674147
3.92809049943172
4.03978270538914
4.02750973510387
3.98583653536456
4.17175205299202
3.66893832260314
3.57575470346322
3.74546200220769
3.66895424136404
5.51957497121279
1.94903602944199
3.16379199360639
3.85791991648406
2.97960066466734
4.65546584685475
1.97081028481156
4.50208486148298
3.94872260246814
4.14236176679299
4.51455375938134
5.6561062490979
5.74186649233491
5.53814066202435
4.39440706186983
4.99607322412598
7.22530489881578
7.3451427701028
7.52088258947297
5.0030382085773
4.905689770561
4.20384113724054
4.49010081447883
2.89480733029474
2.63522237442363
3.31211088128318
4.82531861351733
4.04430832710047
3.19181856832128
4.37068511737845
3.44668846427722
4.93313648915247
4.25097610949912
4.50067393397355
5.00905246855133
4.72037876562991
5.72993306282752
3.42654047094129
2.65332394957386
3.7630531226222
2.89113132752686
3.21184297847131
3.24221058106551
3.90244500255713
3.83827887187131
1.54991219372916
2.9091276055524
2.99571150209251
3.94948500871292
3.72234143560386
3.99130166840225
4.04610302156697
2.96224178370948
3.2415819363382
3.07734775121252
3.68348162219547
5.17346208839364
4.42812666523414
2.8633943474214
3.24537313210922
2.46397652284386
2.09048158808755
4.57055835607802
3.05653722082093
3.3730776106149
5.49490125508733
5.38692803601941
1.89102075594806
2.59187391638782
2.55826085736174
2.25010966532994
2.9479111992781
4.946982812868
4.97258129276851
4.78744473008955
4.46680862346504
5.16488023942709
5.37058727582901
5.01892664516329
4.20004968112319
3.8477367594798
3.13035547071666
4.60161982121047
4.67467803401821
3.51683287123167
4.39477336540779
2.22181581576671
3.79834363759811
4.10497008181493
4.10410617535319
3.29228340332712
1.95001030444484
1.72968945649719
3.98753147802582
4.27918102104579
5.06006943412487
4.72910837882459
5.05362321443185
5.18732186929854
5.07624935509237
3.46096484764017
2.6641753095249
3.5477863241034
3.486022797839
4.53258806957352
4.53480457585725
4.23860853469419
4.34366520146328
4.48489066089037
3.28452860815644
5.09922823002756
4.47706539528638
4.31013191902093
4.47406856427915
4.15593814515523
2.7423889796474
2.90854257017591
3.51769770221793
4.6267379141041
4.18685446619177
5.43842318181641
5.6528476517903
4.40842210634372
2.86287825214182
2.45785942724387
2.90776176894496
2.49141423842576
2.91893396126744
2.93035049358027
3.99128134822117
3.30463543947431
2.95390849535441
3.59603956037289
4.1375742826899
3.32766658182344
3.66978016326754
2.84713190981769
3.0063405864534
2.7452481831817
2.54617572300341
2.79564662886989
2.70993921397459
3.42922003943678
3.60230588404667
3.89588596381021
5.16853361488767
4.54695484932028
5.63176314923887
1.25155056333144
1.46512468969205
2.87685655077341
3.65996937007997
3.81875142015879
3.94534692418014
4.04749503655543
4.48610660147203
4.09224845182432
3.16250380214585
3.09737563245916
3.95295422790749
4.65144930133374
4.73969582101108
4.44005193825751
4.26219132341385
3.56886168414667
4.09717851811823
3.79671475598392
2.96839643187002
2.78080527820736
2.60746363105979
3.31165506339427
2.97837216288578
3.99321921310502
4.53880801959961
5.69232950319191
2.73515485559245
4.30392589292627
3.53618067787009
4.51231992482188
3.10143035980853
2.31648030033101
3.56637305294861
4.22189103268071
3.78268435710236
2.74983188296795
2.67354922052565
3.94052803088555
3.95281399870866
4.12294033556432
4.71861091596261
3.19972122148798
3.6256365561212
3.92573651664952
3.99706609152641
5.55949250493582
3.74052489852916
4.42504108095188
3.45238116852585
2.96165174795622
4.07791624767386
2.97944725900568
3.5903825634553
3.76478363903452
4.91933241078792
2.60351826774119
2.29693522269068
1.12740750833047
1.66759468790707
2.52772660356579
4.856241029412
4.8062599859631
3.7809084564878
3.85207934416267
3.93037877078801
