1.45053025550359
3.87784043355995
4.04753820069205
3.0932023295895
2.22443265031042
3.51925439136984
3.00084575160007
2.13540419830541
2.91485617364793
2.35799546455069
3.56573793067633
3.24466195595565
3.37062543114401
4.59111439600687
2.70166967786948
2.58924884839083
4.07085525361921
3.26919886866684
2.26644047467138
2.15742056589709
3.49034535890043
2.81168855428087
2.93905156372268
1.94954423966039
2.45435303991608
3.502244919836
3.20084260015649
3.00016432369936
2.72087425530846
3.12470977887699
2.85085236195594
2.98366251951823
2.71416841390001
2.49416603742557
2.05361494808674
2.90629127309874
2.89461532905254
2.34503622930053
2.36671645724702
2.2115078267597
2.87147829051274
2.43718870005714
3.00877100159747
3.44100258616132
2.40581154594284
2.93570779922485
3.11726326315731
2.85900708716356
2.71293394742527
3.20117237241932
2.94151038965204
3.9590481020895
3.32577736807983
3.39971522467207
3.22776333421465
3.13410750670626
2.72366207499325
2.28361100454351
3.29364305066413
3.24838738698114
3.75411624463298
2.36515569240915
2.16136783784188
2.90714098169204
3.24257725831788
2.45603385716697
2.28630480738377
2.65947821561102
2.66003242541728
3.20574895093841
2.5439843354641
3.19163302806081
2.86871256588979
2.6495709563513
2.66308930189355
2.66028955531313
3.16627574850811
3.20008040170648
3.43490303864234
3.36140063076743
3.148760400348
3.1643915228626
3.25824491024735
3.19071636272521
3.51105706298722
3.77800432148448
3.43921871411672
3.60961412939301
3.52157576104816
3.37160239277598
2.42181359838885
2.52514204099532
2.40411432377101
1.93836502302577
2.64653046745946
2.27027056981488
2.48608983643963
3.66163927315058
2.40077122019858
2.53515863230707
3.2948558838333
3.58685736001967
3.69138004389983
2.35994911623965
3.36120432160641
2.70980031301036
2.14530498611716
3.24987410158784
3.42351835277797
3.32946897592096
2.84516303220603
2.84233494594533
3.3328362092597
3.12299712274573
2.59661296515144
3.7153026041796
3.13880746657232
1.88627048149066
2.00456685792016
3.13470101345665
3.29260633352222
3.07091346547948
2.80380924281399
2.59999349053556
1.50104702438013
3.00113132583694
2.62437951969765
2.94580983425927
2.91495258090523
2.66398337073129
2.46585343456574
2.52669002632357
3.31790626593405
3.58330647726082
3.21536892577329
3.29890794340598
3.12204693724203
3.22651014732894
2.59740407110163
2.65270998315043
2.19532785151643
2.89023832568976
2.84702508274597
3.64874045507837
2.8122559399702
3.13363683972363
3.46228877853876
1.9977448180159
2.00393474407768
1.97394702630115
3.19223352242259
3.14012540744421
3.28215449910923
3.26405392285525
2.73267531514384
3.02607401626401
2.87216630278372
3.33780716572173
2.95799157034243
3.2954001055249
2.74436808481449
2.66639826969812
2.95136305654058
3.60434146841625
3.2924026079999
3.68944597951423
3.3514179155166
2.71586620510378
2.39895497291171
2.23731881040841
2.93865200072288
2.86121671465923
2.83536523446207
2.78451486381263
2.99876723329098
2.93389138346554
2.57241139790669
3.44201903678052
1.93393194842659
2.6817105014766
2.60056133299738
2.48282259430619
2.70431975771022
2.60431343952474
2.94737007045229
2.41075574974572
2.28642121464988
2.0846426453929
3.24798272274974
2.70502001200188
1.71008579772544
1.48807664957885
2.55212562851413
3.00206016958233
2.94910170021009
2.21150625519928
2.82460741000006
3.90282785865869
2.58242581059616
3.06427103277908
3.36386896471306
3.21234218344836
2.99511051241048
2.52584751158674
3.45904156913702
2.53969324681629
2.97343404566591
3.46793182776918
2.68020719769776
2.66578828186591
2.76060038913836
2.95300777122485
2.8573845117867
2.49544471315509
2.75594364990881
2.60891310776984
2.45451118563702
2.89905946504264
2.86524366155832
2.66822840074643
2.53658312453523
3.46855595741987
2.86980254703594
3.00303470350326
2.50710045159385
2.78075518956929
2.96781468470171
2.79855791068428
2.37469778404363
2.94699857019611
2.76983922791044
2.37118963258523
2.64172561012468
3.27993437463034
3.37530611736316
2.93581789660048
2.44103982520244
2.28013556112489
3.62578757792062
2.3952583790224
