2.7121846052374
2.96815869822383
3.66325776775054
3.53125449833903
3.74375452096463
3.61388673442305
4.57981619466917
4.38676150743739
3.46768393036799
3.43499173356204
3.67549435455283
3.66770406473359
3.8356332416179
4.70347795625293
3.9180969417941
3.7260540443387
3.76004692017177
3.62864498690778
4.03977522881327
3.81883200711592
2.86529440341029
3.27988164348543
3.10551059514299
3.39374684043494
3.32225978358287
3.27622472944308
2.99215046579588
3.58857673436973
3.06571767177128
3.73982717400112
3.50175760002321
3.78665990846932
3.24299239917479
3.64413295902864
3.82893319577689
3.38346112715791
3.4498361639843
3.14045493824049
3.17678707697881
3.28462673052176
3.3567712398149
3.27169569736986
3.56168517951562
3.4025540278916
3.63426467000215
3.51973950273066
2.74583216134461
2.94002058014276
2.94501721981915
2.93265078619124
3.38895166149114
2.88302805664717
3.01031384960764
3.79056276478967
3.19541516858315
3.36822636011219
3.53627684293249
4.03797279730531
4.35591678071419
4.33938157355065
3.64295051865371
4.48115768296735
3.98284082449489
3.3271214897696
3.40868777976819
3.75413580468748
4.02863887787689
3.51779512266521
4.0074702837272
3.44216843608305
3.47568904207751
3.96907985878034
4.41195083351385
2.97890199916613
3.43036807065567
3.62968565242398
3.62937598627093
4.55886504814468
2.65100834440879
3.11647533873535
3.85262972343301
3.81333451657772
3.92477003731437
3.11996783190079
3.06698756632067
3.82058279490576
4.04381432118064
3.99185654308357
3.78207977515335
3.46678267352904
3.84128775427739
3.88001941510349
3.70522938382685
3.01876102937388
3.8967051691376
2.28179942042811
3.08109213476313
4.07665503182692
3.95012399805022
3.38596476213319
3.37685187854782
3.87756035116232
4.01900977785895
3.26422999311866
3.84798317136138
3.49245782411609
3.41244276107034
3.9426799379527
4.42357196588361
3.47420537634113
3.8140697029821
3.71736974128201
4.31608895754279
3.31089680746323
4.50910365694055
3.62028863533253
3.40510146843908
3.29264136592621
4.53921388138781
4.09647504708494
3.99007625527047
4.69595190648297
3.93874855912882
4.10915811293587
4.20235973859004
4.55479499308191
3.30198060952002
3.23092389867474
3.53491154980679
3.8648404424714
5.25052976065148
2.4762606431434
2.60359808678572
3.08097692387281
3.06481216050787
2.86080132093383
3.30865530943601
2.86385579913957
2.81321838177212
2.7181030861608
3.34540542266734
3.63366209674098
4.18812542274066
4.19320520530858
4.01259526662
3.91192543846841
3.57359096108974
4.68773484144491
4.27832021571827
2.71940960509833
4.61047010736671
3.06001170825344
2.96795986811927
4.22500436089591
3.18457962250839
3.167190385559
3.51370379277068
3.29686843691888
3.45226461594396
3.0805656122196
2.85161790463786
2.98581650081153
3.47647362878535
3.71327301790927
4.52332264767949
4.68480964969285
4.64357895856165
3.42845904440992
3.28583097025194
3.05092654636823
3.16613976631971
3.13694444878684
4.55108245249035
3.94697492170276
3.62847356937023
3.97414822756441
3.8108281741956
3.51840071308331
3.28532147376544
3.27855263898826
3.75036025575108
3.49267007305546
2.8212986903943
2.53618904517292
3.98366963574594
3.3884848812536
3.37513392650863
3.61867311200028
4.10155052129142
4.0581853650134
2.8469520454369
3.05148919123034
3.43204124462246
3.28821163203592
3.25082707547574
3.42133000403024
4.7306245398087
4.56946349805138
3.99360002103259
4.25160954744552
3.87160697245036
3.8842185651045
3.73368401988643
3.3439966917527
3.40520518715727
3.42008944510652
3.31701669469705
3.31734124760154
4.01630881646042
4.09534641813157
3.68116286109803
3.14403506500316
3.07816644377676
3.84219916365596
4.13571508617429
4.10882315428285
3.00027591151539
2.8498842076121
3.31164835185764
3.71118308210141
3.1681880800963
3.26263209893244
2.95632708986155
3.19397270382248
3.43306105583862
3.03669944498644
3.43147713970349
4.63694125672709
4.02291427532118
3.40194082067587
3.50101057839549
2.74328296286023
2.60707657139588
3.21561643487962
3.07847381948682
4.00136199335049
3.21938567722629
3.58095500972608
3.42323280510184
2.82960655645159
