4.83306060609714
2.03732100007431
5.56829585199551
1.83250417205812
3.98075811443226
3.91778825758388
4.06465810979148
2.30446557802187
4.4140447062351
4.36381850294587
3.97856923654493
3.46717172531229
4.09561748845321
5.71320286109861
4.27038560844951
3.73343043625348
5.74704178536331
5.80075870381689
5.49494999604594
4.94336489225335
4.20388132157333
5.16562315272696
4.59602942025175
4.16847602851384
6.17385935872259
4.62625185420625
2.2407622087922
4.1753439965833
5.80795635276665
4.81466852634405
2.66647375135874
3.20365234722692
4.20477536844193
5.7883669567491
2.1965884795609
2.56481337289505
3.06815835756981
2.94116569559821
3.2711757325361
3.01957603756753
2.28304713844291
7.44027742576755
2.83833630725459
1.99647789977209
3.47795291959957
3.30576223072799
5.10204932869615
2.88270488272624
4.13441063177429
3.7794599001541
3.17497380816035
2.02297634997062
1.52516339150329
2.16365875898932
2.01284725455802
3.38542854916935
4.28026437052225
5.60584923662876
5.28506272307802
3.60138552003465
3.15557422839663
3.89515982965566
5.20007085433864
6.15714704249732
2.68866262030534
5.7824767022834
3.13206498485809
4.4970238015317
4.12744938253089
4.42691745473773
4.28337771217108
4.86286750132937
2.96291071665261
3.75583740708412
2.77968742710532
5.46408730354867
1.41530576283819
5.21410695305801
5.56473894073404
3.48682641089276
3.31422271430806
4.24279960450629
4.2503031666475
5.26117095463822
4.43251552265981
5.08199960953168
3.24827489262578
4.69189332773463
4.46646914466769
3.17497841942609
4.36417024977059
3.84433315157444
4.80943343437762
4.40341219095067
4.99132904478834
4.36559663036433
4.4009884775017
3.49627607995358
5.48060893108783
5.12351372865674
2.78815452735585
3.61244483340844
4.09673342895998
3.96342797238839
2.84406917389942
4.59226317225484
5.60954739373637
2.61940255598767
2.60094089873013
2.52431074922782
1.60678332971287
2.77239939761458
2.66657534246443
2.55621773335261
3.43230316683818
3.55026962578872
4.02133382662646
2.00215705939048
2.36080737075248
2.07141917403948
2.59005956559867
3.1821891871127
2.99480172552825
2.05044756623642
3.37705413232283
2.74729340457083
2.68519129491137
2.80330487181158
2.51939219216542
2.03283507095908
7.1622454998502
4.26708624655853
5.2515032245266
3.29809415298055
3.54831403824042
4.11158538111734
5.08018106282937
5.00122099281326
2.27606431748088
3.82270704842474
4.77396132032688
2.2640188367043
5.0661424959075
5.04562853481586
3.86923003582192
3.59037388455031
2.30324991223936
3.84462858727278
3.63611263837765
4.01715244539049
5.37303456617486
4.52113067219001
4.16269138496517
2.35878214315585
4.04158772940262
4.24173496237471
2.97833855256885
3.28289344527274
3.1048775775589
5.08278406450971
1.45144600507318
2.3812984227747
5.62695035990221
4.21600262360201
4.18744728439972
1.60474788449258
4.16192932432071
2.53302503255586
4.72671693860943
3.54953192225631
4.31897448520282
5.05850395444323
4.03147911172153
3.3354824129718
4.55474784571931
4.05885682788
2.40579583532584
3.85812303330282
4.47661447897086
4.53895624726543
4.28527482296684
3.9791637086953
2.60040705610914
2.33892628603531
2.39334206163681
2.62698398923299
4.07419039422444
6.97169917562775
5.36347912318803
5.27291306609393
5.80051048157461
5.3910135137766
4.15935203422818
6.3554364013395
4.63850787551168
4.07409916994187
3.17507028290096
4.42727953185353
4.87341091233799
2.56421895661885
2.47563251118669
2.67950556670809
2.96130892249605
2.59727418503573
2.49847545904176
3.57899808847414
2.91033114957784
2.56466849892561
3.78990245837218
4.37061769555754
2.93414156924433
3.98141298483557
4.03430385415873
4.03528858575469
4.18091147992259
4.22700899879879
3.80547946687841
2.67676740415447
2.81411361570551
1.37519734187959
4.13551523930369
3.73593761416716
3.98134318849635
5.22262686415208
5.57455685984907
4.66117398843228
2.862336047758
5.18165285449534
4.75606151094719
2.6118308494991
3.87868007096027
4.38039715191118
4.73622975753389
4.07562441953767
2.85286248872667
2.91920860004842
2.79508625114273
2.22759357130406
2.45128368213987
4.33552195457956
