4.76461689543904
4.8439909545461
4.6407324058611
3.84007081762478
2.81854840601384
2.38600399540868
3.7262056887967
3.39452840470499
3.37185184553987
3.15953339203421
2.78737481204021
3.40350354169655
3.48874397157759
3.53557853534674
2.65687707014238
2.12599734715037
2.16283341995291
3.29968622468453
3.8390596894807
3.77204479832563
3.1475329254191
4.19737221967618
4.00460252413716
3.95040818034056
3.34959546422907
3.24148195881717
3.35690697508254
3.42212469508765
3.27894037188307
3.41028221582207
3.26214366631408
3.56103520972479
3.14856094579969
3.44451879620853
2.95079487407763
2.87288643490106
3.4209591382627
3.35510910254519
3.30579098511987
3.13160876355799
3.27338354976448
2.90435070532905
2.44927050319867
2.59270773604418
3.27331602116953
3.66862381910811
4.49669360378663
4.64867216124288
3.05308791770688
4.11350085140171
3.96943389725334
3.65526105890444
3.3853874735988
3.99974766778641
3.23860319130936
3.59242437067323
2.97664072062312
3.75354647846384
3.09019488374588
4.12513867327126
4.10426605054571
4.7947637627911
3.78382775123083
3.80242278607595
3.89214226132291
3.69415289278972
4.074785880407
2.70165389866565
3.07031363713352
2.79052356722562
3.19894987017644
2.65394604514169
4.34254332474249
3.2500863688291
3.2790180890114
2.6984354525666
2.51244041257084
3.34541764043749
3.62894367965416
3.57448174784437
4.12602604170393
3.51928871648253
2.95444828562305
3.42282589996962
1.60201655684713
2.84141102054271
3.90480520243871
3.42417621559844
2.99735372535491
3.57049226084331
4.05467306239137
4.40989750831926
3.31634532571727
3.2128477213366
2.67361441491377
3.3322684080733
2.92563572297078
3.40516351367571
3.34578578462123
3.44686526391743
3.67946383316157
4.59414379164664
4.16014460200531
3.36366325510929
3.46511862115885
2.70981794703702
3.52306350964523
4.18679810540221
4.00066163382894
3.88511353956006
4.19205133515812
3.21550772483027
3.34601628114029
4.34699830854026
3.89996578782813
2.80888612090524
3.69064719683405
3.44582639059992
3.45114042201586
3.07915953002929
2.77462090972567
2.39314386979809
3.44083028040027
2.74666745388081
4.38750359122774
4.01910404732424
3.45235895842287
4.75737128982152
3.51475074122424
3.4410903871705
3.36218167642999
3.40469221013534
3.49824081442255
2.7234773919951
3.42917508791471
3.37030071003206
3.41309938799258
3.78475486473779
4.10978074358444
3.50434023175056
3.10630532823654
3.69838394556976
3.68722469040043
4.01787710708416
4.56030065991766
1.8700352611272
1.85953397410884
2.09013170856014
4.85914360400263
5.12459944485841
4.44163324207186
4.23302132243207
3.55271313520093
3.55626934163731
3.42199850341601
3.0562244199574
2.59014216832667
2.51789064151726
3.27826991229228
4.62743169263506
2.53155617651692
3.1197351608721
4.16054633720607
3.9406410706678
3.31002195692427
3.82666934282325
3.75905632414661
3.9191956799551
3.29920144584454
3.31406440498919
3.04024706790134
3.25914106360038
3.35694731939917
3.60580567997281
3.02881019031961
2.82081747342354
3.94195497223136
3.25845721644309
3.53652210935216
3.38782320340362
3.81746394305925
3.17185753609489
3.86002647738838
4.33977790923723
5.01081687094383
3.95768899213262
2.96739666651674
2.56168281987307
4.34202788539228
4.05447406004073
2.02060819041883
2.63597568123309
2.25649626122739
2.26868898638367
3.55839334086358
2.19499216678395
3.11529887265369
2.63760059823125
3.19198023418739
3.50167607446526
3.72649639195945
3.34277958615912
3.64150158182946
2.76772356945443
3.28813978451657
3.99431873373109
3.8381464386441
2.74222952389048
3.29660159850015
3.22197180369391
5.04428656201332
3.92303689464449
4.27193251752748
3.68741007894977
2.80606639013394
3.75270480048279
4.31447941197646
3.91479652088699
3.78833405014691
2.7227916804847
4.08992650511716
2.98921533469423
3.55506005208549
2.23414979625602
2.4738859330189
2.11064364163918
2.77225170943661
2.81888597189311
3.04664883213911
2.88793756747498
1.87951077734931
2.35609507355718
3.23010497288658
4.52823108176858
3.92323821525247
2.42295858828385
4.06850835314055
4.53021778358181
3.12282480892848
3.90835202596256
