4.55399332867947
3.38777417672013
3.00758449156915
3.81563136150276
3.6648622177895
6.22668493114224
6.08939073880947
5.78996491426414
2.73536837840265
2.12050839740595
3.5183082517338
1.98443091168867
1.70007793892499
1.95436259078839
3.18172507117967
3.79169139023403
3.26249922895337
4.31739600435225
3.42467794999806
3.75698826009733
3.71701932572154
4.11749636255531
3.49394436939014
4.34450478352932
3.0876360020074
2.90713410744769
3.11417224101572
3.18453105510044
2.24813363486195
3.87268558328659
3.86967342292858
2.72538052305547
1.49101060405986
1.54069158832168
2.19910208672841
3.7939265965162
5.45704181700568
3.97619167760685
4.62475723528795
3.93278789416864
2.6254198205301
1.83819221026817
1.69216158906368
2.71743843935494
3.8655713950104
3.58929788727277
4.49781146198098
2.52571288328205
3.12176031818337
4.15901902075493
3.15629314079771
4.02473407500311
3.89079648570883
3.32031778327915
3.0432638343275
1.04532413164482
1.40246704062754
2.69902161397347
3.249111024014
3.67398299501502
3.44148226002735
3.39757276712489
3.50960090304297
4.67700171717015
2.18699139509854
2.05235511353111
2.44641963867342
2.89054754161933
2.94954335847595
2.5594384248341
3.84689917711842
3.5759650046781
4.2151150639944
4.65989262087482
4.28098519554573
2.243678920327
3.47079860285882
4.43320848662184
4.30909906616212
4.16686665405637
2.49991560167751
2.54176930202155
2.64519469071164
2.25356035127176
2.04849442939145
1.98050851104345
2.8911987841698
2.04140663597004
2.67864162926605
4.03660435449962
4.13647008814547
2.34259887300747
5.01546274735506
5.07707114522259
6.18726350883867
5.08843178120356
3.37684388602998
3.25023373004425
2.39199008813504
2.50543391166631
3.48961665712632
3.89244186085053
3.72990801460663
4.19264312270651
3.4342545745484
4.45969918724586
2.64829296321114
1.75718133647454
2.54434757104603
1.92539603560613
2.14479541936339
2.70579549972237
2.934544905473
3.20922665282675
2.90872788609995
3.0624986009824
3.72432366273375
3.9695415522811
3.35359824382709
2.67223203116106
2.19722427487562
4.48728334637548
4.19914865924835
3.80963650811861
1.45761788533532
1.47763470533167
2.82096073851026
5.40851313369385
3.84635761594436
4.42676174523774
3.40737663396541
4.5617047835325
4.16451469661339
2.63840682983069
2.68785797547079
2.58176785030489
2.19607380772911
1.50580788352497
2.58648334434026
2.61015050150224
1.51120336630755
2.35515970862902
2.15667307409889
2.11668175389428
2.30642846815471
2.50664925605242
2.89224214695577
2.9334836232988
3.96026081624905
2.94511627995129
2.68769690284868
2.66529615351496
2.37767377314954
1.86700752634448
1.83465086012246
1.87513834541006
2.50897250734505
4.1985596235865
3.22655769661304
5.54162391685185
3.89175027124463
5.38136375164492
5.39124451186387
2.36819165227814
2.46715988851963
2.04970016789322
2.13538795376827
1.91058634199151
2.88457813650319
4.0921429458628
3.39694886259684
2.97159803114245
3.40726017873148
4.45020074504773
4.50024058242432
2.29159168937347
1.38834712034926
1.53099497979677
1.23473534420302
2.14363630687988
2.00956152842013
1.78914789140361
1.84260334101167
2.38983362395909
2.40125802980284
2.03612736597749
3.32642472008335
2.37148096211346
2.50166080048334
2.54512175921446
3.33983699562124
4.13209185892812
3.16672947634107
2.0101146796169
2.8648390910039
2.40243119470871
3.95786763778052
4.29817801252103
2.50996450292042
0.994962584265534
1.26670677465251
2.93159399250373
3.47311520179584
3.82626424406674
3.52328752858072
3.186598711102
3.14802131765232
4.03583546998258
4.61303522847871
3.94196190582867
2.30659508399271
2.24089587360226
1.86029021165039
2.06144137589897
2.1020903457206
2.38869439921927
2.22213958548036
1.69917658174511
2.56658896322318
2.910451443901
2.15341010763629
1.59033109554409
2.07391728236182
1.68953905199236
2.068709310239
2.50440429317018
2.67902518469571
2.88633105518027
2.84124870470897
2.0031484357378
4.62363540253774
2.86109347420917
2.41526231135414
2.66195721443771
2.93472126565392
2.99456197369362
3.32924022685255
2.111556766382
1.60908636832909
1.35710995413406
