2.50704427943231
4.29482734280861
4.07358364233038
3.6594274955172
3.70486635723837
3.21428369087853
2.88508122563116
3.75373514556698
3.22203423808851
2.71347457595175
3.56031669350032
3.26372791169538
3.89423385443493
4.11506448028936
4.31607367838128
4.11891238691251
3.32305618395994
3.31612564047581
3.30718236077606
3.31997473659206
3.40106612751472
2.89978248255583
2.8119694075676
2.81943134393563
3.01319876421267
3.36122979165899
3.0651387044965
2.82276759208698
2.97558511845355
3.93495147793483
4.22263065906956
2.93294131423063
3.62242586717657
3.34644124696678
3.62672243120796
3.47106152935721
3.73821635170343
4.17518216602938
4.12431512538778
3.00241895277189
3.31334938316734
3.74705665435785
3.66627755126128
3.48482280456316
3.28274492005198
3.49039667485557
3.37284068535502
4.47486993010675
4.12153742873629
3.96882643030545
3.6633044676069
4.8133073383156
4.41161908480858
4.14818759161567
4.40303809886386
4.42570434176883
3.7605916065309
4.10621423083686
3.68134491758034
3.64501452295621
3.51863046538596
3.56364911871536
3.48308654558322
3.43973796387238
3.79663511077908
3.68167465078679
3.74034762746689
3.89799066331105
3.88446413192176
3.77856383963697
3.40100972671396
3.32900663875377
4.02109687382903
4.06813899770178
4.33826065812416
4.04245781124243
4.05688737921302
3.73965489758596
4.78182301983654
4.29963686064079
3.61366363594502
3.71144671193158
3.32688847117798
4.56349604609039
3.59389541162127
3.45431913337499
4.30823233718813
3.87963322776943
3.6587063595058
3.5791566385293
3.83910720929145
3.99889573197537
4.12186406401083
4.12178102542744
3.66621846367702
3.6731046806852
3.72538416099968
4.94124055464884
4.15538643717411
2.5989253013173
2.66035873653983
2.84058129905408
3.29329689756652
3.19180792280907
4.30688073196882
4.0346568496457
4.60485063298827
4.74374632529205
4.15800126576719
3.85795630123389
3.30303491082764
3.41194723978611
4.46193469203258
3.26816955558506
3.92228028995382
3.03030045057063
3.33634492921773
4.10586337445119
3.62510434408954
3.50641864621198
3.18192357932335
2.67922177341884
2.93840062082933
3.44630176644029
3.61487360182406
3.68224705333228
3.14443530184479
4.05388641120197
2.81248508518292
3.43721061994945
2.68348540275981
4.11282701863266
4.0304121558756
4.08795569084223
3.98479136723663
3.69021083613536
3.57767939860389
3.88093008279561
3.64599506083636
4.14323164537032
3.16046383665357
3.08867480154563
3.06484733412651
3.71543211192658
3.52035149308687
3.50471967953092
3.80257278621936
3.71851452252998
3.34925729221834
3.42957092506078
3.177482205701
3.83076838232057
3.34961270741599
4.59836559530377
4.01858732520441
3.56428466734315
4.11140184977253
4.16447399032806
3.91577144188379
3.44316420133729
4.18974942935203
4.50784250633973
4.46194922790113
4.61273671459589
3.38801496907197
3.24201672462527
3.92125504917826
3.16729188465874
3.21607563260372
3.13648268153994
3.88862633165339
3.52956996728329
3.5222168640293
3.72285249525244
3.11068066184903
3.13398216314176
3.18454746318544
3.33611344534624
3.13007603027084
4.26298760529765
3.95653653098428
4.05067699166198
3.54835924882243
3.73134084780677
3.99963663224531
3.8560563659726
3.57075082749166
3.82286679610648
3.73925640460981
3.75958304590305
3.33610909336074
3.00794546025237
2.9862605664475
3.45990253242554
3.23574636273908
2.71830267014187
2.89635712767225
4.24536673139986
3.07584600487816
3.22198210916809
3.28663776283479
3.76551995383813
3.42378155923148
3.48713095737624
3.94117292717274
3.48700805956389
3.46760150649816
3.95386495688536
3.83378269736454
3.59146157073587
3.93344309113993
4.12277195442541
4.46963361763386
4.6140962958612
4.58347423824449
4.32035235074187
3.79764011540288
3.80916902134964
3.8571831933233
3.76366557134418
3.73483927565087
4.10309626086075
2.6975527928995
4.23592770442758
3.91553851327319
3.65361913264189
2.85818629154574
3.58571882314618
3.89900840953313
3.88737046834031
3.9829520589084
3.09389867176586
3.40690415414677
3.14624572063137
3.3598486954356
3.47117371243744
3.5001659841835
3.84589011274557
3.94753828138392
5.03450629830331
