4.00558992427296
3.50074063985131
2.05893805058331
2.0277823805216
2.4985300571996
2.82346417283297
3.20373690308505
3.30226579525567
3.87068923118084
1.96325773795709
2.54144952775552
2.75293719259664
3.01917054134994
4.33849014450933
2.86359709051574
3.13787678723525
3.39606549494849
3.34713291185979
2.40722614840454
2.76752223031403
2.93619444504188
2.23657858046371
2.89575170352192
3.26481984508292
3.86975679406033
2.87776373466117
3.14518776908157
3.39688483104198
3.09313598172827
3.01278203064664
2.0901233864957
2.48502010936006
2.77317451284288
2.47593308996933
2.81577376381086
3.52544397639634
2.14268922118993
2.35909697800289
2.38115138016055
2.8871111180834
2.5821324265309
3.10194674085158
2.48792202116254
3.25941519855785
2.86237949589407
3.44475751547282
3.26618645005068
3.38013478724665
3.15162891545894
2.90116968045775
3.79843634726388
3.06135000927282
3.18709658460109
3.9055678313726
3.49780413491506
3.60563569033373
2.90869967855367
2.08754057281008
2.56429188027757
1.93783817166298
2.21759958989754
2.55948687476854
2.35546144695769
2.68974102676302
2.92846145899644
2.6057119369942
3.23953166112008
3.4999161886208
2.65055884673896
2.98719070313203
2.85984491251114
2.64650154832455
2.59362747995416
2.83537587609801
2.99825346671348
3.31581611647228
3.06903613329277
3.36754966358066
2.64930167066276
3.11934832378099
2.06945608916501
1.66226634483711
2.91479354232251
3.77892319272905
3.80997391566498
3.67319699588607
2.08414695583038
2.35875945662834
2.6174287549162
2.65178097684378
2.95553702295268
2.35159173361129
3.46160858090222
3.63723018265516
4.11870845326409
3.9975306508976
2.53535226414977
3.28143509858353
3.08036010575472
2.8844451991371
3.08576974314405
3.73437115000313
3.66260095690598
4.15226739231399
3.36814916915323
3.13964099007722
2.84197138305591
1.8563090083784
2.79552355042087
2.94336543412147
2.63132461806027
2.74465097108123
2.81362145228355
3.0002643528585
3.52219522482244
2.92112383726425
2.91298525049724
2.48780764999509
2.42755778979273
3.39650929544081
3.18470119679945
3.28242093086841
3.36973071267443
2.7918481648116
2.21311048354568
2.19521238430692
2.37253591042948
2.32071016759415
3.32716465958198
3.63704214123413
4.04662292282432
5.23211409495547
4.96098046294124
4.28397831054589
4.28576201027444
2.82086621750331
3.26225847629836
3.2615001953088
2.91152015342378
2.65924042717867
2.23569256414972
3.36214530536287
2.54391521702833
3.27203033839665
2.86658935074015
2.79345775859592
2.57321533372775
2.67692701049401
2.78367834721012
3.06650893666102
3.47893590104087
3.29044236284881
3.45497654789665
3.55079716408187
2.59006659685612
1.89579037245402
4.34592393500769
3.52447537466922
2.41423732919612
2.87448094638058
3.14551279613251
2.15897493961702
2.88649837010418
2.65543859528633
3.0095142659943
2.52767611283309
3.35696623753793
2.83514904661044
3.46292529545665
3.48509852925256
3.86163351975322
3.86387090396076
3.68719012673885
4.70967145321831
2.67243951570183
3.39109085543138
3.80169864848181
3.40643576404004
4.0418744733875
2.58982294304819
2.14025537642242
1.9621793718201
2.50606407012165
3.1996410174419
2.73699853542567
2.67875941210732
2.64102714016408
2.87838765160486
2.93069775879019
2.78168946186617
1.70088931837364
1.68436227751209
3.00661123230367
2.53462811626312
2.89201427939548
2.67966049318726
1.79453119463811
2.32598480080938
2.15540827728561
2.29429837126592
2.76963083059517
2.83571603774707
3.53624556513186
3.68250189229528
2.96416613386626
3.20104597622211
2.12861886690432
1.73205358092734
2.3771705149943
3.86943372825999
3.57519708967675
4.20884745170269
2.93435596890126
3.08348078568577
2.85483445397679
3.19921626134876
3.57211931407095
3.02811432800831
2.92093451026471
2.85414748088464
2.89926682327881
3.1310748561193
2.99192313058937
3.4386068553351
3.54180744603874
2.76910217432021
2.5864038476692
2.69298206339215
2.70632868816167
3.03701994984433
2.6429012218174
4.12620083574769
4.00110515632298
3.97451223858264
4.13433035378415
3.6404013313267
3.20294680641103
2.96030688707685
2.33347156460365
2.72010359986332
