2.19031110589147
2.10374393269363
2.94718698580089
3.19263940612125
2.27277392257141
2.48943464007364
2.4902192592679
2.36323078917921
2.40187700176755
1.87540700510553
3.5540531948073
3.62569185345006
4.21067399018017
4.20670859399761
2.27867476526226
3.57779746660619
3.44537221268003
3.95381063166966
4.08338206064972
4.57913512176529
6.08795060355096
5.62595424102561
4.71052330173493
4.21323034632892
4.4353943084364
3.35685045868132
4.2708370954727
3.65987999140643
3.54034929142084
4.82806359619138
4.01440988589314
3.98166285738085
2.60260989782597
2.44419283778603
3.14217797070675
3.34379920410529
4.82999780465822
6.21302742016475
4.54697498976226
4.42457433807637
5.97973825939904
4.47480556514531
4.54242701229125
4.18234467186451
3.2420649828401
2.50214878515487
2.50937715016951
3.36425384409463
3.16177454773074
3.40672480264416
5.42337719626462
5.09664718944688
4.42646106610183
4.18836203883418
4.12371663856336
2.33276116163486
3.04258005053201
3.07337522801143
3.26640172084925
2.88252284315255
3.487939586703
3.31544419268918
4.70276018309247
4.21223310225483
3.76143966925171
3.77519840075636
3.12673388076016
3.91569568290377
2.49443592530677
3.00261169652456
3.57521670897493
3.53426832732746
3.46312603047324
3.34083479615135
3.02722419351546
2.7919352840846
3.21870409848076
2.16761051734817
2.97935104245564
3.59198066373111
3.71494202143268
3.85028801320112
4.38715878382317
4.08484785512081
4.77858955666414
5.11648681007239
5.8102659919274
4.15125606336281
4.06468483437551
4.03276325068204
3.85761222335755
3.04637834941282
3.04294107155188
3.46768440274164
2.39794234200954
4.08997133623774
3.7128317627505
3.19666277863165
6.34666043253695
4.79514654728924
5.86476300799628
3.88899069268592
3.77581695316695
3.84860056720546
3.19725889049342
2.76520051376766
3.05133468136514
3.2987227816167
2.89922821931864
3.76855095839451
3.09598854789813
3.77400678303395
2.83498476352845
3.3029154976656
3.81535949054509
3.80712230558842
4.2283122096965
3.4194562267335
3.83935625779465
3.97929977892761
3.82332005062545
4.66013702507536
3.62398896046104
3.8136501623936
4.30698854892179
3.41771707960069
3.99523063373417
3.99653503668159
3.5892283805149
4.03888843076362
4.5336640482588
4.14802736355035
3.40692763531963
3.64062940042874
5.04840200789171
4.86332206340424
4.70821759161434
4.32355925171531
4.60659223492444
3.37285724631698
3.0635951715957
3.32192049349627
3.37576002568906
4.23292515988672
4.32271297730652
4.80613116629568
4.57568966446591
3.55574430263875
3.17731325705989
3.141272366098
5.29815486446172
4.23068457562625
3.16429870482683
3.31220346524375
4.70855143197916
6.24678244951285
5.22284265092678
5.22059456544362
3.81614517609527
3.4655809006927
2.43691156305478
3.10275921192126
2.81597023004772
3.37619229884924
4.15169902531536
4.15235114250438
3.53414955329256
3.39940155636625
3.91993317160861
4.00009790774541
5.28109134467424
5.31561489044822
3.87092143730394
3.18669895795308
3.16838181903388
2.77360934845795
2.88331060264888
2.74084849808993
3.40379731106058
3.54608795299834
3.98097639457962
3.40137630536377
3.95916327064082
3.89475371151388
4.12382104549578
4.45275747171623
2.9685209808035
2.63824925181501
2.53801823490453
2.94137611602587
3.60869056581673
3.99916494255108
4.34422702844408
4.41019377893922
4.31052307924983
3.47245524777827
1.84691457506989
2.0372451067273
2.23872245227215
2.47358267333864
2.61272110034182
3.85285336814102
3.82005273475151
3.63082147774612
4.34448544740071
3.57060875662928
3.56644263392608
3.45536474237461
4.45671844441686
6.18335687607769
3.93239119980727
3.68741047408144
3.5098617935114
3.73192774519497
3.65597495125561
2.85743284380018
2.45817078618287
2.13994768975257
4.92456726153345
4.21240317206908
3.42696562679563
4.20280943573847
3.74904111070022
4.07922731521528
2.66156200640823
2.91234110896464
2.58825998411616
2.18683676854869
2.13097266043028
5.26800437625921
4.02710894247226
4.01452362318256
3.01131378500455
2.4751779466375
3.06634304313653
3.11895121694275
2.95243424152873
3.82059559823483
4.08249878171803
4.46784082193508
