2.84806176568881
2.64705559171142
1.72025681498798
2.9094775931664
1.73928415847963
2.38243534358054
2.3249855946365
1.73308944343298
1.63280470375266
2.66123577836865
2.98010240528519
3.23565473766783
2.82635982960505
2.20462605424268
2.19659876280551
2.50145342447386
3.18328413380833
3.83298670622739
2.80745584008149
2.54687642960674
2.41371193018607
3.20642666148818
0.817454641245821
0.953036545782138
2.42095562117805
2.67331490894015
3.46703939861972
3.26024400059299
3.63790399320442
2.24861990664066
2.63762314062185
2.57623128869658
1.9923418820565
2.40104076077317
1.82843026469549
4.02145041138361
1.72652764231394
1.74109744281563
3.33917731047663
2.63272039919216
2.93795148705744
2.89727252212964
1.974699695163
2.53650355606611
2.41789854191068
3.82498464420262
3.48599735570063
2.3361675352556
2.15039661306925
2.77816896226657
3.83569297446041
3.2187389132577
4.2277172177109
3.09359422141004
2.95654436388302
2.49489398330174
1.87058327811291
2.88700876777439
2.6760626573682
2.37498814585782
2.29796258475828
1.76856499420676
2.09971040277007
3.52174307894158
3.47257235164993
3.02059420787968
2.79597385023114
2.04401471447525
3.06582425213177
2.76341975438624
2.32142645076085
2.15593852804695
2.31969293629472
2.70539588404372
2.37495760077163
2.37589393402242
2.44379317090204
2.10978185161538
2.69263675584979
2.08710566535458
1.93941373262539
2.04142664350554
2.73632017664732
1.90581643861467
2.33123191674841
2.04898592504178
1.50669849012483
2.29349529851475
1.95786809978711
3.03478527722261
3.01713912537798
3.2150672909979
3.43334992352763
3.0699806584248
2.92744725274086
1.09704308565138
2.8368375763703
2.11569275627247
2.50167346873156
2.67599560879608
2.6578983318107
2.71102214835888
3.30920385207406
3.00059462435477
3.00143264702438
2.77802818087913
2.36370787540991
3.03097173762117
2.38435568813593
2.54826755695403
2.42798754570136
2.2531575518387
2.47098152901342
1.56854530452468
1.80782832746112
1.51451357994878
1.68893524830904
2.09536981424388
3.04689846460779
3.55884814488773
3.59677419901327
3.33371856246577
3.17181639044047
2.71320796435531
2.6686003366841
2.26013693757906
2.19780597867995
2.11337098558053
2.28071322316381
2.22020321708513
1.98482062448895
2.47181944365456
2.40575384687216
1.60685964627162
2.30285815298638
2.28743344877918
2.93474746611307
3.66092178034336
3.39713650819608
2.91362654742594
3.98539509436856
3.10258069998208
3.21911942950073
3.44136916901206
2.81780876926367
2.54334434281195
2.77066012104962
2.39655462099228
2.34877207224788
2.53107069667028
2.7390677444783
2.28520765482979
2.27049443493451
2.49157338545216
2.28069652842747
2.66692211578009
1.64387226801126
2.09590915000768
2.87762818154635
3.11543489753437
2.22964885273458
1.99904315127285
1.85372418421837
1.84051838587745
1.62963293237387
1.56906946068915
1.64100865115967
2.49557928932883
2.39508950065563
2.34918018810193
2.43101669040422
2.39411209807422
2.11271914518129
2.058816232762
2.82258513341349
2.21384301168567
3.01664478649092
3.44743311210242
3.40982780690012
2.25099379467485
2.12330590254605
2.90588133242891
2.6734428414725
2.45133569846987
2.60730596083343
2.68926608877625
2.24746640776125
2.37077576393405
2.03563084365943
1.65702144388253
1.96691562101388
1.14335531095186
1.89154925408409
1.62661688244216
2.05707566607989
2.81324526649214
2.64834392737068
2.91207275929021
1.97131908282729
2.26475211668851
2.00655490447879
2.02484268953607
1.98840389659211
1.73856117555455
2.98644571872098
3.2457159181448
2.11456287199131
2.06153327425442
3.0584197855877
2.50571560381212
1.96595238527845
1.96338148242597
2.38216443901496
2.39161186229052
2.76893513399722
2.80953238468232
1.66813312779727
2.55018497753503
2.38141624586296
2.74117792959107
2.76715890421769
1.95624837336367
2.71045287755554
3.26823972595161
1.81101848940601
2.432921398294
2.31387336678135
2.55848319421764
2.29895982897049
2.61874596640607
2.86162600840188
2.56261733943163
2.84631510969009
2.17033757833522
3.58530966523792
2.7913205439551
2.18470164782836
3.62413757907893
2.37480782120224
2.39025024891566
