20.0864239299516	38.6423934521889	7.7572240722758	19.5139585455837
20.0609108969572	37.76368504746	5.32406493307844	12.0537555629086
23.1566649940652	39.5219982776594	3.93745457026446	14.2157865309503
23.2979324103498	37.0466506647352	5.62950907013649	19.7054295176206
7.82524512616804	31.3656887764517	2.55114565807665	22.6120284888638
10.7552160096723	29.6379518815946	1.14869364579038	28.8542221360584
9.95930247633723	28.9776810767699	3.9205087096879	27.979382302774
7.47269015377683	27.3677435925447	9.92160200633896	23.5230037040765
0.949108937112802	33.4340406687215	7.35920134347315	21.8041438964884
1.75684544346757	35.1413256532318	7.95189261763884	14.5257863525058
4.40762446165336	32.554052028942	9.60330543668536	17.081777445754
4.36857117342482	27.5600689525223	9.83274934185947	22.8823810143755
10.1749623021197	28.1381304800214	9.94803998441788	18.0734961855584
9.05559948569588	26.3874029764863	7.93523012082996	20.8295513948784
10.3796890812344	24.6243413445497	5.25146936885984	21.8729183356126
11.0511276952387	33.5672069707046	3.31136224392484	14.921449807699
11.8632805196033	31.3392042503131	1.08646417328743	20.3974802905778
9.07541626196105	33.5519633324452	-2.99574165295812	24.8487408875572
10.7506831276019	34.9941462696165	-4.29166937636214	21.1491712937171
10.7179317087722	35.8619791547403	-6.92599520138635	24.8829344429649
11.6362557939659	36.7038827248484	-6.06121051175644	21.4979792161657
11.2620041941441	30.9638687240425	-2.7023710459655	19.5890655400044
10.8818088009233	34.8009518155361	-0.726147427476335	15.400125246688
14.4385626269496	27.2422945609781	0.249526040126766	26.7445750245143
7.00509298442816	27.7399075351189	10.1023526773427	23.3694867211289
6.66233251556063	38.204852903122	11.412662911096	24.0924014173369
1.81273456758883	22.6659087271894	14.2324371550767	26.416376014139
8.19060531373001	23.3161784423049	-1.2476744518081	32.1119493291634
12.9982931788345	28.1281855461566	1.72397700071918	18.0518285742881
14.4336542666224	32.6669864727031	-4.65903106294523	18.0200847545942
13.1842273513121	34.6693160382877	-4.10693464716847	18.3638478005608
12.4599720804392	32.1116879520561	-0.0213932959357948	18.6991697794933
11.9796913776958	32.7075913525902	3.61823655283128	14.5883949602198
7.74473005984367	35.471979230423	1.76140369931285	19.0430087697917
6.1192208883189	33.9875109596516	1.78678823018794	24.410810275864
10.9400965677739	32.599872327063	-2.38617807919499	22.302945194247
6.81404522065213	42.3642296131027	-1.8858070345886	22.036752277932
2.93975463662126	38.5220585597006	5.95679566909	19.1081039327234
2.15138071394099	31.3938997190566	14.4145752949864	21.0553618845567
2.25530758420586	25.8856272774198	14.4271536724865	15.5088760284443
5.83780397914916	25.3608314464936	6.47367262460664	27.2491901041028
14.7283753278613	24.7976034069569	-2.1824130585699	24.7550233118368
14.7588853868147	28.0589977851958	0.4524073556715	24.7066082884663
8.86429384486455	39.1784482439869	-1.12512481466892	18.0983200941124
7.35529456786818	36.031985673111	1.40555094162737	14.3701139690244
6.08794600639768	41.4646913194918	2.33223339709257	8.50449875856084
5.82064710436996	40.8710646061116	1.37083832108219	11.2347995110069
10.249364846182	39.5039734781364	0.681926418821945	9.63434274604983
5.77497387828324	37.4130568445304	7.60108291104405	13.5498231492794
3.1386207745123	42.0887782402912	-0.87629449853705	27.42741184897
4.26413715100963	37.8596610251458	2.38622924610203	11.6170793974268
6.56840253603761	39.0866118049235	1.2111204851354	18.8485742184012
7.5225976858712	36.3832481302936	1.77129874982112	16.0906170015833
9.30932866804212	29.5796208292502	4.22500119098226	16.4972190179254
10.5701360214722	29.2086999384304	1.35404384248654	12.9440366981874
11.7056271472235	28.1735686832301	4.8739908744386	18.1786506782336
13.2154919431765	32.46461934086	0.684390288749885	18.4067338492437
9.88423123874112	34.2111065590112	-2.52487513751705	23.1880078973896
8.9500827174795	31.0760697095944	5.93916186048965	11.3635838820315
8.56484847769485	31.9866441750842	3.44728971283267	27.5033019539287
5.14676101716625	32.840067132091	7.4441338809988	19.9475340741073
7.92141186057885	39.85405150819	10.3384546018055	22.3024793712558
12.8478507226234	32.0726214636305	2.89327225398425	25.0671672539921
6.96282922483501	34.9926375256108	2.3982150804453	16.7521181967509
6.78853651842857	34.2741455983558	-2.15033230801731	27.4468498714373
11.4967884203308	28.2803180984409	-0.895640651804053	25.1514274385961
7.84635712261135	28.03315861227	-0.251656811455007	31.5430385160322
10.9083209454914	26.5822730616854	-0.256712433518916	26.7163818406003
15.4700116825191	27.7282299364327	-5.14274588522878	26.6434335467307
19.4078959955735	22.2129759408875	5.52679512283496	33.1673240849154
8.40240546745886	22.1324041347312	2.3241793831714	23.3682941693219
13.8714180352323	22.8019764205733	8.8216598869205	11.9240702759812
13.1842947327515	24.0764366021672	8.58828524843758	9.04582761818024
14.1562709929404	31.0858590622725	10.8843065383743	29.1473368432784
9.77147027003337	24.7911780532863	1.0728776234784	26.402706402834
12.2092671351576	23.6132486579422	0.767731768417696	28.632037440795
13.8452157521957	28.1406284282397	-5.46534424474131	28.995029694987
14.5354360489013	29.0791474651027	-0.718548924789239	11.8009212644242
16.7084266625183	29.0118401386962	0.584119073453884	20.2629857867428
14.0077538469645	28.1018267833814	3.37500209577788	18.3933385242145
11.556726939255	27.5291566579789	5.23089250673015	23.5293259974006
10.1013354172237	31.2393387296424	-4.94128727230768	28.1804573922137
6.73952113495002	32.6002073573135	-4.49056107454442	14.2908805715571
14.180148499876	33.4059096319787	-0.736641535350167	14.3801992283853
10.662256348516	33.905256656576	-2.29699884973333	20.0277271158713
13.0075802231311	27.4471692397622	-2.29886568816245	20.8000964794049
17.8765411694638	27.2605092050779	0.865962549915011	13.7023138424122
16.4384710785105	27.2516852631397	-0.0679883979282964	11.344857328266
20.5700494326674	29.1867402787885	-1.14196911584806	14.5768965554164
11.7401459464826	27.0133206025331	3.80755836013484	21.5563690295497
10.2940164295002	29.7183813094726	4.68332717656323	14.9831240397001
7.16309659284388	34.4335542512691	-3.24878823715097	22.7116170368211
8.14181277396937	36.5868640231358	2.46072857432367	17.535221631569
4.86965708535945	37.7382820249497	2.75591556363689	21.2910197724588
6.02607150573656	35.3342870171239	3.37325329109045	21.061250253002
6.96487336663901	32.1841236800345	5.1089617766917	19.7726213741016
8.18269630207121	28.6541625156013	3.84041017277391	23.8403246678412
14.5841135630844	29.3710289931858	-6.17884166415556	22.8670563288954
15.3208036992249	33.5311522045174	-7.40037699507269	17.0832544360595
16.0072287374721	34.2288850284183	-6.00486948487258	13.4850099328466
16.7266520746772	32.4982760123825	-2.80690484510742	10.9718049817864
18.9432357366491	24.96587270395	1.43198967555459	12.7117368234189
14.2981448878857	32.1025386849699	-0.454089538027394	13.3479860967387
13.9180059422185	30.4376680833947	0.201644042216985	15.3735331732545
14.6350759932358	27.4856218380581	0.425209941154354	19.0881258485252
14.1876711647648	31.2002508818831	0.778567514433796	17.5219603370102
12.7772759943323	34.6116411373007	-0.430745153636401	14.8377642415021
8.23579344669754	37.2121090607549	1.12886917530227	15.753466547053
8.51549287620515	33.7858693118038	2.71867415414373	16.1902171392512
6.76608053293875	33.9885775897392	3.31097757456074	22.5272434456792
8.64839381078799	35.2994695388452	0.508816987908761	20.5012798188773
7.53683757737272	28.9884968929664	0.746512506789843	26.8275654288527
9.06200336700953	31.4662639832796	0.83536227091184	24.8233150546958
8.33322947966374	30.7758447026398	-0.0561273802426967	19.1765458032161
10.5262611146329	30.1429503718037	-1.1509074993803	22.1480904112243
9.73918402712338	39.1793710796098	-6.17434227619309	20.7036546015337
9.35148207749525	35.7972173679115	-3.91669803079207	24.679440655904
9.10958215922809	34.5196703106591	3.20484098784709	12.6094363258873
7.4059392032469	39.4078466917619	3.70418224057266	8.03518731338733
5.33025543061915	35.7944156292209	3.47296671006418	18.189108176637
6.39420244796579	38.1123833657832	-1.78529513072633	17.8459450672999
9.26129532233258	33.2853784208655	3.78958830838612	19.0773666697241
5.57642184343062	34.6392781991981	0.692369693383194	28.6750580650441
12.7130619869888	28.1512839935258	-0.909083925137963	19.7113460326254
12.0930455673589	30.8163635625042	-0.639835469110262	14.2575291213228
13.9227923100917	32.9253185312634	-2.97092638319577	19.6474818325887
8.10564965495007	33.1384794558769	-3.42470198512296	21.1413074633392
14.2084547227352	30.6821521233313	4.91518077764213	16.3526346081146
4.20813900438236	28.7196008792624	11.2535862936407	22.9223903103282
13.6990891688775	35.9684654626525	11.2144398551906	24.9566138992634
2.79637531739937	36.8619932742974	-2.59536087489622	28.4409114959777
2.45790238852498	35.3152304767816	-7.51635531173023	29.0963017995597
10.0460498645393	30.5793582784197	-2.35323807217852	22.0009865221255
10.7560126022138	27.0257017059437	-3.81462900194079	20.6308801175397
10.4281006827653	45.7304257930945	-4.55447016369149	28.6602529868691
13.7275427346958	19.7887506483811	1.61962222455472	29.8627808644767
14.1006292512745	18.9136992706704	3.18725474093512	27.8749217271657
17.9872842801839	25.023837199879	-2.84347217848122	28.8783126759195
17.1021198265359	24.1179044530514	-0.129457608964058	28.4820053090194
11.5609174368835	30.3077355359633	0.753539601450926	21.3713933543154
12.9095880671336	29.7125771741335	1.97125617053187	18.0557916701624
11.6033081392348	26.1280435509443	3.19237973645157	22.261086177718
10.3695711850711	33.4127184864529	-2.94627103773659	29.7474455318412
10.9861483223327	33.7326527991727	4.76253255684147	24.4058680135755
12.35941201761	34.2009380928206	-5.48537095362102	17.8998790748416
12.7439909552746	33.629909295399	-5.59653671277469	17.4295502455903
12.8137570397428	35.8613618147675	-7.1613392565005	21.2000628627835
10.2223056272777	33.3119807551569	2.46978139296853	12.7993711689582
14.8351676778964	25.3425465147896	3.25733540837401	20.0615975887314
13.3178907363371	24.6678696700461	2.51539583823843	18.7032500047036
15.6321242302303	27.9292147920556	-1.96106101589083	28.1018736700327
6.58262696957986	30.4206223455922	-1.37706814904347	27.1232909681126
11.2823913694874	33.24910000872	0.148869672672602	13.6467781914248
10.4228907679644	32.3521250460496	3.92943117895514	13.983639269992
8.00343693779745	38.4089464880815	3.38757101574332	21.2207369491637
7.57078951948734	28.6728556664018	3.58823718318753	20.5156968123459
6.62241590037882	36.7141230002256	-1.36478244511373	21.3281465330341
8.26876846152427	36.2088163347022	-0.826189880690922	27.811924732713
3.16455873251814	37.3671004908197	-1.2871713766473	22.9873675168064
8.36693785680996	31.4487623480187	3.17998833790248	19.5822935259337
7.23798672032149	34.3937934741138	4.88678395816883	16.277215852055
6.02083950495491	35.5734019344839	-0.0366506206447816	16.9699225724929
13.7306457558139	24.539243477879	-1.13201062664494	23.573617233082
9.31693522356959	36.393448687421	2.24772206038132	25.2467324478806
6.46816645532473	35.9958943443425	1.17394826603949	18.2806490372189
11.8661452715061	35.0980648256891	-0.033395684182421	21.0847782234801
10.0878902032091	31.4977259491687	-0.505010094435845	27.2178597323173
4.80206921466491	33.2662113686209	1.64274247910845	29.0449085616084
12.6965622763033	29.4581579474672	1.14269171980229	30.7530629580243
12.1632303223829	30.0183024616806	4.63607116275487	11.503101959355
13.2920869505848	32.5075351283282	6.85113774518502	20.3777896468264
2.73075400171836	34.1209661750451	7.04286475804654	25.0302658457977
15.3716034084564	28.0670889810021	8.09605658962365	28.4650285962986
4.2687344950428	33.2255361509105	4.30962011194762	16.7499659165757
7.82215049669468	32.3574947217075	-5.15326186572228	31.0451767319156
7.82870394519379	36.4716085582567	-4.45253428095046	31.2474224348908
7.02822474657811	35.2212073394248	-5.22149092116226	22.5324160796945
11.2586822364645	34.9663678288236	-4.43611086020931	21.8241500784244
10.33595208744	33.0383275575163	-5.36361547094524	24.9645287633178
13.6157295444662	34.0478697708035	-3.61428058674437	13.1376571460863
13.197519931631	34.2768246370581	-1.19662996716935	18.7976720739392
16.896250131469	29.6241616636728	-0.223588946586368	18.5686259387297
9.75779455925359	34.9259718111373	2.61431005240056	10.0841005705438
11.3107083372494	36.6323850687604	-1.81540431436427	12.3828023113832
10.7194753999545	37.115159518771	2.18404566887491	12.4849362532199
9.06884162976845	35.621465451304	-0.100908896236639	13.9818736399115
9.12416532389923	35.7713565763422	-0.869867302596718	21.2610666896739
14.468727896962	34.6528187834063	-2.17626284261063	14.2465162510574
14.1614143670386	33.8177907790394	-4.3891334751638	15.8719745549785
13.631955360272	32.242664793261	-0.922321468500273	18.5324919486731
11.4260698946401	35.4768332915722	-0.329956320320157	17.7545011957604
10.1412393057927	34.2792110591406	-0.0827199303837976	16.5948876202294
9.5197202048832	34.9547950487383	-0.0533937692423514	20.1343588828109
8.92452159479895	31.496152138038	1.16541220951654	21.6776217561215
11.6521055249021	29.6331706822566	0.850085217811935	18.7297726067714
14.8163783315093	30.5879142990052	0.519872178169396	13.9201089113172
14.2735513576761	32.172385077987	-0.477127723084334	13.6778418279405
13.7261510315894	32.36972552358	-0.0784452830322406	13.7270608275382
13.3358249263638	32.106443881998	-0.278993228203861	10.3881257410345
12.0391520974162	32.3427288807589	0.015512633227059	10.7255470460465
14.5538411312672	34.9492432972888	-3.38137026507167	15.1830692615475
14.134948185629	35.4064653375657	-3.27340708210824	18.1717002674121
13.5356579084928	35.8980970630364	-2.71711240153519	23.4856484780452
9.59836136738953	35.7803975469233	1.93606791043181	18.3375401418586
9.8401693634662	40.6226765582314	-1.75804485377397	19.2158706861342
8.21677118625574	38.6976200583367	0.985484860869981	17.7443358188289
7.35786912582897	39.2100116851854	0.869593171085746	20.64433739629
2.76827126038416	42.0741100920479	-1.88499081175457	18.7680513817226
8.93307104634678	35.4134298790966	0.815091078231608	15.3701014179005
9.25504974949745	35.8137462958399	-2.50534903857249	18.0381319964133
9.51941215612389	40.0381636301556	-1.89251026592065	18.2584373057107
8.07096574634709	36.1667177854374	5.66986768984388	10.8353123124908
6.6555727259776	35.6582271720854	2.41349496890943	13.4157592579941
8.99285181507153	31.1183938450838	2.70232780615951	13.8041671165484
9.18626702937914	30.1209057379627	6.73720451549779	13.6790601258373
9.60743151710061	33.8228851679426	0.361242217600006	13.5950949975496
14.7551476407113	34.7693183325876	-0.270734615501356	15.8204283753997
14.5985382091849	33.1125167740222	-3.28930510222042	28.7488162020825
8.73077955174172	33.3749616908974	5.86459652273855	9.64271933693884
9.317351535275	36.2683284323796	0.505011358623712	15.0867205524489
7.50457177393374	34.3811368538043	0.611308852535991	20.4971675310887
8.66663640718372	34.7958881092229	1.20115590761149	23.6677929448567
4.75020779155028	32.2453337009967	0.74156420964367	23.252516991811
13.7409771212659	26.1051315079414	2.71046450089283	18.1768979524291
13.3615404276459	29.5623021661533	0.534568167827942	21.0380556460903
11.9653233092989	40.2444950337784	-3.10152608888786	15.6239108115868
4.20108727633613	44.2528309054003	-1.32134210767401	14.8835458475976
4.82372425021225	43.6276439144538	-2.96568986935501	20.8393079389109
4.45879675197673	39.4160980184024	-3.64575947017413	21.8574917919878
8.84950710544903	31.3658109202442	1.05621683869162	18.0564952761682
10.4288485636896	33.5354346956519	5.320652150471	16.615551412896
9.24722324497613	28.3240942044898	3.63978962871828	17.6055448868242
14.1407148903197	25.6553422271679	2.60876759413281	20.4735820081946
13.301967655162	34.6524881719085	2.55629664977663	23.5709635930066
8.93517099690422	38.6760143221761	-1.62395885391672	19.6120811037649
2.20259047212988	44.3957839421775	1.6190723501715	13.6192916145447
6.6112340631933	45.7108522467162	2.67841790426627	18.6971521789482
5.28288395384558	44.5790191325206	-3.03366216275737	15.5367715882412
8.75924615562565	35.9132946680465	-0.262711533847156	15.2442994916155
9.86418601230752	35.3366499792018	-2.24362044738502	19.8331879537827
