17.8573971309197	40.0958345537637	4.05295877758859	20.4868958583875
5.27603489364503	41.6647046594969	2.7553972978562	22.9956416167277
3.25008917812599	41.0904607833953	2.4348511357047	23.7003829247276
1.82650333890094	41.0554096433924	4.83210932867264	17.5836226769213
1.74069324112955	39.8293158929453	7.13406534610971	18.3180199569512
1.87355047285652	36.4111357139565	12.5562961742768	14.6138284775738
2.03374928714731	34.4786804177315	14.5270354844446	15.7109368253527
2.38928114043342	32.8644396924828	17.1274656034421	15.6511756484091
1.40205561997361	32.9960521288767	16.170265238313	17.9869743219909
0.719476213231765	33.6053825310982	13.0615746989346	22.2617675147352
0.688721866116422	36.2355932200737	7.68268548736846	27.7048563524095
0.561662459308109	32.4979300808087	10.6805320308661	24.3378270449993
2.84635875605039	32.2208189719282	8.03274130880016	24.7201593681173
4.45322314741082	32.3997399804108	8.34953100269143	24.6404533203616
0.677372593204207	33.427858688859	6.7444210181706	25.9458578381375
2.15998089147813	33.1338164978699	8.3416684580602	22.8508888000995
4.0078145526086	30.5883994607518	8.38427922971889	23.4497714565107
8.14965518430351	31.4856686804152	6.38210309255018	21.4661507504963
9.99059326183461	33.5719941125891	-0.556339877144556	27.1922415877663
10.6606192081317	34.2109086147904	-0.204857071131223	24.8186878324347
9.12248090236334	33.6129260801174	2.77049531329927	24.5576810226389
7.49422273986448	33.841369817265	5.48907391362396	24.0196210940021
5.48751400281668	30.9572280417416	6.9504094868703	24.8016869162793
5.2541532246788	31.0353326807018	7.15712938761868	23.787625758222
6.25544791032771	30.7151774776897	8.12852309389569	18.8875200112934
5.87754802550958	32.2092052846063	7.96415985400387	20.8320213015349
6.76688526643737	30.7175818592158	7.12201000728243	20.7905383594048
10.9028797732666	30.7767786528997	2.87725542743289	23.4798254113469
9.48728935985198	32.945468281497	2.29755099988715	25.6462001464268
8.21552698562956	33.735129065226	5.18057538560709	18.2687136474004
10.8252736862085	32.9863273083092	5.19640959152589	17.6245252125835
9.14849408495123	31.2479335335875	5.7870703543117	22.5083137814837
6.41891927461408	30.8085362130531	9.06914472047977	19.6769347250412
5.76241157189657	32.5082512648531	5.62534000891067	19.8957919700953
8.9892242412905	29.4950309621015	6.19964874286966	21.0838947854858
9.78575685617644	28.1082307865688	7.11960852862762	19.5534526267942
13.7417112597599	26.0140052220629	6.56096324808391	21.3367869276475
9.95599707992123	28.6529393352739	8.31588970523809	20.848145961288
4.93889101486029	29.3033994352738	10.1001556784525	22.8848070506476
7.75188379222427	26.7167114535177	11.8911294134839	17.5351014635064
12.3423586972048	25.749678579049	8.85914658042996	20.9327254695356
10.7492245988983	25.3096477745581	8.79307805407255	20.9334936332341
12.3905379688169	25.2627829663737	6.76880344193525	20.5399286170891
14.7318289326305	22.7117696101545	7.36202396335035	15.9389396794658
21.4406800443231	21.1045807854143	6.98683386723566	14.6067540385347
20.5048920783139	22.8929130707738	7.24260185669476	16.073018835581
20.6105230609754	22.9827489698336	8.00932028387973	17.549136873985
18.9297175943719	24.3828172026414	9.40006825198719	12.5474940139785
17.0662559958007	25.8117413729641	10.54750109847	12.1243576376884
15.4992176892827	29.2174340760547	9.82290042155722	9.040957747232
16.2957333782177	27.4577889994563	11.5104995911889	9.99857894681966
16.3852408423151	26.4468300743237	12.1032238844868	9.96543369366304
14.8983272497164	25.9536127353004	12.523619590433	14.745752207707
12.3865889251785	26.7331054972417	12.7341414495498	15.5400754156661
10.585391784463	27.2541666923842	11.818816430461	15.3693132143606
11.4348365947641	26.8135214116245	11.0755039091312	16.0566419846517
10.6740804941362	26.4819121782932	8.38673175229662	25.715151872485
10.1123534881478	27.1403950106617	6.93051474318811	22.9202906773416
10.5447946655608	27.4405817402689	6.88979007579171	23.0626385784699
12.8770100445531	27.0323027193996	4.79159126100846	21.9851385553653
16.5720109738454	26.2112181646267	3.18184725203223	20.5263286487485
15.3901474984302	25.2369348731346	7.66868686730645	18.9249520300332
14.7604833252356	26.6879241637408	5.92541965151809	16.6624085179906
15.4256392608024	26.0224081579118	6.68597923611249	14.9824819847386
15.5881057545696	27.2403682988265	5.37707479270026	15.9623733770126
14.9435019732277	27.6612825181211	6.34753491678454	14.0495390859803
14.8815416610602	27.9491326098206	6.12790806160076	15.4973518173381
14.2753822142992	27.4267025598166	6.85021924310022	15.0842285808347
14.8704872613549	28.1343299875808	7.82049658517134	12.7907318744475
14.8413346084501	29.1031223445972	6.72088633233803	13.9168335748689
13.5365394135672	31.1145704150581	5.43255696194197	17.0164022029349
12.5022720271456	30.3704273285725	8.72710923086802	13.259856172195
13.1186486526825	28.7586118795038	9.45360784806977	13.9557937155873
14.6591278781613	25.3751574807861	11.5804654191871	14.3081712043308
14.8232409979882	26.0472375388265	8.93752511380367	19.6528086015419
12.5207713466034	26.7956501814628	8.90812211045244	19.6866545605926
11.5641014701099	26.2981422267736	9.94455853798227	21.6398694211714
11.6117368952125	25.4143980811146	7.84349766881006	18.4476890982225
11.3697275852762	29.4787371740319	6.14255533904857	20.4388929270603
12.5231993566023	30.7183496141449	6.10719636743913	14.2197806733124
15.2584567767801	30.3856146364077	4.71668806987267	14.6382382049132
16.0069673893549	31.596109851317	2.82533187507071	14.6741331208404
14.6481250430474	31.4721861747974	6.704882312048	10.0601094128579
15.7440584175641	29.6655318430574	6.65296817505075	14.952554717289
12.1280796760126	34.2927993363163	7.6965027123624	11.2323471150862
10.8770417449428	35.7193107013053	5.32993302702728	13.5132514406785
10.1203337865224	35.1328480797282	7.43965732844421	13.3451309428408
7.25608115436388	33.9722602504907	8.30280746545517	13.6706973566531
7.25394760142086	33.742491816417	10.3482070965652	13.6884282124395
6.63265403879416	32.5871265859014	9.6062548201564	18.5671726442109
5.24938630925101	31.8642768862328	12.5651015983452	16.8415791426345
5.86863776276453	30.7268788302786	12.2845806621075	16.1090782705255
6.64112318660259	29.3139356966282	13.2452796514294	13.8833741386585
9.08453142250595	27.8406739290955	13.3640297279096	15.3628368125461
9.4922161126946	28.5123707084137	13.0043442763934	17.7572310029115
7.70486413414671	28.621148188725	12.0673434676217	17.4557635946918
8.44996801268929	28.8400415689765	10.4589128920423	16.6313928549279
8.67156187682939	28.0983929693427	8.808070487866	20.5529694503269
11.284710426401	29.068199369706	4.14028762126992	25.6974947233419
11.2276144265403	28.4610945470566	4.66039991078642	23.4699888168569
11.6224073577736	28.5864630311578	6.87237297955645	19.3515546610314
12.2956428131004	27.6206429715119	6.95966211255263	22.2828126782287
15.1426816366021	26.551572880915	6.97933669849979	20.2007436207231
14.973588706757	26.9291887335745	5.48647823137647	20.3825781150251
15.2909625222747	26.9826570340727	4.27306819272548	21.7183680846389
16.5877508794487	25.7346120256136	4.88586291701854	18.1906801054479
15.8971686850831	29.2011852376187	4.90726659128275	14.1164737818047
15.1368585268837	30.735185518718	5.04999431335452	16.9648897282727
13.8798107970967	30.8784794457673	4.65550948885354	15.0047292601123
13.4405500253635	31.3408268452106	5.6910991866407	16.5557989615839
8.94415143095303	34.3228206046692	3.40181504318927	17.1944842345905
10.6184992698056	36.3631425829439	1.36579230836098	17.7913119781654
10.9452185710597	36.1460382560399	3.01868144835103	18.2257953936126
8.47564113928279	36.4728672779763	5.13352703948263	17.7183774718524
8.85157926111242	33.8651387714362	3.5682878012591	23.0244265961901
7.45432063317821	33.4971181298188	1.48941543676978	25.1406724063441
6.48464280535153	35.7157118513406	1.2442869998244	25.3354396238806
9.20781058644636	33.4471398463629	3.49706189013447	22.1945319305048
9.09195240445572	32.1848877254719	2.42337594279449	21.4624465483588
9.83708616417409	32.0169485048032	3.45339525263186	21.7562160262254
11.4405018547505	32.0408608219227	4.51124863471265	16.6856801596818
12.1300004855685	32.8408140306933	4.48061214843812	14.2058035996048
11.6506191287145	34.2335784635148	5.30470591796752	14.2095593720911
11.4426997526617	34.7153395288265	4.67221511392169	12.5084212221442
12.5646948221675	33.4297910462706	5.54009075578715	14.9336244849725
8.85427834126868	33.8030943918117	5.60441655496187	17.4440781135508
9.75238072812327	32.865865581488	5.87747151836763	18.365689559919
8.81885424765475	33.7877593485692	6.56489438383032	17.0640171505517
6.52124919491906	33.7580448848646	6.07607076960701	16.7686808784499
9.25771343324607	33.8906787167611	6.64176516870727	17.6832275091699
7.31754588912386	36.3636170019703	6.84413642871371	18.0887507427145
8.30669237551425	35.4994080420985	5.33868950557599	19.0039404872224
7.84147575876187	31.2767333370104	9.07846135059622	15.7084979549475
10.5476550277404	27.8054122913248	7.74230691110966	16.6889863428153
14.6691202551594	25.2935318140241	9.49718536750662	15.8228378477
13.6848595162861	25.6983510990555	8.84860116749549	16.7991937143217
13.330075119519	25.5508504506758	7.52814405126044	16.6981536737132
13.4179138535534	26.5550602438486	7.86628239666394	18.0125976212027
12.7769181434247	26.8004179668623	6.36786395329333	18.8319643933962
13.1167369637286	28.4461126493293	5.94336419821299	17.2103637617717
13.0269655677138	27.5393325629977	8.67166020893404	16.8994755691859
14.059128496314	27.0623597250653	8.84021794260997	13.182015668711
14.7848655708407	28.926890469562	8.03132797812042	9.69248219041813
14.6140599666036	30.0416412105068	8.87074383196352	12.2340909006543
12.777895908915	29.2271941322125	9.65557207949965	13.9155643304348
11.2525738550446	29.0734291356723	9.3308472829425	14.8331135583947
9.93169208685206	29.3741410502836	8.72155125120941	16.5591093729929
11.1551144261071	27.4466941057591	9.63342358226243	16.3635972253726
10.9716030567111	26.9701810228843	8.47197672685895	21.6506888555584
10.365549736396	24.9524764005474	9.41261443107021	23.8013009652983
10.6551891804864	25.2683847547888	7.58496364841801	22.1734109268808
11.3878348501685	24.4142588218148	8.47413205572036	23.3759317923621
11.6446684884553	25.1644754310919	8.60481155793142	22.0333314947137
12.3057644750239	24.028107427547	8.49517643441406	22.1531781497015
13.159066781937	23.8491193870247	9.4933956784217	17.7676331753446
14.6379164686192	23.8976842888655	9.99918208150401	14.5358871244754
16.875343541273	23.3498734074669	10.0626574917182	15.8675965891229
15.7330424814363	26.0083138498337	9.60900420973007	11.313695576136
15.6996544190135	28.0116735439284	10.4548572464653	11.5612404738562
13.0892100853364	28.5854039556522	7.4713922552175	11.7072277291013
15.1774123094495	29.1596904111647	6.16060951450755	13.0809174788362
16.0240363625329	28.4493389368648	6.24795810572387	11.5642076947904
18.1568203254122	29.408837104901	5.29087348955581	11.5934686640327
15.9804104185314	30.966075004412	6.5648350657913	10.7080154185504
16.2149336129077	29.5115047091742	6.45263456717797	13.873938507805
15.4517675177776	30.8039920222138	4.43321757928201	16.7801685063924
14.7010922872841	30.9696447031134	4.41487744894543	15.49781308191
14.5850758722415	30.0934268880197	5.48196149734562	14.8717213451182
15.9680822074146	30.6451211335665	2.59059554176187	17.7159896498797
14.9803150063029	29.3909083403926	2.87873137542308	21.3263759209094
12.4285414642205	32.7034105808223	1.42168685560061	21.0736572934566
12.0587627245553	32.2408680575313	2.94078092574088	20.9967523294117
10.1116985134289	35.1498097856228	2.57200644155329	18.6821714758489
9.83889337693641	36.5033003082198	1.12959237685131	19.0510212273884
9.91669733625514	35.3350834865228	3.18255374356808	16.8675055580761
9.01976553341082	36.0075113820017	3.99104124939708	17.2678792311751
11.7613132190709	32.7707733740203	4.07894914141308	18.153354968235
11.5268973640331	33.4918777418138	4.84168432114181	20.0677169885599
7.71617698761331	34.1017986668019	3.81044940018562	19.6403705871699
7.51337413777474	34.9031125984847	3.54360398680233	18.912246401916
6.9154355343447	36.2053466433297	5.15695059488398	15.4895536764811
5.84625722906935	36.5533166526455	7.58491191209994	12.8596374369513
10.0522991881067	35.2020957949164	5.5799619610212	16.1304095731587
9.134554152934	35.6951883748391	4.16616431795743	19.8350587766298
9.65415360902121	31.3550829040189	6.3727529778586	20.8929637258174
7.98090359597086	31.0566100295317	7.28652977742937	21.5154040617824
7.44736744259103	32.3235945057739	5.18502636938107	23.7999952612048
4.7945765223979	31.4228313764309	7.4174157490132	20.9572178641869
7.89719175358032	31.0969385432429	7.51224704618729	18.1362689407145
9.09308484854031	31.0477738950738	6.69052995293946	19.9941642012828
8.66119373222667	28.5863692297005	6.80848170419127	23.9002474471386
8.79420969046231	30.196492337376	7.99269530338139	21.8198278317619
7.04086035832342	29.8503043253311	8.60573931013138	20.2844712212141
9.02146005696931	28.5453234414877	8.69671643915561	19.3869830695372
11.8899746852591	30.2552483714729	4.12129114122807	21.9339826567489
10.9092142825429	31.7752922856792	0.936076331871476	23.8138723354246
9.1650908832852	32.4624246726356	2.14198873686531	18.7078087651188
8.42302461620909	36.4334689237306	2.74717867747743	14.0766120855714
9.00249285062608	38.8953084841499	3.01658235126541	13.0483069913479
8.26952152022052	38.9125233981863	4.72145743304298	11.2562200113677
7.34658047559146	36.7803113302321	6.93726479441135	9.05208103018934
9.17595071964438	36.5715437452414	6.86042803472115	12.5959723656636
6.60198164375367	38.7536003813252	5.73009920306211	15.7629476399922
4.57724812067151	38.3931617322483	7.0882328908612	14.583459832316
6.31266340758164	37.0973838411969	7.18961364186378	14.6341100596653
7.1324437742119	37.0238704222952	5.32839271875535	17.3421068633839
7.01938880171898	36.4894921994929	5.94611869877191	17.7665573339832
7.35378273608655	36.5364125006336	5.45453658550033	20.5722011426856
5.72312122492381	35.4778580818779	5.76822677616948	20.9719103011139
6.45860530316739	33.4029479031466	8.44013791986727	18.6733402411997
6.24507565719791	33.7533195266576	6.79715637028325	23.3013951343096
6.86987816358927	28.8672699477861	7.62403528570984	22.7996746760405
7.15065211862322	30.4422260610961	9.21040248025064	15.4420397693835
11.5419060770794	29.1327349282444	9.71934505551816	15.59398821992
9.20905912401151	29.5573562034048	11.9002043576025	14.3621580569869
9.96949097984398	29.0549831236935	12.7176572603823	14.7322372779466
10.2428937787649	26.8971560526814	13.0161331279267	15.0814082825496
10.8952115366947	26.9122734983524	7.90697101848833	23.5427104698983
8.21223932512084	29.7322069379486	5.14680783769605	25.2113672083733
9.42932078247743	31.4405532905269	4.2149785234828	23.3929771993798
6.59425817131609	31.5034410696887	7.1546786665576	17.2610096360281
10.1234617274951	30.3008015490547	3.49632906546568	22.0563929091863
10.8041048031066	32.0888697932389	3.70690538060273	22.8223256835849
7.78054573200686	34.5978678948231	2.66291216772949	21.507604538849
7.30230877987152	34.7902865956989	1.98098352598417	20.4605121663273
9.96518340254663	34.0044125687736	5.56731922272983	19.7163675811411
7.90950918001416	37.1342432435076	5.91121424641851	19.246966856745
3.72003070576682	40.9097291046228	5.54901778537149	18.758805640255
1.98642624441843	40.1694354519112	6.65384307491504	19.869693542126
1.42226932068316	39.1078915993548	5.97774866930881	20.5585746274201
3.16658856381626	36.0558598173647	9.88702817443797	19.0222260628699
4.00850526827885	34.415877648802	8.03848411830285	21.0436745796224
6.50104245475991	31.7397807426398	11.031626481156	20.8613229280209
6.43032099257243	29.3570889327322	9.4995841584478	20.736934202658
6.36301686599067	29.9283638463544	10.0007517712793	18.8639103170049
8.24798870353226	30.9622498980912	8.84060782837126	18.2551057488222
7.90603425817978	29.9134968754712	8.11767127236622	24.0778858461913
8.16355906175379	31.3526165343697	3.7686925787692	23.5472476776254
7.4170810564414	33.7282802911373	1.42568931016204	22.7183610581301
7.07602038495172	35.2557483676898	0.557510245450625	22.7552346255539
