20.291076821552	42.5520086854937	1.15085282210871	22.0060616708455
15.7005096699658	31.9743495585153	3.27116406115063	21.3117367351561
18.6927959432123	30.3764151051429	11.4779566564108	20.8117764075507
20.4344371533296	30.9741784118457	6.89333966566064	23.4569135201345
13.8708260422378	29.9113717262148	14.109397722819	17.448009988394
13.9557859718083	35.0257771012208	14.3171739661518	18.7155362296293
8.5816676163925	35.626728291793	12.3831272371497	22.5921204163634
9.83746796702193	37.131749062503	5.76295405740516	27.2213504130415
7.82632403485622	37.0117096223218	10.25161630953	27.8795056422189
8.80431657097285	32.0219186203267	10.9876662281134	30.7573343333013
12.1334703137624	31.3272885312809	10.7920378734543	19.1967330954614
11.6475086033081	32.7146728073075	10.2577886593715	21.9555665028858
9.32590832493426	34.0983063650146	10.0427335247585	23.5388037636893
13.0537695836012	30.4882781445167	15.2069657924781	26.9660394827803
11.0503909220063	32.3914324281062	7.4903076186034	26.8878852229533
12.0168095728229	37.8571596909126	5.79703430163383	28.1865627931297
9.62913009539554	35.8747346444624	10.193167837569	18.0224882841338
0.81873058544248	37.7082379629472	9.92502275031934	29.0889014706244
4.93544106339997	34.3001325686274	9.26739541922639	25.644126335006
6.81785124118205	33.0402659160828	7.27942269681245	25.0012414333924
4.30086277200202	34.9290871412305	6.24305758034113	26.5403233901179
10.0096985275553	34.4826617303116	-0.764311090645611	30.8660162323668
12.0987999412858	26.2431688933971	7.64360776787334	29.797620108775
9.47941082265909	32.8152679479538	4.24108763775788	31.968863096458
5.52936512024063	35.3541383307189	9.80643401047673	29.2938884951863
11.4711563576802	29.9846106277815	11.5217810621788	25.8144141578367
12.7646770792088	31.7642884911664	8.12847694447535	25.7247491226587
14.4306917954714	29.4661201646325	9.13710782728501	26.2430928209778
17.7427153154544	29.7804011007502	4.17605815360779	22.2631929609906
20.4838790423505	22.9593082420437	4.66403232238797	21.0407744888198
20.4018978639774	20.7311715491114	3.8213245262996	29.9981359280627
19.74670822522	21.2745504856019	6.97927345761891	31.9907367478315
15.4959338882412	26.8091538410293	4.95063323923141	34.0920700915863
16.3076713324492	21.3691539365528	3.64253518125649	24.7673186185544
19.3363301164198	28.4628826615914	3.44542531753079	23.0878242528845
16.1589567965359	39.9837854866675	-6.31423303368427	26.9668126868626
11.1620197211686	39.1421850965172	-4.95177296665423	27.1821070549621
13.4007816810531	34.6683726281673	-2.32842500589424	27.5447753979756
11.6792992690948	34.4996251455341	-2.03931924165726	17.6379250525429
12.6440062492524	36.4776508176172	-0.836938220731223	19.1180142969756
9.89841991825003	35.4090746413317	-0.507718906451284	29.3186897576663
15.4476264749676	35.5784057159611	-4.14410152608124	32.0319216480783
13.2594075661432	35.9515608710534	0.675896883448784	27.0623745174232
9.67059861303861	32.5562397347129	0.361912252819364	29.1466716361317
11.7421807105988	28.493637929514	0.581215808197099	29.3153245279314
17.1548736388526	29.8845524799227	-1.55499275118933	26.3557308817031
17.9652316991736	28.0211043699793	0.544968612793171	28.3637747135903
16.3071740053382	29.0744127288921	-0.851056484774942	25.7443042509216
16.2679274568697	30.9292625894298	2.90023983242989	34.0542725676534
4.7610339772432	32.0879728426893	7.2604722811009	34.1375046120588
3.8050444972063	30.5762535419994	8.88132117708281	24.8083317116752
10.7667185937175	28.2627907470535	4.09917382710606	25.0870252618294
12.2495334249679	30.0913761788912	2.72570073558942	27.1600137589227
15.0964059796291	30.7187029230341	0.925099113208288	32.3240017667364
5.52976664001963	37.9059344925851	1.00797570693919	27.9378808462012
9.56844548148261	35.4412710084513	0.762339289408713	26.6309201452445
9.55467538128765	32.9346188665073	5.06297205958197	16.8905120252868
17.4172715462108	21.9015282666947	8.18135100549418	32.3976089491091
14.8391502574733	27.4383755983442	4.86689023170012	36.5580494694047
11.8850965579606	31.2631178256255	0.869135602791542	29.3793503014104
11.9865532189709	41.5018571779617	1.25462850551795	26.0707581519154
10.1675152809513	42.2454195033312	-5.04849343162886	36.1885105650715
9.43387062886726	42.2168601639814	-3.90957610202906	28.9258761675871
16.4304174343513	38.985118803036	-0.24382636700311	24.0421086264182
15.1853146497549	40.0423223202364	-0.524657678722745	20.7978787498349
15.3532855832839	40.1646756480608	-1.42249336755728	22.6451499449821
14.6679405789712	39.0568926761426	0.0560315192782124	24.1648880431229
16.3711102020327	34.9610910817149	5.09713117020582	16.5085131186429
15.7227406457399	34.0214591149412	4.13076211918523	30.5692333004341
13.9066870857517	28.8681421760907	9.99352331838303	25.0726817403622
9.87413801242322	31.9379210429889	5.8816491496443	34.917831666574
8.12273504585894	30.5722167625119	3.95631912242902	25.3351383964164
10.0369256376375	34.7234633928205	2.57475139651728	25.9477166813432
10.043100567569	32.698899336396	8.92687953766376	26.3564920498391
9.71821317119328	32.4854672084318	8.51011339507267	27.6082444637116
11.1642933758557	28.9652998725206	8.10150956900061	30.2800212142093
15.4884315079234	23.6855033703176	8.5646041312927	33.8847464114509
10.7249372520396	30.8216138073451	-3.47781924026446	35.8497278793806
12.908262910592	33.7852950376666	-1.34480859749365	36.0382194769973
10.2506130646505	31.4136039969623	5.10494292815801	20.4349349023172
15.0761472440964	28.714932167356	5.61470840317154	27.4130085928694
18.0900388031905	28.5958214969571	1.21593219588238	33.9542567742315
14.950339683116	32.216108445146	-3.25329827181272	36.183225701958
15.4505698483145	30.6689917520367	-2.77622323480257	27.7693300413879
18.7950933173006	36.228557835668	-2.13688109939016	27.459082715866
21.6936106447178	38.2874146445956	-2.87145338622774	23.1151025604393
18.8374363366652	36.1557514343999	1.38570113035922	22.2557136043237
16.4168517748963	36.4250564139925	0.594348483002528	25.4851497646392
13.9626569634135	35.6168973669328	3.69984806956357	31.3561664726268
12.1322439671647	32.6722215373608	1.48692868852448	34.119763493043
14.2523157902541	33.3785203235813	-1.98907039802666	32.3466042600782
10.7883476887695	35.6147414522465	-2.77366622099757	32.2225179363927
10.7810353792023	37.154152513602	-5.8824876062539	33.1126948005066
14.5165580792103	36.3077658686127	-5.55528585298586	33.3877311928768
13.0644884240948	34.525787430073	-1.40838689863383	31.4714439588237
19.5208786497113	31.6956717397192	0.0474479613374799	31.2587734448661
19.7459755069366	27.8766303361779	0.391300137202801	27.4350563893962
24.4664419541093	25.9096817619584	1.0720818904806	25.512283562627
21.4631339825591	29.7086220053082	4.22519127329369	29.3694471250871
20.5735268873603	31.7923577594804	3.88009121207534	18.8272179055972
12.13839516674	33.329971552324	5.05032642077668	19.1045737501513
10.2232772757003	44.6786719108205	5.58582410629333	17.6694464658264
10.6222096517582	36.6434409366194	9.55139051837341	13.9373033507433
15.7349992370133	34.7750296390352	4.78398806791394	27.1907132209804
13.1916166053743	40.1439528010034	-2.29655323446268	30.6979715708924
11.2831497997757	38.2023750484182	1.57523418600026	17.9585941950706
9.18451762345961	40.0784047720696	0.793838911320152	26.923390339792
10.7874748107803	32.6793456937907	-1.26412092321394	34.8335746930285
16.2491450017638	34.767748656022	-1.60320014669874	34.0659206259081
13.7880903456835	34.1148849058319	-0.181136611246118	26.4139588434012
11.9093196402066	36.1442485292821	-0.763761869494417	23.0837564241085
15.4671101421288	35.663383848842	-3.22209528236243	21.7109793900334
16.6368225016801	35.8448704281885	1.63250128451211	21.1411812421356
10.883741801156	34.876593778081	1.53369046925974	25.0900348540817
14.1259266941532	34.1038235257833	3.38858475326089	22.222417009907
13.5838642992048	31.5713895023202	1.73537431625444	26.247554231614
9.39324753701494	38.277048145361	-1.84250550935251	27.0388158910834
11.4007804945069	38.8576458404504	0.0780952983062289	18.1413151521162
11.7333742679985	33.9104858030658	-0.122410805850146	18.8528497667909
8.0639198196078	32.826107001314	1.91812554658312	29.0812158269734
8.97454762663266	32.8949008470927	0.956065713473739	28.2729540077896
10.414466583089	33.0209964560404	5.86952552017677	20.9629182230605
14.0047847222658	30.9470955375641	6.43294894886124	19.3395671795039
13.461387222215	36.0664670146129	4.65605540019381	21.2681554713691
14.4300140858662	32.6442258386	6.55406061454231	21.4880532897771
15.7982382014428	34.780017190136	5.01332705967614	26.5022147395915
5.89832800546158	35.4499677836709	9.82088574663919	25.7698332627709
0.23011193977452	34.0028466505744	13.9874104036875	19.718877840856
2.49239731656998	34.4317094015703	11.0144281993223	22.3985073855835
3.96406925931384	29.8492271845647	10.8456081886781	25.5624390144134
18.3218074242569	24.910235385806	6.12312900978468	26.9871114370695
20.9325345933422	29.8995661200071	4.43930997985777	25.6651392559143
22.6172108104223	27.8687505499961	6.94047772760057	26.4381102027048
15.1200340862375	27.9782608191644	6.54799642242977	30.1896224663626
9.65198512452792	29.6105557188845	4.68425698734405	31.5807766773874
10.9709648076042	32.4984659904136	0.631061284408498	32.4438816778498
8.41893307421469	36.7928496513038	-2.98597263031273	30.6708735170977
12.1637357524842	41.545801944319	-2.30546620412309	26.2770222233811
16.4054628529303	31.5319744010578	5.89620734637436	22.0220997811246
16.5412494726044	36.8275506885377	1.58141875770768	21.2367453484187
18.2389225525483	35.6044513735313	4.64893853638056	20.7682605937446
14.8866197717078	36.455693159022	7.85899701641608	16.8456342847999
15.2910121373933	39.2636999902557	2.00647923743088	25.2206998896489
15.0006467438079	38.4281497050036	2.0447227125816	25.0043233805971
16.068885280683	34.1467026421816	4.21360561193926	23.2665977213146
22.2164261404124	32.1814995405681	1.1509084100647	28.9207486968019
15.0824126579824	35.1000464657584	-1.21060178888519	32.2224252721965
12.5135228054959	33.7113301123183	3.86399523573232	32.39099863021
12.055708058494	33.7997154349152	1.42050440577267	19.5154448904872
8.00867922158781	34.3064040487687	2.96032012046185	24.2725924149931
23.3608806677093	28.6903279305953	2.69882737347622	25.7570161045373
23.5277204177272	27.7495190133439	4.5855940449765	24.5122059344633
17.0564649896606	28.5866382545397	3.09036598632898	34.7369440913842
18.7005706148739	25.615338893644	2.25064181684471	33.0185222848029
15.3918399492795	27.5846740057562	5.35700834471217	31.7446583677775
17.1796946361246	29.8096185528826	1.45038352750707	25.7261582073516
18.6049128033312	40.0686550582445	1.09059940246521	13.5183046774737
13.1866421283314	40.1025687982293	5.37570240031813	16.5318423341517
16.0620683099074	38.8437989071719	7.45467668394617	17.8304894227225
13.5240766356629	38.8907086210521	10.3394119508097	17.3148253922634
16.4256051477061	30.5048360113422	9.91491014736301	28.4947724111701
16.7921887399746	28.0153738894544	10.1800617447076	27.4083101056317
17.0307613542038	28.2664912500832	9.51313061518122	28.0939407285932
11.0805372816698	32.8453164888428	4.38677531312679	29.9771406734509
11.2734720095982	31.6111986412071	2.97692819661315	23.993691008087
13.7287455175583	34.0658023126993	0.840574380395202	25.0150006697453
19.6364341310925	34.6813386368824	4.59968850596962	21.2716534697656
12.3436226822025	42.8890853567298	6.39482207226114	18.4482995772488
16.1486406335783	41.51674692472	5.6955897362682	16.7457666567517
6.6003354603346	46.8298344298054	0.49292625819569	28.5457308509181
8.40573477762372	34.471377362411	8.13931998714616	25.8169338214621
6.53369982081687	28.5469548859791	9.23241218702679	23.6531897980017
10.2898656392439	28.5001894123078	5.06768689874371	20.6027678303649
9.89668657090209	32.8851358467226	3.25642174027671	23.7472736063642
9.87490489398755	33.3597379430215	3.73722910333236	25.5975256918071
12.1858104785874	34.9096388932554	7.55737546188437	25.5147309968564
9.64029597092189	38.5186110739388	6.61449913809202	25.9313383711465
9.60611228239033	38.4104749878481	-0.424288486783911	30.9581878375225
15.7559869379564	35.6252531766841	1.17504890076923	26.5036244785191
6.96755985824318	35.5688072288358	9.05251238057457	26.4375344433113
9.31600167733763	31.4620099709159	9.58129259587284	24.1681911159419
5.48192712097575	31.7379750827117	5.57249418287337	31.0185675291457
5.51352462777252	30.9688195519071	5.85390796864467	29.7401062460728
12.438125161983	33.2588983937544	-6.36731953233524	30.05122457295
11.9346912378147	34.0080557093402	-2.78819398335716	20.8959686512993
14.7980068288343	43.1022287165192	-4.81047287567386	20.6627108223653
15.0114701225197	36.4180364254166	2.76965695216453	18.7276056848383
16.5477869313419	37.9463693706565	2.3157719239015	20.8534474229166
8.19275844564621	50.6875954492361	-3.66412301507087	24.417741329014
7.76333044796064	38.5494469658815	-1.73692949169697	25.5407061544381
13.5478360996693	33.4734058255143	-0.55448587105991	24.9236230448742
13.6280976027981	34.2690533623844	0.647625685134813	29.8812753355126
11.0832877995199	36.7992240153929	4.9432762875066	20.2849053638591
7.93893079764531	34.3751264303668	8.88616419395738	17.6386064338102
10.8555144097409	29.7508181804536	11.5641625410487	17.0401633024827
7.70370411126903	29.5162536784285	8.40510183374333	25.715350723514
7.81860381369554	31.5483427651437	6.13650085152926	28.9736819995247
3.06620581678154	35.403519902874	4.38245250842945	26.3223535434023
5.12708053828256	37.8193521140401	4.09889169206535	26.437016950857
13.3155230745505	32.9632217834045	1.72422757370832	23.8221451813293
11.9849287893186	33.130527060109	2.28701205457064	18.6478500241352
15.833428953325	37.2357436733035	4.97516431844296	21.7021878983847
13.4884812981783	40.8793168088343	4.7435888165482	9.96983537804551
13.8312476986049	34.1535370393578	6.92079038070471	10.5685173762997
20.2515423920372	37.6715345538573	6.39722359371103	19.5750579613106
16.4344927553562	34.2788469553944	8.00147124527036	22.7536755465656
17.8442383585725	30.7001422366147	10.1153346083725	22.8043541541914
18.0887069036571	21.1951673909051	8.7165264527148	24.9355674071532
21.0312309667385	27.7235862820475	9.85484911701556	17.0441350113149
19.263752264419	35.6871985157945	1.10035235573211	29.6711989649001
10.5194197456877	35.735957754319	8.05939164915663	13.4556594463088
11.882387399819	38.4897013216785	7.04486010627826	26.2277375317138
6.82591823504354	31.1978999420141	7.72730067618745	22.8831253618134
7.10844558499752	38.8654647621752	7.76946301818447	19.2465209407678
8.86809584085021	39.0156841546385	0.602750481965169	20.7351453095621
13.7377319743965	36.4154562281533	5.89582539089189	13.3657626813224
12.9973297755342	42.6619477567351	3.69443787912183	17.9420733029291
3.37274116246371	44.550188202989	1.39491315184437	20.851694622197
6.78989351276649	34.59082998626	6.47557700237535	18.8436825833565
11.934871015992	39.9162116258834	1.72874423859917	18.1544021881432
5.98183869614256	38.8892774433598	6.63304447132739	23.5503651798949
13.2222621502278	40.1296293919252	6.57356109064608	17.791311920666
14.7908791226402	38.395327823945	8.73516764948851	20.4273052091725
11.118757892593	36.0144205108764	11.6232170480158	16.4005941465371
8.57688668880269	40.544977569628	6.35030378826953	19.2893336777322
7.33006179883046	42.0775412474645	6.63745734061921	19.3551775121324
13.7846662696744	32.4833807777221	10.294354511223	21.5157715750121
12.9641793003599	29.8282771264558	8.81614820533647	22.5388997497231
13.5237069538041	32.8747204510028	9.43215690753638	27.667998641935
6.17030915304318	33.5980735587817	9.7441609060879	22.4654332252413
16.6642122318065	32.1221368931304	7.73645108984177	23.1410655368364
15.3995955590813	32.7742457185596	7.69811854734525	19.7197831577131
6.20811977607218	38.1473156742656	3.62821276569247	27.6026442029874
13.9137051500951	33.6137005415981	10.3198906611579	19.3773691961206
11.4513693668876	32.4095776812429	9.71977039470404	24.1359469167849
11.1200195553131	40.330437101051	4.43139469208861	21.6161391096482
13.4714280747078	39.5547599128004	5.98699939730636	25.3303217477482
11.9615092471801	36.783150985086	7.14065072441429	21.7810761165726
7.93592252967468	40.4486250050307	9.44743839501321	21.5371737305164
11.7383768342844	39.8973422669284	5.6016366665466	24.1473420578932
