20.2464763279318	38.5534423485196	4.25836225052837	22.9417190730203
14.4691321666016	38.8198912458292	3.77628470899858	18.8227277830204
14.3071101738735	37.3796313283599	2.61794145264091	21.2961998194241
13.4637692738035	34.9467733017734	2.50579840746248	22.8677685211369
13.4856851077349	35.486879346661	2.45673779433991	20.4876176080592
11.6834743697838	36.9168904903226	2.28026043397589	17.8155395224616
17.4124973487954	32.6650209994868	5.59399856028362	15.7796384009077
18.6391200019892	30.4823699579373	11.7109903158362	11.0629367153487
18.544033117923	30.0916598495295	1.89239036764233	29.0960726909238
17.2386345435633	34.3943101191533	-0.462604239515674	25.6822666919227
18.133476853233	35.7302896032001	-5.6332551489299	26.9109570023041
20.8003425446284	35.246638890015	-1.96544693399408	15.3979004125479
18.8094126537387	36.0906201243717	-0.680776642059922	15.4056552981395
19.429258590334	36.6031154446621	-0.0551575640541828	16.7859624045082
17.0611142897437	36.9115741019218	0.47944100719417	13.7010372247429
17.3517357972126	39.7540934349624	0.636496142371748	15.0734769674823
16.7472384234546	36.9149333491682	1.03392793214518	15.5098113492936
15.8703757207158	38.1447906533017	0.717576731691242	20.241601666963
16.0438412767152	35.3682013527944	2.14306631707224	16.8398116897478
15.9124630027415	38.2996334972666	2.73974145355802	9.0107913707069
14.306465148829	42.3414029850473	4.91901747122005	9.57085392118236
14.2447044779462	41.2090712944754	5.67286199362546	21.7648254213406
6.9198906061609	46.7986079488294	7.1186298857238	17.9110009810782
6.31930470666819	38.6549085677946	12.3253033640295	17.3120719386159
6.81263382134929	33.2045193309699	12.4856470190123	18.274404735872
7.18815476972224	33.2792319720415	12.4652708079801	20.4855800523511
8.07622855882895	33.4175206897584	9.6637374187657	20.0410399897035
12.9903933920971	30.1416412001735	10.2297346351221	21.8663809678913
12.8633076085826	29.3077237476609	10.4134862996666	20.8636687321053
11.0371461574105	27.4416323911993	10.2217459768952	20.6070190416216
10.5250769129176	27.4253548865801	8.28596517182521	27.9562681149259
18.009702888179	24.0493099975384	8.32503313403211	23.933554399966
17.3010899441795	25.6667247137039	7.32154211001105	22.7488378758712
12.3795572704183	27.8694301124528	5.66640682024516	26.6152850023641
13.3319869762998	26.0667808686283	6.22246744473829	25.6660279279745
14.6715658772517	28.6089428963039	3.37967657381102	23.400305032002
12.962137328482	33.8892629423079	3.60405462373504	17.2308105356449
13.1097682333582	33.3860399140162	2.52795372649725	17.8028730576652
19.406250797525	31.1649806177361	3.28902927020262	16.8861385475639
20.5459534524343	28.1871442416763	5.67392782945049	18.8754334783907
19.0584866291247	27.5170596283642	6.04762985198299	23.1198666727896
15.9923351454755	30.7681979911657	6.46951414937625	18.3889872064915
12.4158686926795	36.4925981589848	5.96543200560435	16.8284384064478
13.1439064877314	38.210198278285	3.14584186779856	18.5900149130043
10.777260631686	37.896734759229	7.51666116751559	15.745151410625
10.7270757948159	36.2380840876315	6.95635421965129	12.5096268624073
13.8250483480393	35.738581415749	7.6266014337585	19.8379945631785
10.6641383706081	40.3292398797523	8.44789563614592	19.687697672536
4.55984523069935	37.4951678111404	9.67314257455707	30.9698002624605
5.41589128772552	28.8412816284971	9.31908558146133	26.2946555206832
5.99604799299393	29.5884184351006	7.00742776056155	24.6499575305034
9.36358237749942	27.2829632018428	4.56218666545252	29.7505549687033
14.9348873376758	29.9175418400873	5.5943863619767	12.2903847843165
17.4081764933785	31.1302106664252	9.12070254108751	12.2263016747067
19.7622548421045	32.7256111187908	7.86983350536669	12.5548416779945
17.5500235717777	35.6273005972592	3.89684163378573	19.9532031486942
11.2237991160222	40.7809850180114	0.879113146756062	24.958118250718
10.2855310763985	35.7891655498953	4.25462161951839	22.5036411098894
11.7687135275543	35.1098096553072	3.27766239938466	20.7506950276408
12.5229855498985	35.9336957975479	2.74468321866609	22.0798429428509
9.4765015563682	38.7025231693128	2.21700711387096	25.0677239430047
5.41552120719898	40.7024709565753	3.22304346663812	18.8766276482858
8.16177725885139	40.641940162721	3.20101076336512	19.9917830223013
6.18947032391479	41.3770528614698	5.04638266908925	19.4321575288039
9.00242228079041	38.9374819688675	6.06378130541172	19.3816068841563
9.79408284900164	41.0540701506836	1.93839762286272	22.1166504617962
8.02908171242956	42.0821816421019	-0.797828210787959	21.4350407175901
8.7656076634835	38.0109977249893	-1.02126315471743	29.9519435201021
7.23569728064889	42.3499509446947	-0.516411997358748	29.6648833190082
11.4047094113781	35.773669694314	3.46250655383071	29.0566659161515
6.10960261943383	37.4006323900504	-0.86374337298596	32.4875549764067
7.32122252389846	38.3360574825166	-1.93803946411624	28.1355243922837
10.1857402359134	39.7818829625084	-2.75548043352008	23.9766012343272
11.6767887549743	36.3326119270968	1.98567116941869	22.0647771308824
11.6390208277474	37.2639772036652	5.97446281538889	17.5856590996722
12.1217202334596	35.4198878210164	5.9434415419118	15.4940573628218
14.6602358079091	34.3470640388891	-2.62749352534325	17.9852307368227
18.1063590074465	34.7065411253474	-0.457924868732548	22.105519143809
13.1087338951401	36.4973320860058	5.37498718740119	23.089979243458
12.5499018296844	31.849017082864	5.91754176704563	23.5476825259109
14.0205177787928	35.0383982669204	2.30312589140959	20.58616235361
14.0089567828391	36.2241551730701	3.79687106555516	19.4190265589714
12.7318025527921	36.0138654585741	3.68380131525804	20.6677453126763
14.8669437580147	34.0391081689834	7.02068534539897	19.0375025710095
14.3904464673587	31.1602667893846	6.53914046004462	16.4399304760808
14.5421104470687	32.3809268414367	4.30469702227088	18.2117875277253
14.3436405391403	32.487223249576	5.3218827416922	17.5105537248964
18.4673002993659	30.0034043394795	7.21214539058444	18.0821654256632
18.1479631956353	29.7169818276426	5.6333639408598	16.6495847462037
17.3297832915121	31.9496832206793	2.14900635975229	21.3395839386911
17.8120287982309	27.7343439849187	5.80766629521551	25.6381948215247
13.3052848821717	32.2474841534957	5.58991949925898	23.2021894366954
12.1172475027914	34.6830530160024	0.120855997453914	30.2887396428415
10.2608807872662	35.5579052556347	0.014233267961643	26.8980255024556
9.80107908372194	32.2087607153732	4.05509059630316	21.3687424571301
17.1915405779368	30.415985688385	-0.210668134167978	27.5138475285673
14.1175408987551	35.4160570393357	-2.1887488552504	25.5178339831361
15.1357398325581	34.6247671561357	-3.5160059836828	27.1458611917235
15.8293386808987	34.0241064613758	0.290435109255233	28.7115454604402
14.4663051036187	30.9269482694874	2.30758906083223	27.5654275565113
15.9693271955536	31.9774534725562	-0.881083542198867	29.2527532154172
22.0921465698168	31.0275724021004	-2.85492507618471	27.1999143083057
17.3115333485887	38.5838731909008	-5.00724529167573	18.771504100453
17.3063751090788	40.8168736072094	-3.78645087827387	20.1712702541237
16.9374356665187	44.2253675774814	-3.26684572691529	17.4677440238547
10.9423499909082	46.6800797658184	-2.70555120843908	18.173227083679
12.247938769233	42.3877570924556	-0.0997499558231363	19.8790427872871
12.0698179158536	41.9306641614272	-0.743446678302346	23.8645742431243
13.3210210055538	40.6925879593477	0.719518432645053	23.9773804485822
9.820066439312	45.5683943793001	2.66593784465784	13.3684158721542
8.4148501292914	45.9068731470831	6.52994014927516	10.7518254360719
9.24878819955528	42.7902681029652	4.3924212247509	22.3344175114891
6.42694317580198	39.1428217173804	8.55019025268529	20.7784500362014
4.41495781722511	37.0278154402479	8.96277611416347	24.2979913058354
3.62191115281272	37.1842162128177	10.7278584215357	26.6757652112092
5.12016033994692	37.3665180736979	7.45447348957273	22.253887082431
6.20826862760547	37.1981736128979	6.60599942465935	22.3829298452243
13.6820547904173	31.4194074561477	8.95433122875683	14.9560057281875
16.0962209841574	31.2998823573523	4.07796331402175	28.7260430923797
15.4166869764751	30.8866565750002	1.96819642059307	30.0458903901703
17.081707348373	34.4850119984509	1.65315475805212	16.8647197840632
12.6411059128831	38.8556434599483	-1.90106072549166	22.1891428613482
5.09224774642659	46.0979619146125	-1.64823399709926	23.4286807300019
8.06811889686047	39.8751870066659	-1.57951072875799	27.3945167180578
11.2228041177076	39.3523363293309	-0.42565064586966	19.353991352208
14.013367964646	36.4003740828261	0.647837029446842	18.9967710916896
12.8197557351013	36.4595208894238	-3.02258726800513	21.3908504630246
14.8727879777943	40.0301707690148	-3.51135714211855	21.4758693455525
13.9647729696269	39.9829689683891	0.432046259495664	16.9136911978962
14.5920313063949	41.1361985528408	0.862356182639107	17.9742105830366
13.4651321971729	35.2613749630354	3.07807595628355	18.7669805430925
12.4142377435169	36.4243485285506	3.56668317383746	19.0438717411017
11.6121477454104	35.3191339639552	5.09460972650127	21.377260502719
8.68355864126444	38.3604303673446	-0.509591240555598	22.8922622020227
9.64748852031039	41.5768321100537	-0.704069361676082	23.4981874677223
8.86461181642221	41.0307837844898	-1.53117114526169	26.6124842593317
10.2034208842343	42.9884172571514	-1.45008623615626	24.1981116284487
9.60525999664115	40.3056404632859	-0.8867806664766	24.7420339456949
12.2008886173502	31.913999689124	-0.735354607758508	25.9636594903524
11.5099091057768	31.8744172945949	-3.01733061934023	26.2169565832111
15.3419111969984	31.3347909500618	-2.62233912880227	24.2673599121627
19.9919584426678	29.2641208710876	-1.48068679029573	19.5781650377903
21.9952541110686	27.6354904714987	0.657535618171989	21.0780197368541
19.5091914302319	30.0454659396798	0.26352937385658	18.2215846384967
21.5956038060247	31.6949355476514	-0.0647950503499573	20.2934003397517
16.9535906357963	30.3377403242949	7.58859665071159	13.1082092478459
17.8126688513553	31.6367551212635	6.19828632738008	9.7983380310756
17.4496404503121	35.2406075273297	5.67363267832218	12.057362189791
17.6271049055391	33.1399896981522	6.06521639575033	10.3308190331591
16.10070523863	35.384875313238	7.71986629881678	13.1159394644296
13.386334160448	34.3021322212636	9.48031377115069	16.142719468577
12.0669685911006	34.4137211657807	0.968284500509185	26.002830424992
12.0463523470064	32.7745145057234	3.92222421834203	17.111875747971
16.2273710725096	30.8433932321145	5.45520154938417	22.4656390138668
16.9624032141839	31.813254651986	6.10580659100973	10.8831359878791
18.851132096135	30.3587310467537	5.14880041532209	16.339872834706
18.2996109144528	35.1071017081539	2.2842063562571	20.1375259985073
18.7161562305641	35.0699501125954	2.42241897412604	14.6638449846118
18.3299716345731	36.3645680851796	0.405546243694001	16.6501008697891
20.5636497673344	33.6638064962262	2.57595459550651	13.0886110855421
17.944262685101	34.574006175754	4.85785710173386	16.9603036815455
14.8224633849904	38.4042742035465	4.75655945031631	18.2982605870373
10.2505462501643	38.4586350412222	5.47917622388067	23.6576230923298
8.3191320171839	38.1065922926079	4.08369791940381	25.1159352452585
12.4603273919234	33.477477134485	5.50466120256638	19.7179930828373
11.2184218190992	34.2975302830621	4.50745417982867	28.0799757231819
3.02274748837638	40.1754787538715	-1.17994325285447	30.7808112144449
7.64245750431923	30.8820529719984	0.606796752865283	32.2756546154597
16.7690842260132	29.2466743839499	-4.6879475887855	31.4765388892011
14.9520023496622	33.4096575353424	-5.09361910876676	22.1351385280468
24.4480042125812	33.284800484894	-7.44826727789685	22.4607447838389
18.6276051902091	40.7721201229153	-7.07922189870635	18.9933837273445
18.6077780673484	37.825997015372	-2.60131432583342	16.2863342904773
14.130130088643	45.0430097872098	-4.46911745613227	16.3436903337304
15.9948487251409	41.9730337827549	-2.76935363329733	15.4519506216337
13.0430022112437	41.8534856526826	1.30505387064284	13.7758304398441
12.877309052746	41.9322823107448	0.0420422347269902	22.4411348480117
10.6300321054729	43.6249903703737	-0.748001159930931	20.4078888601238
10.6124217065998	38.6068356477353	3.21009980440075	15.5452765674876
13.4546971128341	35.2692213925716	6.38444526338012	17.2857399625742
13.1178706169369	36.770565886036	6.04191760484406	14.3798882994839
9.73381737283311	40.0772676279961	4.25137838332504	13.6909431606569
16.3639914061769	36.3890735514382	1.98091146287099	25.2592075012106
11.7659237646294	37.7893614595449	3.99102362931883	18.4578546869859
12.0463282695563	35.6346511511994	6.48073888977235	19.1647659567582
12.8071285725163	35.7803240628032	3.28929969470194	29.7426667483476
12.8087817258896	34.6486625831977	0.155352494343312	28.8070411675317
14.7018294879779	34.0271764488006	-1.71714929497875	31.4022181250793
12.1990249869957	35.2698542669044	-0.0421918146971567	29.9104558697609
11.1051601665776	36.0726339838096	-1.28855726046275	31.7782178984662
10.0314002771693	37.1095352946936	-3.43463637814705	25.3755595255792
9.98687159302128	36.2362757847146	-2.18212814105474	26.3915966972646
15.7916288407002	33.1205155566973	-0.374086171274863	23.1861637704943
19.7180049677464	32.8693221570448	0.224615827167166	24.7965928076686
14.5875764356079	37.3333993871109	-1.25716121090241	22.5879617736594
14.4830053620272	38.0646974980243	0.740095094400676	20.1800698483699
13.3614077087723	37.9958818541252	3.36441977563802	16.5271660219282
12.3390865320572	40.056776622877	2.69616138158232	18.2509239014691
13.8155176665389	36.3578148491926	3.04429452071838	20.3013077260189
10.7305047723911	35.1619688032238	5.50614237922184	23.6339049272433
7.40018300051227	40.5369476949555	0.937199498498218	26.595987704218
3.61394648953135	39.5464554470063	-1.55871037024133	26.2407494942251
4.88187157881072	40.3216936177605	2.25445943042394	19.8660852227303
8.76006086260095	42.3244215432899	2.79126724892642	19.2746912813572
11.7204017671713	40.5382095651115	4.33106124110585	19.2465146081348
6.85288240298155	41.9168630251129	2.9753809835582	24.4931896374638
7.44115519133415	37.7449786764969	0.593429826546265	26.5582440866747
4.16406864762619	38.5262060220996	-1.68718041677793	30.0340674378567
10.572886578416	36.9059448651681	4.31095963093457	13.3693500495339
16.9612231141583	37.0198273916568	1.31559154466731	24.7681524849797
9.23870285867466	39.8537056863816	2.94907045630936	21.6290291172034
8.98247300986031	39.7666061073893	0.140402164152083	23.8329741853803
10.6319867597317	40.3716251030915	-2.48148570691216	22.9334214926155
13.8943545551829	37.3999851416216	3.27839995113221	20.1713971831294
11.0195977817469	38.7192707332202	3.18947346003731	19.8802314867727
11.2137043261149	39.9497066913524	1.44820571514311	20.6865277939006
13.4467161441402	38.9403838111709	0.273813827526741	18.8424387637918
12.2377242028375	40.0045557704592	-0.386003787432054	26.0064703488534
9.7361694716236	40.5258255020227	0.00788712694572036	26.2190341885945
6.72067922223709	41.3180083404318	0.794119556036607	25.3594682203244
7.44919248291646	40.4460719770546	3.16026119685121	18.5570360845097
8.90799346712287	38.0857354083824	1.8979278084109	23.2986579145447
11.4803324193295	35.3562069641563	5.7122750906699	22.8804845579007
14.6857756318745	36.3666213620189	7.75172166064909	22.0676335674127
8.82365516471858	42.9856498455616	6.48882640173951	20.2470630409751
9.90665037731775	41.8810790416635	5.33244081886777	20.7666517142551
5.1785022028456	42.475331127882	5.19225162673011	21.7265863786796
4.92020675700042	42.8063417603214	5.95578806951734	18.3616024745041
4.4090311487193	44.2512935521998	4.28738373215408	18.5171609651641
1.95887004108898	44.7482594350258	4.49345544232405	24.156184166168
3.60795496694666	44.6060789869275	4.99330044975854	17.3411233704514
3.61883584452717	48.0559274768369	2.08074765764526	13.3757157183655
12.2994372415301	35.9838939462701	2.33427557249949	26.5599954571113
9.79292532839433	40.3774669111745	1.24948510045006	27.1124653037219
9.54296330090917	40.4489450225164	1.71684872626311	27.9263374884725
7.13116155001225	38.8954098293445	5.87201833895196	16.7745449854364
5.23084123483083	39.5911688461562	5.61275630170123	13.555218208984
7.555946526888	40.7527156911686	4.51653763214932	16.7562661316139
8.19373692135643	38.9516197498115	7.67208500273058	16.6455038696892
9.63252379338324	38.7612297147833	4.66573937769511	21.8449862513257
