21.4719528131325	38.4582481968249	6.59506054633901	19.4747384437037
16.9956741494591	40.8948673016295	3.67309313813477	21.1831827065868
20.017677622159	36.8876819261365	4.07400303792764	17.3736459916769
10.1186278646449	39.0149369551815	7.36605266847272	24.1619926004609
11.4502624352519	32.0567967210319	11.8004770887965	24.9158330748632
10.0233156953461	28.2142021306707	12.8595903733695	19.3293326611602
11.9559961018655	27.7640419361686	9.23447442324325	19.0505852697388
13.3516014684499	26.9565523454325	9.42215458028451	24.4280040356583
9.91558659186189	27.1452653469855	7.60283046871857	23.6449909442357
13.2394570095239	23.7186551965584	6.62311734538739	23.0755262327633
15.2887894255688	24.6257449854677	5.18933262158874	24.268573826041
17.0428582701366	25.0354706594301	4.69588900289756	22.9678016506775
17.9083064875099	28.8007697181619	1.42873304527785	22.1443747264973
17.1694600420538	30.1529641447736	-1.00660895359091	25.4486998170763
20.1912841644603	27.6209466250976	-0.694906354294852	22.5623024301752
20.1013519698035	27.7844158720996	2.84820634742235	19.3012611528014
15.9602021322798	36.445917503378	-0.743827734971742	20.4313419913169
15.2102848868598	34.9856578968234	-0.289627594003141	19.3023391811478
14.5115531985429	35.9749955095632	0.832309768474042	15.6561291375262
12.8294687684949	38.7589416795753	1.70674462529771	15.776890553296
9.66332752856873	43.6191082562784	0.990242284727726	18.9801918464939
3.44523156565283	43.7136369512108	2.11957799923185	19.5040543313365
4.16028768565038	40.6115916162113	2.24110895954582	23.4933073871064
7.5840653655618	39.0471757977788	3.65813495778057	22.1156931559761
7.33934726791416	37.6986548194986	3.45533204218883	24.0368093202624
7.43910501703579	38.7877389259961	3.33801060870972	33.4624370586676
3.0845828121561	36.6231425315809	0.426911016903697	29.4309338127449
11.9055359828924	28.3004606789611	7.13536248446989	28.853889461745
6.78136436627	32.0618524537123	6.77501524746951	29.9678682281156
12.656092596951	31.5300815870061	6.15399713809204	16.9517351058165
11.3432224876706	34.1861192245044	1.75909941265893	19.052735876889
15.1127509413746	28.9002368288122	2.64497302361792	20.6533322344916
15.1879513039303	29.083588820976	3.77582249766615	19.7340795903705
15.2930923746017	30.6045994759544	3.32717745689856	18.9649790821835
10.135632515758	31.1596933114217	8.9871767724241	15.9951842523418
8.93661347872809	32.2156042479785	5.48243766264099	25.2379972062312
8.25600234282435	32.9929199538833	6.31093904436854	19.401588717888
8.28608770748189	32.8754656888101	6.47851653633034	19.7207215306038
13.2025775135625	29.125216625214	5.88172337522958	18.8519244136428
9.88755778960322	28.0182030573975	7.43375289736543	22.1138203757023
10.9722720933277	31.1501881409619	3.37615855520818	23.2374374168084
13.7057816933191	31.4425599364746	3.83476373989362	23.2250871108935
8.2746118164903	33.4602492048716	5.58484527288538	23.1507917988325
7.21321052911011	34.9523380849758	3.03121709969428	28.6908474774025
7.50560012682856	31.0822554623785	0.601610309448033	36.750211233404
10.1239404990649	27.4535669733976	6.00759073498649	38.0015105599921
12.808009285988	27.4856289471673	3.606582824951	31.9533416147993
12.1980480108404	30.178259273077	-3.6287726491053	30.6798733882457
12.8513957191253	27.5863006055736	1.06697521778173	32.268219426725
9.09086769716756	27.8748512683818	0.289684847466415	30.2752654992655
10.9480640272604	29.380139931702	-3.65826385188499	29.2225117671929
17.5551513656037	27.1505587311843	-4.65949716741544	25.7904201955371
19.18304709522	32.0853093379558	-7.83041227983575	25.9305108850659
15.073431705031	37.8164630843217	-6.99145603627649	22.7701657521375
15.8430441589089	32.6102066129229	-1.03496060176503	17.1607833052822
16.8806505952025	32.6376146004319	-3.7638608033837	24.8565932502807
14.9384812339596	31.3786273846969	-0.66459088382407	24.3032970860564
14.4117633241427	36.5478170541939	-2.61285914137124	23.683845936224
12.5407768298029	40.0081991050285	-4.63769187015577	18.5660963981409
12.9466723791412	41.7225597154997	-2.73214628185488	19.5832955980905
7.56570721190793	41.4333841119609	0.33262211065548	18.474670636426
7.70208653501067	39.6478458362348	4.24382736608195	19.366963615184
8.42225271158024	31.8447807392753	9.97675094624729	18.6156314853757
8.22811092616218	33.4281823251254	10.4027311095198	16.8362945760709
7.18520789035213	33.726564049986	7.5862803916372	25.5756193213273
4.45110665319221	36.2848321557544	4.80811233533809	23.8310284144353
5.56884346396473	35.0940644069814	6.60743489749617	20.3036730855869
8.46828537595697	34.2929579317596	3.56322693293801	25.1390472849066
5.95994391779654	31.6619011899483	2.15045833218242	25.7792656033466
6.35227988955422	33.2561536275965	6.36463581024408	23.4665771830339
5.04321889276174	39.7701067479922	2.72944856806397	27.3527600127716
6.75533624689624	33.1064660267568	9.34776771952137	23.2778201339403
9.14706911481809	29.2547099224887	8.61009773013461	23.4007966291591
12.7439727104258	28.4411824240944	4.11762411386985	23.6776715650348
11.9706485969661	29.9891102875247	4.4099416313973	21.5040406374438
12.2214090363665	31.4611115029677	4.54043960083401	17.5144754331383
13.2831202634329	30.2164394491606	3.16802844707389	20.207608727672
14.6954946006394	29.2269857644656	2.86457534993669	17.2690422049062
17.3972034863864	29.4021294471636	3.06893447062602	16.0540842226045
17.3660645414811	29.4816185023539	3.86654899410607	13.6341552586802
15.6639140066427	29.3145125038359	6.86401169934945	15.457531336946
14.1793636262635	29.3117843379674	7.40815188800456	19.0655824885596
13.7987724558668	28.5213105447997	6.8993477483234	21.7463295946022
9.24425937233938	34.2876095252519	5.81263095460752	20.1995877575499
10.0905833018234	33.8755714074577	2.89725076467927	22.7983310821836
12.0975165596031	30.0766145969609	2.96178638987529	24.0322042640522
12.0652069329115	27.6240972606818	2.95789937573442	24.0386848046667
13.9565484023067	27.1416914454083	3.36968992921481	27.2166072828034
12.9732980865399	32.0095346114019	-2.11092813398747	24.6577414888228
13.3306169842715	34.3221719090679	-3.0223136510892	23.3640988515029
13.2896045263808	34.2039597080805	-3.33042570385568	19.5715787981856
12.838160474221	37.6218971679703	-1.91818469199769	18.9186803856982
11.2426102947395	38.7168160901742	0.346378589844894	16.3858457710563
10.4011150551695	39.3346209855777	-0.547505249245085	15.0859350464276
11.608294116537	35.4260097290659	-0.0859807035643536	21.1455277845345
12.4797692734476	34.2148057291716	0.851161484630786	21.3450322527856
12.8687475883315	34.2088171127326	-0.199963676253326	19.9307117582716
12.7827861674714	35.1677334294728	-2.60468171899606	21.2152755232014
8.47480228344501	35.7765768587954	-2.4840178735501	28.9259165147737
6.82477366810212	34.7951020432814	-2.06235698193463	25.0289251487188
7.06599777721938	36.8102033428928	-3.1054927557009	27.1477728482458
13.6507219511389	33.3767833685366	-0.539145833742866	26.5177531732369
13.4633797347732	31.8926813853601	3.17582636744349	26.3105124846223
15.1749620482297	24.1935806423122	7.23407157602354	23.8920395276239
16.0355793762983	22.9973582968419	7.83430662373307	16.6635294458559
17.8936139499673	25.1866522921892	4.32870215874322	19.0657922364633
17.7043870166779	28.4336182197267	4.50264450300641	17.185933879236
12.3087245564771	30.521449162863	5.43122780576984	19.2522282112709
13.0624393829008	24.8335158315076	9.2205688247707	21.7075462295993
16.680511206323	23.4838938685449	5.94613641335333	23.057463176979
14.6125154770188	26.5887910770151	5.07546976043547	16.5319524109012
14.580927074586	32.9665119111892	3.16159725996087	18.2555851093142
15.117079630514	32.8844768319724	3.52665969714382	23.0260490122831
15.0666817210068	33.5902859653182	6.4806613403731	19.6765557754777
14.5039830475499	27.4126839321874	4.56787703181549	27.0946963186368
13.1694336656866	29.7232271373768	2.5739395790261	22.6467603847382
15.7321219870274	27.4742398170319	1.18080443092554	21.2611622386347
15.5805646397558	34.9082301805291	-5.96132208271951	28.2727459164127
14.3934112422042	33.0822794420278	1.10569538045902	14.9570349863011
14.3249867065181	34.497266497257	2.16868724302524	16.6488392234992
13.2413786774245	37.4541741044064	2.90366199137806	15.5122014510658
13.065624009527	37.8853269919478	2.25340410679127	14.4930284766794
10.5779938067222	37.4076000183508	1.01312666320728	14.588986941924
11.6661324648099	38.3662629173097	0.947994641754871	13.9814805978291
13.0159869537513	36.7011133676938	3.55775998763054	13.9598095707124
10.8969024060118	39.8286228236436	-1.35063708902092	14.0500072679942
11.5758651314982	41.0729735356395	2.50845703852608	8.56853603279893
11.7946278134324	41.1732419941214	4.71945728265926	5.99336837312881
10.1498473126404	39.2171634180304	7.53651948545601	8.77923112257127
8.90767000777757	38.7978527670147	8.0929024868569	14.853205995097
10.038583167812	31.5829989545399	9.1566638696863	27.3126209665086
12.2898019417023	28.150249633287	4.12382831498951	26.6616885383681
9.04467543528829	33.2850486131393	5.15596532663301	27.0242908081107
10.2401323704611	30.2837771641099	6.84104449516133	23.1856489829787
8.45570038255338	31.5301097421086	6.7290494398211	20.4242435046999
7.78633744871278	34.0097611570442	5.45047749834377	23.5997794091006
7.74760558994704	34.2921256399152	3.73262197877438	21.9224322715078
13.9809149322458	24.8190714264658	10.0554778746252	19.9559912888569
14.2895051581604	27.6118161446293	8.91412258082227	18.0502342965362
13.4614812071254	27.9221655805396	8.37945201135398	20.2972570096025
14.4797268367306	24.5114697147893	6.92751545992123	23.8824158911123
14.0119843717598	26.1760532813879	6.99810749480612	19.1228591538496
14.9001372752705	26.267887072254	1.16726659349755	25.6366486232006
13.9638980736485	33.1714060061706	-3.90352371080418	29.2605007918761
14.1147640642954	33.1046753381726	-5.87353727431366	28.6911547043743
14.6200428989029	32.8659565454373	-5.48417371408481	28.3863015843407
13.2246837292111	35.47518368332	-8.22902731773841	28.6019380590652
12.8231294564473	38.392050988356	-7.55207936223063	23.9900493418644
12.1512723778876	40.4843099441736	-5.81373842376682	19.0709240104262
12.7308321646961	42.7336728366449	-7.93497577951688	24.3362874744901
8.84824179304637	42.7741656744759	-7.55132937747452	25.6736088667075
8.65610972495656	44.535323264872	-7.33817806411001	20.9847244346218
11.5167893943094	41.4346743656069	-3.69843703172567	14.1361941705162
12.5741669031508	40.4532565989969	1.76562215013372	8.51499735435975
13.234875389483	39.0413301273686	0.948973466157343	18.1477888680258
12.9040733052489	40.9868826738996	0.109589360673086	18.3894539561318
6.90474323767287	43.8652760929865	1.92750413233096	19.5075130632342
6.17264991438889	42.2936593437073	1.92406218298565	22.7000854171076
4.40982055793679	38.4757695485343	1.70611206521698	23.2442581334347
9.6010443958377	36.3149977660244	0.835301800029811	21.1947669980311
10.9575597866361	35.3589613589475	2.02622267715476	18.4042069154832
12.3797101354378	35.6173056357557	0.0381186315814555	19.7927496024344
12.9181175668875	33.7082612228597	3.1723934169877	16.6650702875044
11.2967530512007	32.7191272531911	2.33817806607295	28.6627824931342
11.7133645587357	36.2036699667519	-0.0095839553395799	27.5261145356278
12.0228884093136	36.8255169420983	1.36900784365597	23.2206274863499
12.0146851856922	32.5754112564657	7.13133691029387	11.6352300573693
14.9538869634027	31.594411379255	5.52025798070457	24.0717287244799
9.10127549103822	31.4783997875643	5.4858374981133	29.7936378977785
9.80989785303723	31.9315296319495	4.26139370808555	20.56285012219
11.5251023047842	31.7195806467156	6.53604322085374	20.0967303098542
15.5564682520535	28.4865310393456	0.689046989961501	24.1962650668239
18.309335244321	28.0421858321625	-0.104399380485747	23.3790995616056
15.6854276146895	31.9606799021113	0.0977885828099812	20.6867194460212
15.666026352421	33.155296998446	1.04162892711467	20.7287282245672
15.6359295765471	32.6893277781227	-0.951206172694199	21.9256322453777
12.9060159027178	37.7441792039343	0.255053862120278	20.4549653497572
8.96221066974479	37.1312475519695	6.98996635072983	19.3456845184689
9.86088900644663	35.5712681066685	5.16052995526588	23.1881613784687
10.3136671269718	34.9974525100483	4.10467508397328	19.3936936353034
5.03974549783674	38.8868795041858	1.34206639758335	20.443338527862
4.70207646195897	40.1721596935071	9.17184293251091	10.807126462046
3.42631170232901	39.9331451890297	9.18706203094472	19.2749870265661
10.4839169409542	38.0408295198525	5.06936262343798	16.8634338409646
8.1767089864926	40.6023049355666	1.33905920913444	17.6296195027424
9.19771117382436	37.6638346818457	1.89151090455281	21.6748023592179
9.1244828786704	35.3703326383787	2.54743597940005	24.4312390336079
10.1943515812217	32.3096391014173	4.74594677535714	25.7857465488148
10.5732927452835	32.3011058466858	2.04267763037131	24.1611944426803
14.3686825154365	28.7082175785094	3.78816180366919	27.0987418884432
13.9002631671585	25.5181858097553	1.80956267721847	29.8572798058411
14.4034867521234	26.0590494415141	-0.0299162839735967	30.9414179445265
14.6062501260869	25.4992879782003	0.774002447425284	25.174827418199
17.6646757076353	25.7725772419144	1.81242750462041	22.9768409518546
18.0973065764954	24.8655443609823	2.72463157660618	20.6528869023567
18.9354479554851	24.7209627734609	2.53678710446141	22.1530481832123
20.6344152227786	22.6381316229151	6.2080117758774	19.8616022275782
17.8899314104822	26.6810912319841	5.09806109605737	16.9308160165733
15.3439478888879	29.2505632419927	6.23533985535447	16.8780454933147
16.3938598321522	28.9439543438932	0.432982803486887	25.1262851534847
16.9399098035894	31.7180574321976	0.57657877781825	24.4090481524406
11.7205525744537	37.3073013390197	0.592239959833406	22.5720881557142
9.23782700400969	39.1860709626011	-0.705283203059447	25.2201024282774
6.65045768202588	36.4668109103028	7.24692125575838	11.1763768483003
11.3362316269737	36.948681762248	3.83799763595668	21.2648537651163
11.6844074841899	41.5976284698506	-2.60043530261063	30.6003881865105
5.39500605727851	40.1230910907422	-2.08237775124677	30.8252608674875
2.29029549692607	38.5895836328079	-3.4964987327462	30.9776582467882
2.96295204454438	39.2190745674067	-1.99475044329892	29.1467211667029
3.93936097755608	39.2886927527414	-3.19046110834464	27.0882518125718
8.15337577502754	37.6485158643172	-2.78426630882279	22.9191733293255
5.15381305352502	39.3577929004513	-0.421836990804532	20.9666465439941
6.45467986567027	41.7573600521083	1.22568763948437	19.5313066018853
7.84572990735249	40.8113374482123	3.64066388454823	17.3580073026203
8.74187422021373	39.1818236013305	3.21421764089329	22.8732407693286
7.00015502636093	41.5480370740265	-0.727521851253311	23.8750196137862
4.75774575969452	38.4480844242357	1.08116304309612	27.3733878556412
5.57454892680297	40.4764348845208	-1.77067791539843	26.6735940148827
9.56099777728567	36.8825571210334	2.48648077054282	17.8773855122381
10.0882533489105	35.5472088144517	2.91598314370177	17.755973354337
12.2874742939225	37.0396783252855	0.621066011461985	18.7904047676187
16.6492664559978	32.4833092267813	1.04863964670486	13.4105752104063
19.1268548593771	33.6721282913962	0.722510992666559	15.1106616838928
15.6672362382847	36.6138291394012	-2.04833271575548	21.6515667378354
14.4008250981893	37.8270273996635	-1.26718575961344	16.0599911698197
10.5529457803241	42.1375162728249	-2.27504958759449	16.8148398977761
9.99420677623635	40.6140499575964	-1.12494819925554	21.5908740457066
10.3277163438724	37.9054097215697	1.54980042891527	22.3182826141221
6.35173704404545	41.647673411601	0.205368092743589	17.0214028635054
11.1131217557007	41.2935557108371	1.09375771686807	16.7640355720177
7.28056474290805	43.0370689517817	3.92934494954732	14.4043085646206
9.23571509709598	37.1010138405485	9.88627967026691	16.0481829124625
6.20441242910775	38.9432348981745	9.53648143515597	13.7311996027501
3.38865052185873	40.259797715578	9.68401710280465	15.067722232708
5.27279404702773	37.0816271889219	9.42506372473451	17.9126078553248
2.31290542765697	39.4877026142514	10.9453593922556	18.9530519771075
0.610194805810728	36.442769039668	9.19639169301476	22.6632500488928
3.69206348044654	30.9790718697606	13.3757858272524	18.5405021303018
3.07960680520646	35.6036704059353	11.1077424595945	23.4351132371935
2.0834337362973	33.5012652584352	14.8368438790434	15.396186551311
