19.3902846271586	39.8568723263564	4.24540742486264	20.1483114198757
19.8476350131855	17.5721080942703	6.92143936128836	18.7427425534991
8.92663241893665	30.1014110057231	6.57333531602766	23.127268802516
11.5317797261269	26.672319307233	0.370019186148616	23.790012114357
14.568911864979	25.983339809588	-0.611725588468639	24.1830693832423
3.41325583247474	23.6454556284088	-7.55109802973437	28.8862705867221
14.0839608216814	24.6130213916849	-6.05007564336973	24.9010140875769
15.9819296460099	23.4178475926327	-6.13033990529346	26.4785774942158
16.8872440690189	29.0722350294399	-5.96139236263121	16.8421687377287
24.6832037651738	33.0404991737621	-2.16442829754435	12.8672618867401
11.6398101257918	38.5359128738807	2.41276279965184	13.6232232254056
6.7136548672634	38.1322471573016	5.49351883528522	12.5283708142174
13.4468584712903	38.2557542016777	5.02821058209754	21.1830855159146
9.32148922653478	40.0516210847448	7.95338417013139	24.778836459803
12.0269853471015	26.9821471950358	8.31707016407476	23.1214530809707
10.7726472935076	33.4198855489302	-3.67805011727884	22.7166769743822
10.8125569268498	32.285730358846	3.46676624921114	17.1396570345929
9.18201936878493	31.5878592358711	-3.18443962064608	24.5904315328768
12.0942128163603	28.9186471278588	1.6800461577341	24.6608311317855
10.5376147975273	38.5968078600052	-12.1505147093499	28.7721607511813
18.9803619823518	32.215259740762	-8.39390712371931	21.9804514249737
12.2748781502492	43.5048983685481	-10.8267118109364	24.3337759006719
5.10728442759093	36.6931698468323	1.75167025504894	26.9133339174929
2.85292165499098	29.8804679929088	9.31996738510467	20.0857667793261
3.10285807656064	27.0302104245769	10.9413950718128	18.7966001691038
7.3943854988935	29.564577889991	4.89768128331236	21.2388115552802
11.2688235005826	28.3358833717378	6.74978647271682	24.3569493121084
12.2908745960795	27.4605675848422	0.143095528544379	13.7672353526194
23.9756057270333	27.7599273148214	-3.21191828807305	13.4875381367806
10.974446002821	28.4354345864837	-3.37881576612081	16.2098207746226
21.9718359521598	28.3325930154269	-4.71406523973771	17.0023115171628
21.5930694382645	31.6156782121716	-2.60205068762504	12.5925813900816
20.5834679903742	38.1702879076211	-2.56932499257006	18.6636075690171
20.3122370077577	38.0005532624518	7.48644301949051	12.797128235871
3.44851716878758	42.5494349999109	12.563770444826	16.6258786459698
4.44077530926027	31.9765609700816	7.85992353339193	24.7950146747066
4.07905052191882	28.5855879125924	5.23209397331325	28.465470554466
2.94789687568941	31.4766952110668	5.61884232912658	27.2954204957511
7.65668180015499	26.9349964036533	5.92586949583588	20.1168069941501
11.1735183892942	24.5338177037504	4.84836902371371	24.9193394383543
12.3839382988175	25.4483928267372	6.56089672720754	22.4877968464174
14.9957553737571	28.9093819182539	0.0573895768704418	28.6674819175282
15.5392839164682	38.3062285155188	-0.628122868366701	26.7910744773507
13.872994815985	34.9417191108818	3.42620593093038	19.7453020105421
9.82553862543142	36.5501420133719	3.80100589774251	23.1369845440894
3.4623250918008	37.3706425996953	0.735074517481774	26.0457331320185
3.66489784260682	37.3971311506339	0.046973886616982	26.8505682597095
2.57639827389473	38.6003597675289	-4.44056980852365	30.287571149568
14.7443872841665	33.5041489612604	0.414400799948656	24.0554708017612
9.4032540993426	34.2988692174958	-3.09302482213459	22.0763638320955
14.1552316686988	28.432492634335	-0.0816638539626986	20.6730048914019
16.4619958401372	31.5628944356529	-3.07901674928961	22.1630681912969
22.4767150139901	29.5495401685548	-7.47318926244212	21.7002542178701
21.1283100102037	31.7886877877043	-5.01668688039544	18.4563323498033
19.1610017922919	35.1331763424367	-3.6559154662537	15.9252288855067
14.662226725575	39.3614823890653	-0.748508466524122	15.082513750033
18.5664681165669	51.1959048669077	-3.12321588140387	14.7574744373195
16.9195139589558	33.9751699569618	-1.59112139255877	28.4070903916986
16.2824576343248	28.9025433573855	0.124423351513126	28.1284197016762
18.3112985292576	26.0566162624154	-1.73859477789136	24.6619398714472
17.1107986197933	21.5141404027808	0.388816794836941	25.5199059596715
17.0168498508759	26.542927368546	2.60704967391416	20.4540671827505
14.428597882237	26.1880064973091	2.00011687057626	20.4034859540117
12.6508603923355	33.8040325590794	-0.865626766508703	19.1466526614322
6.99507900891327	31.466052435377	-2.61089040189336	29.8650992682023
8.9694854860969	34.5732943280985	7.65578662206841	29.4423582279419
4.12118679122252	32.6308277495229	9.09998299739781	31.734727679363
0.202177962873818	31.7129149154284	8.03409256002634	33.6969956407161
4.20551916935533	21.3300494461652	6.29839133148044	22.911550880021
18.5634139952958	21.5762598701434	3.66294217726738	21.8799719517888
13.3473751861379	40.965269783573	-5.82445443594778	20.6957906066278
14.263303028863	33.2279681559333	-4.53486424857701	22.6258765487769
12.9499253049125	32.2163696662204	-3.54375435514945	21.1657514427826
12.8347675933276	31.49107107014	0.252114580842865	16.0732504609048
8.88212935907781	28.443094742201	5.53064698343278	22.8572966391227
8.96456313442142	26.0367916675245	8.78657256106062	23.0839932193935
16.1548973073408	18.4252746861035	7.64821305258347	26.0926375650756
10.7986733453053	20.2719844016569	0.237518903726318	37.4878608757585
11.4282827238257	24.4532841956566	-0.560826937630126	29.4836646524213
17.2332428120171	21.7447478621486	-2.60733232707306	28.0791796614999
15.2463686298442	35.0076423114385	-2.57462742303975	12.4245344322758
22.4558768160504	35.3610104247215	-0.0157951174479014	18.4477121645762
19.0942627079459	35.0301861920613	0.797994913282089	22.667883303157
3.62775727458322	42.6440636039931	-1.19877485703144	27.3638302987916
4.99593013906468	33.4996000415437	4.31195568543408	25.5776649007117
19.7975966435605	35.1095628835505	-3.76508581915167	24.9492170931506
12.1149176064627	37.3984068356698	3.30887058053869	20.3100929632517
10.0293325450955	32.2039713807648	3.14007662472087	22.8459232407356
10.3425264806007	37.0961239151153	2.34318563484359	24.2287615637301
7.26258020370071	20.8933971846904	9.02061636562231	26.775389322883
9.8088306892855	22.3478468811567	3.28599514907929	28.6388378658915
11.5926561929477	25.5697601988408	0.761337331626462	32.6994263374706
19.5782930561451	27.3560857272093	-3.57162979115754	22.3221938575584
11.7977184304466	32.2596713213567	-4.04227771247759	23.4927979864146
9.90460696436175	35.7189363578652	-2.94208002805012	19.9941575420708
10.7292649754019	30.8487862082647	1.13915241683639	19.7513814815939
13.6558617999091	25.0184659193859	2.0701243398424	20.2405997963642
10.7421952758862	40.3281223668364	1.5275051603738	13.5160658570958
10.7258996004443	36.5034700708111	1.64366106397976	22.96910113105
10.8725033224798	28.7242477537711	10.2173114936868	18.0499412893599
12.5553495685902	28.8263833671898	1.30548781018948	23.8480236387162
9.23937686126369	33.207165105033	1.78828522565088	19.5784991985469
10.9343627091776	34.4854743773466	0.556260619799256	26.6164276665048
11.1448136017251	37.4716163956909	-8.71038563634517	30.7124231671886
12.8730451540446	35.4642101418576	-5.90333906087341	29.921386070275
15.0412050114369	35.1206845445682	-5.04301871726312	20.7443232794342
14.0548850494793	36.3014382780653	-3.6541974227319	18.1643847879826
18.382469938731	38.3057981378486	-4.78183514758967	18.9234743716835
15.52609173346	31.2116135561926	-2.27870614588283	16.6946127002262
21.7687330301634	33.4158826454629	-0.0430480707948324	21.9721993074145
17.330475940813	41.6492562801533	-0.376527024815005	20.2838252614876
5.92199446165625	42.4080472584086	4.7046146276744	14.5881625534679
6.78133284447285	33.8194859521667	5.41001293017499	22.3259541822974
10.7581016305605	34.606728980338	-7.15970400730754	20.9760144341183
10.4006779057241	41.6144779422523	-6.4847479909272	19.5381156020274
15.8247487459599	36.8725151200982	-7.07542646299909	24.3246851419478
18.470298787885	32.7890483201684	-4.64558943496878	16.5344692068553
17.0664435064388	31.6382919606024	-3.21659221868823	15.8107751538425
13.1708205321362	39.7916081785427	-3.16610353389616	14.4673177110035
10.8340418424947	41.4965657621278	0.237855244466561	16.0195286624547
8.78957333439268	31.6529855515464	9.88864513723319	22.7077078685578
11.8143241202231	27.11186973149	0.767442815975743	17.8518228937354
14.7955717730109	28.7148579536383	0.031070222393875	17.1170942817297
15.5284371461492	28.3639137144578	2.21011929657802	18.8479704544535
11.5684562475076	29.4844268219855	4.26367273765177	18.3023248297063
12.3606741517438	42.0531774204198	4.41637765288629	21.8915814421608
6.31394217402426	42.903341517938	2.44835424403762	21.2410159089387
5.32325875344883	33.0065880382169	2.04383828844045	22.601744027973
1.86531719113641	25.9714806072149	7.03949202151576	26.3652755526964
7.8105201348792	27.0677458231073	2.48920225633578	15.8887658607845
11.862110286379	27.9971995621249	2.09947836054665	15.8443799046859
4.76504624557926	36.6790660188794	-0.363562302047813	20.1318610492755
8.30499563676174	35.3735914591029	0.638272387050721	19.5635403189756
4.56396526501383	32.8910497548877	5.01535490657593	21.9450299499553
14.449215210997	29.9876939754729	3.86946522970591	20.2387241029178
14.9421235841436	33.5752952937093	-0.152824820346197	24.1502777870742
13.4597436074836	35.5948562501055	0.720844379850033	22.8128623694179
21.2371003230984	38.6493745377958	-3.82142378088057	20.3844096585143
16.8182582011397	46.7569059042	-6.75965139417768	24.4506857668276
10.3511349494729	38.4320779077237	4.89720177213399	14.95693557274
9.99068960243267	28.9894375323777	7.57424635021647	27.4499269419576
9.48770399082432	40.5817602249905	-0.131906022712322	35.6576942380876
4.33867012826788	39.5555091316662	2.39906854966545	23.3164315665674
4.8754133826504	41.3876963237151	5.70394006301967	14.9976295801409
16.1442676286595	44.1847291279434	-2.82040501497108	26.6206944134931
9.34282846269612	45.417604404353	-4.31141160679404	21.8972764653194
11.2858253474001	32.7494041992728	2.71981738786957	26.7007172143559
8.49465905928379	36.1047504671494	-3.03493034979516	30.9574160970288
11.4768373782337	36.7350580279361	-7.95124406150047	17.5549320423517
17.202223006348	38.9439381582963	-8.46669186154074	19.6339132579516
16.9280397870493	41.5866912615786	-4.62429056822625	14.9784464049955
12.7868213325748	36.6384010235992	4.71770084748673	18.3840256031474
12.3633235983164	28.0929572997764	5.62920624607797	23.03829182706
18.0843273328231	28.0234077108242	8.87682975735277	20.2618857416269
17.3345371616228	34.8545280086526	5.64638563717071	18.2756019676049
6.31465239460208	41.2406391917446	6.68459958682124	22.4975435702995
6.8135267891115	36.4949952611589	5.40921756584485	23.6967223043327
10.5728794261007	35.4731892059447	-4.60771086593881	23.413413617259
8.19649784975181	34.0383691528821	-0.299773234555271	24.765132971245
13.7581004479169	29.2589599972196	-4.10021360466048	24.387143770184
9.16479107779206	34.2050855207849	-0.675775046236346	19.443383807506
10.7335784359528	34.5376579669968	-3.9393303458802	20.1714536593985
10.0497186435839	29.9696740993962	-2.09192500747726	24.1608309373017
10.0769278694626	34.5884683300499	-3.27866413695723	20.5700405576441
24.8678375237513	24.4694720841607	1.2302922307826	17.9269040404994
20.4338853449452	36.4647392948037	1.34387347710135	12.6581974261429
12.7557009031888	34.4227691205873	10.0056690313183	16.8006395529013
8.70452534098956	35.702052111896	8.45733818228173	21.4745173534715
12.7686001374749	36.9643066638803	3.25896909573523	26.2970997726286
14.8468573582714	24.9967160403451	4.03624251116916	24.5195059555324
6.26055050549123	26.4901994777523	3.73614173207084	27.9918185302729
14.5326356324463	24.7025864341907	3.56804315605509	19.5222139714958
14.5429189508721	27.606496512662	-1.01062880251295	25.8935452399516
15.0329521536767	30.4575219538578	1.58259766986855	18.8283363061698
7.54459074288004	31.5588246541399	4.83131170372905	18.8183694882408
6.7681549997859	30.4797088279471	4.74693475856872	21.5788085135185
17.7287070469123	38.7086020414502	0.279092043418572	17.5989885074572
14.8514243993851	42.0732346281251	9.85518561702478	18.0826352384739
10.9081443515901	34.8694190712019	9.8119659601076	22.582644341823
11.0489167033334	41.0454200610161	3.4320352740092	20.1862317840236
17.0955055413756	29.3829262687997	4.99212368405143	24.5050089507962
17.8028021815649	38.1722280648536	4.1930317163533	21.4689537381774
8.21737392968002	39.9383249314789	5.29744272027782	22.1267513848862
17.0908979293096	39.3456219323932	0.371558389893041	13.0886804371974
20.7432130132007	31.6224714404574	2.50779870737927	13.746618580607
11.6786150740596	36.0849316919824	3.04597784559896	25.1314211545289
12.63734809686	35.0253381243577	2.85695655531904	18.9769106207383
10.2256868812679	33.8909293560913	2.91551506872943	21.0104978707639
10.7306035197823	35.1571745089921	2.05071991104355	18.6983327887972
8.20583165590595	38.9633893398302	5.16726371627024	20.0941977018849
6.45312303083627	40.3654594942662	3.26026517080075	20.3941406516717
5.93847516404192	38.5808690418223	1.70570437211475	20.3827613760282
3.10464649734912	36.3980432234394	1.72130514981157	25.9646725543339
2.48713910853383	34.1436710894123	2.48712300397227	23.502505021685
1.79185797496794	45.5933915880524	4.05117248259256	13.5616453749593
6.46921506200197	32.2231737045586	13.6122600671812	15.7881259628106
5.85459118419985	33.5880754479222	-1.26650643460682	17.9719191180524
9.76817157529021	35.4926301212863	1.54461336193821	21.4353986012101
9.3270094931493	35.3970500897885	-4.02467015008863	23.2771770676881
14.9916657833643	33.600933001638	8.04981444379235	23.7602002264371
7.87882704813355	33.8582474376298	5.55418652692081	31.7311249073306
6.48678684167525	34.3984950292224	3.49591533712129	28.4874697732732
6.78076634211543	36.8901238944681	-1.76405130185484	28.2568682059639
7.13883835764239	29.3073138459885	-1.36343373915478	30.5802271792372
10.7246662655331	29.9401438267316	-1.2271535978496	24.5913432542721
16.5128166843574	28.2437829414253	1.5402839342925	22.7567149339322
9.61810228760434	35.3699059376669	0.151911590793286	21.5686510824677
8.38906634171825	37.2561047353957	-1.8611156139602	27.0364347561341
7.49847776317588	32.6823126390534	-0.667870372329351	25.487482307396
6.57801031674601	36.2213120195973	-4.0604049806427	24.6079964697465
12.8820355762148	33.4773983509238	0.10829143602778	22.8088782436737
9.24040375634402	38.7674967756933	2.14757685693358	18.3020852872135
10.3652353960364	37.4594717677202	2.34380243489896	18.3614746251964
13.8316522340996	43.1727524795089	1.39118281097826	21.3950063315109
9.92175576175693	43.360757046934	0.0284354088394405	23.9710372968132
8.12395683621187	36.0672517405481	6.82065480179474	23.7874375472332
12.5265156654522	31.3239009171383	4.1822059092274	15.5721468550639
14.4432337105223	37.2334911539809	2.71479052132712	28.5622205956341
10.8471311690519	35.9012785306573	2.27829285392206	19.4923234752813
11.4486174601946	35.4741180356061	1.93060934873281	18.9054202030846
8.34491016016119	38.0342224595192	2.56049213893515	16.2884603392766
17.4073899917954	28.3595454604855	6.71481711752516	20.1579848512509
17.7297712684244	27.5671678647172	9.49142219042998	29.615487889429
16.8096342348816	28.9430135692519	-0.367605728701102	28.7928902823901
13.7923345887991	33.5679743033418	3.94861016396786	27.3683523992499
6.45874904080167	39.145648571621	-0.155330998323707	20.9569544648243
11.0194598443926	36.3930569359154	5.08748839659259	19.6020135144195
6.12095141431164	35.2793592263997	8.53028676330293	14.3064746112564
6.07469458745593	39.1942642562144	4.07203469050297	23.4341741484591
6.15643687540012	30.1361052356093	11.3094764910377	20.7115449678154
9.39144783694769	29.7330684872242	6.01245574439862	20.6504574370337
10.0957768963113	20.7002824478613	11.5382651732607	21.4809246336808
9.74030953398404	34.098070802057	7.22618124467103	17.1821648835902
11.6733903614473	29.4117164592089	9.32609135071529	21.8174009070498
11.9987375700967	32.0048201716336	7.84465142312241	10.3806658926186
12.0276687275603	34.6383820521062	4.2438105179861	12.2518929395591
9.7328933449572	35.8570611586788	2.80597447305246	13.8846022424986
9.35272284247071	33.4269057580068	7.09436412382901	14.7687461924506
11.1262220665879	40.2564983063176	2.43590135075182	16.3036909366492
8.83971342785359	42.405271496883	9.11122043893404	19.9512066236585
