21.0778483553421	38.9770009488389	7.90865715768892	18.0364935381301
20.5376822155035	35.4024602950897	7.83358654174623	17.7953888012059
14.849254908202	37.6160752832304	0.948291682750322	24.5987154716977
10.1780968371927	39.6281441964917	0.746619122129003	17.8862608253091
10.338654120402	37.6678953028992	8.84654162743059	12.8530433132537
12.1641169673876	37.8916805486269	12.0452892879297	17.2047253327327
7.41445302523503	35.2084475608617	15.5006386002663	22.9415857490966
4.61094071750439	36.5494198830251	14.3182833906348	20.7286093729901
7.623005202359	38.1220872288558	5.05800629612443	22.2235931865228
11.1610432059979	33.3007072804484	4.98663282983519	21.3925912282434
15.5559542609854	29.5147256081529	5.40192204790704	21.5418946213929
15.9590003358383	30.3575247191112	4.03711500607945	25.3609810436173
17.9470249822145	29.235251661412	6.87335004059929	26.7629707401439
14.1406928322887	36.0241052338574	1.20202560598809	27.2167426749885
9.45447542213378	33.5782656007732	-2.68238883897666	34.7652612064432
14.6337761564414	28.068715840962	-4.19825965189612	30.4441933902354
19.4088947840269	33.5335530975182	-3.02445459974815	33.317023926086
16.5667699977228	34.8409629828577	-0.991171250905992	29.908219443435
13.7527933589249	38.7939916307713	-1.06535879079172	28.2470558078399
5.48485302866376	45.1284815290833	0.342866305878536	16.4640115394628
5.11916936715815	48.6528141856084	0.123126027810013	14.3606665346384
9.13763945834213	42.8449149815256	5.03294556232411	13.6573461544877
9.07736775193701	40.9903525598296	5.06989119826786	27.9062092264699
7.65464941233734	39.6986706677641	1.071385903699	26.7332926562572
8.54668278206868	41.2546445897253	3.80942883990598	22.9788470463613
5.29111227954323	37.6810594187336	10.044797983167	24.2324090253494
11.0042737095195	31.9794945624564	8.93156313123006	19.0785774363011
13.2562431666578	31.9366649371479	6.42052941508416	14.9148781721287
15.4960432504911	31.9974316092011	7.05819545564997	22.1710437443644
16.6744465935652	29.3971854924645	6.49917106861073	23.3001237092222
19.1296193004169	26.7805681652635	4.96135159305298	18.7612553951013
19.232192530541	26.3895667502902	5.88819627817213	18.5026334072146
22.0411796027443	28.7606597407967	5.0630026909472	15.678399838518
22.3442212094202	31.5270505002946	3.84965834374964	16.4452531441797
17.4369884489684	34.259119585181	-0.773455210221417	27.9037782947607
10.5019113636841	33.9787167083702	6.95285203679604	21.6229980888488
10.7545072148658	33.9065976027629	9.25930374660802	28.5119884174381
11.7451919965077	34.7363056618324	8.68784861274498	21.1953891298037
11.0675330996545	33.6859312667374	5.48938050603723	29.6808299456201
7.92914723748927	33.1379348523629	10.8748139898429	32.806200750686
8.34439625051843	32.3436789134293	-4.58866966310555	45.5520822926039
10.0970517367166	26.9160252893442	-0.776984675697797	38.0553186135223
6.07927759298614	37.0023885128329	-7.15195041114845	32.641050417029
9.19146806907822	43.7558955267994	-7.16577738472598	26.3775857174974
15.2557455267967	40.5076532996328	-2.03501002645745	23.1716668064081
10.2536729006111	46.1193253847831	5.97540951450171	13.0413156763415
5.7416007268582	45.9832808720915	5.28011610688899	15.8273402164659
5.01487460090809	49.1520474628846	0.77952127861116	24.743840520307
8.81995865808419	47.1647632654714	-0.406329258316792	24.6006568946011
6.96483219707004	41.8688608877577	-0.313520044149076	28.2605178804574
10.560572669742	43.2663828696985	-5.16748361618717	23.6150572389802
13.1176817314107	43.8515059568337	1.9461436782023	16.4130279164767
13.1643657424774	44.596696767094	1.71641795766606	21.7293576664968
9.02787197054179	38.4741015323199	2.35558094667044	25.8709248832173
6.86947606346283	38.8947153031587	8.07278393290875	15.7732323716784
10.4599660650249	35.382069103489	8.71768053185608	23.4207831646649
12.6412025979604	30.9103645244204	10.3399993575406	31.3573276269604
7.76651365345574	36.028430322791	10.5837443118886	27.9149077996414
10.0847122260653	32.6971992476865	9.13758779149217	27.6177311949657
6.79768459829535	33.4858177252535	8.16309505114047	28.2113153965284
11.6269571023798	25.5489391511423	12.2347462154828	24.7911098004061
14.6312170584491	23.8429944163368	9.72818756950051	24.0164204952957
16.7546394447319	31.7190678396277	4.252657945892	22.1283841187231
17.356108331912	32.7872128817818	1.32471769547952	21.9161008204246
16.9695788206056	33.537743623425	1.08191274537636	18.3260450532354
20.4680908451312	28.9856741233565	3.67209489655612	19.3912071592852
20.013003596627	30.6685533108768	5.75896385168419	18.6472230908192
16.1467000502421	30.2904776939769	5.22569943960518	23.1791330948805
17.2519374159424	27.5741228730579	7.20853775083781	25.8706521410828
19.9180199718805	23.2778188987193	-0.453273323114163	36.8617123056875
19.8308638764901	25.7526795243023	-4.26809066841985	36.2728137519226
19.4474627979416	25.6264736479045	3.67899621344196	31.9549598561784
20.3481060638895	26.1087652062031	2.09534973054575	17.7087559102287
20.6126473623211	29.7348030324415	3.35127338449853	21.729831226358
15.4240862431819	33.1913159571909	2.28706508016631	20.9730648656393
14.9275147479346	32.7889374614083	3.70241333401573	27.3346005251648
15.7119242598839	32.8278011962161	-2.359395926956	27.9611731815178
15.4059157159522	34.221510871311	3.4101085987336	14.6174432063501
17.8040975499696	33.2951921859527	4.90886753137632	21.7238905074931
14.7466399203596	31.8393791197018	7.53447915517236	21.8570964492664
14.0107084569779	30.6723510995657	4.73754704554076	21.1468032899119
16.7218775309737	28.4431903746574	4.14403180681611	22.8587634296344
15.8873354658562	26.1612910271847	2.1128432950608	24.7591562774074
21.5488027466836	26.4473232879552	0.0921777924194451	22.2022863709464
19.8710099077281	30.7087843652132	-5.81225886894651	20.9306093444213
19.5995288072938	40.9736561096547	-5.16552072344422	18.1264007020838
17.2056531054752	41.5372118144608	1.37940970812212	18.4676568330334
12.7952202879636	35.6341225770614	9.69920588754337	20.9899517698212
9.76051618389774	38.3926934376671	8.19758698330524	20.295604850631
9.96637133179667	38.7079591513923	5.81935995710346	24.7627980066461
10.7922799933265	30.1385256019733	5.22934812573048	35.381064896028
8.65404148582799	32.729824188016	1.3641737016035	33.8829306118854
10.5400925478125	37.7596451766267	0.236403747885852	19.8188211802419
14.5230010849582	36.6246038320851	8.31913927719859	22.5049238289636
13.7778719118023	29.0270798601587	7.89871925042981	18.0383590216826
14.21941893866	35.8046384573573	5.30206365835693	17.8426854878691
11.946377177965	34.5230651296334	5.52791669125509	19.367155951164
10.510991540536	33.8577045638704	6.00698645085868	24.8875299158462
6.06273376958445	33.5199370606461	7.71053922772611	23.3060661089756
10.3372018023706	33.6174154799725	0.101551476662269	28.9933441290892
7.71640595785639	39.8040269237575	2.30297070255618	20.7543338896035
9.82413969972468	38.2522118406149	-1.50647139991856	18.0285271455548
11.6522738911305	37.7875811964333	1.55028782702924	22.2965751241985
9.01992852251047	39.8271371058728	-0.597199120913285	24.9458353475939
10.1722699332657	37.0620619675684	3.50080334902589	23.6196496522326
13.387440460552	39.0742928705972	-1.08972266644501	23.7739567759719
11.2827284102047	34.7008106205358	-1.20564315150306	32.075732280042
12.2594355742799	33.6639340961609	4.0441923226612	16.9710268174044
16.3323966737257	36.0531415738422	3.72066169152132	27.9136520514802
11.0316948542175	36.2411881168666	5.44707025855549	22.7543805063345
9.075235861028	43.5443739794443	2.48263584904142	12.9119042857311
13.8922478761108	37.5518047503486	2.62791769101985	21.8419224396543
8.20695688552652	39.0325614340894	8.32162518275671	20.6626989925475
10.5279434763107	36.4708769375342	4.60488558735468	15.9039696752891
14.4288080592852	36.4075324179488	3.71447242319353	20.3845079417239
16.0946962958967	34.183594848297	5.89536405655271	14.6523893816316
19.6338955126537	33.2778530096876	0.673098273321006	19.09918748341
16.8593925912699	35.7448357582407	-1.39658159888245	23.2083200442043
13.672766447982	37.8661729751885	2.85133898397969	12.7388502645676
15.0058712786829	42.517374091847	-0.156998823861908	21.2778326102096
8.31687475901847	46.421740582913	5.8623870734399	7.92004711355171
6.82446618777531	42.1814428565575	9.9182283961982	26.8846212113668
4.15160790438956	39.2349698420028	0.947239636108628	27.7064257902485
12.5644453079752	30.5443338772072	3.76334251077881	22.4312113884823
18.3693176228865	32.4226379196281	1.20672196883973	22.1919728008086
22.0186447806862	31.3368739549086	3.30708585456811	20.8028490271373
11.9372382818927	39.6253871720299	6.37288188900749	26.3804127659045
3.68518138330024	38.2029383990929	5.57318629868829	30.617246589556
9.53601157833925	39.0620639670044	3.92280254449728	27.3106592778692
7.46073010072776	35.2914739993608	2.58582953533191	27.1250245721655
8.51982544992902	36.0270485526158	-2.18857174568922	27.3266708541635
19.359976229223	36.5051327750294	2.43135467515581	24.8367552697816
11.1214863588651	35.4180105996525	5.91045176190498	21.2032006337465
12.555273272044	34.512583504251	4.59363067304277	19.6439812261129
12.5554722235007	35.0037186639847	5.72224331801319	19.4331898282731
12.500033153771	34.2025436903814	9.42861052649033	19.3780261078078
9.64136761714754	35.0856149103956	4.61144105484647	29.325695766309
12.7497348685573	36.1009499808845	5.91375444284176	24.6290286147909
9.54760578766567	37.5777476891947	4.05817515649369	17.3286419887214
11.7267570080666	33.5565772790127	6.46124865361025	23.9054665025733
11.0179533571436	28.4783040241526	10.5274212035842	23.7744125803411
9.86394741710953	40.307508200588	4.25513536437528	27.1879651659769
13.0844013119425	29.1954692731592	8.31317698386081	23.183937469401
13.1156850094145	33.5469101008347	5.09691732853715	25.0878324578537
12.8701953420404	33.9709174763061	0.65136244092476	24.5427800164489
15.656074238288	39.0318044987411	-0.26568071587702	18.5456750117843
15.4270244872186	37.7172248754554	-0.971463892705525	31.7474789260556
6.55881093617481	47.0032935699283	-1.60758055603362	21.91239589163
7.4034007678918	39.5674102286471	8.1342920858314	19.028554687173
9.8776921647854	34.8512027526654	3.27806955779844	20.8981730410451
16.5916946687989	30.2822415504985	5.40944680475781	20.1897303141657
17.8278542234816	29.3957403546595	3.34937071511422	19.5941553292056
19.7568873988648	28.574388516228	1.5699042411511	20.1327518121531
19.6710441934128	30.2790130047122	1.85173925149047	19.4666461757108
18.6804079471339	34.9640464770221	-0.644035974099406	21.8576272012389
16.5074112015167	34.0422957610884	1.5620543821733	23.8559467152836
16.3392965567946	34.9793289738948	0.730535732401101	21.0745384126073
13.8123899076265	38.1088104396175	1.69897319032395	19.0799424309387
15.6515702678849	37.4075805986672	-4.8743356410009	18.1069553528084
20.0780866712024	36.7919360438421	-3.82041339944724	17.4890470618145
17.4788418363472	41.3781659223199	-3.86729226304576	15.2433530183017
16.7528587396779	39.6586219121598	-0.232488591445511	16.040449354424
18.565735747438	35.073499951315	0.672648370459952	17.1621417593524
15.3588769949121	40.0111327779376	0.186176184293159	17.1442487477519
11.8370564978601	40.8399117731386	4.35652284991776	16.435900577345
13.1812990897366	39.2703731214815	5.21129102554952	17.0220406981985
9.69833403100883	40.4942507742525	-1.09284866745535	20.2540096005991
15.9942220265201	40.40585885559	-0.706724500329678	17.3438490060493
10.6679346828877	46.0674335671475	-0.398239183654773	19.9181353849471
9.08073020899493	35.3470057159548	7.61021962627233	22.0360626066599
11.7903672278469	35.6759142390339	-1.35265450672188	22.66952932305
17.9944577606936	37.9339850138759	-1.48548543874473	14.8614746424084
15.5094150540937	39.576602720551	-0.848550136133347	21.6684707705797
9.34394277339393	42.2406351418421	0.928306904689158	20.6191715607354
8.69563731714054	43.0456543230623	0.131282612732083	21.9196021870141
12.764770540286	35.2350429817855	3.39213691387682	26.2336994491274
10.8744758031154	36.1947928374119	4.97481251382913	17.5504442996102
13.9795374347652	37.0616844939004	1.24626756965754	31.5016083142147
10.9693799730814	37.3128381171742	4.53988359309455	15.6671161310008
11.2274565604126	44.4477599659482	3.65277315710512	14.9767630976385
6.66398036323393	46.1773765446165	3.19200445253326	19.2270648394692
8.75355158821276	38.7538169512179	6.81443212987754	19.3604121030743
10.5587755886594	40.2849748965227	1.29881722736959	22.8527761669333
9.82941525259205	39.9904826274683	1.87187563630271	24.9960960893539
12.3275334058996	29.4293859801796	12.073552557894	18.4742037864233
12.3510210680953	35.6765098440739	15.3491880029188	21.2094800529511
10.6785545031934	37.0782262809804	12.0325869389752	20.6919421044726
10.6351392327319	31.6681505704887	5.82955671222302	32.9089081239503
7.56670061305362	34.52146030173	7.02340904917116	21.4450120786557
12.3000072505531	34.2053345232486	4.74970958489473	19.43944251471
12.3585729002227	39.2603948167741	4.75631075401878	18.6460088963767
9.28962502202215	41.7542884885549	4.69177258592544	25.1742152855868
7.07901567694089	36.2445198447825	6.89111052709253	30.2267586015151
9.67936495139924	31.1321695222146	5.61400893386312	22.7840548585156
13.5096875956069	28.6067179486647	7.7184736779881	24.7125448346893
17.1613525482746	27.7812645567253	8.18535896608914	23.626466173661
17.8545926788688	26.0691927617754	4.45795813855821	28.0958112948398
17.0410216027978	28.1820528253124	-0.978863275445023	37.8163037202235
14.5194959190164	29.6363397955458	-0.621680973760308	32.4214693466623
13.0404017066073	30.3414833472968	4.88938081757027	20.1181998717545
13.6773130249969	33.5379221058833	3.17275460986977	21.8399037685192
16.1268711695048	35.6478139474904	2.19674917813947	17.8914255448348
13.2625701766993	40.6087003099815	1.28820339819059	19.3118560245485
10.4133417550075	42.8664990230163	0.21206124355659	27.3422452226506
8.30521640829475	34.6596775875867	3.52345289038671	29.3519261415607
9.84006835734476	39.1529114397285	-1.70371079277071	23.8269121392972
12.7417119417147	35.372428215765	1.02776073869156	18.2464829368769
15.1860625093448	33.0834240026958	3.78821549852668	24.6370881146073
14.0103195666995	35.1517741315253	3.64512375569314	24.2088450986887
14.002811675424	34.6908847777631	2.99399010705404	28.1542408951193
11.7543476448316	35.5331606464728	1.56073956610062	26.1988405752019
12.3752130606665	35.4628701726719	0.589072306202358	24.6534079554514
13.2882127650168	36.7974997770041	0.848698237599104	24.7785066331054
12.4731229171243	34.0101515821495	1.19070317006227	24.0174438706676
13.1377166150256	30.334059766456	3.73431986539182	24.1012155084496
11.1729097408213	30.8314961853497	8.19898604523879	23.543415263957
14.2114435177729	35.8320850815494	7.71467205935442	9.66040158111097
15.4549156100921	33.8671164803077	9.73215644347766	10.3055488330139
17.0167786900242	27.7930793871042	6.44826885645562	11.5002994072916
16.1057238902253	36.0819228814785	3.23318724803883	10.7725414810392
15.3152344689262	36.7636630945953	3.81431145846454	21.8367294328909
11.5355316649144	40.4501155244006	1.96266328237561	19.5989420537457
12.7525401456062	39.4846276745019	4.47411846855265	22.0198903341807
10.4654297643121	38.4954685071952	1.69257187866151	21.4884647090949
10.25564818792	43.6354469676971	2.92822674535783	14.1485284998752
10.5877178302166	42.2876750078521	2.1495939541381	17.3742812740355
8.00804209126813	45.8629581513938	0.521456942125796	24.5591103896101
9.32553947188547	37.8525675828692	-1.40950527959929	21.1160077602205
18.2472325547993	38.5425015771301	0.041735779045478	18.8703813696758
16.6318828465223	39.7791703231173	-1.43057749232431	17.4073375083355
14.0430715387103	38.4550425013999	2.90611701926063	16.5660542752864
12.856511326151	34.5736609794671	9.50747951308112	22.2047864101166
12.2908122455451	34.9143705516594	10.7357345354338	15.0431852438996
10.3746932476624	34.4247254670593	7.59913894622742	18.91694489257
10.8047114264983	33.1331592297177	4.00678606224838	16.8537707966579
16.7852305992338	35.1507699123268	2.79114414521767	22.2444643483146
8.40473256761391	45.674360120358	3.71736776460256	16.6271935717468
5.41771786887523	45.8859139570651	2.10400688372847	19.9580546619636
2.54685181510755	45.4088493012896	4.88390455239152	20.0218656437737
5.97478509924539	39.1714587989336	5.57419930102935	20.3607030247603
