21.6250731133086	39.4057429930711	6.19217190006653	18.7770119935537
10.1147049162817	40.0826690531852	-1.32325436931354	18.8580253861833
12.1912705884595	42.3968133469628	-0.0220500213305392	17.5714584325429
7.38421347672061	44.3011820967825	-0.539392465688511	16.007272489554
2.45747603440704	43.6269405494359	3.70946918206558	20.3213295319106
0.547543058477967	41.3156357402851	4.67643510589205	23.1831945643749
0.567694702178302	38.4455194040139	5.57158948659726	20.1440498351108
1.35105567985035	38.1142108567108	2.06561745641323	32.0442952869449
6.859341095662	36.9230278563734	-4.27575731132923	22.6148802928615
9.77868775111444	38.3599899443724	0.483339652236364	22.1365922805422
8.58719385468133	36.7491136583234	0.163140987277292	24.1853262748695
3.8463310042808	37.2429687062944	0.592758964047097	25.5229671634025
5.5617793959046	35.8432281095606	-0.957219289850182	30.4158811592655
6.80704028880617	33.5856731652241	0.143122068837545	25.8740115475197
5.61850625159612	38.8828697052743	-1.97316478033159	20.5408775332721
10.5766871578472	35.8958726694678	-1.43281227078927	24.6538325600663
10.6307716944451	36.5676231302192	-2.17884312485052	24.5242121085861
9.09332759326958	36.719620766915	-1.75140851064144	23.7616641042891
8.76662725519434	36.9996417466138	-3.32905993510373	20.6483711896878
13.4628462502305	34.935777174052	-4.44666763713919	21.3121507192742
13.710768869104	33.5222950723248	-0.200294005126474	22.1103936542537
8.40969279672883	33.1701219623203	1.07102157690057	20.3225325233856
13.397234010894	33.0219846224638	1.86240886627437	22.4739349633077
13.463707011534	25.4055772450214	0.728787232492974	30.4487179522024
10.9369949152378	30.6267599676197	-2.84764076448608	27.5601201178128
9.92131136301113	29.3000451669489	-3.79638535767425	30.8435081457341
11.9645316388659	29.644063942453	-1.05994263605082	26.1048246032806
12.2821054539844	30.5588650643646	1.18142652813821	16.0369009126225
11.530064192094	36.1990944294848	-3.65569516295091	20.1592604661789
14.8673055520804	30.2752756474749	1.04271032600889	21.2420818893667
10.5232960734843	35.1774897408571	-2.48120169401875	24.4315787758423
10.9489325849473	32.1823289181005	1.71463609426507	22.8241254271597
11.3315363669829	30.5430971394192	-0.563860949158374	21.3056570426258
13.4981545176418	28.2912190496821	-0.175740082312081	16.1482251899703
15.3894970338886	31.3282986200314	-1.00431001338284	16.2791121804487
13.6518786794234	30.0504382621647	-1.50001413014825	21.4318784100335
14.5439181363142	29.5507152632953	-2.0958125612056	20.00161592186
13.5992874237829	32.3899794799528	0.708735850082173	20.2450335639572
9.66079061510247	33.5938975737008	2.50492501725884	24.8985930168113
8.92989827444983	32.0875397753479	4.22990251504966	25.2049682868016
3.56354714530932	38.2281281581265	3.45904433078083	17.0034930883439
8.3750090743971	36.9506825987366	0.0116723324446681	19.9446033317446
10.7075370406086	36.3497709023176	-1.09912204419794	17.04745307717
8.82594208098188	41.3722653305688	-2.41309098354851	17.6860186449577
7.25999729434514	40.7000663704769	0.951358476568005	17.6206934141321
4.81875126169825	41.1535795932234	4.23944919354866	18.1958033578796
4.63346792416652	33.8634612603253	4.89738913325152	27.6785939300139
3.03782291862176	31.0280376851401	5.48375411031327	25.8604991898579
12.2564771748028	26.3347069329424	2.44088850134032	22.1266379428563
13.7688255371909	28.0939214506028	0.262877593384847	24.9553445735483
14.9745503991294	28.2982635891889	-2.80915284717499	25.6373558179012
16.7952574804808	26.238019562409	0.97396407004274	16.2858139383143
17.9153618024998	27.1608269942688	-0.261069936272504	18.8437383675174
17.3753495509249	26.0768440519226	1.07463215285465	20.3291792242945
14.6123261357724	29.0844487722359	0.0537601297807058	22.2056300828391
14.5096082081582	29.2499614360409	1.25110727251434	19.8479949689628
14.1637374029559	30.1111714313366	-0.107126405616699	21.0149186493701
13.9712544693931	30.7667079204194	0.748639833626285	13.0608714062592
18.1188747775908	29.9358644313959	0.202911142049359	20.7603462220041
17.2627066262233	22.3841023003532	3.91243095430859	21.1469468612598
17.5947077921759	23.14648591445	1.07084066062547	22.4874640487508
17.8029682523887	23.1962494761421	0.188543759294186	24.7247460221936
19.4404300758	24.2191329947411	-0.519684536840435	17.8458602440607
21.8703185082923	20.7991432537994	1.03241700679842	18.7696168741953
19.5454641213219	26.1271181772201	-1.77530863902313	22.0489596256797
17.9181409411058	26.2066744595705	-2.47242747825153	20.4819667137039
17.326607706572	29.2970955210677	-0.424274672014189	17.7483720898439
14.4509621272341	30.6425902875319	1.72239270537213	16.8636616777476
15.9326719763747	28.8754424108455	4.68169230046734	13.3626780273444
16.6100412182327	30.4230058703811	4.91042144950836	6.31893521044913
14.2950292428254	33.5765101252492	1.52729405111906	13.0725869476846
12.8149580823487	31.6507804127678	3.31796462493088	13.9150895687754
12.4208618545203	29.7136480061946	3.32412214743226	18.1847940616229
15.6811058799158	25.1922975251128	3.0266028706296	18.1929329128856
17.1319098732433	23.4031271495533	1.1645082526808	20.1788329866635
17.6967378167878	24.0215762609207	0.00838506063123745	17.5672165229533
16.00281152607	32.4971811848528	-0.76148876816398	17.604964884891
15.8523708415503	26.4529645678423	1.36088123183334	17.8587581119116
15.3822132961451	24.6514107382692	8.49643234733128	19.4635449628443
12.3934779798238	26.1513000664709	5.79072362381601	16.3290222500548
15.1016827526128	25.0707260165653	2.89457522329718	16.233428898184
17.6925445795983	25.1380241217703	0.316757119696889	17.7768630377246
18.0734010048803	23.7396123047204	-0.395305345330086	20.6641018466322
18.9561939997439	23.1763013146103	4.17088731610473	14.443384253054
19.3311350232307	23.1130788301552	2.24253782822731	15.1513128705389
19.1773544597009	28.4391977238641	1.61858971050921	16.5523910473348
15.6287168358022	29.1344136764467	5.05519730324837	16.7530592471389
13.91661703907	31.1263269835431	-0.0644675217850228	14.9486238892218
15.5304154762444	28.6028150592951	2.56861238327789	19.4083087389784
16.5534293404226	25.765180332402	-0.0955889019465168	18.0693523247222
18.1883001778652	25.351494687056	2.46134845127332	19.2184896242301
18.0327556740159	25.2608020060725	0.785915054286871	18.1475825758147
18.0304212092088	27.9928042871907	5.30502759818801	13.2388793687763
13.1418694985466	33.8681926993856	4.56372372649931	18.3594078871736
14.2128887787455	32.6644408606196	1.29496956553631	16.674989866708
12.0881971149699	31.755411789866	2.46058374238057	19.2678024034537
9.28772386545252	32.5878432078954	3.95456643185679	13.2339637769907
11.5559797721688	28.7991097790755	5.23304382448185	18.7681884066614
9.85929419965614	30.5147842830286	3.90213763377725	20.753925501317
9.16817204921361	32.9262971808442	2.52727922321393	22.864178177383
7.98181921075898	33.2171440096723	4.92847680150627	25.1571353275584
8.38084924798327	34.1451049707981	0.948498786783375	25.3693706805141
7.2242605040768	32.7074965061771	2.37112440841734	24.4743225939827
9.42170871713908	33.1376942957052	1.39451815022617	19.0292484263511
12.2276705928497	28.0621897077946	-0.105545678097687	29.7398149509666
14.2679326118893	34.7617501619736	-2.14778452079364	28.3656633305985
14.4456464610517	34.0681456393276	-4.44167462382491	27.1442450661377
13.5160611429706	34.0853372188009	-3.3938924147747	27.1216128635385
11.4543386385299	32.9857865343526	0.0105739227496535	16.4951039674479
14.3345806887443	30.9416591440983	1.05007842267073	19.4396976391572
12.9414106642153	33.0652149430414	1.03559346585441	21.6244794351578
13.617711743044	32.0415852301692	-1.92090855876816	19.6579149707749
13.4962504064696	30.5461356051134	0.772736564158526	22.6112615045848
6.91246948779366	38.5842998891937	2.60954318150692	31.9723898759935
3.76447616457425	36.2491148671004	4.15860637728316	32.7459556498456
5.73037557368794	35.394486955235	0.189171996852703	18.765583995812
15.040446141011	34.1921515500475	-0.698632436905784	16.4065739261809
13.9658303120116	34.9848140907184	-2.94097638188276	17.8109237044941
13.5789779346094	36.3516028377172	-4.15035652194518	16.0195901506472
14.4841450737447	35.8560044982415	-4.27891962460134	24.4227471301224
8.87047786047218	40.3406682867209	-0.519992794770942	14.6291950792897
11.710169691869	38.7718579057256	1.55470810884218	14.7405870548482
11.6731441619777	30.0548455585378	5.248928130405	19.3950483540347
9.78028746740543	31.0664882936408	3.50332550684547	20.5796240587354
10.3318481326591	33.6171644187425	-0.747051215929931	21.239979124103
10.3058856984623	31.8563041153305	2.84311297304425	19.5710768913256
11.6429376885836	31.3541159520649	-0.101923093186137	22.8241355241614
10.8180188922822	33.7163278714545	2.43218198276192	19.9251765375363
11.1134635766983	30.0518080287404	3.8908824939008	21.9555965829978
8.18143478553619	31.4667271611072	4.64464097041391	22.3719828684473
7.90301513118546	31.3264708124049	8.55953745767228	18.9334548595678
5.33977770176935	35.2470469241981	5.11701354980223	15.7051454373021
5.31191765726763	33.9874184038509	5.41292378097747	21.4218477266942
6.74691991345244	31.8866339488905	1.60972193588453	21.1442556548965
10.1850541839922	32.0249204244483	1.52833586798	21.5854774708961
12.223201226663	31.363730248997	4.12681812892618	21.4516200558384
6.35593660476191	38.00036287502	5.04400951486458	20.6154470162019
5.43535515698285	36.6590507338623	4.51328746421991	19.6781572436467
4.42795117031294	35.3447223811414	3.7645216938058	16.4091762504688
8.37456183195795	35.4292602008966	5.00919372016359	12.4981310712016
9.26525366545978	35.1167820520525	4.42059508372991	10.0546839861042
9.56726692930146	34.7983556242665	9.29302230960603	10.2448168732489
10.6661732084483	27.1539909790275	8.68157999199332	32.4538864926698
5.52777460626738	28.4976481834432	8.1033970586069	21.7119977562951
14.392774007379	26.0734345404999	5.18761236994044	24.7254278171139
14.3557648975496	25.4611591635839	2.65117812278197	20.2499354687101
17.0515068606567	25.9076250711524	3.90448998967634	17.5392981319416
16.8509278012592	25.9847454302081	6.03444683906139	10.8673696316506
17.0737383344464	24.4308222079718	7.72790245133704	13.1683458647418
15.1769108686483	25.5578527554933	7.42260755487201	14.2408583060566
14.8232863729286	25.4776491977617	5.55464414162976	20.3897275406595
15.0674815165239	24.6825517287807	5.10878777285813	20.0572091051203
17.4251030454115	22.4156757623287	5.66117390791146	16.7008991272946
16.2507069761568	22.5517604772331	6.66744874194588	19.2827549628461
16.1379468467506	23.3406455947416	4.66949463823084	19.8471346553258
15.7797973404701	27.1543913187788	3.72933544747215	13.5506697334192
16.920912111268	28.7618676284014	4.12367401474771	13.0035168307398
14.3536817190294	30.8540831333643	5.74598741441855	16.164884881818
10.0877817139086	33.3919627249059	5.51673879338318	16.2393945038815
9.58562304536391	32.5887114964701	8.64020871654043	12.6619758715418
9.38560770303393	33.5338465255029	6.57077750647378	16.6339411286202
7.20149519550869	35.8848933796674	4.005814555473	19.9123105494064
7.81325211264351	34.4729980139059	1.66426297500667	16.7954889422972
13.4180933631041	33.3400094715138	1.26927710361716	19.2247559579019
13.9466571526618	30.3866621502829	1.18949531719792	20.8157867507592
10.6301187205541	33.4165042908192	1.29695047241588	21.6165640946161
7.91892686794991	42.4871881505736	-0.836823872859135	19.8664305955027
5.99178200859386	42.2016072833619	-0.656045927002886	17.3688543927711
8.78224147346538	41.6569884006573	-2.45136354700955	20.2148530785057
5.64685411823484	40.8797818330111	2.39490925036832	18.6102513004157
4.67387542578608	38.9592021933235	2.95457645570646	17.953447868799
3.8174641180073	38.9301004583426	2.68951910293438	20.6757769493695
4.4473169865252	36.6518914839937	3.72450639368659	20.0885777401116
6.18203519914351	32.7463283227509	6.17707871458012	19.7555223775405
5.78120258474774	37.0957707940354	5.55884393136764	15.963610490682
6.45762963060037	34.9923802423975	6.49403940812624	16.2257583726767
8.43481052273632	32.5054777832049	2.66035356252394	25.2110106529306
8.82305077748896	30.9101080839483	3.52503899117619	25.1429549949425
11.4759262209438	28.5512349560347	3.48935132091667	25.0976869366313
9.84413494823435	32.0041137855922	3.95372461381338	21.5274714883598
9.19045713164479	31.8759236380874	4.8185480733835	20.259803462502
11.9588498854321	32.8728364929067	1.07967341071598	19.1441890241526
11.2947491616254	33.5416917497509	1.0337082248614	21.9640359695017
9.87863521420036	33.4523390429735	-0.220790577998564	23.9518828802162
9.72349731347163	36.2753342823766	-1.76480493669252	22.7531336709277
10.2105145337273	32.4284786857374	0.430738615199999	21.8592273788878
10.2948933666918	34.3101813623852	-3.0769629205092	21.9648762485364
10.8516656347568	34.7346090971476	3.06365021164723	10.5732137087318
13.878904913647	31.5360542026202	3.65940626935891	22.6260904787625
9.4890568122285	30.146147437047	3.27129230382185	22.6743904507304
9.38483118266885	31.3322295347487	2.73556932265418	20.4580523871402
14.0211333596626	29.6599020018125	-0.25320523454088	22.4323535413998
13.7102859380202	30.2763138693838	-2.87156463403466	22.6607214277788
12.1745651430928	31.6686829906969	-0.759527366964401	19.779056731252
14.1966007829571	31.2644424063346	1.50248193606794	17.2081618119161
12.4759031522946	29.1229525240287	1.49355325341285	14.0103852111976
13.962878931323	32.1384556607684	0.739847237300728	17.9114812036048
10.7194926237156	32.7868601463145	0.557673648711317	17.2206927469004
11.5769208835698	32.7076977670534	0.710656480643921	19.2587432154458
13.6313568412587	32.7876796968842	1.770765459309	17.3698480426754
9.50610822609435	34.8951830295475	3.64969524267726	13.9622081536289
8.49982296292536	36.0714223584721	5.25551127804943	10.7377596871115
11.5730334900285	34.8999682627248	5.55515849799417	16.0495652315675
5.61878223558546	37.1613838220576	3.35864747767777	22.0668041251136
7.78940126295109	31.3002808927188	5.55390300588192	19.221300930856
7.69671359407818	32.3981425189042	1.80842688230739	27.5020712188295
9.33189246549501	34.5103683583808	-3.21649722132891	25.2496224923921
10.9871604365655	33.3865789000945	4.81248355394171	22.3434767643782
4.4960299487107	38.1222239116275	1.35976007233488	21.9870857409994
4.08348602744495	39.3944590335969	3.12815982408005	20.4347646097328
6.16163571434374	38.3182808261087	3.02067374137345	16.8020794238571
5.05979954799916	37.8023842845803	2.50236958523395	18.091335892738
6.01574068031788	36.1076150919568	4.65422388889941	17.2230683058176
6.49581232298328	34.2100731415	6.38896325985265	20.5307384161886
6.60437837361107	33.9604746635329	4.37700650105548	19.6092914501549
10.5117391992987	33.0521270936352	2.00808179800087	17.2626891818431
10.668778730171	35.4182100555789	-2.35740927898756	17.1368218159837
14.0320455665571	34.4388535969021	-1.22555005982018	25.9628854751233
13.3290947365049	31.5035174415509	2.14662456354532	19.2171999242734
10.8499060652213	31.5654042394364	1.0758405605693	21.8944897556396
12.7694386837067	32.0256231849546	1.11717285361429	24.0574085742885
10.7109702282856	36.4930331645066	0.758115335877454	19.7909769562723
7.73073274756351	37.982674458937	2.42733802202262	19.4081345347406
7.84801442519254	35.4958374160772	3.58555738825698	21.6180673033628
5.07661481526854	35.6237594063793	5.62733949757081	15.9845829845157
5.82749280545951	37.8115720412176	6.57462264812069	14.4715528760532
8.14149826341618	35.1317385391746	7.79595695764503	11.8749658546453
6.97692523356315	33.0421658855345	6.8342003598616	11.600654140771
6.50793165241686	39.2323163126625	1.80863085095808	14.0321873214138
6.47883422014621	41.6331790793731	-2.00417279372886	24.7205258130138
6.71168213135702	38.939444583213	-6.11887614729591	27.1628714807635
10.9185072782822	33.8677428718555	-0.62718162558788	15.9352818143858
10.355346627377	36.1798614644679	1.56084525015894	12.4902291794611
10.8502725953935	34.2958049135516	3.05129356066454	11.4591490163771
11.6553268855669	33.2265899834903	0.9156256456742	20.638620731028
10.6223826788423	33.1864163313199	3.22062248509534	23.0243064289969
9.50961402660121	30.8324973622988	4.64687335916021	17.6180153516178
13.6160426418956	30.6071928064335	0.749783084319613	17.9037731503193
12.7546463308397	34.8984645095887	0.00764201074995796	17.7045219101999
11.2840845898986	35.0653734048908	-0.463433048340882	16.1769000128048
