16.9377021461004	40.8332817172324	7.10026570091804	20.0508214195307
14.5787241350361	17.5249592868656	10.5173405540987	26.3272504554513
16.8163650360391	23.6830974354293	3.25588268178645	28.463324403537
14.6940956215847	27.1258199321423	4.19765256296041	21.4244527366548
13.1170084872034	25.8045717622376	0.256865269173812	20.2948682342301
6.43417988748489	41.4265355568595	9.31562785072712	14.1307171486895
8.31985629055382	35.722822717692	9.93746021344852	22.2265391570161
10.9281356235188	29.8592050963298	12.0457232148826	17.4193969351816
13.5095063595254	26.5271115192561	8.77010554647747	26.4383916912246
11.7106241409855	24.2013496400333	10.6366483593706	25.2305386710557
12.4023691346814	18.9686627786151	9.83226727978359	27.5692972896266
13.3156798420471	19.5785661397977	8.53684620983	25.8517248352173
15.2259994613935	26.8786540546918	-3.22133559443123	28.5733492468599
18.6264435465112	27.851798612009	-1.32317283869337	18.9816338161042
22.4635057181715	31.4293552005657	-3.97990375737275	19.9102679376481
22.2635577295796	36.00817637971	-6.62860505488543	19.8582873881785
18.1723685029784	38.5692221215373	-2.31905139024211	15.732241991627
17.4299769910919	37.2422418880864	3.38698323843228	15.9254086197138
11.8680545912991	41.7886023717615	2.78146844837268	16.9709824745838
8.67358118919009	41.0401055664438	5.99052495337476	19.7035541174297
5.92930389842675	38.9349185062275	3.99793261589991	27.1508734749392
15.0455028601351	34.8975436760427	-0.142532531365124	18.8196287706256
21.1195050985913	32.1168417924398	-1.54930794398051	16.4891089668259
20.2965972936141	33.6803985312314	-2.55477163261485	18.9377375076141
17.0508611030306	33.2699536569164	1.04177837154299	21.5616468721815
20.4433310356826	31.9506800351412	1.58939788483968	21.6305955702053
21.1173687682517	25.2726005939515	9.40957242664398	11.8962792556346
20.9675860020639	24.380622861416	11.2680720726445	20.5102522289265
18.16640185274	30.3306106562362	6.86041366265911	18.3823920499436
18.4253352132339	34.0132608629488	3.71315476813678	22.9097534931789
10.3228106137079	37.1752815700951	2.26705205535546	23.7180151640829
10.2532387265649	36.0807075382093	2.70512894832208	22.022697237732
8.39701184972118	40.3663937738445	4.85159532653	11.7506660161932
11.327929389355	39.9270039911305	5.15940867793951	17.1267014819002
5.41322724630053	43.0522320697007	3.67127935461487	22.4908985517337
5.96207289661114	40.326191063617	5.17534672270116	17.7042419084697
7.36424537410362	34.7946813377744	6.08607855845761	19.0619114081725
7.30819244549246	38.0137046965039	5.12782160841424	17.7227683296674
10.9181486546849	38.4291904268299	4.00971907678535	16.9463587285106
10.4901760466154	41.6543932734434	2.05412444589425	15.8963980537926
11.9979229932389	42.6724009272088	2.49727754846102	13.6547770133737
10.5348423439747	42.6564057367299	4.2368902499598	14.1641156696165
10.491066592333	44.2383498428766	0.405698480559667	19.9335094909177
10.0896398430291	41.2273268127198	-0.383864323651718	20.9193877824575
8.57010950848067	41.8045122903235	-1.01715395076466	18.5894119284912
10.1478167643724	42.9317202224612	-0.343615790719955	14.5066658622088
14.6880551112855	40.0854434972845	-1.16783547064555	17.1816886508492
18.1788077757126	39.841284366366	-1.60863115674643	15.6450592022809
18.1818012680559	40.4258841216048	-1.37169100799425	20.8495745220641
9.25036944883671	47.9786572426818	-2.3379635716678	19.8023656312696
5.89765387824697	51.3326482876693	-4.81980456370212	18.6619458905741
8.17722284840862	45.4453868820437	-4.09893149142436	21.9152690785962
10.9987284407069	42.34029427891	0.739863021431824	16.2593395760305
8.4884996247527	46.1267569756448	1.81466326605975	14.9195753384511
6.61540347626925	46.1596975148108	-1.61194188611412	19.4465586912948
6.77475389801458	41.882759578006	-0.295778230456161	24.3076637403505
3.33692096511195	46.3603426377626	1.07838024064356	21.3242155888515
3.57219291935562	45.8718689346091	0.629047126288988	18.8369205980078
5.50818339540511	47.1026400245132	-0.979114035516538	19.3153459731937
4.96428073483196	47.4982637998074	-0.822567857322371	20.8389088967332
4.91476243680541	45.0504046124259	-1.01386177724702	20.831488027687
4.45904059787364	45.3675392623844	0.00958732741419333	22.7319823843285
4.82750237640429	43.7106176248108	-0.195702747977338	24.3779495106228
7.84573487133308	36.7436634298702	1.6350985368534	28.9510781042427
12.7756388295041	27.6816742286924	6.69100303354543	23.4438786277702
14.0015678522708	25.7750678506586	5.13384415221271	26.7484805885249
19.2532749162055	24.6423416117621	6.78314575039473	19.5759047604137
23.5732384598814	25.9912735268888	2.07568683051512	19.3928229795108
18.6454424610417	31.1418152733818	3.60155053480441	19.5306387506696
17.1764003686077	33.3219120309615	2.96903752998362	20.9748627983134
15.6081073740138	30.5398385380123	7.33206870078022	20.4787687567291
13.9472822949192	31.2353867843676	7.19671947649897	19.7965451825859
17.5624576112442	33.6946459991786	7.4077160284038	20.6420852761357
13.0854189111106	30.8247025142246	8.26160214315634	27.1457862425796
13.4226141841337	28.6304324747763	5.46372717671776	27.815053381539
16.0275188975455	26.2128991655773	3.98265090032229	27.3030189911854
15.268886679774	28.2142313755803	3.53132743428035	24.3688776164404
15.2236335065694	34.1562957106844	2.32381912925658	20.5646802025936
12.5326413933666	39.058965998349	-5.56430022209028	26.6125577066182
14.5247090065399	35.5313030719955	0.988255415809508	16.2947439618497
16.9367728724623	37.0764758228116	-1.10425002254385	16.1740661121285
18.7799983993352	32.349664397094	2.82662133017883	15.9135871553061
19.625618235226	30.6430206703387	2.05861818308339	22.316205954199
18.006253236457	34.734745989497	4.32116350102574	25.4901351165116
20.8828511155653	30.3820577948273	6.25154257142832	11.3044031841408
20.8263778590108	27.5019908354178	6.761068989019	12.2786517875928
22.4530945484777	28.0663874100454	4.03733092715832	15.9870920881357
20.7241165427742	28.4124731605432	6.18659125996622	14.5150963581826
19.9706107749854	27.9176325083617	8.2120300494228	14.4269830764242
18.7175168538717	33.7490746926423	3.3492692248058	15.7204041001498
18.7588502046903	36.6163863626215	3.39308791795489	10.2679834794364
18.001541767667	42.2370702727958	-0.175445691604615	14.3400710357805
16.0566519479551	42.2866097647283	1.84190692900076	14.1607575188182
11.4590309186073	47.4961174960398	-0.562641482722462	18.2684343816316
4.9304817089319	40.5308779684045	13.5597628302636	15.8279942566596
3.9441257777203	37.4018348549643	14.5456209523997	21.9316658758626
6.70366034161438	29.232670672346	10.5594806382251	32.5690727848885
5.14951140710564	23.5146910585271	12.0692033717554	30.6774312096482
6.03195448646177	25.5893440369447	0.107632430843644	38.1986556576399
6.92880550101339	22.6917811174013	4.41604413996333	32.2834887659943
6.44372370292657	26.473755378545	3.97319233974449	33.3405918885788
13.364880469884	28.6095434551149	-6.99091346619491	31.2855754190258
9.72777112743046	43.6867533295921	-9.08583537391937	30.2704501643954
12.5908163939298	40.580978523711	-5.11317766378009	28.701303506762
11.3458097218195	44.6890336270797	-8.60064262606244	20.9961488516072
13.8992024653754	48.1476131053669	-8.14625885726442	21.0390771109613
13.3288612651911	43.6186897843173	-6.2354457162525	20.225543949458
14.8611896906152	43.8771090530648	-6.43238861866092	17.9029146481149
12.794987846766	42.984495617835	-4.96569118981978	19.2404555172503
17.4991363930427	42.3968022092048	-4.51762139152532	14.5001302601076
16.8797954413523	45.4975726533484	-4.43141167340627	14.5649229640714
17.1605612253254	41.2759035833914	-0.667701758799614	16.7351825347743
13.6703312824113	41.6407389452245	-1.57940217934545	10.5030623185228
15.6787635368984	45.9019460609055	-2.15332338253579	10.0007534987989
15.0163051589607	44.9495942364776	0.495730575590435	8.88380062498052
16.267441838163	45.0744501767078	0.945374750771582	20.2956065066335
9.2013947685939	47.5227937703689	2.48145624551918	23.9944785658926
11.2466898731537	28.2696991911905	3.34490908985734	16.9578260399944
11.9343350113951	27.4436415042544	14.143471233321	9.41603898141378
12.6273185015761	33.1777337970959	12.1695850624308	11.9946491422075
12.4988791673978	31.0506667481028	12.9009059038859	15.0953834519349
12.0859324201289	30.9278835072352	10.2450922634367	19.0172430562414
11.1188002328816	35.0810783394039	0.106493823920963	27.1203336833604
13.3042613185482	28.8904468031026	3.29025149135071	25.6185116797313
14.9583300010138	28.4297397166344	1.47545266398036	28.6161621590278
9.95590145865687	35.1235226346922	-3.97438513613499	27.7747364621743
23.3763269410025	25.429929335481	-5.84675377635395	27.5903418716732
25.6577315372903	26.0964046886062	-5.77806082023417	31.1142190452013
20.1128819683123	28.9341776610223	-5.50815537765407	23.1789603549335
25.06477445244	30.2289046036871	-3.58619560578494	17.9107676844252
23.8884554651673	33.5757368283206	-3.84742186649487	17.8222113453922
21.2024818743926	32.5247736896248	-1.89460902021051	15.5335353420886
19.8118952905175	37.8861261663818	-3.1163745843237	15.3104165193407
19.4662515107824	36.8074663130658	-3.33286705544223	20.8194534432974
17.5913696117981	39.7412184400576	-0.614216257868383	15.5563668325723
16.1270989534727	38.1005647343675	2.49667977420046	14.5662131298587
12.7877199857223	42.3716047450061	1.57248755194622	20.4057533532724
15.115039624465	42.8271403069373	-0.919394182872821	21.5051435066962
18.9832150434041	41.6670917857393	3.41242165737669	19.8470723610577
5.23532746051082	40.1454407328417	13.5489330429324	18.0981008586697
3.46216186889361	41.6938996101914	7.44312128778051	23.2370840770859
2.16553920973675	39.3642659062705	7.99597274905942	30.54893914076
2.61759556892196	35.1465937999025	7.10886514622432	29.0634573739875
10.7745599230568	28.9357853245547	4.71410051169	29.1377946818975
15.3978229644835	24.6176877316046	5.3499761880017	26.1585032139701
15.7861838238441	24.5446197316941	3.25015873149665	24.9772977870516
13.935232011614	24.5504988305129	6.54847016990812	28.5780354560912
13.3438336586725	25.6022343639142	1.86613013683175	30.9311692806993
14.5695284716814	25.0523416389569	4.10475040238803	24.3621177104778
17.7100738147303	21.7635338095806	4.45726248514906	27.4325726828083
15.7839894639727	26.7806264798946	2.01432496854171	25.206346597477
14.1925677627443	30.3821251931458	0.283055966150307	22.2059014987494
22.7551492669738	25.2748392426187	5.96589219374437	20.6913846091661
21.7366780473969	26.7940538094157	2.34821597896371	17.6282043185379
20.9664745509784	28.3274954846257	6.53629296850013	11.6564609645332
21.1541676556937	29.5934426980222	4.4401636312286	11.4865780460824
22.9926165926203	31.2726052643327	5.36137953747021	11.5892116579662
22.795329118327	30.9084922714011	5.26558495348631	11.8273723026242
20.3600787638619	35.7166914802588	1.48740533728464	16.3668145546409
20.0372249537063	36.7696898661579	-1.92132143296224	14.9694384814869
20.8425980430943	37.453160171609	-0.67478279808459	17.3530246755574
20.1021670756777	39.8732904901054	0.969504403338059	11.0861176341306
18.9489101406102	38.9300637752904	3.73598901991349	12.5373872481752
18.9841665510935	37.8393755261942	5.99962716427249	14.7253502685143
19.61687177999	36.1568182907223	9.82978323658957	19.312310742891
10.872698936953	36.502170622268	9.39456281320214	23.4192219079837
12.0805214493457	40.9635992214124	4.08725529866655	15.2699085012856
8.97678774824299	41.0260237882606	6.61143027902011	15.3344731168367
9.18493214458763	39.0640017074623	7.78685778925328	18.4476066725806
7.05161899178591	39.409945321158	7.3892201795021	20.195243341896
6.01556694337952	36.9924732625617	8.9841450249813	22.3958101995073
4.51868779460249	36.5932557078966	6.29747199833276	22.7017708273988
7.08298270449981	34.8413109816383	3.41811311438562	22.4129483720671
9.95355616403231	32.1993860544575	3.91255301430704	23.6677269444202
10.2283590538347	34.524249878172	3.07349845810847	21.1951084979445
13.7175167114043	34.0307203759775	3.06008050731049	18.5750290620708
11.8924200075144	38.4174875369418	3.58099028399929	17.5507077015118
10.6817934691371	39.3628049067094	4.83273844625496	16.0739881241807
9.46446530325827	41.4285955446006	-1.37227943474731	22.2019409903234
9.89655752238375	42.4332259020933	-1.57099660144348	22.5057437018255
13.4599190092694	37.3339963401805	1.03431513881242	20.5904153310886
11.7644216729377	31.4901591255467	1.98396453050827	24.0174637497595
17.721542923623	31.130057044379	-2.27314678377278	23.5007208907238
17.3802050138657	30.7736453898769	3.26965605084598	14.1926831154871
17.1848807815295	34.1215934908854	2.85897105162388	15.0782413579311
15.2526882808238	35.8372161376195	7.81825818515739	11.7402869427557
12.5324165600365	36.4340545826778	10.558412979393	11.1227547970581
12.7652592284972	36.3863626013717	6.71220352688503	17.4063520680162
11.3838986017678	37.5084760428634	5.25945100759132	30.4215390373544
8.72444930487689	39.0395319016249	2.70932046056701	28.0211196215747
9.57813460813208	34.0839172863406	4.98449926556064	28.1702317895965
6.49221766474961	34.7649506034265	4.53448520272372	23.6823704448345
10.182740139972	35.649287577096	2.5390407279819	22.9728557430956
15.3466284786792	27.367223914703	5.14030768533571	26.1026851768422
17.7338553213932	23.8311770991326	0.590757685356621	26.9766308137938
16.152233336442	23.1096727957048	0.693967496420588	26.8085989283557
17.6624456065193	26.930647301197	3.27343256017506	25.6649402202325
19.2269644367042	28.1620684728845	-2.52185751724782	30.9891494223134
14.1081228821854	37.3025732218422	-2.46412804391029	27.8167507399004
16.2610768053996	37.1350829427628	-0.917205097466962	16.9911610505398
16.5532880723467	37.3116009853346	1.00830563260641	19.443248266619
14.8196210208751	40.9360252938147	2.5994541856542	13.8287611056905
14.014091475542	37.3554675015552	2.9636689870987	14.3234892499487
15.1953050211396	38.1769167855313	3.60074460478216	12.2677859005145
15.5002944098178	37.934177787353	2.76954479952991	13.7926089559363
14.1924856762726	39.7776848787786	1.99187101069554	14.8383312326778
8.64171025290916	37.2461951069878	-0.281964771266136	30.3849874191965
9.49492242612217	34.8770515005659	-1.71130568587932	27.7683965500492
10.1156433467283	35.6479623647962	-0.449168573671611	24.3762929240477
9.46662671957237	34.0891312937807	8.52830707693693	21.1810961042992
9.20667924211952	32.286195085812	5.27530050736141	25.7038625261191
4.77368533484774	33.7891646115664	4.28658274147547	26.5976070208279
8.10176083847453	33.7301083906244	5.06346411449723	22.6709998320592
5.44094996323382	38.5461502447481	5.83005607436357	19.3934886824143
7.2840959395334	35.4665715428757	5.75086805113537	20.118771590366
13.4266280549279	35.0301848807955	8.94689085735886	18.1424605767978
8.9765505565962	34.9358016816112	7.61510486551095	24.1240495196412
8.79692061312661	35.5594959823393	5.71795696847049	17.556294716533
13.2704389086867	31.8573089238235	6.86387435669964	20.8183405819458
12.1354250531586	38.0118508710925	4.90266895763681	20.1610253622903
11.1582389395614	37.0162079836641	3.51205201268918	20.641182708755
8.844904180487	36.5546192046654	6.69616465138994	19.4677831112588
9.63680459452917	36.2517108415723	4.83744909904479	22.5430276553125
9.00452266899846	37.725283772141	5.32054747605278	14.4430664964291
11.556680861939	35.6334433485979	6.23249895409249	15.7370071720251
13.9150522002804	34.5793617418892	9.14119486468413	13.8394740763649
15.2242553217054	34.4620013313934	9.42783428825938	9.56293538255318
12.8910054971181	36.10822114233	7.4310689259228	17.4856948670529
9.61844611742502	39.6229410489821	5.20338441500781	18.1721741850085
7.21651792940895	39.9692987433434	1.86215545771984	23.1626071406676
9.34428870727046	38.0606361821484	5.84763529733164	13.3051150919086
11.0291801902091	39.1310147096593	5.31071588355812	13.036918137051
11.3042232414333	41.9863620383884	3.66369423126868	15.0118771310112
12.2373418757279	39.8962989123895	6.1687128611663	20.6276637898807
7.99523861927519	38.1445559634173	7.72218238262549	20.6287059468266
8.77699194000442	33.9440934041792	10.0814491009535	18.452301658788
10.075211947528	33.8857054546754	11.0263442282569	20.1763193064568
8.5994254381903	34.1092467972671	10.6871961912461	21.0391066793551
4.61830017327413	36.9415499118464	8.91288956565263	20.7733772118737
5.06865749799654	36.3323420660328	10.3377397169031	19.6034570949181
