21.1956653956897	39.5466854671579	3.84850508331692	18.4566905717169
8.86708112932887	37.62937643504	4.87028312743545	18.5009531671917
14.7078760581681	38.659309950321	3.9728889027433	17.7671841142127
3.44394141303934	28.3203711902155	-0.393113325111781	23.0665673344755
9.93316610659149	26.3198696204136	8.01523608131099	26.3855483524458
8.69075633668017	34.0756786578941	5.29398267659242	23.0876881002405
7.92598463582514	36.3753807119637	0.846099803002709	19.3819407049523
9.98412312748029	34.8608029977031	-6.63127850204504	17.3459364768295
10.9471690442152	34.8476358054749	-1.71565950311518	16.1715852856813
16.8453265135603	33.5067625018892	-0.424674556688114	23.1563080557191
6.78437268971069	32.5933211460833	15.912957514352	26.5645670179454
2.53983752825882	33.3823399176945	11.0694419212591	21.1883249008578
10.907870363484	31.9199070220252	1.45320758661755	17.5993958958945
18.637754593071	22.5068487424584	12.6853203095546	17.9111585701468
7.34145150451511	27.3443015015348	5.56761620420782	18.7619662880581
7.89243398084056	27.550881479647	2.99609914509399	19.4772389024288
7.0216513660537	20.6216749919887	6.09024069273157	17.269112971218
3.64165381656977	37.89561943834	8.35358771031035	25.307607872484
8.64454492735655	39.1811220832311	2.69405703726827	25.2929362240971
9.18231664321281	31.4956386825212	1.45527060544381	29.4506215852744
9.79786384483538	31.6185458673426	2.55398767158007	16.9415106590896
12.8171658991437	37.3026009381649	2.89597889653117	21.8134712353677
13.9246062087748	29.969246286237	8.32985197904229	20.1422495995977
1.4998507505635	38.8773024949197	2.71382801479369	31.5348139685664
1.46092418926393	39.8874006635461	7.20485437571577	28.0677079969171
10.7388845453246	38.8025948833223	2.30419203546668	27.2234774502135
5.30799052000673	38.7839493280757	-1.16547511794032	28.1258128909354
5.82407011405094	40.2324246181655	-5.15561039632053	27.9880153550726
15.9781396381244	31.1513029843136	1.9365954482459	24.1947169807359
13.7526414097182	34.6698092662699	-6.35567384007343	31.0738356873013
10.8346540957738	28.3655747578449	-5.11856942604253	31.3317438219202
13.1792380088408	28.8560558628664	-5.52379613676065	24.9454513010097
20.6648675201734	33.8955009641141	-7.30354494027287	25.0239980546988
6.12399038982513	31.3802754814752	6.81811756046878	22.5279183545043
15.6158741281054	25.9892983065002	4.88522996951284	21.6537628740897
17.3089098321891	30.2138832867478	-6.08491683588891	16.7081134043527
5.90100324529201	33.996435201667	-4.69297786453335	26.7563842748185
3.01969551432538	38.2410403321983	-4.4263369710346	24.9187350015981
4.69805894596942	35.4048593090402	-1.02372684572388	22.8504825685067
10.2345113432502	34.2099316608647	0.422655729944513	14.207480427396
6.92616278476694	34.4551115167128	2.70750107420112	22.5682002921184
1.52164567286017	34.9376300918671	5.41733724449059	30.2191930576754
2.96442684983773	34.3637107485706	5.16068620991191	29.2111748088256
4.90469666013367	29.5553814094315	5.73451375458985	14.434826337184
5.56931240180212	42.4337720276299	-2.98681925485412	9.86641432082479
9.06216746752952	44.5123031455639	4.69517296566054	12.6568813305904
12.1139297717794	40.8214348158415	1.83948509121506	22.5705337043349
6.35604643369225	41.2590290209825	2.59672750231533	25.3605733121242
7.76530609339607	30.7297975639428	3.98867832299681	31.1143820228484
10.7912548700093	31.7826826870057	-1.79705681243552	24.9266378589403
10.9586949022952	31.6079549841947	6.62318816247239	13.6358275621626
10.826861667959	30.1350071119508	8.92115653564065	33.8042489163947
11.0514079432809	20.9624604421981	4.42205621144052	37.0895746332607
15.5402999187694	20.8736279368605	2.86020564743698	30.6219855932035
14.4998380855931	29.1376262842548	0.783658359566786	11.7667640597247
11.6228264348855	43.4765617162791	-0.514907118497334	18.618200327166
16.7373074492186	35.8700300238961	-2.59687772364187	23.1850213500565
16.8220635357991	34.1017665251623	-1.45668252146915	25.9000740804213
9.35383999661805	37.255125150876	2.69908503819722	25.1154795031498
16.4871553898236	37.547610128932	5.83078661268446	22.3311557287251
14.845873874851	39.5460571654655	5.20992427614135	15.7070604195481
12.1169593611326	41.4578999792701	4.62311566480648	18.3613199782566
11.7572600518183	33.9084240854154	1.86491994304535	27.6703789601678
14.7412732716485	33.9608435836021	3.83074826937733	24.4455568663467
10.4455146034807	32.9292905950319	4.84518927903939	21.58212511487
10.8764478987641	28.0347919292149	-2.22644274924242	18.4454468536867
13.0254727110814	32.7984614475031	3.00594384679279	21.1542055259203
12.9509768425861	32.5534172899035	0.404612433145886	26.4869759466732
17.24973300403	34.2882299534992	-2.56638917498901	27.1818998504663
17.6922918965669	27.7751722263488	1.73548902958021	23.4535019106753
15.1751985469694	30.0506103138755	4.64141562148089	21.595717143448
13.7131288070096	30.4332069337684	6.64568731593991	23.4188921299791
14.0630525448224	26.8921313069146	1.35314174029136	29.3530004370985
15.4079759521274	25.5848887802418	8.10474351615087	22.2394018379999
12.0902488641305	31.7812612356055	-3.52141097763281	34.1570172591163
17.7238674043435	24.2339957953799	6.01902750289129	32.0935797990339
15.660193771922	27.6646263041902	-0.713396514319324	21.6677924301257
15.7083425904885	33.7392857779337	-0.710701075867259	21.1316495908788
11.1482079956942	41.0880675624644	7.16515716170032	24.4024817004971
8.86531086373131	38.8744598328307	0.8981874950432	13.6421417292668
18.2736497028459	30.3228999003008	2.34327358354039	15.6100163249889
4.55490624119603	29.9810550621882	4.93172537462942	30.2686611786143
12.195898191791	23.9391180105283	-0.844487320425291	20.1113995978693
14.2214321715496	25.4359867744778	-6.51107295023121	12.7720677758651
14.9800858366659	26.6834815978447	5.76809183389105	8.23887179568858
16.6438923812161	25.8916004132854	7.46542446475632	17.3300369173333
18.5984402348908	26.5643461826486	6.97697659881942	12.7283536313146
10.8762013994778	36.9629957533827	6.73239658281363	6.86028680379116
11.9423510356496	38.6190538464499	4.50020043061146	23.1944984276211
18.4827221306708	30.8669450104304	4.12130411160199	24.9485415441108
9.09454252816481	34.5664577202939	4.55750226187541	26.9764173135286
12.9493449107507	34.3959002442384	0.0420376533178839	26.4892068666613
15.701366743608	33.2878767881888	-0.0178921072411398	29.1666473097375
8.89720675279485	34.2039329660895	-1.82521428807108	21.6367667884082
16.5635903043646	33.3430391769293	-4.56954779523498	34.6340615419122
14.4331184598156	35.6159065194128	-1.84820231034731	25.5030956298525
14.7279629102904	33.0845857437478	-1.76101167557305	21.8556459543707
13.5663545472543	41.5609233151671	0.478199162878937	16.6296498379742
11.5817403523483	46.0445339279731	-2.02435138614084	24.2079220024678
10.8557432920948	29.030067433008	0.629075851969615	21.6056097682375
20.5297912967667	25.4867568014421	-0.228815227534428	23.1995242239717
20.2897687450327	26.4117864197618	5.55868525777777	16.1938153916779
14.3923096874191	33.8290560319587	4.83189091785987	20.695921568877
13.3997507349981	26.711082711972	-4.29973159217099	25.0462037185725
15.3068259261356	41.1770300796886	-4.59704055018016	22.3979196907539
15.2777982038069	37.1517979909365	-2.75516768156909	19.5412067560272
3.59441382053174	29.4942134429538	-0.096700779004836	21.2683527640791
11.1557043896695	37.8442337244586	-2.9998039508526	21.8396914474459
10.7752054933283	31.8585746967093	1.26547198665247	35.0972065756389
12.2551188272248	24.033928487164	4.88633522448999	32.9003102666059
9.04183748339909	30.7588088904845	1.12360182208068	28.9474508767299
7.1204600289804	31.6666832866452	-0.378740993430249	25.8946439922139
10.9438429789026	32.8506133614475	1.51995292854554	21.4739751695007
11.6246474145225	34.0570948437017	-0.924006707114952	35.4931577666247
10.1300021351144	30.2911818777306	0.141003253324104	16.473394550936
15.037703190168	37.7005237578509	0.935316294788896	19.2465977992433
12.7168740608558	38.4619029134649	-1.6498922625505	18.550531612163
13.8938928415828	35.8751173074951	-3.27585974048928	12.5003579731933
13.4457407865502	38.5276794284244	4.70933405177563	13.2802113711737
9.85510405505709	26.1801629108039	3.86539032177895	16.1958956608804
11.8165948905859	26.5764743755234	9.53600129903448	25.0149574448912
12.7852403780323	30.3449228350892	-7.0631068891358	27.3894094370397
18.8750135526889	35.6172777242939	0.416708221428429	22.9501871372242
6.47978748903498	28.3283894761446	10.9995006520789	25.9699281309221
8.38325494377376	28.3980525579623	7.6134387620281	23.6780729637902
10.6074686848012	28.697919226923	-6.25652200239491	17.8155373343687
11.9642050776834	28.9743760584118	0.904226059329098	33.6756399301301
14.8763529956989	26.6109482438499	7.52205392761623	17.8814520691011
15.8242708596576	31.9539736055033	1.78489993623444	24.985379349856
13.5875575276299	35.0199946767846	-0.0227798126172081	21.3750586206525
13.4689084860616	23.8088217291245	-1.14206503848543	20.7115797386005
19.4005542133123	37.3500598590807	-1.32095573826793	20.1457985946409
12.9503083745819	40.4815734821638	2.26388779630356	15.5511288577554
15.3994498363705	28.627520464321	5.06718950999531	13.1518191589433
23.2787749148239	29.236980594372	-3.65307893809864	22.4224435516092
5.31503210891228	31.746034258145	-0.365843225466101	19.6675466225492
11.6909687721562	31.9769792720584	6.07656331136312	19.0488188845115
14.7135941407437	30.2857026707425	3.27421792884778	20.9731505576511
9.79824120670353	41.3357245729349	1.56490318346258	23.0278899982007
10.6586894395748	45.0035190017636	5.51459010643061	23.8850064021183
4.78060785800783	34.879816898465	5.443927505511	25.4569813843029
6.31780172022866	27.4080971511349	5.1814838913187	18.1213006401578
16.2589781041571	35.0530325248175	6.6845743283547	23.3297948369804
17.0581838282095	18.258055764146	-2.86848682177306	27.0976421359891
8.83799212084058	28.8445995737685	3.77197315950825	21.3573413838379
20.7169861192671	25.4440445442571	3.16777586505695	18.3267335554331
14.3825120930416	24.7084163840747	1.70346874286415	34.1104090589151
13.8800436099031	21.332251686964	4.7872465403645	9.91656291853166
8.24375518887531	31.0198204278833	2.80702301272067	9.54810431245769
14.6676641179332	39.0321868327259	-3.49968180089381	25.2524603695614
9.02044018755332	34.1767132114432	3.51483709615532	20.0737699146388
5.2111737008029	32.0623738194078	2.05984462274447	25.0945067477418
5.23422464831563	36.1777592023097	6.58975444853195	30.3648096511521
4.94965736541088	37.3167586765476	1.59341699812322	16.0722584547406
4.97354158220004	40.4095612896644	2.09954981595039	22.0007145046188
5.49434745031074	27.1181842647809	3.44421120263397	27.1878404510139
5.37399004491643	35.3439990247579	2.78264504061773	17.0560611076584
11.5803320969707	36.4395746689515	-0.0690050828667026	19.936823308461
14.5720695651778	38.1432744814273	-3.86534246344665	19.409498218228
12.7495359553666	41.9022071842827	-4.49092749229462	17.2524151320242
11.5662015282881	33.9343355047753	5.43720298723488	14.3999574750335
18.0070357497182	29.9936583508974	4.19915117833003	29.021258795578
15.7317011721149	32.5967200529022	1.48691108988099	27.4458220248229
13.9493081686596	39.5970466606115	-3.11268794063213	29.5585477875109
14.6472019777856	40.0999304162191	-1.95890886035914	20.8764638876868
11.7707379449552	41.1858396231049	-2.65108951712708	17.7443868500155
17.1493269999905	27.5315333808625	6.2087302038378	20.2428535381026
18.1845421564436	25.6677083322209	2.75527950056911	23.7970227983701
11.7636095478265	31.4871535939526	-2.98572248682651	18.2193433170127
13.4515062490965	31.3916128781055	0.160334867925467	21.6119326816792
13.7959021101261	32.8051192335737	-3.23732567305235	17.7988378520044
13.57622815571	41.9899107607965	-0.363326452733254	17.5074077014855
10.7229770478206	40.0610000406344	3.23550451494264	13.0248138726085
11.3534633783037	22.1614776317914	-0.846662871134704	33.3004342583786
9.33168903602007	29.1903556463261	1.13406500452162	30.226975831281
9.13304907978343	32.4677129787345	2.6976817232832	27.149947785912
16.8101627371213	33.3303066388656	3.05773581297097	24.1262002052694
2.01389805070386	40.4280787710138	-1.44676413468125	22.4909068685042
7.6347364329074	35.1793184880205	-0.650578275402175	23.4150592069159
25.2616890496632	31.4334762824574	-6.25420743672056	20.829397121199
18.9088907337946	40.9231729718731	1.67955253697346	19.5367521794853
15.5297713296686	36.502309781094	4.82905676314022	24.0463405762968
9.59744324214334	34.8304636090513	5.21186347210498	31.0310261809637
6.20716920949479	35.5017163039172	1.73323839543023	22.1305802465891
11.8938903856151	35.6348318041289	0.24371945014221	22.3941490455158
5.59449712243529	32.3031213752155	2.72148740405836	24.585731553901
11.42466920279	32.8817756877522	-1.48975410570703	22.6100279116631
14.7068045669239	38.0364515629775	-1.74633044924499	20.0194077152387
13.1299338335175	38.470019184039	-4.65183803248159	17.9524854669294
15.8754095622556	40.8396407756815	0.133279888937848	16.0014636773563
11.1997532247857	41.8415420389398	-0.027950645598376	25.997956341833
14.1113030377661	37.6176898534073	0.543474683473869	20.9583031341919
12.273808443596	39.6066472041992	5.00972459598543	24.7677704415356
10.1991338333236	44.2589414422954	0.403727053867975	26.6673622196642
8.11046250492651	34.8453823280229	11.964335842975	17.8172730482183
6.2131690450095	36.6034821759618	0.197762353308106	24.5944006423142
12.9011593976152	29.6972262798077	-3.54787074266041	24.442295403887
13.9772710328084	41.2165866102291	1.20790881985385	23.4226597520233
11.3739296601671	32.5175285809881	7.46849630210135	22.8334598825954
15.6738335014076	29.5510589126706	-0.0765357390867099	16.156689729527
10.975075844092	42.2407409250944	4.48567475044341	16.6316684218909
7.931564267195	31.2923299875318	1.70451951530934	19.3307802879279
3.00686089492843	37.094940275906	4.81015759241334	32.7957903199948
7.50625669447075	39.3752913138642	4.41715325722681	31.5145386758444
6.48860734636508	37.5703535921564	3.34632851604363	14.6828303000142
2.36423554077693	34.6306027070311	-1.75757354725292	12.8290447106769
18.5594828434427	34.819098384556	0.212836447159226	18.5104141518799
2.44227608386402	37.5441367785879	11.1342061753258	21.6331694589926
2.9166920495203	39.6336137911167	-4.55554174447965	24.0540468954556
10.9588861725185	42.5582314880556	-1.27442557783637	20.9315466304384
8.66987948835566	41.6156377077094	4.49090182645049	17.0485382631155
6.60917954910491	38.611899399384	8.53203435543687	13.7705049945927
7.48224829493753	36.7914858243419	8.09772432897002	23.6083416154562
8.93841503289544	34.8691207675254	3.61127242328361	23.0685064036353
8.26913043966591	35.9850913760835	4.59311719371757	27.6070814000396
8.0566777742289	38.1318601901571	5.77112765137857	19.9665269766327
6.76612546999335	38.2516947626996	4.28321298065415	17.5654610700964
11.0738368227709	36.1990616755488	5.27710730179897	22.3806421703717
13.2306441909264	39.6139023097237	4.31537821283368	24.8208608746344
11.3586094644079	37.1464742598174	4.72862075170516	28.4846793269704
9.64125249533895	34.924044366353	11.1430544039279	22.9895025251893
13.5905142871277	34.1637638233115	1.35994239315192	27.1115231288659
17.4252557974128	36.6912171237237	3.38447702357017	27.2346040632382
6.75940195907983	34.1204684971692	9.14702431072884	29.5902579513185
6.10466952580003	29.5937884936369	0.429443892283927	28.9116567264713
9.82677433355943	36.7909619018324	-0.877961157881956	12.4551854291011
10.8151924884436	35.7140143594961	-0.36441650228941	23.0818789603902
9.27798225458246	39.9230925750514	-3.44683348206099	25.2860500422995
13.0858958713478	35.4258131992599	-1.42999190344086	16.9198222728577
16.1254068478709	36.8985188091959	-0.105316051939337	16.1423533896195
12.0843233047482	39.0862805538903	-2.19639573218843	18.0899344661483
10.9767787493418	32.544312025709	2.53450130864101	24.849353181899
6.27703442288989	36.5682701094751	1.57406558102982	13.5637795664652
10.2538556476832	36.6905625644607	7.01046037075164	15.655357848881
14.2123281524293	31.4071742226837	7.88055860723423	26.2624978139931
9.62742647805758	38.6652512241382	3.12312948942915	18.1615792918884
8.39606581905432	40.2435243128095	3.28452490109635	30.1815717704357
11.5231630524332	39.4351769457638	-1.52928739414867	16.2178582220079
16.8721731127772	31.9707932681844	6.10382487060446	15.3178709006714
3.18969604997711	45.85512610479	7.29260740913403	20.0446360529501
