18.9665264392488	38.4727802933739	4.61866777368958	21.5497622597276
18.5369232858495	38.4599287695831	-5.75328034099244	18.319323196689
11.8317894506454	42.3946687058689	-4.32053978771024	20.2914020825721
11.7683759363554	42.8173827644661	-1.83124902263008	19.4680699134789
11.2617831104491	31.545121420905	6.59078488987215	18.6645733726566
9.37130950840801	36.8863512920415	1.67344576961381	19.1039992334308
5.9408563392949	46.4885830185077	1.8870492670443	15.598240035642
4.36080814281149	45.6384051072637	8.89592058209145	14.2532372894957
1.17604557141598	44.6928580201409	8.68862976289639	19.3957974281944
0.0734024934965911	42.2778765993948	7.73378729786279	17.4970172215104
0.722972199060483	38.5117482647123	6.75748781917422	20.0293119121193
8.45787630094632	33.5868580822656	2.9907928375694	28.1878034055015
7.88509547998171	37.3045438012863	-1.78774626774909	26.6856372578655
5.32840513973834	36.3462090367627	-1.60253874011845	29.713236621317
9.59714233809794	28.5125219883573	4.38443951555952	24.7232877851618
10.5370474325692	35.5503437427049	3.00079528448037	23.7679915314745
5.62549146191685	35.1223270810218	-0.488905625223598	33.7393708502147
1.39779221687936	46.249159767042	-6.50890292114439	22.3919017695073
0.837156151295265	48.1301126994482	-7.02559827200951	24.8278560175743
4.63170950766178	42.7172753091259	-7.00666210919501	25.9041531603643
4.62755950956982	40.4136733096525	-6.78432876344978	25.2089520344371
11.1797375986111	38.0259248582147	-9.33038441299422	23.9999070284748
16.8007142478358	37.0227646609269	-7.20065771459813	18.6766481974821
13.7304573564364	40.8319121380769	-6.21035401132638	19.4063788786704
12.6386167306958	39.189626737435	-6.53357817646637	23.5804918945703
7.74455192170327	40.0562355294196	-3.58136721353116	19.9656238198413
16.447667881355	35.0843630268695	-1.75623022650438	28.4775986733048
13.8060331086803	34.551447998126	1.3015071185862	24.8620744636398
10.0559232268073	33.9636419460634	-0.443168344259768	24.6459282584213
8.20007983360642	34.8021661726283	-1.30931173339909	28.7010277856297
6.21653289532491	40.2050423821888	-2.84888083003884	26.9250074729479
9.67918292757481	41.4215333656862	-0.695383563383911	25.605499341635
7.63761191572255	39.0144125991023	1.07097438294894	17.4464714387599
12.1414255106269	36.9095750979396	1.65511139678604	17.2832618643593
12.0938409505597	38.3522071419642	1.38607864976696	17.5740877621871
13.2522510773687	35.3910508544967	2.43744591493926	22.3886087643046
7.53850699608109	35.0629195080404	4.09849376116083	24.100897352611
4.46294922916569	39.1500232995753	3.24259985619431	24.5808063619111
6.03408296493778	40.1674536271317	-0.926473906704375	23.5926901864849
5.50051842195737	32.7787842130827	5.73087817758959	19.3544390717551
10.0893788325054	27.2395946726771	6.7230923846614	20.9353486132967
13.2750365377629	21.8772482400524	6.95264462411063	28.1480499348733
17.5508661596091	21.8099707615326	6.50661599470449	22.545402581697
21.1067180619561	20.5008562847534	6.00804888941853	23.0064092476914
15.6674640221778	31.097695900703	3.5939394893032	18.0552600084866
15.0370355656901	31.040528824246	5.72994369080571	22.256200666825
10.5667631918164	35.1396040061214	7.14704674453314	25.628234602859
11.7611294573703	35.0770606311695	-2.20593786315222	27.7346214310953
8.17961237112355	33.8481571992121	-1.35473294631739	32.4767917407796
6.78699792044484	31.4999312424441	0.463164854038761	32.3217308207743
13.2866848930811	28.7430498931488	-0.913507248072417	31.4051629755042
12.9755285175665	29.9927020069143	-1.4044134773151	26.0622842575751
18.8732254484816	27.783513567031	1.01127710201535	21.1845651065628
18.6677168232472	33.5256873656105	-1.0966211044347	21.3991291856264
15.8817920966158	32.9893908097378	-0.133051980607581	26.7716422758399
13.0078157356093	37.9846470599963	-1.72584182475172	27.4363564999568
12.4572547911497	40.7581665676056	2.55033262509244	19.2454876289744
13.8812494972927	32.5250168733268	4.89625788412775	23.7107210191939
8.36705068784036	38.8550484140373	3.54617148925741	23.8753272341605
9.48132080469674	37.8323485372858	1.02908053850417	23.3790132272884
13.5456594170669	35.4310917059229	1.94962509282018	23.9832067289285
7.69568300784028	35.793435684991	7.28273117910348	18.0227443208156
9.59244808392993	35.7029634292549	7.3294104029911	22.556695684593
4.20166537939641	39.1226270652688	2.70021516648766	26.7685586382959
7.62617342519584	40.9492222310771	-3.66784676857579	26.884812672642
7.68358932222249	39.2538918529433	2.55057774070364	20.0976590699
10.5825872894406	33.5007433970723	-0.568508257630664	27.8740382989352
9.86979666201279	33.6965097320879	1.37052069221901	18.1296703199339
16.8132770509655	32.4549659126482	-0.33841164047552	17.1144635396493
18.9836562314266	33.4112476545087	0.773336165950617	19.4163278167551
17.6037151302406	30.9858086120705	0.292688067013906	26.6271060196166
11.9864764722933	33.0055970800016	2.05959671543776	22.7695870286268
15.3318830836171	31.53739700369	1.61600017239429	23.4523328746152
13.2941273833232	32.2187853306105	2.09707905602575	23.9235107420024
11.1311581613402	34.6732279083495	-1.85260633438773	28.9143592846591
10.7170039693326	33.2175919189822	-3.30856002833642	32.7474685650463
14.6080565819775	27.790412054178	0.691098107826491	19.2862835360404
20.4860729299744	26.935825037441	0.723958615855479	20.8975543799407
15.5313185783361	36.2240787909983	-5.81926723132954	27.7296714736677
15.379456180096	38.0762285631135	-7.49543476160478	26.6196681691423
16.5286802974943	35.2290720175006	-5.23539750415547	22.7748623364346
13.4816532078612	35.6017655631513	-2.97271276170103	22.7480957471978
15.1194903682399	36.1960453279526	-3.35308405450365	22.4580768124413
11.2766876823143	36.114414862378	0.167710533764539	18.6321164459203
11.4242063782743	29.4733923226804	0.649210106980381	26.3260399040043
12.3737902276942	27.929488780668	5.93772875847588	26.5938251560762
12.9798234991707	29.9225308833673	0.994608826044146	22.5733178569015
12.3501906548104	30.1309166140807	-0.452665174339767	27.5286743126559
11.0233625913447	34.8806254486506	-0.831268394612372	22.808051622727
12.8913627010247	35.5110931505376	4.12402730224222	16.6359086097343
13.9753382454147	31.5643072446735	2.70906805200035	19.7900710179047
12.2759276008961	29.6933172286415	6.37140230515015	19.8269654222341
9.14545644165776	35.0740950640217	6.86337038415458	20.96093056538
8.87542891001587	32.969712677125	6.06908799937669	23.6198216774629
7.99478522824945	34.7990963484087	4.63919958330784	20.3069280460509
9.48400192649833	33.0312931882898	6.59708427962008	18.1992630031923
9.92575338694076	37.4484087100996	3.43318690516334	18.5983572946893
11.211761900939	35.4246862138801	4.80260084767619	21.8384986859778
10.4118685617926	33.731140486877	2.29446973337585	32.9611777933346
14.9743216337332	33.0669640944821	-6.84021265342737	32.2773715976295
13.6926426725056	34.5202834377547	-6.70875239748413	29.2690983001743
12.7940723570447	35.5989711222192	-1.89793814607458	21.0929410701287
17.076140066036	33.5447105471832	-2.9070757998203	20.6601481960756
19.3561100522818	32.6174861118021	-1.44876499129953	21.7265169980605
12.0971773197705	35.7770272548691	-3.14171496714028	28.9181792057359
13.9298563342106	30.9440587461582	-2.5257690184452	27.0720185314734
15.4415445976772	25.899753117689	-1.92555310937394	28.8631563270284
21.0843361804651	25.9254120801347	-0.727002326487678	23.3603212228844
17.7886444849352	30.6835321563774	-0.462097222074049	21.1096610502907
16.0839257512631	29.0696259960384	0.901965665076744	23.1834018208654
15.6050975161994	28.586303115305	2.64495240716254	23.1919300138586
17.2538299166486	32.197364357714	4.01996963102863	12.755457354261
17.6875801278671	28.5040842960071	-0.459852512883687	12.9585110028446
23.2799562743702	29.5676665459242	-2.13803468361005	13.1255246377721
23.6996370818801	32.8928834028246	-6.04369317111606	15.8473104350808
24.4210357996039	33.309145675077	-4.19741996261338	13.4456058517638
15.6642700181678	41.5538137876791	-3.13837749666051	14.3449830538236
9.81502938637136	37.850556092373	0.779693148244755	18.8471463784548
12.2800191380943	36.1561333230128	1.60304134772776	15.5879846374578
13.9294343434951	33.7138699687903	2.40203416512271	11.6533709229491
15.759414126512	30.1306815463004	7.68743228471761	10.4123422054419
17.326886648659	29.7046283094985	4.60277916926279	12.8043407264942
18.2108674285676	31.4267674808232	1.6034885340934	15.0972791195692
17.8172160016866	34.5292044700559	-0.829711684635663	17.874741099573
15.5721402726344	38.0751897734094	-2.78689701823034	23.8090168088758
16.0026751143585	34.8591388197968	-0.619297486408437	23.8224882358016
15.2924988755684	35.0737642426922	1.10891575494973	22.9526856779383
10.4217916924234	36.0762164710476	2.15696205850836	20.3835960421136
10.9233037720437	33.9513600733273	4.28888235939812	23.4440999305232
13.7899258527492	31.1752835283477	7.47740886336413	20.923021885573
10.4696735255008	27.7863157453124	9.35423788685055	15.2115412317282
12.3099520675239	27.2263678262118	6.03521683556662	24.3004886088958
14.3477860012424	28.6172001281374	4.13851518960124	28.4478178460447
8.74793985750119	33.2700954222672	0.739365076491737	30.5421904244757
6.72864715948832	34.5620560910173	0.0790257186237704	32.2763415721849
7.39105820788684	35.4061742111602	2.50997057721662	32.5092723725968
13.4613541702865	35.7616070360136	3.1342826464739	30.2784595494482
14.5148514800894	33.5368560986575	-5.57671658624296	25.6608358021217
16.3428817575731	33.7930935215468	-2.94108377702344	25.0733639807764
16.7839641246595	31.166675565439	-4.37924286981854	24.7070063517265
17.6016205789292	30.834465533847	-3.31939825720895	28.1731787726119
15.2204266663411	29.6859315497596	-2.24735884859967	21.8511534675653
15.4750904657648	33.8851051585544	-0.0908108728323072	19.1063305724911
11.8152791664706	32.795459969787	0.35847306741961	29.2303952866733
11.3565815084384	32.8916952613537	-0.641651171943167	25.8398632787667
14.8615628384054	31.6312682157178	0.226539429334629	22.6282080880865
15.7891768760482	30.7123564262244	1.25211549627252	22.36456847846
11.150421573172	35.6265564550947	-1.93502713375248	23.022010418153
10.7763199518556	35.8273635733829	-2.91574452918478	30.7433528602445
4.30125331122321	36.6080242394426	-2.85309068866553	27.7060914664822
2.56090254658652	40.9239190183918	-2.70269951924151	26.3593368779543
3.61080446869171	39.2214567756103	-4.26837512071788	34.6081759187068
6.76402834972064	38.3118674863884	-4.56488806965019	21.9767997138884
16.9905250921659	38.9029424341218	-9.80066833221218	24.6983235589911
12.9235157046654	44.1410875117229	-7.90206453636933	20.0593865347371
12.9784231054137	43.1254508259529	-7.29989111742686	16.5162823177512
18.8252001910942	42.0153510181056	-7.24534978012304	16.3443556815024
17.3443498651969	34.738965908234	-4.65997968421067	23.1105492511402
14.3829447825911	37.9416693082893	-1.39101959152828	16.3522787182663
14.3507210354793	37.8293069329311	-1.28924725587745	19.1562871537344
12.1109070224653	41.5557090698939	-2.35590174241103	16.5145152267242
11.5724925152923	41.0286931407836	-3.16912429297701	18.4617862915793
14.3258126355993	42.2267295682541	-2.67662375585641	13.2037914706342
13.6334297942283	43.5049205467111	-1.73208512923658	18.6458199519701
16.3462349105882	40.1540066356804	5.49024690842854	15.9326323948822
13.1832441728194	36.9119062352899	1.68257779688235	17.0209212537329
12.0100952702206	44.1839421106476	2.75490105451728	14.1364041023362
9.4366338880758	41.066484037691	6.93353785857504	17.5890824903209
6.13217887259699	37.3985970750425	11.2820919482405	21.393335911579
3.14992192772719	37.8098007998403	8.11353555837592	28.2860211338513
8.91019886641583	39.9397011998226	6.16405054920263	15.5787744777874
14.8643016274644	28.3558077144553	12.7233959841398	22.9872343329531
2.92399990787938	34.0683754755301	13.9413088746716	18.9945178146763
4.98275497743846	30.2731334476849	8.95354986499733	22.6721560305779
7.63669584467195	33.0690302199801	4.83692331713508	17.4962492261843
13.4588867456612	33.072218630754	4.66984573294292	17.4979883593337
13.1087750157787	37.3262973467936	4.12478532286593	15.3188415255371
10.9720690300203	37.0232106711945	3.43865064168159	23.1920371125553
9.93894567828652	34.0045107099458	3.30176310392386	25.4360734428232
13.3194185031753	31.8176230220626	-1.93080686502811	34.6176067636301
14.7869204506272	31.5214989620411	0.649619098616905	21.8757036177164
10.6987472168098	29.28791747594	2.77182490877263	21.700033781836
17.5177803174893	28.8100889631061	1.59409617619044	22.4306690960845
19.5770920576256	34.3850363700437	3.10822891128005	15.1883891166841
18.090435269131	32.3090441946441	3.76006837771714	21.7217611322878
15.5968866016517	35.9864629379769	0.228055387972599	19.0362452625809
16.8205544884004	37.8072448767085	-5.55153869022175	20.8127108771068
13.8949857033512	42.2547422063928	-3.77474140771225	18.9487141785857
6.10969158454822	44.9495962663518	-0.940967046475637	18.3932391985967
9.30081107314357	37.6794752716983	4.91437838384263	18.8376896080416
7.89850338757351	35.4494900502478	4.23587434219057	18.4346710817744
13.852439967376	31.994193327912	6.38869347645096	25.729820433799
4.60937784206758	36.0117721227023	4.62013226878787	25.4686116928046
4.11216058688875	36.1228314968783	3.07602447868282	20.7566954091003
13.0509562339662	29.5182282635967	3.89656111362678	21.1524737143306
12.462790637183	30.0453878234818	3.44695789449295	19.2805639031691
11.3962151467791	30.1722909214076	7.70068045580011	13.8479216270876
11.4655229595497	29.142971237052	5.62905327386095	15.9880968034064
10.0084071729339	31.7166419544514	6.15719301409559	24.3298798789998
10.9911817708303	33.8777691238676	0.267037346620409	27.9366725702563
11.2783135048171	31.0626179767889	7.97464375439926	18.9375597065068
9.40342170373087	36.0944777537254	5.7713846291367	18.742908032331
6.14567262727346	36.2889410210938	6.89848693537074	18.6877059519285
6.08816606312265	33.6535102203653	6.93575326651672	25.6826285073547
4.24690902901563	29.0498474330453	8.60049754059535	22.1431422034291
13.1048301648164	27.0692489339782	9.91624113582828	23.4886829565292
11.650768194236	27.5160294396031	10.3694368287996	18.4987514709135
12.7722419464394	31.8262557310212	2.23029255579048	25.3141639624735
13.3405791342679	31.966612236314	0.43895928366863	20.987084935048
13.8576788600761	41.0284655264602	-0.190859524222204	19.4977679046509
14.6940947968245	41.9346920240694	-4.65361187385296	19.9451671064538
17.0067192559795	40.3970284134173	-5.93985284354481	23.2362106222366
15.440247827908	38.7178953316388	-6.3514712443494	23.1170332410525
12.2981667921413	40.2773593318043	-4.81218774005857	24.172147980627
7.99752531643028	36.9548618585964	0.497923082261418	18.1646219754059
10.6229170359743	38.4900898445272	1.10939915765536	18.5789636420581
9.77951217387592	37.043940486692	3.85963870604907	17.5652125996874
10.2542100615309	37.5958063371104	3.78518634559732	20.9151168942788
11.1213759123602	39.6414499265833	0.914607656562289	22.1869154956528
8.0004251911559	36.6508647382019	5.96921092464441	15.9893940825481
9.70308977249002	32.6337529208271	4.46719338643927	29.9970422818791
6.33661833063648	34.4584031344354	3.27953143062602	30.0590834620875
8.99326097479253	28.6773031684466	4.01278459820164	26.9611270902909
8.45094027962704	29.0193614307687	5.16111340494094	24.2142339843288
10.1987926553016	30.357289984168	3.88067460273592	21.0796046452561
11.9148929191766	30.7431316951266	3.77260976232629	19.5148706189321
12.8599318124366	30.8448150002374	5.70712432498637	21.1559106335348
12.749278582234	31.2685940278283	5.15743080789563	17.4914047094366
11.0587728205808	26.6278006041158	12.1742981698584	19.7520520091361
11.1056650402696	25.325264399981	11.7016063098085	19.1458276444911
10.2781124944539	22.9176396720467	8.63979128452358	19.836557455813
12.6482355876679	24.9146407388413	6.58426665265453	20.6247887737541
13.3102681919044	28.5672526771415	1.65790377680552	19.7591637012933
13.3568753619898	30.8251461444088	1.74252910223448	16.9936687181157
14.2698819694329	40.2521954534241	-3.0843681966827	20.9761499827078
9.62889953744451	42.134810146195	0.444113050166916	10.7674819048775
6.80867158153772	44.6645295352649	1.39153419120861	13.9503736914417
8.48457112431845	41.3879459894236	4.81198986782764	16.5071114086827
6.49900470591387	41.9373478730991	1.95270941817349	22.9253595303094
3.1496585710866	41.3438171219673	3.98161840509484	19.8475110609832
