17.3781053399771	38.3171772609391	7.32380109306482	18.723489692868
17.123399653523	33.7243549381653	5.51705993418322	18.7417258866515
12.1958346489909	33.6370284571583	4.83283243401884	24.1642832310215
9.29193367553218	32.5632333718886	10.4655866906785	23.7992574169663
4.67952502529344	32.9105087122164	7.91276650967011	21.7401226313521
16.0805089124431	28.2942390497058	3.4733106265583	21.0729416163374
13.5011676144739	32.2155289414072	-1.75417521726511	21.2046135921699
17.9603020553641	24.9727489931242	10.653558555544	17.8164966038164
12.7916197010901	27.813577113367	3.93517232869989	25.1272127061818
13.881888179819	27.2144876994857	2.14999462847835	19.5634632711483
12.6873656336804	34.726877730965	2.68207266598246	20.9517075228689
15.825354143712	32.9902721305111	1.33602999249683	22.4031319528926
17.4514956201569	31.1557339426794	4.54480687182899	17.5319292407697
16.6058652245917	34.6494583866997	6.99604223043229	20.6648320411317
10.8650804622545	32.260686472731	5.83806311505417	22.7864429200984
12.6864325280313	27.0060866970197	10.3390086997143	15.1675425735287
13.2395971056086	37.6709743105073	6.11810727216665	20.4506423643086
4.68014813069535	39.0004209698055	6.34540866580011	17.8391417515447
3.84970224503708	38.5740608991001	6.69530671416862	23.2915735783969
7.04014585891342	35.1358831932194	5.26674582979778	21.5889832474274
8.82758093187539	35.8036759221253	4.23891006785121	25.7516385967826
11.8163330966919	30.2067295530998	6.68860694908213	26.0158899933744
10.8628428019501	35.1197275131321	3.86877245209383	25.2904269257273
12.0336126088684	33.0522196631258	-0.603350700378158	23.4109278059914
13.0044656320483	33.8038616635216	-1.1827497897071	23.5724643864087
13.2021644608905	36.1571644767264	-1.13506640898954	20.7668570752724
7.10054130327718	42.1383807956317	-1.73759186300408	15.7418209009341
16.3701526637824	45.5013009905993	-6.44347759549668	22.8006924669738
8.16010852230438	43.3185183210476	7.85883826316173	23.4219760068795
5.15212338379981	37.8919092961765	1.11326019822445	27.1838399179382
9.17099070080121	35.5069447981685	0.433361060082421	20.5022134369342
9.98005360408252	35.8216879863783	-3.84838176881571	31.3216563028386
10.4106369061176	39.2116759183861	-1.34287099457549	30.7355771812713
9.04323377700186	30.9081972112932	7.82657520742797	29.9733870430098
7.24281289637583	30.2267691475889	0.894686320234916	29.5716771039163
7.40689637216472	34.6784540667749	2.93093303124224	31.9473505575295
9.31023632263217	36.0072378958997	-1.34572807448723	28.1235431366569
12.9872437624591	32.7620440403957	6.30819776579	25.0767679022594
10.7002702043106	30.4050646218497	7.86058679706611	27.5829122144698
13.6380140217553	28.6309829912545	7.87111600997399	20.7780213676362
13.9327972862291	31.6373738759877	7.83257473813168	13.4338660010263
8.42136922127461	39.5145101446406	0.325191018657026	29.1691345924559
0.573021890806842	39.6916732258843	9.47193150964251	28.7701767806168
3.59372670429342	24.9818815243222	9.45700330242077	30.0469283277373
7.25816160573207	24.2038739495283	8.52138678260127	32.2607863043703
10.8297994815982	30.5580316695216	-5.60364068293762	31.9124929691048
11.440418914562	31.2866121070277	9.73695781722871	29.1981121788751
8.35977286464511	35.0687941588279	0.683978771815269	33.5430932564679
7.75887214702349	32.7929491482727	4.11801475475189	31.9352839309123
6.88766588792373	36.2745641084362	-0.603530957339139	27.420012024637
15.4132539602945	28.4366417798188	7.07042113752292	26.0445532695722
16.0490340389817	24.8083484442497	7.63312499844924	21.8132289954839
18.7931079554734	20.7378140934903	1.64641064129887	19.4090018597809
23.08793728695	37.4762325775965	-0.67951614780791	19.7432377150027
2.47343304595485	38.0289717922142	4.4816550468237	30.1057587873867
8.50968907206477	27.7576232269199	4.13098754709975	25.6475699391237
14.1134510270731	30.081849264519	1.87015204065868	23.6514384556582
15.1609479414711	32.2477608067437	-4.11415820867366	25.1578675374409
15.8274378220031	27.1648430764197	-3.71820673384537	24.0112982062643
18.4277483640989	30.3673722669428	-8.82522254987454	24.7952076624235
18.7476369544951	33.6532094073047	-4.70029403595667	11.9324457453651
18.8220799264585	36.6726286406194	-3.39882313488164	14.1385487785572
18.8901636369614	34.702646426317	-0.427932817269659	13.1489307569451
20.4777372970333	33.8488958545462	-0.765768192973175	25.8180030044948
16.9666147193647	31.0060930781421	0.80800008212344	21.9675577043589
10.0498878661319	36.4435799017903	0.692645527213698	29.8890521990169
9.55906078967906	36.2042825515983	0.392865385095792	19.6109086142886
13.0732247634203	37.3534858888616	3.60834546721394	27.2889833893768
8.90807016203529	41.3405475849478	5.0226230670871	7.69194795818521
10.4624775067007	40.0882394765696	3.49243684004924	19.0857322331969
9.26656588420805	44.5094303071253	0.329119487600823	31.4901958506631
4.97719263140301	37.840775979262	2.58063848920408	23.696195484063
9.79986517619028	29.8927211798053	10.1703889183761	25.0898095934209
11.6420601448053	30.292738484107	7.43054071927401	23.1450721497205
8.68516071676288	30.1171827189439	9.83584786087232	21.5107419380475
12.3622926564321	35.7164489471327	7.07715679610031	18.6529686230383
13.859765306986	29.9660952382695	2.27436665794545	26.0637329191118
14.0768763501564	34.0381738231514	-1.1587199696832	20.8118594150831
13.6655993945235	34.2049818051871	1.20898532797316	27.4842245583952
9.91361224070667	32.860132904416	4.78343520409642	17.3975950247054
15.6228420535396	34.0529978011456	8.07309897321064	17.1496481565205
5.08770969231043	36.4234569512127	9.5459193074918	25.0942243403201
5.91795706878173	36.8137734133569	10.2814145097351	14.6497248095246
7.13690889988783	33.0930406048145	10.0613666650245	15.5396544330491
8.54978751846346	34.0101876908164	10.3010875258824	18.1296418521556
5.39368971525746	32.5228532073528	8.17124063191996	34.7012952109331
7.99294474889839	32.5112411395969	-2.61116033711659	24.9942460259886
11.7573012441796	35.536404870669	-4.76233496490145	22.4007598809229
14.6766591637794	36.0786677542587	-5.03132103736415	23.1579196858482
13.6878725494204	39.5971145010066	1.03259756701946	14.1622792150596
12.8674137986891	37.1055558085886	1.45839056408992	23.7587599038995
11.0780747043521	35.0582002005053	-0.266884314464129	22.590118793483
12.2546082846442	31.820404284585	1.74655768953563	23.7237290270682
13.2285060355992	31.8447321531807	-1.19038174694104	24.1494205129388
16.0113258724653	31.6044087702853	0.518355174741323	26.8417663081604
11.0359362825049	35.4035207334471	1.84695198165842	22.8847568110618
10.926738225087	37.8240346427572	1.71221738180735	21.2383515109363
8.05794195151447	40.0932797360968	1.03005543857806	22.4722675654161
9.03171691224469	32.0618071376244	5.73510095310399	15.0070471133947
13.4793796027759	32.2247998345361	6.82430106514135	18.1408234619446
14.0353134494024	31.2070091407692	5.22835317366758	17.5548277494614
13.7929620623606	27.3024042221316	11.627689591023	23.639848014847
10.5821267731505	25.9669405852328	10.4958776157674	17.0647120947341
10.9277471114898	27.6991112026752	5.53188471524521	36.6054721135969
9.39986038992855	31.7457273422752	-0.245399339673241	35.1131902012365
13.1906110834025	33.6618106213969	-1.88185166794373	34.6296897094088
10.7813925216508	36.3042053948182	-4.48327190624201	19.8951390927049
14.7887078111825	36.0489435838561	-2.08399485712522	20.2785594172738
14.5567625906552	40.0600815267968	-2.35624729599023	25.3183742465464
10.4519839179461	38.1253328139797	-1.45137094427196	18.9154922326108
19.0996232176889	35.162632264001	-5.43971130159048	24.9700838221905
12.6077574729153	33.2715286025572	-0.458263244948517	19.439433196223
11.5975327794268	31.7246210449862	3.23483969149343	23.2603052492613
9.29138098601417	34.3105464303421	4.43269135727711	23.2616755676426
12.5862925964424	33.113890314989	2.88326191081829	21.9640359701554
13.2184386808083	35.80795037711	2.22999252730871	16.6938512702437
13.1753770164804	34.0123590930241	4.17061442082134	23.5273306816781
14.0709778799913	27.3119620723406	1.96644328848634	26.4201530674437
13.5609810221157	35.2192003681228	-6.7854920863426	31.7972131473916
14.8529352018758	35.8368431467536	-6.06190022562867	20.4635948180193
11.3478370621293	42.8503781340989	-1.66733420698171	20.8648914804375
4.93233358980035	48.1253264046247	-0.59982271643554	20.1222455523967
7.57766402681892	42.8345753216049	-2.35697012638872	24.1329176451289
7.61722568312263	41.6340941402369	4.47009390725271	25.340566510317
10.5628077935822	33.0835442810867	0.884870955396401	23.9395839636969
11.6745715993898	33.371250145844	4.85716110435497	15.3135438980804
13.1656436463492	35.9056776687734	5.81857628281762	20.8619203256855
14.8975489346073	28.4486447879712	3.59690710529288	25.6142932247782
12.4208057801876	39.0641866670589	-3.75114136642299	26.6426654510612
8.95496389034053	37.2364774800817	-1.11321277501695	23.8623818151133
13.0757064586802	41.5934216886852	3.22279388654682	22.754271817117
7.21675922465303	39.657478882017	0.699414537397059	22.2875779216791
13.467803942736	34.960931856457	0.589113428801444	19.7046062514799
11.5425234061597	35.4213445573084	4.91025460193321	23.4444584050733
10.9264691093516	36.1964640985213	8.40673399516236	26.148196559918
2.97811084299332	42.130427703724	7.23725376151462	23.9716407414197
9.83036067786231	31.4344460450044	2.97876606922739	25.6836233930333
13.2967713828966	32.2690093287198	2.98489714192504	17.7656799261928
12.3666264768311	35.1182382137445	2.00330469767995	19.8530329773672
14.3246016651013	33.3259371230318	-0.470863608536649	19.9950432647489
15.1137633574747	31.50677232353	-0.918472836280588	21.2625270466889
14.6845202327799	34.7339995932019	-5.0910039804332	19.7114307555052
14.6715322060604	34.2331902476632	1.13917758504856	14.6515344658295
10.8209973520693	42.7272834678785	2.45405929910946	15.0853268778137
7.39000618902578	36.2714386804865	6.80531607524487	16.0898741668648
8.58063403192378	34.2890327422146	5.49626685599493	19.5094892250932
5.36492354714231	35.5839633571043	5.11079918746533	21.3805163403599
15.6624616220911	29.0669709862539	1.81131456538716	18.5127781525812
16.7721950257899	39.1844723370371	1.31426327950144	9.27893408142261
16.3016989240193	38.0923504542073	0.0661170223496276	23.8632936941573
7.13898580970789	39.4750442992713	4.4103356689595	23.7615364317942
7.95099889896633	35.3362140757834	0.826804037802702	25.7653173557893
9.11817512977691	40.1675104167749	1.71282701476583	13.9583600845995
12.7371048970589	35.4311336513712	5.72118960836077	14.8167285437571
9.53828973816952	33.7588846550426	3.32739326221043	15.4829404045925
9.20481355971602	32.9241796743847	5.12629301937546	21.6459146309922
15.6656636010774	31.2692816638741	1.94293401429265	24.8538781840025
13.9890767673247	28.4081393004748	-0.0687630987556362	21.5914119242361
17.4621734365106	35.1559195890257	-3.65113401094616	19.0410198012969
17.1838678096685	34.695941145921	-2.21658847302363	28.3938344705855
17.5403280168415	30.3730461270714	-3.45585475450546	27.2465858383002
12.1985686275751	34.8687909016391	2.61854841831907	20.1472258211056
12.0465810907648	36.0010954341149	1.84254649082647	13.1661933042565
14.2992327194556	36.0197679022557	6.64930814964431	20.7888615398192
12.7834932733036	35.1394069055823	0.469037840084305	20.2435357749364
13.1024380546857	30.8220640477581	11.4949736007835	16.7920266288595
21.0865123579395	34.8032607606166	10.784622166455	17.368098250189
12.3506393422329	32.4622221201068	3.74364974472832	22.2453638697687
12.8079155606411	33.2080956874696	1.57005651403368	23.8852071813044
11.1064982089044	32.7067619469298	5.22535774123272	28.8431843845997
11.5096675325946	25.7490218590244	9.95237575343227	21.6157017716389
4.99808289371869	42.9354525722814	-1.23342984028178	21.3456257943247
3.0164607372528	43.2934361184828	1.15208545401007	24.5137731868956
10.4734665852175	39.2695838446609	2.36150777364951	28.332125579104
11.2605478239019	25.6797305617864	4.83749490443994	32.2828054959925
17.1926751440289	20.4908802927165	11.4477434612662	30.2097009421004
12.2916141080027	21.5640668034839	5.95870334961866	32.8110392061671
18.1508911724491	20.6927126285272	4.12921394975254	22.8783333505372
18.6309258556087	21.1489685264068	0.606963277731313	21.3501306757199
21.5458316559182	36.3893846835376	1.22262137418445	17.0293006904532
14.2005550838358	30.9160636632439	0.501668674668727	23.7801229882163
10.1830536546468	36.6037584229961	2.3676889764913	15.7773744105919
12.2048068782796	35.591408885753	7.46934455322621	17.5976804003057
9.69110225440916	36.1618986733389	5.45910998449249	26.824135095719
14.0426117932113	28.9745016184759	6.79154984512853	29.993939575281
12.0661828229824	31.6592604973009	0.874495748053561	33.1784467609116
12.3683959654266	32.650118022806	-3.14304737088437	29.0756414086075
8.23437368645521	35.5013422212009	-0.0619515946721156	31.7968067503983
12.3807268207798	33.0608944248733	4.66581538221819	30.6404517507741
13.9604323699554	29.9759558740424	-3.52718243989241	24.9356048384615
16.2921029485245	31.3737637772379	-1.72842438589312	18.050543783971
20.9951359907537	30.6024867985912	1.80561610939451	15.1009231906406
11.9761705248057	38.5845911820002	-0.932424385531643	25.9288057764246
11.9906689052842	34.250762767337	1.42009949780993	26.5433801869633
18.2998835144105	33.6360675035309	-0.513374893888908	26.1373209204235
13.6764922604557	35.29114523989	-0.135905118901482	17.0771840037897
13.0558217384939	37.2903778201537	-0.316010522840204	25.6687769279935
4.83436513330317	41.7046375086652	1.77766886075289	21.4014357733659
7.66463135472959	42.4104722801717	6.4544018915312	28.1488697228785
2.68829794141155	30.4920670157367	9.98045408763044	25.6119352923218
15.7053487172791	29.6612595790135	-3.02813517947651	20.766443248363
15.0305859867924	28.9511131560922	2.04385797925598	17.3521867105642
10.9976395738752	35.4321307987466	6.203424177605	21.3326214488125
8.05141577367791	43.8504916017645	-1.79158078917448	21.3399285056158
5.71213595176605	42.9366441744177	-1.94921342135552	16.9634041796899
10.4238780059714	42.6426973505608	-1.46501407445033	15.8435281204521
10.6367199842686	45.8918079608554	-4.62540236719509	20.7513559989032
14.5201861550311	48.0001364497432	-5.25263355386215	25.1900847205572
8.39418927288247	39.8598378536255	9.99860064068041	22.9354848594908
8.43030699610191	36.6751288145745	3.50956679219996	26.3271326075467
9.73551728325026	45.1077392920539	2.4736861100713	18.2502873854169
1.71137036085792	44.3997477637291	6.66933540434573	23.1047012616022
6.78137978204607	34.2590542286147	9.25315043420235	18.1411228125057
6.69949932735936	36.9093132866059	11.4408896513906	29.7070654383508
5.82386511319645	34.6321408025942	4.63027005609492	29.0441442674875
8.96258042638967	38.5741719074578	6.47637863004947	28.9021076854596
9.18446111874131	31.9715560997721	4.95432797180856	31.0149212774167
10.6478938159981	37.9403081060429	-2.08024429793724	15.2443169206235
15.9271295929775	37.4832476735755	-3.35466809933145	23.2380172433186
11.8887902117575	34.8640509951183	-2.11961604299587	21.0256109349284
11.6084491152457	35.4194710459156	7.68746360794977	19.8739999423359
11.0374973840558	34.9142681212943	8.70285445482806	20.6834183822176
8.15788090935331	34.5540256692875	8.70982589884541	16.986616933185
9.75754196182999	35.7239380839128	1.67432813582549	27.6253133517944
5.32646584108419	38.5925459494977	1.86129841517838	20.1288616675207
7.56335347005051	39.850262007215	3.76128203682954	23.7767625361935
9.76955735170167	33.1995894795297	5.97481083413094	18.9191563189284
8.78891844237045	39.432367797756	2.67356031164035	19.519981878014
8.26199763419017	35.979674666935	4.19702468960986	23.6248997749255
8.4934583814992	37.8052217647314	4.73299459609643	14.791268565362
10.0607511234647	33.1190996541522	9.88613482125175	15.3423649810996
5.49803400609553	40.386210753943	10.9875105281109	17.4777021694739
10.7811163096276	42.334043006715	8.94333434353866	13.3236788408442
1.37564814201597	41.9360146955445	10.4714401724497	11.905937297923
7.63654781720541	34.676066730352	10.0684797154503	14.1198179147462
8.28130573016531	36.0838427439618	3.11248682407478	25.0247991176578
7.61947614220481	38.5751674776996	1.9012401226517	16.6540565516832
5.13190617166038	33.4868099271419	11.9466266032849	21.3089460379797
7.44571280941756	35.9402844503365	11.0864408704706	23.7222207070681
13.7898187111589	32.8473986539075	9.29373495925889	12.7876948042194
