18.4584993302966	39.8189315883819	5.23231311591156	22.4902559654099
11.7368089149692	39.6987359118672	-7.31550685353206	25.611140635712
7.44729755984871	30.2967003479	11.84851106568	26.6810580048802
7.56822436607918	33.8980809116619	10.7981804370391	25.7300928396611
0.847212176261271	33.839206165343	8.72231685296232	25.2763442879981
8.10325129484155	27.7132331736082	8.79899420541642	25.1755698326482
8.91872633309432	28.1198097921604	2.92596362570419	22.3276611858486
10.0143216472131	31.007240101944	-0.250591772852397	21.8957777245564
14.4913023500304	27.9464254824141	0.232092396050037	25.1421283179557
14.1400638757806	33.667057791682	-5.97952150956607	28.5308980190789
10.3464943519758	33.2443272540478	-5.82896186954221	28.2716358709165
10.5797620342992	35.561208464534	0.626952522593827	16.6447503305988
16.1514731861599	36.0046399143492	-1.71229607331008	23.5414243978464
12.2468180968651	40.5365485084211	-2.73489947103337	20.676098016558
9.95978023674138	39.338498668835	1.0860835017526	24.6114740986393
5.02646045671582	40.1189254914378	2.89647016458972	21.408216758223
14.7804657136464	38.5638987248837	-0.708361804893032	19.9038437679219
14.307721382447	36.5980110107063	-0.175222710978576	20.0167636661599
12.0882674123863	36.190337489739	0.645577247166362	18.581730599496
11.8374554970607	41.5171020966097	1.05173825868137	17.4163998844842
9.34828427060027	41.089211876884	0.820456648785766	20.6357968293731
8.51156958051477	40.8163988495827	5.5272613941507	17.1918536488589
6.62945907961814	40.1545647961475	5.20488342370128	16.8888425906094
6.51991302779181	41.4138000298131	3.6057317368012	16.709162102537
7.56567875539865	42.3754014636229	1.99973534371686	14.8975924922758
9.68095689516197	41.5255470273005	1.93853207324167	15.4375558820227
9.90954349951501	40.3876268050554	2.08669949811609	19.2674578897329
7.6974393051831	39.0660371220485	2.70993843039939	19.1391707708733
6.56645650450988	36.9358679457622	2.0965414058275	24.8248727744119
9.11700878000735	28.8093497456106	4.76266408868575	27.2093768565589
10.9977300096916	28.090877051685	6.43557007460082	26.2865141763957
9.25986746956718	26.1407685729079	9.2011343044653	24.8418886688211
9.41241587626692	24.744942698915	7.05073726917202	27.9436763828082
8.05154966304954	29.5692564345044	7.00899026900843	22.2898475765644
9.86462650935109	32.5481195475985	5.0358960948357	24.2852939279212
9.59457241346072	34.2989135233891	4.4037550928475	23.5648898635558
6.57632031277853	35.8721365736072	1.80088530726199	24.6092027793206
5.96125540316139	35.4415515400966	6.03608892839678	17.8526778209802
9.23217877755896	34.453649527963	7.8277909865386	19.1448095005409
8.01652471778006	37.8389582655225	6.22945272994853	17.8252949688987
6.58262951163999	39.5289675367828	5.19037320211224	19.3717054641054
7.88524605930977	40.6796414556745	3.42045785492002	20.1274467413493
4.89358317205649	42.3758314084747	2.90525110690725	21.1282148646526
5.15485971796139	40.0513548317476	6.79489039971379	20.2607632888604
10.5913942632177	36.4034766095052	4.8997019577035	23.7407031021204
9.27657912080696	34.7806223843056	6.38860898057085	20.0895314202135
16.0288534285053	33.9457579239747	4.70580169822168	18.618859777491
13.2993136631537	34.1975092635034	6.0780283937518	20.5365323911267
12.0757510216187	38.4054335262926	1.71078087815199	23.1167653366404
12.9961988762198	35.5726565897721	3.66079700248589	22.7019618440009
12.7009423721503	36.1291598749603	3.25578326372238	19.6993307408467
10.147218817087	42.0057521043379	2.86377790629672	18.072926208061
7.86026531242406	41.2658896971981	3.08367005293985	21.7684989275046
4.39089013768223	41.0154664981666	5.76789470414475	18.1925805789985
4.56260853586296	40.1116422313747	5.92616720413244	13.9766061440668
1.38509010968469	44.4865827514891	6.57864413845073	13.2904508215933
1.06509772232897	48.7987333253127	4.12626341975056	18.2980340038984
1.4916988750387	45.5347900199035	5.25719197756697	15.7747156560608
3.82056641516421	47.7048430963775	4.80001742121522	15.6293883979858
5.40678606026951	42.9153195209226	4.78230542837401	18.3263738292119
6.55872121040877	42.0557116936266	4.47748295830271	26.9501911318974
6.47281104723618	36.8153662001332	9.90451636593309	23.5967947781199
9.60886764597774	34.6356824047511	9.78359008607998	21.7013929580975
12.5687256220827	34.6409472318013	6.91547920396163	17.485809644892
10.2657946590145	35.8756762540546	6.15711474259927	16.5042344361759
13.1799103081968	37.3558294943181	2.37646326196533	17.957721537687
13.1560852720268	37.8905004682132	2.81674336183038	18.0094932729939
12.0719251708166	41.0871561546923	-1.13002709106389	18.6932306992692
9.55168890281866	41.2568521887015	0.203404277629822	17.5407621450593
6.20433503519957	41.2068549977567	0.823085256918937	17.943303724738
9.54701783323245	41.4811344413038	1.41398734874466	11.1241957321251
12.0823957906249	40.2968331534367	4.37965045310931	12.108191070789
8.992687418786	41.1423047752714	6.26134532965377	10.2692371428031
8.41720302281247	38.3154109310953	6.67405171548605	14.2394409502018
8.37416321639919	36.9167341615901	4.78195395048584	17.1832732640759
6.65005186009237	39.871690680849	3.57611158023739	17.1839426642885
10.8771344605945	33.3242652240383	1.73683214559371	23.4885062699194
9.10531810308994	43.7540480927143	1.312785196205	17.3611058437253
7.5577424277873	42.2595208692158	0.267506866352003	21.3946184053073
7.98521402974917	40.2206133850812	3.87864181362961	17.8886857718714
8.02715896116075	41.895182908102	3.09536669190862	16.6388918481762
7.92368031455863	42.0362676424524	2.8530704402913	17.986224875178
6.37831916472008	42.0850109793681	4.63129646010591	25.1893133042624
9.92685272354375	41.3988055850362	0.251318194359312	29.7610329589819
5.45223248436257	45.5381594877002	-2.98987700113111	26.1427969648158
7.65329434810923	39.1041190009259	-0.895666444398659	29.255800810608
0.0969124170652166	40.4604424333561	-1.53958676308786	20.0768938311031
0.0880568192681959	44.1382123727802	1.60746360271777	25.5648230401894
2.75588304133193	43.636187674709	-1.64205974126627	26.3914979634535
5.78678965244724	45.5694537551593	-1.93102842389961	26.9653201769391
1.36292035121844	44.4839288888019	0.153925405280837	20.5499112922983
8.17979266809394	45.2102483895444	-7.90393679130246	27.6096234158897
8.36492531515423	42.0729568650444	-9.41655143357237	26.0571513804892
9.89919050179187	42.9730764469828	-2.89724215314761	11.6808337895484
16.4721098710014	39.5535861600393	2.98155459349118	8.2394170655252
18.6621184972116	40.6357105143685	2.72160550701229	5.19730018150077
16.3138318107465	41.6876722683516	3.77239880972338	5.91683441743154
16.6805303002709	41.7319995418972	2.43729836396504	8.05451519616049
13.4249925126885	43.2610150980821	2.29837043765563	8.24819839388233
14.7056233558136	42.494788793387	3.7607924288678	8.0302545394643
13.2451024356272	41.8679956563706	4.99834905486934	7.76389606782035
13.1295703128695	38.6280789962266	7.8176002374414	7.82158243954913
11.7406196416505	37.082734783302	8.97245454904918	11.8802323729994
9.55316415271711	38.5767134523367	6.23168714880306	18.3249655673453
11.1815514395635	35.2090439887134	7.8554468096729	17.5993302142732
10.0347445330177	34.6971575842608	3.18364177014865	27.9317504496092
6.73444832833295	36.7250026177052	3.39567914008059	20.7225886385666
8.49218289758821	36.264320834121	2.39899047852821	22.0247374658671
10.8412336713616	33.9759124592415	2.27432804518887	23.8660552932148
12.4372158053048	33.911339524898	1.91005567192608	19.5925909996589
17.1226713496908	33.0426378182576	0.602968576088719	18.0108892438532
16.1424230600865	33.1436957166573	0.369545357672237	18.3666416733125
13.4291145712083	35.4220440172634	-0.335001927895732	20.391611667403
17.0818891738349	35.3906805980063	-1.86498543027986	21.8735320643121
15.1822477103019	34.6599987339272	1.00404052932415	17.8904349485163
15.7516374158959	32.9959994591917	3.0591894977598	16.4469883210959
16.8681694145163	34.6161477709981	4.52785992209836	17.7769428455254
5.48052729162229	36.9734883936914	8.54977994638018	16.8547924571654
8.25624123827769	33.3290815190273	7.66995488845267	16.1297880518231
11.6803477538316	32.2507208502636	9.07165197343416	11.0451045711505
14.4531966812475	33.7484092524863	8.88784547024257	13.2467870103654
13.9653360467902	35.7604978151781	5.54757782877274	16.5622493133763
17.0801819461896	32.7130067931167	9.36490506998761	15.4832483011181
11.3220571979447	33.0477471301011	9.52058986872998	13.6276976059612
12.826279641078	29.7628369298408	6.88523217518941	14.6654422185752
12.9725997307758	31.3562476820888	5.35126680967058	11.0299600959197
20.5707254069346	32.1921554696391	2.93642745615223	12.3666361247486
21.9755748910318	29.1022662492114	4.42695104778984	15.9085470285325
17.5320621737699	32.6012651528808	6.47646853496561	12.0287090562164
18.832811485065	31.9090385470374	6.22980986439141	16.2113822993845
12.3850529802912	39.0350869964643	4.23851100678074	14.581888525004
12.9223504795774	40.178569280558	4.26998092381611	12.9934697851743
10.5443416958509	40.2689307694321	3.71275723034844	14.6643495161291
12.9495454752422	38.5069490362888	3.52935591266574	18.3173822120036
13.574699535862	29.7917376155032	4.05337091554971	23.4374340410397
11.3081279657329	30.548269742414	2.70385314730079	20.2719121640911
13.8470361479106	34.6659480904806	-2.38929582507266	20.1745649891995
15.5836186701911	35.3057003583404	-2.63052396223675	21.7185356938196
10.3356207171097	40.7900626802647	-2.61073078241925	18.8920782883567
10.0821332106504	41.1168065395968	0.744135377949698	20.4491491985795
11.1381391009123	39.193916694151	0.286250454860403	19.5724502586416
11.83023438724	36.189567655151	2.49260273254855	19.6050418797539
12.1003700227501	34.5066366129038	1.30622650920792	21.5617393027537
11.0707360542532	33.9475055270804	0.616806906843409	22.3325900067971
14.946264457144	28.933083305024	0.865087907956765	26.9879024830988
16.9496901148931	30.510966631018	-1.47892583970961	19.8394840426152
18.1632772737024	31.5878181833703	-2.49608014355463	21.577736053743
16.0099925152	32.1992365595814	0.783070617395337	20.4775921887646
13.3486354124375	31.6173510904353	1.22177287666896	20.698158052184
12.4539874098108	33.3455875261858	3.21413222699036	18.3939181604159
16.6899423929707	32.001184620456	2.50053962691297	19.2297718769725
12.0411382953454	38.8085327549178	-3.44813856707341	27.2715731448592
6.67975816826363	34.4159987145375	-0.996279876098761	31.288720399058
6.81924256213967	34.587031060806	1.10818068601491	18.932024966966
11.8369805672916	34.4894262826764	0.436282526816449	15.6732945098016
15.017063998187	33.0493958023833	4.72939259011599	12.2153443885327
14.744904992206	37.0279510654034	2.29114300922814	13.0656737167143
17.3816142128514	35.0279655430284	3.40303802748534	14.7411249040297
16.7873888088589	36.7370014787851	3.43371016019548	17.353055044633
11.386699472337	39.6668586430412	4.91496088495071	10.1763610864522
12.4405157811559	39.2097293135982	3.98959892488864	9.47213025518294
13.7622387791637	41.1243952035245	3.15532385185702	11.0449859442206
11.8821354156931	42.668795947335	3.49182585766881	11.1097668258381
9.17001235762915	46.254611130222	-2.00558902881698	17.8853602293665
9.2217708262459	46.8690904326339	-5.68851955558357	17.5948705157052
11.4152320038124	44.6556053559952	-2.9209884968533	13.1002795565234
8.36089032064814	48.1974603578174	0.226547690275578	13.63218017904
9.97434680411283	46.5987210316674	0.587139514886921	14.5157041049182
10.4009272492456	38.9926805920989	2.5564638231978	16.5931926199786
10.6400831505525	39.9244508147279	5.49087494268201	15.3410757227554
10.2825780470955	40.3273014235349	7.32377860528985	11.0124396604663
11.367267589281	41.096539252838	5.16470919597522	14.4186047536498
12.2692881340261	42.7405868819262	-2.4474767809137	27.8381828460301
6.91766551591968	38.8087044484774	0.83972818224408	20.1625214432757
7.96447432030504	34.9448727225746	2.66630981734743	20.3612342836908
15.68867540116	34.7307990250039	3.11398344991992	15.431112007854
15.7743288480794	36.9793639095597	1.62303765362609	14.1793090061935
16.3104386393171	36.8489036508888	1.06599012215171	15.754884500401
16.700640158863	34.4182084795147	3.67702320934059	15.4671290187232
17.5814265865163	34.0320294485371	-0.294130595691783	23.7908211952142
14.8203215498736	34.2174263917703	5.31353901856365	19.4458617531505
12.463050718693	33.4487300827725	6.54409468739457	12.4771213671619
11.6614006808639	37.7422785595873	6.75132337358943	15.2284687175842
6.97442765344457	39.7253543812925	2.14676759305573	23.2091954298887
13.6089820701975	36.0515795299176	1.67451865213651	17.0674210838722
13.9105955449581	37.5261562504198	-0.287749074087256	19.674747626754
13.8788875109252	38.1101597033956	3.31043971000577	16.7762241708026
14.2402992360961	36.7300091221512	2.17314194185997	18.5069075918126
14.9858835287939	37.6396114056514	2.08365326140822	18.5008146955394
13.0690516472542	41.4451485777973	2.15781294970266	13.8169050791063
14.7160422364971	39.6411937613739	4.59720185867661	15.8403416824032
10.5227473499975	41.4604258931941	6.00128880925762	12.464462088744
2.29199271286823	44.0173926203279	7.44768477734464	14.3372228167456
5.65245774191707	42.8303625759436	7.03801504094439	18.0415132603113
2.62943278496065	44.0049022394279	5.08842365067151	18.5710651691508
2.57538542147106	42.6689574103849	3.71199959100839	19.1090307974693
7.65908655776598	34.0937002659822	7.9761033472946	15.8471515293669
7.51236280103086	37.1956181273618	3.39162887525234	23.0917662832391
8.78791628961257	31.5960461055322	5.48625667027339	17.8605503457103
18.1726648611792	28.6620659162683	2.13184568478867	23.7277156346267
16.7401387728595	31.0021125619629	2.37264577445715	18.6056840372062
15.8375819235438	35.9640416402116	-0.0856523521778971	15.8661259546666
16.0462730635348	36.9387771391056	0.0262773522572726	17.1226393016448
14.2563991765611	34.2072292422673	0.753546649698998	18.3596682995019
13.5168435282052	40.747802057842	-1.87702718738756	17.3666666865064
12.8806287223089	40.6422555857648	0.787874021245743	17.639857658436
11.3951974691462	39.4599945135587	1.52682355789327	17.1094262156161
12.8507160309289	36.0934243499919	3.09813769665715	18.0428637231149
11.344408880226	37.6070388506657	-0.00186163007713258	10.7682124681219
19.8232662033695	37.8894494258227	-2.00582143159084	13.2109057952427
19.0423573270413	37.9752184340226	-0.0833596871929565	11.1670795784109
21.4765613196391	35.3855736410217	1.72741132548579	15.3877387151831
17.5999961184311	38.5266481289612	-0.190990523327423	19.8158758141237
15.1074756259072	37.9513669224733	4.85060238010781	18.4191736819359
7.70413875309479	42.8431396909348	4.79826164738833	17.7944594489547
8.34529015957929	38.5921197432598	6.12727858433127	16.0561102736684
14.7658310437164	35.2185876468869	4.63640065397482	23.3386843666377
8.90914843983346	34.7613807778547	10.0486194528581	23.1429046058039
4.99104765881726	33.1658083723599	9.20426706817107	22.9045783910294
5.90900290605008	32.791594053779	8.22369415134766	19.7898223549452
4.02877695245565	35.4576139047384	1.56919055905767	22.6162924217385
8.55525317920269	40.9680627025932	-0.487013572746735	18.9467408587084
13.4555173534145	38.6677352637321	-1.77636704353042	21.0383505051424
15.4687432579345	34.5785001556659	0.849240465452903	17.495561440329
17.594176737429	33.9779613799373	1.88839350798349	14.7079725706418
11.7306951124458	39.10264887651	-0.55334866999992	14.7102480492148
9.77519017444482	47.0306595177395	-3.15097198144876	16.4207967364754
11.7343156059152	40.454343105882	2.42798523024312	14.6149504287482
14.9612304253384	35.8479019396301	6.88424310392357	15.0035790777315
9.25325581681651	42.2701526947614	7.00473717392079	19.2085939885459
5.37654666148483	42.5352943789367	4.46255994649854	17.8743579827591
4.68022344895537	42.5303302759458	4.15492622103792	16.3186167769476
7.71825153875063	42.353585861088	1.87120655761123	15.9097428038153
8.49573804103234	44.3587121417981	2.52880733436927	18.994976300783
7.87997585804508	41.7869992447613	5.73754592626642	20.6519657210815
4.19359754342426	39.4082538290131	11.7530436614355	14.697374254659
6.91640652127072	37.189453511517	12.3971453334457	15.1667050333611
5.29149284636419	37.3325138183658	12.0106138508072	23.7163494544975
0.4632562230759	35.5333532689486	4.35515788246445	20.9494570427514
1.58636131575545	35.6861764139843	3.57968729232526	23.9933411468691
