19.5436206984613	43.4925926380631	3.41163613225715	19.5521505312184
6.98135096724654	40.741325537943	6.35369687474546	21.2776674290419
4.83502524339637	32.9180898067511	6.85932981494834	10.5822407391154
8.73115223152639	32.2462171331949	6.34776688359698	24.8803485261508
10.0452018368066	26.8602299822464	1.5941181482274	19.4515098894246
0.564038172216111	35.704673503582	13.8526034146157	13.2736773888812
2.40187057951853	35.1917266455112	11.8592476317481	18.1859599453245
0.938607856444921	28.8229960348091	4.88034201402297	20.3361744087968
0.447776881547833	36.3268559082045	-17.441091345144	19.4839125383662
0.360120642401833	35.1138668525754	13.672207816913	19.7442942871238
4.48787294321438	31.7027645949065	5.78247685631662	21.9039666107381
7.93874701540692	31.5485263498331	1.31912504007294	19.56024361335
10.1009608013755	34.979313643502	2.47481965245987	20.6623238607149
10.1460407428847	27.3201808764143	6.15067287134315	22.8542422878396
4.95099627448443	28.6450674821862	2.29020652834807	31.5478932997746
3.63261991760959	29.5828252964346	4.14663570009652	23.3845181996537
16.7332078881441	25.730671407673	1.03316634969034	27.4153805461242
16.4214296538262	25.0509447633595	-2.90946327816313	22.2654126475095
8.63362617714981	27.3415848758378	10.870855711721	22.450134868966
6.13002987111163	21.4821525180087	13.2860941500464	27.2949466023124
5.6123928911777	26.8321854301103	11.8698266954223	10.986001800079
5.49869642302241	21.1655292176948	12.3862523106447	19.740559851084
6.11298539334101	29.7547547036157	-1.54533452954526	24.9798271579787
12.5373846411514	35.0057013618135	2.61049280519524	22.4820663737527
9.85744927279541	33.7918380865347	3.11639244080448	21.0593760777468
10.3391663646576	36.6887823942568	4.82108191369728	21.8337059135276
4.35060955822582	26.6052648665834	3.95135130598968	21.9810959019426
9.9049994597423	46.150310021806	3.22140110743431	24.0501096586424
11.9534861861541	37.3753867386753	-1.95375037525581	23.008142090189
11.5702533027844	39.7895668884652	4.61848302642956	29.3902884957767
3.20200217701142	30.0091029034184	3.73346100628332	31.4771481159529
10.4714611208275	27.3201409488943	6.15543958901448	25.0801411944828
7.61383380315645	29.7462282284401	4.25482452502653	23.9484782655178
14.5782598723165	27.9122143193386	3.36134927235722	22.3871368778893
11.0990967681139	24.088872472847	8.4668869816716	22.782189133952
6.29279289685434	24.1595606484392	18.7068611418846	20.8125235834085
8.52771302815934	35.8985102112608	17.3050534999235	18.0230956557158
8.06526397056442	32.6625882799138	1.26615749152888	22.6798441922244
1.54986616279678	31.4984094421646	0.588947097523082	31.4578192224678
2.31653335146152	31.1925659874823	-2.9492760256548	16.0495192931409
17.5813695561252	35.8144323731076	-3.31971495390465	14.2215514407525
1.19462077733688	41.4192899170566	11.3376787796005	5.11960005401465
5.94695262727665	26.8727473582376	13.9692097527098	20.7547239282165
4.12337921026238	30.8180279371563	-1.59593835965432	20.4616358525116
16.5013496676126	30.927144977567	-5.03074599456675	14.1659865694769
15.865933213762	40.3807092182892	-3.60226749236397	27.2397992812039
7.26404839628499	36.0133322554388	2.90962948902809	18.2850844439788
9.4004357002092	32.0197621726179	4.21888774709018	18.7796651795617
12.9749813213437	28.7482860158999	5.40820928368939	15.0856858994923
16.4613443067314	30.5843743585786	4.92064417067857	21.4353219055402
17.1013136407377	32.7965078914964	2.75310558926256	20.765559793307
10.20388187985	35.7949364960683	2.24771151978465	20.8621725965725
10.4286821800277	36.9418006648052	1.73697031063901	14.0898223813735
12.0422721881256	35.4280863475639	4.46553134320246	13.0596156871817
11.8391180009417	33.3328952413637	-3.73366167624357	17.1175496105044
18.3359274099417	34.443912699752	-3.69912133174824	21.1586666394756
6.37362277267343	30.079837852808	6.02918144459961	20.4327690215931
9.56752699997028	26.4672567431799	4.05315750571271	19.5478864606619
5.57627864423837	27.4961057297759	-2.89284023126196	18.496556907069
13.5972130321025	33.4788253125403	-4.74935359424923	17.629377251599
12.4774238035792	32.4713151915598	2.39266424382523	15.5176704585413
12.0488038392633	35.0341689320881	2.09095136634479	19.8157145291428
12.5631341234676	42.8889625330717	6.25960892663366	9.1363931643148
19.5021781124601	45.7279940342792	5.85638562581531	11.6207582089495
20.4222820567052	25.9332667250438	3.71255305534635	6.76264019649471
17.0676495636861	21.9750653934917	6.75588445444066	9.26571993976317
8.38424146714912	43.575107739891	-2.49949158928882	21.9715660119807
6.28534916050915	45.1198763941667	-0.784935127623044	12.6836214126186
12.0286899940394	37.8732927801339	1.45644490637729	11.3848394744296
11.4439391130865	34.6805214862972	5.01771864046255	13.1851894412752
4.55900320273861	39.6596121396571	6.73042020078325	16.2433415226718
10.4630953708685	36.0836224029473	7.76947074120441	14.7654238393595
9.95016657843454	23.0776814925202	2.66959981058738	14.5945152481151
12.8701800568525	29.3704631058217	1.26879877640879	26.9799904517685
12.5301710155456	29.5407160245318	0.904611467377789	23.5777601475683
16.0265686952226	22.9655570061382	5.68356986466346	19.8363190672216
6.50608969902445	21.8993096540824	4.84476190192201	21.9886153952074
15.0355523201061	25.3080228131974	-1.97417884933255	26.6961866120663
18.5560416464692	24.0507049972901	3.09388048878844	24.7405932296035
7.32435828419381	29.9852247603947	3.96737575294065	24.636412599307
13.8459802962594	27.0745388334618	1.64338752390432	25.448468863824
9.90879444707847	22.2006675354206	-3.52154164351757	14.7935591669284
10.809571947781	26.8158748918214	-8.03435685355451	33.136390031641
13.608586271172	31.7591342350039	-9.23244923595573	18.0829650963187
6.28092826331924	38.7917182405051	1.63697585898796	20.2842368396162
8.70543550318987	25.9216527730729	3.07760590408795	18.6736035337649
16.192958982528	20.772273330627	0.96267703642004	27.496440065091
8.78475005920109	41.8159417438385	-2.19816028356011	14.5107952639043
9.73996613589179	52.3052494114329	-3.10364689284758	20.5858708679932
11.3545719612127	48.3209807859015	0.895628588117262	17.4592455714041
13.6496267277445	32.610125366154	6.78121697048803	22.8158428824169
15.3488847221582	37.4481772259363	6.63976321566054	25.6234052655805
1.14351533240485	25.0225735246689	4.7622430736884	15.3660005046573
8.98777508156422	26.1307126470395	4.32125025361175	12.0473044475303
8.98215888047639	31.3852460543179	-1.65947344687437	19.8175631092595
6.53783280130981	34.8579923087284	7.24509237698934	18.4802199827535
2.21914354207499	38.8709773263447	-5.25618498314449	27.9687102708365
9.78169976304372	32.7393093720738	-4.21526787204945	26.4621331110927
15.2180329697804	31.3746825609395	-6.74864410701307	24.0545859458233
15.3295752948349	31.5125720902522	-6.04907689661818	27.3982920302386
5.73993952546397	38.1317253435206	2.80979736521201	27.0659009428071
10.1095570444329	27.73827479232	0.959322194562425	25.5891799312393
14.478235459627	17.4348517485138	2.35446798428254	17.1166707126562
17.3440120886387	37.1526237021195	-5.16015335270363	20.8883827918347
13.5929360431926	38.4971486513969	-2.18039164876329	15.1367568553649
17.7727029780233	24.0902420814697	-1.41346391594114	20.5199127344639
13.6149285704698	25.1757234235248	4.88554237805231	20.6078357404696
12.377977460351	26.77856157701	3.39716286560444	17.7220531615096
13.9381730628016	35.6371708803947	3.77190681271864	13.94362867732
13.9559427027753	23.3125038584494	3.21117353719774	18.2562962611266
5.06995848846978	40.3854356542961	1.98151894706417	22.7428432990857
5.12503761005351	39.1776514751636	-1.08563452399221	20.9391825803615
12.4107407326693	33.1855626869747	-5.71707565708902	19.8191060464975
14.3088322146679	33.37718679102	-4.29336919521554	18.171945289261
13.393606770772	38.6259610811048	-1.81551758586691	20.5749911875088
13.9115819409708	29.3382653337703	2.40395115012541	10.5958580570443
10.1662587588872	39.8586664697887	-0.385516535909698	17.6109870285874
15.5890343459542	33.7908532935926	2.05029093346259	22.1601669838025
10.4193494131491	35.7812721822462	5.95254520804322	21.6905682585812
6.50792200003565	35.7015405764678	-2.35513637054862	20.7218279475585
8.62509880639484	35.4228062530321	2.27235692806391	19.6878244932979
7.24228400629069	34.170950949033	1.83695711215807	22.5785917388514
11.7950087728357	33.6854852871162	-3.90599219573812	17.4261205289751
20.9049829002874	35.1062229597133	-5.2822247751337	20.3112307434973
17.5108665279285	31.5102763725568	2.46973593269471	12.3470297959144
5.54288034142786	43.2059629716008	2.48560669740632	17.3476597384296
5.35783551140588	39.8426454549684	0.346106657776678	19.0192329429172
8.32407034020973	37.9312733200408	1.84706084868055	11.7359610142117
11.0089633182075	33.7808401359274	5.10077075364819	6.89455939064971
18.367657354852	29.7187410611452	9.52562258713592	7.98131143115531
12.0150216171493	32.5156928313262	-3.83217004225876	23.9023805680997
13.0496276580704	39.3869443580805	-0.99010782181572	18.2330135341115
13.4233583478233	29.3717309163507	4.44654120338535	30.5203153375232
11.2112330343422	36.7108039105307	-1.14528992106505	24.7492533047344
3.62701482281836	35.2378778115921	2.43515086234469	22.6377747147936
3.66097785422359	33.7173230087459	6.50117097529504	9.60140510561278
9.85986964899827	30.1015258676447	-0.285646459049183	9.61082315637132
6.34053187440946	31.0294677855522	1.28948181981525	27.3939944417808
10.6640164811704	27.837662687812	-5.19530558329893	26.1562179155588
17.1910861054719	27.2556494222621	-5.11676262998991	22.4911520841439
18.4665191534321	28.985935237691	0.94403971517421	11.3467002056447
5.82344826946024	47.376392157715	-0.82632121564858	18.3606994503085
3.59973262611502	24.4612918760927	-12.6357581343506	27.3330310567625
5.03632883034962	34.8625763995003	-1.48691396428373	28.0588397591717
5.49678046869919	26.7348311003659	1.8151067363647	30.9465653098531
1.94262579403847	30.9778505494248	2.21110455958072	21.1774240386083
15.7959628804773	22.1652822444359	4.40896901102636	20.27996385222
14.3645752013021	29.4733237065651	-3.78110996646907	22.3035923896222
7.59001418486656	42.7266413844466	4.31153220727244	8.85901670132278
5.23324894148713	33.0173759195298	4.55557455445775	14.4190660710689
14.7560080150118	34.5255990848221	0.85321373676085	14.8889632556586
11.1136935770426	29.7290879270769	0.644353263984854	13.2807546308931
18.896273378774	36.7954159264229	-2.93335609699464	14.5093750582015
5.30275432176429	39.5091259588263	6.13785595098141	15.9191333945779
6.65870341022971	34.8095611391886	5.20080365464663	22.8185747651897
11.9224662398312	33.6838902311777	1.39884514438227	28.9782967347901
11.3696958208301	30.5862524553923	1.38686642108952	22.0579928717826
15.7999584405558	30.0640731532771	-1.09075299638788	19.9810527823184
20.1055549535922	29.5404493249334	1.45971315971111	13.2398110301483
22.6816200638582	28.5919505263991	3.25385088392069	12.3750373808024
17.7658521857365	34.9445800249777	0.650456864968886	15.943329381236
15.2931378909245	34.4436217572004	-3.5381421301281	20.9394668562868
13.9604925445139	34.5838763384373	-0.342126534669648	16.3702873614215
15.9386293624386	35.9778489412985	-1.31367136425418	19.9226005499781
10.1729101259474	37.3102222561439	1.8181348380668	21.6330187170365
11.7313908547342	30.7012615285238	2.50204538442547	26.7805723531496
10.2841875412599	32.376854702814	-0.0183506739744259	21.3682286499393
6.62575825714551	35.3493777563581	-2.40666261980769	21.7075232660076
6.98197928332358	32.9554559843401	-0.014301751409592	23.0035564543448
11.3631540785516	33.835597466608	-2.74770552977368	21.4263165992399
20.172444311398	22.5253195974119	-2.95905001680747	25.7974795013381
19.9330372437273	33.4972930539666	-9.14211227146367	26.8707569380005
10.6005076892451	37.3014328991518	-3.08826151801162	5.34129298295864
15.8599000100758	33.4490546993435	5.20372640542798	15.3799905597749
16.2869133880415	36.6580544693794	-2.62069007230735	29.2193655336792
2.41043288140537	39.0955023258895	3.03616657072866	19.6059791641492
4.52836305316702	28.1855219370656	1.84699229348638	21.3859302168894
13.5503910381241	29.6732212845289	-0.0409005636095108	24.2980206352841
13.0626026474843	32.2548705098312	-0.71019304522565	20.2605650593696
2.96300059315886	32.9374014635226	4.4046630353921	20.6286025096537
24.624866645629	35.3899380110253	1.61101534325965	19.0255245409891
20.5753350397308	34.1255579993177	-3.70135472094691	25.4909656692281
16.0964167066946	32.7616777250676	-5.24348622014878	19.6710951330125
17.1607160920793	32.3785005144835	-1.4485856151594	23.1464708931786
8.39946619268079	34.7995963763301	0.416637039145998	25.3788428250742
10.5862911827238	34.1320152160761	-1.94041746716259	20.7090717633297
8.01138415292065	36.4724067014521	3.11385839198472	21.0242146719243
9.09937129409143	30.5570732598174	0.232364093115438	22.8265957231629
11.7182725674685	33.9925041916761	0.349618157068152	25.4120300244536
12.1541687012347	35.6029423192124	0.737296930224654	18.6184955119374
9.83153784209332	40.5445187490683	-0.187688099044356	16.7885592427324
9.03679144729028	39.1579691974389	2.32146167170592	15.9228779153186
10.6079730711574	39.7172700266296	4.41225158476727	13.3286040098209
11.2413178266426	34.3844773552323	6.23357457534867	19.9531754619146
12.2753766045247	32.3291624735052	1.6576813920118	25.1304578189745
6.72253607072874	37.6482782118896	-1.05710311246532	25.9035191000446
9.37243292604945	19.8367947892182	8.40405764604491	29.0848503811292
6.62655684498258	27.6929349888012	8.95547363571378	18.0446652849212
12.2371054432916	30.6913420565822	5.34909418681192	14.1618152033059
7.47437498799249	31.8154175533639	0.12840513237111	23.9411537489375
12.1798312197166	33.6619541146371	5.4798187395028	16.0201309110164
9.37313309754058	34.1643007244342	2.18790440991597	20.9243176110215
7.92010913486406	33.3710484188409	1.02413040559906	21.9749580324754
9.89843740547763	24.7660027699771	3.31455423967216	11.8050618913151
9.77800656657038	28.3452831720228	2.48661553979077	18.9238054725468
13.5336120887759	31.2096899537596	6.13428273031645	12.9612860154487
5.93542382075515	38.4669785736355	0.643177524005697	29.4303275156893
11.7416118101987	38.8382492227572	-0.521075436583086	19.1832041857891
5.15807693716791	39.340855901977	1.21549839180119	21.2487339043185
6.76420591531223	41.923105548052	1.3406758804635	13.8509464777201
11.4918678825896	36.3827447402276	5.08978923576109	17.036955701293
12.775114716465	38.2929992608304	3.71602807685889	21.174917666248
10.1207587246806	30.4757612687177	-3.86140708086856	23.7085156630274
16.5883271901756	30.1607866155496	-3.42364504424587	25.2369841824841
11.1378011822588	44.485383214294	-3.92478066129558	13.2943697328303
10.2914602886194	38.0163631996652	4.29666220981874	11.9110637682062
10.9097237573672	34.9023759168153	9.58732347775497	11.814732989242
13.6174325216287	31.4115866216412	-4.15856317078449	11.8757024676196
10.9145089686883	24.7959440265175	15.8123818257573	10.6995791651897
10.9547957015259	29.5453144619219	-1.90038306557287	20.1762408217073
13.342474504005	30.2221072893568	6.3433779462492	22.4063533858786
4.97477200573875	30.6399010514427	8.27640056268031	13.0996524996514
11.819899534882	30.2135086685005	2.29139206276049	13.2544135685972
8.69042604811114	36.4951372329663	4.40577262517293	23.7219372984915
6.12263367442265	36.2746775682602	4.96796115262026	21.3337749649732
5.05565535069474	38.3528668573123	0.398760411958788	19.4365461226175
7.77667095577683	35.6705241068263	2.58424848666832	13.9536372905181
14.6471009480728	35.9897388852297	2.46267436337904	17.3159286736094
7.12926111624047	40.8728238576187	4.32711140595142	23.4364042148055
5.24247997696419	38.9537739276922	4.84363224290816	22.4654027164044
3.88484405766948	28.6107714765742	5.34383716926483	15.6948819287183
6.02058183815106	37.246411411572	3.08991489166899	18.0257178676376
5.63824294781088	34.7180740293262	4.05192780598514	18.4929044074914
10.0062191876933	30.4536195511831	1.44617374474374	22.8517858307412
7.05071860347733	33.2617428962043	-1.57385064392274	30.0986806738546
6.48328306199086	30.889662032803	3.35616967304686	13.4119775465114
11.6277439786222	31.4350190255833	3.48078442401329	17.0516634600791
10.1998054375932	31.7077807713381	6.28173493224978	17.1493464797086
13.0743174419646	30.7787304771214	5.06567040761252	18.0564627221128
18.5840186473799	34.3171357064589	0.733128584225373	17.6876135770803
