18.4216415730047	44.452299234598	3.94743179753364	17.4536376092575
20.0538830337852	33.9295830889095	-1.86364357006241	15.6193624403645
6.35701678179125	34.9766116225582	16.1390122084835	22.990038345129
4.98666935735209	31.1569803868842	11.3786177582064	19.6749722808867
13.863437295843	27.2710437883071	6.54394779910528	27.9352065748803
6.93344519067611	37.7955542945238	6.49577556339669	22.472720537055
2.49460985280756	36.9245207680324	9.0440951801209	27.0610402399732
8.98902602947665	37.2569554775454	6.65700047845	23.6476263835845
4.84836031845116	34.3187399708167	3.62412729412385	22.8600598232639
3.8984780611309	33.6365756569915	3.07200571176578	20.2803849837562
7.54447167873574	33.5504627781937	7.00826523975657	18.0446130655525
7.73125727815465	35.8699738881568	11.0117933145836	28.2153724197451
7.85337061545221	25.7561910988797	4.91883750223742	25.2384523499354
7.23220186900039	27.0067368390275	5.43547141783016	26.141278470081
12.0884091064675	27.1793694552721	1.01983772637348	23.5884967531602
17.5523070419243	18.6033473857153	5.6862863739955	25.2221061177141
11.6345546986944	23.3980209072526	5.29749196840682	22.673361243639
9.32833024348384	32.7011272897492	2.48306125188638	25.34603301711
11.2155188112638	26.2722484515528	10.8701487610904	26.9421867611407
10.3197580238916	24.5701821127085	4.62361151388337	23.2287985602914
8.16698146514781	26.1858899880066	1.04384759258084	24.2498667367632
7.3193778213691	27.9183352913573	-0.349166267052514	28.3221624923767
15.4344192035556	25.9693125742743	-1.53553173827402	21.5454271661015
17.1655910324783	29.0631312215956	-2.41811906095095	15.9783775677802
7.50966763303057	35.9808462616311	1.01000908189021	15.0011229761828
7.36353437595442	38.7098860380248	2.10778322603848	23.9251999567312
7.00734926196961	33.2836303569385	3.62715581964996	17.8027489558843
9.4533579754697	32.7769535931767	-1.76080758317037	21.1249033604798
9.30798648149169	32.6511985029103	-3.57089446222982	23.9169834308376
13.874145618085	31.9666643398388	-4.49150351894476	19.6509916042958
13.8299301004546	28.2286698445252	4.15105111205627	13.9691930456624
7.1091148623774	27.7616446164599	7.43265757971332	17.7419904416033
16.7443865240231	25.0769585605873	7.53355608521909	17.0565826987454
16.6406244704097	28.3200050620841	9.38547518071667	18.4223941188444
12.9050369708528	30.1300570040343	3.15729948892207	29.6638621470098
14.1728165267164	24.5763958481797	6.45349443391845	32.2157468207132
10.4533442829869	30.4053542760862	5.40423764768208	22.8884938827667
9.49748310029003	20.5862901988286	7.84376104615459	26.7296603627454
7.67290950288493	24.9200698772024	2.72229774316177	27.4265578554854
9.69549333800532	31.7189371334401	-0.888726940179614	21.2210136352018
10.2095652346361	34.3977580523227	-2.61927395899445	20.5097031774141
9.98915517610196	36.0258353944976	-3.01245105391749	26.750242109839
7.11330178578913	31.7015243625377	5.83866325500972	26.6347837117313
8.00024267430211	33.0715192655284	-0.00513642033942574	27.3903877890586
16.9685571003219	30.1097148411158	-4.53463374022266	20.6282268998335
17.3081596322475	34.7457563267364	-2.28490661106951	25.3130406464363
14.3262301084434	26.3960379869952	-3.99619287554122	29.6624548893335
9.7138001515379	28.1941200462445	1.24804331690401	22.0584288819431
5.63815819253626	25.8401893051616	1.86512905873687	21.2499562858341
11.1578565811303	28.0328171037445	1.18957602384878	18.2199651047325
11.8302801105939	24.7324943252215	-0.803695614419853	21.8554883634409
16.8660244572721	26.3082582270057	-1.96999045784396	18.3458215705722
9.51095472265034	39.7361578779085	-4.44308903530983	13.5661046215936
13.5237416875362	39.8276463812938	-4.11661147136984	12.4542621813961
11.6579471968175	33.796799926625	-1.63427866061029	30.800970765973
5.88580187308477	32.5380432918457	-4.87854116360468	28.4150252339677
6.04136242500125	31.4780273787193	-2.74489365049449	28.6876805929714
6.23859520999101	29.1620506801158	0.317250792898262	23.3881527097843
5.57525364721921	33.4702902369648	4.6473104041368	26.3799144077063
6.19731804056851	34.1653580280835	13.5082019423433	15.7617390533246
11.8566002038244	30.9123797324548	5.60176886388289	31.9039260715775
4.589097360546	41.7159908543042	-2.62369211024539	34.0959460210993
7.76203308320025	31.0769046608991	1.52686019040521	27.2224473177462
9.73886691674436	31.8513971356376	4.6810942499558	18.7909347702352
4.72044002994118	30.9683322826918	-0.886409470384189	29.7255729953577
5.30305510232929	32.5049532521103	0.964450891121444	27.3120491509144
16.0122463885474	31.9566806568041	1.86455813474854	14.8676753561751
15.2462294521521	27.6849016614434	3.03215917205339	33.4597316920523
13.6324932081977	31.4530673982326	2.06483372344444	20.1324951393295
9.31861594858121	31.4445022422835	5.06028022940079	26.3599923576065
4.34092131560811	34.9406511265799	6.4364986179719	25.3705047684313
9.96251659343894	37.5336229520865	1.04091151593624	31.0217588367454
15.5568845411403	36.9956642491264	-3.06565311617763	5.81851754545369
15.4741391357607	34.1203994126512	1.55627196075781	11.6694248041113
14.399851816114	33.2594786453513	7.32637626005723	26.2665260115195
10.3823196369819	32.1639820592931	-3.07357405249864	31.5101580412615
9.82175985386286	30.2895727140482	4.65833717432973	22.7149695225548
16.3065429826981	31.6319069602157	1.23501804831606	17.3468907687369
8.57853968895663	35.6816059547107	1.55941371980291	26.2781786893051
11.9993751988529	30.9478697330321	4.45173011828276	29.5789142532762
5.58187858388384	29.8846487082171	3.24402024705026	21.3532054747942
6.58932585553167	28.9769489025327	1.22580507738578	14.568429786947
8.7981746099507	28.9284625194049	3.07993198442238	20.6415716393407
8.87359140748442	32.1402367598197	-2.19988338415331	29.0157282955501
12.743060114034	22.4457971343317	-0.908127378195585	33.9147792924163
9.76664903244743	33.238545979727	-0.59019873504549	32.1751524745454
3.30098018192726	34.3179914296643	7.8544009881535	32.0026972504348
10.5953226008875	27.5780750830173	2.89954641797948	26.5380976266243
13.3519635329445	27.9036438350728	3.02804913690011	20.7050057565557
12.3685238516726	41.6518524741469	2.1933335141675	25.1999112689347
2.6956144694571	37.6902485253004	6.24512308831076	27.4852809198612
7.22756966658792	27.3852449497686	6.07675687032501	32.1544893839838
6.51474808730828	27.6919187737049	2.34262729151855	28.2198381504589
11.1657380709727	26.6882371708171	2.06786575582559	25.8358680980117
11.0916892626625	28.2583093105844	-7.46090845808965	25.5008931469009
9.9503156055067	27.5103369772463	-4.13216449924392	27.7705021182151
10.8016275522601	30.9534423237695	-5.99492083674875	24.6590338072554
8.92455175178553	38.6408044187781	-1.25698543421435	16.3504429735598
7.49443950833723	34.0468213986103	0.683399175105992	17.2054140634258
6.82297925902129	32.4446294363085	-3.02347485739887	28.3493122997927
16.7484259644667	29.974374703547	-4.70460979568342	25.9221059879521
13.1348918860831	29.0440649851133	1.83689703485777	20.6586669761921
10.3161406314677	32.0954648973328	-1.43621571209306	16.5453013334448
13.9093113752261	32.5804332202535	-1.54429259324471	13.6494359093743
13.7221144733476	36.8837757243888	-1.96508693710022	20.2920120208549
14.7406023333963	33.1918800530021	-4.43959389645205	30.0624197141428
10.3031756554913	33.6534394301471	0.643058350921699	19.3385789458389
10.4100829802544	33.0992942860795	7.49927396341888	9.32085074721257
13.6088016253986	32.4598434651525	3.13097838817353	14.2729580704493
8.903642359385	32.3778815325604	7.34689661573807	26.955065538585
16.0269720749485	27.0820850846514	6.20311669578964	23.4459655568374
14.2924185496547	26.0468361634108	3.08462965341473	19.7242110171105
15.7831528413833	45.136060498251	3.31494301831466	11.8926061043492
14.1952605640111	31.8424260803185	-0.228576069931709	26.2749850592552
13.5652351425515	38.0989596946783	-6.61063326731538	18.5988237458257
4.83994308388992	41.7279373366073	-1.12371209553592	22.0749867707256
11.4419472781831	40.0846216339305	-2.49324519663267	27.3429658998544
2.5369461125032	38.2236096656069	-1.83106586868045	26.0451684176803
6.88093835082502	29.1093890133433	4.10350032313686	27.7692806480411
10.511848971384	34.3472179717235	-1.42333946588744	18.4424063928384
8.41287534976975	31.1545853236618	-1.6623896283779	29.819348397088
9.37487634619249	31.5917562211807	-4.99525979792063	27.4189255714527
12.2478084699221	32.5127101483881	-5.2821481733333	25.3110434928064
11.8569694816923	34.9970491907417	-0.473391546258018	19.957722506321
8.68588076575365	37.4029359339594	-0.157319898880184	20.4675645688106
6.23843154266427	38.9799305863185	1.33590293813849	18.1045548831601
6.33147001769894	30.7480384243159	6.10952308167124	24.8879464517864
11.5080813974192	33.455383057732	3.31162173234163	23.0829708759827
4.8927124398873	32.8590583890004	2.06578602888442	24.0661429047739
5.41083822930308	34.3460517785605	8.57797008347518	16.802053509074
2.75175877013558	29.5132651204102	4.70832680458955	33.8809958442761
6.31262955374649	27.7902021935068	5.62728512207798	28.2910550551904
0.71662612384681	31.0762208056135	4.15570891802019	17.78836484938
6.56428036924813	25.6587980439385	3.2307412078229	29.0398126997526
9.7357161267883	17.122229446063	4.41475455403302	27.4949278979104
14.014001669757	22.8622737016383	-3.30840754335772	25.3558644653737
15.9566758893653	33.8164808180239	-4.48577776746682	18.3281661850351
16.775429443851	30.4284831623603	2.74733655738295	19.6579378030933
18.7581296539157	22.2070452996674	9.01036857046769	27.5134366372351
16.4420881859859	27.1245966614395	-3.06769317618483	25.8120259760462
13.4332856411946	32.042425772658	1.26185665665679	20.142610839247
10.7633566383173	31.7754824973611	3.80820203865431	20.903692695862
11.0468261093439	31.7180862731147	-1.58092280556895	25.0240654307123
18.933869697403	26.4941336579017	13.3807437284115	19.0860454613435
2.57747502692207	36.3828696217302	1.28794747863072	33.0881745990624
2.20033057138229	34.1363564436238	-4.01659282863033	32.2931825810502
3.41491455662615	32.8992127397165	-1.42462849190089	24.3597356601077
8.27165575971262	33.294205653454	-0.98462655654263	22.6118225763142
11.5100964037526	32.6689185596651	-2.3504983419536	27.2246267213735
16.6897917570447	32.2725263283237	-8.29378600786772	20.3244447745695
13.3856967317846	33.6789180365815	-4.98994481140149	16.7420252263858
16.4338982797202	33.783708915995	-3.35883437895673	17.8524349644161
12.6069558291666	34.0910811653141	2.75878009845045	24.3512194652009
11.4753346643868	27.0981795923564	3.6596226293843	24.9591478218223
13.2698275800652	29.5559396068	1.47106676120637	34.5245629224825
16.4605915327879	28.1841627671163	1.39343025391196	27.2156262724629
16.9132155147703	35.5971754406274	1.13447714201951	13.6890019762012
14.684198940205	23.6858664072485	8.1596198515191	24.5808210740244
22.1859253148301	22.4418264240697	-4.65761456869848	25.2553275318946
12.0306452337405	24.4325971193351	6.58073563585954	11.9976088276043
17.5106985142207	38.3487396083351	10.3468220726677	17.3826857152546
7.12497160088502	32.7274205611075	3.53255916844087	21.1296191540698
7.56212592989933	34.3908163794304	3.61649123477714	25.6495915804209
6.32768052917023	34.7863394702772	0.834332847639449	25.8558657680789
9.55762650570341	33.7274192651721	-1.28188612298342	16.3028161925646
19.6397012074895	36.5417680218813	6.2728846968594	19.7829118462806
10.8504861900524	29.3848788926813	7.96824075494934	21.3885115466012
11.1765491408237	35.2260527460546	5.40648671778891	14.4305065597552
14.9484690865443	28.4057082759148	8.18423632280011	24.5189021925628
20.472254946822	27.0853742482056	7.40931108395631	22.1915561009385
15.9775565289834	27.3174948466766	10.3666356534935	18.7538085949794
16.2999183012537	28.563394871704	1.87084639708096	24.810722405099
10.4740564766888	46.0038716280763	3.49375446432612	20.4486193782219
11.8949430526239	23.3551913567602	10.1186750095213	27.0922731067554
12.3570956869056	20.9507455120916	9.29973719779604	26.1784095568152
7.5219488606793	39.8049746002376	-1.08488744219563	21.3441782175524
13.0908754702311	32.67401120523	4.82102819390797	19.5178743299057
1.96711613339199	34.7651703785175	4.46716014433854	24.4755353430449
2.84885861528945	37.0045551368036	6.84560527697407	18.3209171833719
14.5057790188079	32.2341810420172	1.56266990721427	26.1383974344336
14.472178574982	23.5363867138731	-1.87640027470685	31.6136386060954
8.84652461191163	29.452838316116	0.86063127157188	27.2265644140408
11.0536289660771	28.0730696535556	-0.861472788891727	25.4045725146616
6.71131330462817	33.2074447116701	-1.40194564701148	18.4744374778429
9.97284650111351	31.7732399052511	-1.3715697787475	23.8630604463006
11.721361054556	29.9348159672263	1.9526104398306	17.9719081264305
13.1485525354842	26.6255444640653	6.58848676097511	24.0838589332382
6.79134059240984	41.8570912894494	3.29160556298068	15.6944269170691
6.78901199845182	35.2779249762818	3.42080653462265	32.843263980065
11.6394878758429	23.6780096187896	4.42040667919148	16.0096563976895
13.7231939609474	26.6322829923438	2.93283316589598	15.6768177336155
13.2149112035832	38.6309182660657	-3.20867128154557	13.1737761109209
13.4119716801424	37.8663803560662	4.82344130517523	25.6804447145034
5.65704871892405	27.9963559720832	7.45057098494979	31.3421176976814
12.9757046332716	26.9505226366478	2.38625291242311	19.3048513039927
14.5925890641999	38.1410926014432	6.41581869753949	21.1302914191448
3.02175648250094	32.61415108035	5.53162411009957	21.3222539774553
6.45774397098671	29.134519559991	5.1792689191305	22.6478556169426
12.4619969925918	29.1396968832894	6.94055118060941	24.2944724606905
14.0425408576487	28.8547860040354	4.60387052663872	19.824005210319
7.21120011194951	34.1370192310798	-0.598292164463172	28.8669521658976
10.0726140443549	29.2518053414325	5.77916966289692	22.4322321637566
9.18505255111883	30.8725402039501	4.94599611968212	22.3483488710073
5.67826488941023	31.7458931010735	0.434911690623999	26.5440052823251
3.25126171039645	42.8072803055308	-1.58911902041218	21.8108492124325
4.83296074913646	35.868488138765	3.42540491555774	32.9498685477532
12.4845849300726	24.9264895553502	2.30434266633305	13.5544725903541
8.62421056419226	28.0301666921737	1.01524658284101	13.2079983860079
4.15398184507087	28.2796257641154	9.42594359813682	24.076236303883
3.74323304288249	31.7143089580337	2.86658168722368	23.4947270282708
11.0484479359135	29.3614037777284	3.21029725298232	23.985312086267
9.55456914433342	25.0685290682204	1.43930462468362	22.9620791820042
9.23524326488717	32.9132924592258	-2.55614606458116	23.8771765701668
8.70950612188246	32.8443825026179	-1.7886919095306	23.9817395386481
10.1459411439744	41.8674421308146	3.61862270067126	14.2219536903117
13.2808050118357	36.3379354120747	6.6829993359331	11.567870728174
8.78302805544201	37.5760898364292	8.27239251859076	29.0246896203018
8.99742681735371	35.4300102317526	1.92481544828902	26.0542086654656
7.27168851917481	35.6348015021014	9.21093163642785	20.2719010292542
5.94465726440644	34.7797352090317	7.49629128286263	24.4671548296611
8.78707865359167	33.9127427919901	0.875783297509159	20.0334507830722
9.26931535232717	34.545486017423	-3.70071593992204	23.0795979973185
9.69258691877511	34.3313218226455	-0.192351602891242	21.5302595944787
9.22823629751094	36.0861902047679	-0.0579717500995476	22.1441774588722
13.2124460988569	35.9148270978391	-3.4092494699674	25.357170980272
12.4018488858717	41.0721343608372	4.85483709787236	20.2602651248979
3.84071596830205	42.3058263401197	1.96624491334195	20.2223650784525
4.29850704904453	40.2658414051564	6.68931577790762	18.2318521872456
9.18969114464529	38.4560056778299	3.4600627465942	23.7921152029989
12.753738448014	27.8579174939239	4.06201084434778	22.808167276473
3.89042152929068	29.4546785277942	7.69713942911611	32.0340624042202
2.66838393196408	31.7281268669559	6.82051739700534	34.9249795698961
10.331770786273	30.5758953579295	0.0158058099684251	25.7170385835161
9.49253039087317	36.8074888638745	2.75575141740928	17.292897136922
7.57781283884699	39.8871354274768	0.673231136444604	15.0572247874754
12.629397186805	42.3029611986446	-1.66445837968996	17.4009272201749
8.5129879382859	40.7220131373349	7.97725530426914	15.8878626507587
4.05256007941915	32.1165665593314	7.77620897481183	22.5351533545993
4.92010837091812	37.117338980291	4.4422555234466	22.8743743509559
7.92442119810758	31.9274361746287	6.94625710897547	19.9092046126031
