20.0507173325719	38.8705525874065	6.39653402959217	20.6821960504294
1.69473255754222	34.989387264141	6.41075344080544	19.6265223054343
1.74114010325014	35.447224581687	8.67256549875597	19.6859131523696
0.0420763271660043	35.9793437389656	8.51018509867852	18.3486821995047
7.36050527634336	35.8488543723472	8.56641460017552	10.9270608824608
7.85933568831077	36.1334599891565	9.48554677675548	9.86709674312512
7.68884822250819	35.7565282240255	8.15498791117321	10.9130473197881
8.33848452637555	34.6892279972215	8.8799722831843	12.1898749990851
8.99207382206457	35.6207928118012	10.5132583735682	7.94878167885244
8.85883933510749	36.9590958893898	9.87252855313738	9.60564605249701
9.15926974657202	37.0703789960137	10.4456309633751	9.11754743472904
7.47787335449142	37.9355053089082	10.348277766426	7.62002507309754
7.62859696549607	38.4106903893472	9.50533077798952	10.2491423296072
7.43613830194107	37.2546844577947	10.1025069063562	9.5440639596694
8.63706937451572	37.3929881387954	9.79661724229831	9.37345551370856
8.87495581832908	37.1718459566687	8.37435327839425	9.01886852269274
10.0757319698926	36.1720097497669	6.18566985611191	13.3066416255405
9.83752736215251	35.2390816830404	8.48711510207782	14.3452685841566
8.48019161543694	34.9729971773426	9.57714772822324	12.7278687498356
9.43287432794682	33.208535925997	6.93705234880696	16.4188269312317
9.45177735304429	32.6592270751014	7.94996766771196	17.2794711891813
6.44955541364674	33.2536161737978	8.95361921025953	16.6033055320913
3.4949748660864	35.9438460011597	10.8486172111943	14.1876457104327
6.94035488710127	35.7720433579744	10.7043377331726	12.9646539137566
6.70090528245139	34.001552915106	11.1476070404148	12.1532238050232
7.44396507476744	33.4465343801261	10.2277210193127	13.6178672694469
6.23956108977677	33.6964549466924	9.98080093101335	12.3813010387922
10.9227691225568	30.8185684744225	10.3304977753639	11.7739815561435
13.8496916818943	28.7941795788318	9.10412287009344	14.0901300208945
13.2300888627793	29.941255975569	9.70202445678386	11.6590228373323
11.615752502999	32.3178001962767	10.3100734338448	12.720922383578
10.7681465950509	32.2926920778023	11.5583355180324	9.24123523161601
11.1544859612369	32.7328041947796	8.84969644158713	10.5103825675561
11.6164635441274	34.3454359013005	9.59291467818997	6.9103950865395
13.6308894812138	32.8725789110461	8.34788657089021	6.17732947116029
15.575200295356	32.0765700385662	8.40733548785725	8.59149341360908
14.97256835159	31.6734856252981	8.59730377202562	8.1056190201793
16.9402667208647	32.0173564834943	8.59257761203195	2.69217165023971
18.8607811796299	31.8827103590927	9.39092545836865	2.75498021898362
15.2686151518971	33.1383441869001	10.6647545641445	5.49608781041148
12.5226653093957	36.5377108945252	7.45375338775738	9.51762091563172
7.84424243018618	36.508127649475	8.73362768741026	10.8343163961622
7.64335393041298	35.4475019078238	9.09627984810322	11.8720175878143
9.99089186379612	35.5323112148328	7.34516720259027	13.7031992174145
9.5632669011199	35.3304489711386	8.27145142825456	14.0480259132347
8.89496831532196	33.4027695848338	9.35427767336504	15.3103401750562
13.1697378943823	29.6320349310256	5.0308980245306	18.5384886764226
12.8768583790707	28.2437543702538	6.65044542748246	13.0542615503564
13.3739568137871	30.3129775068949	6.17262560521949	11.8760278380439
13.730935870663	35.2817662680748	5.85540041906524	5.67659746262897
16.0582913916616	36.1115085791091	6.18731681370873	5.98776980242909
16.2126351581401	36.3534667800407	5.32264845487172	4.01870716399071
17.3761618506863	35.3984436966705	5.72291081837664	5.15351270404898
17.8683462433285	33.8403769599608	8.36437832795647	2.86514648151127
16.183601054444	33.5505057841874	7.99173272680576	3.90159433768789
16.3266448886944	35.4002165206111	6.38928668573583	3.82358110354634
16.7095126090362	36.7415110731454	6.46979522457883	4.16916961549059
15.0007904455788	37.083312757488	7.84392827746607	4.45845636073709
12.9085376830562	38.2429564489868	8.0022678857641	5.07973788911486
11.2725316694698	39.6540285382426	7.62697253266383	5.58277688827375
11.3258744155748	39.1723209448165	7.02011200271826	5.70880730580334
11.9849290311097	39.0001202424874	6.56339074219175	6.19965520476819
12.4605774821473	38.5464333216022	6.90288541659677	6.43158408121676
11.5035570376842	39.056577290433	6.63796984583211	4.7744479106333
13.5461434257035	38.1013828816607	7.33365875755935	3.97503493161993
14.4667707870786	36.9503176755875	8.73197822046377	4.57994397383608
13.3009107859786	36.5049533270882	9.79820070978482	5.51028560167211
10.8315155348391	36.7502337263627	10.1379139833548	5.91000767773537
9.92571025121551	37.1938873445741	9.10506057743211	8.80350184179525
8.78758867004481	38.405409081237	9.28674796349594	6.9493090658227
9.66759057102334	37.3064137793645	10.0841649079871	6.16754516790806
10.0541407243718	37.9460090756231	8.27186970442429	7.59856869921411
9.98014612927562	39.0101012441933	7.01094919053733	6.48801696012079
12.4554371937504	36.7887044791675	6.9164420529437	8.08579719529613
13.4491853140798	36.4947107021557	5.81812389239138	10.3501906336593
12.4711611791172	36.1765775827777	7.3333704336307	10.0727914502301
11.5140237303234	36.0447547513146	6.98514882778618	10.1196840379598
11.7428782110039	35.4818428384391	8.08594972019577	8.60611577309368
11.075594597035	34.2107523008299	9.85868392606924	10.4264666676767
8.47141169615085	31.5594164311828	6.60386779205328	17.5200018101617
8.02436434114001	33.1198474002944	-0.0110086742843141	26.2647758980701
10.0511453565576	33.6365120175423	-0.649504685538543	23.9425908623665
8.63823397638209	36.5578114047775	-0.916917769076397	23.7309975468955
9.74897846196698	35.3651857543672	-1.16891072216118	21.3370608550898
14.2626382069561	33.3085988656533	1.29708179066301	18.8609083901636
13.0835849116941	29.9331663184715	1.70186487200925	15.2162500118382
18.8894314588382	28.5249816967354	1.6512962579508	13.1526000086675
20.3232910912445	27.3044266634849	5.90605469744323	10.8848306058432
19.8787815072743	29.8687184756118	2.8907703431104	10.9956868376109
20.182448473776	28.3385069457079	5.39676823744221	10.846366096288
18.2964250240133	28.6162457925716	4.52430040666504	11.8799726581201
19.5011770605796	28.5461140778132	4.47814519444688	12.0859522779743
20.4516748471573	28.1820652799181	4.57765995404387	10.2690176902152
21.0377780375453	28.1129630472668	4.74993733347229	10.6030078864023
21.4157108440428	28.5790449164604	4.53869591475433	10.1228463430396
19.6440929365121	30.7801165613659	4.72828565597795	7.92176379861187
20.252203390951	33.2864555682511	1.7494349966894	10.8624124333632
20.0552204265433	33.5979751044409	2.33725370169494	6.70723468513818
19.7927065929572	33.4189561399567	4.05950008221779	6.71760683365828
19.1556488521909	33.9800277575693	5.23099997666297	6.67110637074326
16.6403490868481	34.3236253470957	5.88689712491218	7.85739015855691
16.4378252472466	34.2337455244783	5.61802619389441	8.59071533263525
16.9418115303757	31.7696646207392	6.04976853920562	8.56929504380426
19.1708674814131	30.6148242091209	6.54604931730001	8.45261354959719
17.5698491438803	33.0647346534465	5.68766099331661	8.41423170778695
16.1632943915996	33.9558975066689	5.05632784828729	6.81913267027381
19.2220305017057	31.9256457228023	5.17493896410495	7.65122813892137
20.5611224797934	29.7540171288694	6.16788340956598	8.02565179728126
19.1223206659159	28.9014869758279	8.04438013652481	7.57368401845377
18.6180020684672	29.2920473520113	8.85994335968465	5.4200681580312
19.1387998006579	29.8485409852802	7.7503357767728	6.7495299412019
19.5803316852844	30.2910833850125	7.20743113296524	7.82672992461244
16.8422793464269	33.9320306815354	3.69433741969044	10.8723050218157
16.5048233054112	34.9857285139298	1.86218878918501	13.6447390287382
13.3340028331149	35.1743297672597	2.83524089102372	12.273478836493
15.702599850963	34.297953952609	3.16488293042362	10.4955085950885
16.4108743835303	34.3534970315622	3.62045681665688	9.44761463409457
17.111182752223	34.7637233787326	2.39037842820577	8.98278847072441
16.1752553541072	36.7031994524809	1.37688955157243	9.72173260469597
17.9289847258335	35.2618982007193	1.26021629763015	10.2340153601257
16.9181264270753	35.047641961686	1.15721363578456	12.7399984697117
14.8053400301719	35.0112658105696	5.90751005728165	12.3429859123429
12.8298364193393	38.0019340892228	5.19916023286427	14.6921516974693
12.6713473775843	37.0472588734607	0.273823003808171	20.6799718556646
6.82778144742178	39.8020357262131	1.15711529186195	16.6408083919156
5.31710590579716	40.7357488987755	1.97377442405792	15.3411609356407
7.55778618307872	40.784259675837	2.83004450790387	16.1045153069425
7.37216649429754	40.5433038643775	3.09807497951255	13.6207757699055
8.68794199514562	36.1607996675399	7.30437379398219	12.2777066190076
10.0807291965136	36.2535129447262	1.81684894322253	25.345962670805
3.01531609527622	33.9788919693584	3.27458331196405	16.2692836920601
3.56761358360566	32.5133618020246	6.38235978115459	25.282175667581
2.54500602345645	32.8583755591109	3.69353950163755	27.1212216548895
5.60445328635209	30.8196881977614	4.02431941643871	20.1103202516162
1.28957125245645	30.7174802390631	5.37455874780706	25.5050275830501
6.60690519888921	31.6008174325573	-1.03107092909443	22.5006365503134
8.00724270292371	35.5730633716332	1.65303240448169	18.7494051515062
12.0548493042881	31.6659906156594	3.06752610440681	18.9037748438243
12.1740806895202	31.8321373935695	1.93117300131378	18.2860075205401
12.1531553562168	33.9511173676223	1.52504757608558	16.965235314595
12.7552994444033	35.1403982732291	0.531529130444802	16.3425285730348
12.0178677047288	32.0682199348671	2.41270369201241	17.0363807867713
14.3847027303336	32.5610118353217	2.5462754471279	12.9652466182327
17.6490742826948	31.5948765343311	2.46055258252241	13.2944947585415
18.4499391411192	29.7699418962737	2.49377022442239	12.9826963862462
20.3002943878954	29.9352857878371	1.82766274927165	12.8776068996954
16.5779754950626	36.5620521305069	1.54982009594184	10.7097837991641
16.8756781600379	37.4774850398957	0.199660195991076	7.70075443814369
15.644998272931	38.7179628077105	1.3931977246479	8.14358196602063
15.5239104824642	38.7109539627239	2.50374379718619	7.51939366253885
19.298392249787	34.2268297359833	3.96551987989235	10.4573917170879
12.7096143034874	35.7288323505147	6.50332828280789	11.0308532571313
12.338733039694	36.1319726867898	7.04434629383234	5.99054923429107
14.2946233785619	36.3241343851498	7.20094828958755	7.02471420107356
13.4973180075591	36.6715408465191	7.59831648807291	5.73556285670603
13.3059268282255	37.8333545619045	5.12626152018884	7.70667768397194
13.1008631650735	38.208865281331	5.80747879752883	5.19183019891233
14.387608466987	37.4547842609115	4.9677175768002	4.54079519487082
16.431241308656	37.1921454746112	4.47744632004121	5.15939367344798
16.8134135315447	38.1374310970717	3.74011636343145	5.81516460626567
17.0094862157818	37.7319608170807	3.61516053205281	6.21678945462511
15.5018674722797	38.6272210486011	3.65094805750281	6.40786498033504
16.1519797730798	37.0048339602498	2.89031021751371	8.33650009187932
16.3136283899956	39.6492581216579	1.62507888849592	10.5888308171109
16.3345961982441	39.7468443594834	-0.0177286962256797	9.61705105339689
16.5372383864979	39.6026719232643	0.488444446833704	7.6246552093006
15.2297519999939	40.3633212595918	0.673040222833047	9.53822761709385
14.3608105027359	39.3970333663487	1.10154414956047	8.34523077242715
16.5010261662597	37.7449753412659	0.754776092686353	9.20344912799714
15.8434993653492	38.267403156945	-1.15650718350519	13.5357564926808
12.9354528244807	38.0050594818703	-1.08867898270836	15.3162552886228
12.136569792473	37.8756674815111	0.4501309114101	15.250963275745
12.8108857382185	37.620321410349	0.463009105486743	14.7333638816657
12.3464367861024	35.9020664835228	3.23072431711583	11.6622015725985
12.9428361632026	34.198399297891	3.22703780476107	12.4920105127782
15.4042378297171	33.8102233526277	3.52952303968183	10.559543056865
17.4117892255584	31.6956968745196	4.31233091590243	11.7966451511687
17.8622483874811	33.0654585142911	0.968355905323748	12.9174373570798
15.5624869736117	38.3300974456448	2.2769707169595	9.46010472404415
17.3602815078459	37.4589399682561	0.583996352108834	12.660929427134
21.4280996241628	31.5964265227023	6.05659840239462	9.61040154483745
19.2555236539825	32.0439500178966	4.36928710029156	9.64475725452711
18.0844018742136	32.4914541836784	3.85624366002705	9.42939670996816
16.4767008684106	34.1591466749974	4.21644958848109	9.92771481149508
16.4551042802162	34.2446781314614	4.91297459876141	5.98004255208985
16.4797561163544	37.1735762033152	4.24338283313704	5.30557875731568
14.3485969322533	37.2440227769787	7.00983289227156	5.03080300922658
15.1082333544068	36.4235006698966	7.31535526318314	5.2953871657948
14.8822048207119	36.5118192608516	5.7509698032566	8.82703761910798
14.2774981500988	36.1726159826361	5.16544982250256	8.74899827229742
11.5634905016683	39.7216107316926	5.25620895945532	8.81462895863058
9.3078211444132	40.7967484432884	7.6698611846537	7.67442676901962
8.83633789503676	39.3043128207937	8.83051549385941	6.18237451149296
8.8320872530692	38.3129496121869	9.66107287319447	5.16352378357835
8.27411068935073	38.9201653651747	10.4236031618679	6.38528470434695
8.05336022377932	38.7072915044896	10.0478282724288	6.74425737047572
8.23758001300493	37.9169298052718	9.53127231444952	9.17106083657289
8.22182541294705	37.6396808748059	7.74348414701497	11.2088711396349
7.09536200152946	39.9167609003298	6.456000070938	10.7289043066463
9.41753910033999	38.0075259318501	4.78937907355739	14.9899551117233
5.1913828009665	38.7241391492166	6.6692435492911	13.5655686025561
4.21315712435018	41.9787816544154	4.95099586901803	17.8387687581017
6.90760699845697	36.1776053466655	10.9890986015135	15.9840380137212
8.2784931165898	35.9336054677896	10.7364242444793	15.2898212794571
4.48634696773569	36.272117279359	10.6523987664888	14.7154852880522
3.10027479821557	37.1417557358563	10.3128072796436	14.0855472807198
5.77576186366195	36.8229102812529	6.33542409750776	14.6114514435067
10.1093098445342	36.8040914883658	3.86530126686948	13.9850722502342
11.4720723418436	37.1056501198381	3.05296894425078	14.1654434242515
11.3202996332116	36.1011038090215	5.46461609328086	9.53751076683019
14.976816489777	33.6858391995169	6.40048540798867	9.30873926056611
14.9851328676473	33.6617420320759	5.8038706183053	9.15817657291938
15.7975767955091	34.7478614199756	5.11458780985246	8.90562821548753
15.4316735285895	34.0349904645084	5.38186263500174	9.09407987162792
14.0295737381892	38.2584075314774	4.53603194302341	7.20184789216457
13.3530504960434	39.5581535759638	3.43027729436116	7.00105027938572
12.5003957334773	42.6015897441912	1.71325500950825	5.41842049971495
11.401091576418	43.1321523206712	1.88047309055934	9.72702224402758
9.79993684203748	44.4851292677628	2.32700877892818	12.0850866158097
8.6817484033068	42.2914023161535	4.0776461948834	10.4742546785227
8.60335740215126	41.8431287980308	4.40770882686671	8.6014259068092
8.98593963096131	41.7815503233752	4.74992884807534	9.6564192349124
8.68617716916118	42.6261356473163	4.89383119766472	9.81942691083447
6.75127460570489	43.3346351441995	5.43695688552476	10.8835493782727
6.08805011207169	44.6820835033744	4.18117242109504	9.78425802716863
8.58402540888018	42.9362716799292	4.15722022948848	10.2241498150161
8.58112831903483	43.4750460897263	4.0176333266039	10.4778897369755
7.80336261237624	43.8238018733973	3.61600619791033	9.59152800296522
7.97754603819044	42.2833837427639	4.51187371202603	8.8317778348218
8.81585378120371	41.940047156099	4.29088826426547	9.13251074333663
7.13634530705462	43.7721206057218	3.11801221124139	10.9719881162928
7.0775685402856	42.6894624808979	3.37415291012029	11.2654146136665
8.24861972260408	42.8194000665906	2.84182434451531	13.1008380750468
9.22272499647659	42.9255782767075	4.3614591600414	14.7384262044256
7.64414343280585	41.8346663505969	6.78507928635825	13.9953901065787
4.19726738461191	44.5540680794244	5.66018686448638	14.6547415126669
2.13038550439572	45.245677626865	3.08290529004453	16.0044899237258
2.64408642183077	43.544990843032	3.95260226891595	15.3388978666425
2.6988313089965	44.6164897618868	3.90276546870993	14.2927788836704
1.18635045587104	47.0000363379166	4.0790230389841	12.2747206611399
