21.3934839480885	40.0340109658146	3.96587243411959	19.4635820576369
21.0826536786901	40.504154226325	-3.65189834698075	12.889499207305
3.93528929512671	31.3059924762245	21.9634480125739	23.3290567289205
8.78879407706837	26.0208962855379	8.48278643354687	22.4106408581228
0.377679752169797	26.5184185442033	6.92656807429014	28.5880537547157
11.0176847040464	26.0230800954099	-0.033101497079743	23.9458371371519
13.0190597718755	37.0041591280545	-5.34428257665947	18.1238289362308
8.8604909562579	39.3595137430051	-3.08562011166569	19.9904951936833
5.955345105294	45.1845440477169	-4.50112427042571	26.2908202353967
4.42493651991449	40.9375116627404	9.34800410719814	22.3329109037397
2.32992004709491	43.7601354869649	-5.17722086904345	27.6224983730455
8.24567143205803	31.353789400304	1.67875593164713	27.8167369510149
6.96586854204406	30.7223486231308	0.996412619573631	24.242605329966
12.3803259905179	34.1952013789344	-1.4725468607276	17.4439164372252
10.3244985835027	39.8897136500412	-3.48235640410625	21.65820062546
13.0295624123	34.5475741065414	3.62917827181423	22.5162943097926
13.4197466467224	37.0969255638231	0.871026188736336	24.455031966248
8.92759474437973	40.7473215698916	0.891738242436889	26.2687108690962
6.85148234693481	45.287081886148	-4.86578422575663	27.6830381599366
8.93305484419836	46.7918012710521	-3.89041084688536	28.5115847787458
13.9209957631634	34.2756069048881	-1.45886593157805	9.27223365796839
19.9961146829979	37.7459905406102	9.73638238958635	11.4903168349544
13.5613128214001	33.6303550078556	-0.798046792712132	10.8728834308075
17.9215754558167	34.8893053274624	4.72600062252574	9.55515307297012
18.4921935441385	32.0778923043072	-5.20542367253832	19.9175505113258
11.5054591217491	38.0128324339876	-6.65533000262834	25.5268000862557
9.16827914822303	32.5888072611542	-4.02726292502515	24.8974699094404
12.7136928663162	38.9892241819396	-0.943679765872442	23.2870155895279
16.0780568146651	37.2772494298223	1.04444702018309	30.4000496900068
11.9041615152667	21.8370082327437	2.68391510566953	17.8391206439944
16.8701677243426	27.4812436597694	-3.21463082588953	18.5343975469829
9.174826020395	31.679083414403	-4.0895190848757	15.8550907381238
13.6343974024258	25.731208328623	2.09420035455632	19.2577549114806
15.105868093588	29.5182319351967	2.30631632359955	20.281307387168
12.2080813119682	20.4689736821253	6.7500665700275	23.3160256604847
6.15095557578708	22.7661432573303	4.24716802874836	22.2527483418767
5.6210522648625	22.8521383498526	7.87974345360208	22.098335889929
6.17982098046148	31.661535819593	-3.32944175598887	20.5631528359996
10.3246352615831	33.5070733947392	-3.25512290098892	15.4360634028874
16.175396158739	32.0025284509401	-0.0334616760276383	22.4651853121759
3.34450191572401	29.6055007786716	2.89844490041807	23.7275418579521
8.10073826567327	32.184448660374	-0.945334065110981	30.23986004162
4.7329526784723	31.862585729942	6.75902973195117	28.5838782075735
4.46760209400172	36.4660795741697	-2.73781047125773	24.3557783580616
7.43404158547576	33.3889158553424	-4.03391320000489	31.8947973652973
4.74829529562196	33.6045664659681	2.68933600538324	28.1905394481726
6.14311057524626	36.6859107588476	3.70302721489851	27.3929271186933
2.4276516103463	27.401353466144	8.89547321111594	22.4026395309925
2.79857967842996	27.8409843713103	11.3852325729624	22.6915706600272
6.97336534565473	18.3537583951336	10.7398124151462	37.2508610071111
12.6811136128654	20.7179895400172	12.0420573365831	37.9306490969216
13.886741685829	14.3780707780172	5.37596935107866	26.8120917159436
17.0943444894243	24.0638503367151	-3.6080528383187	23.8092344703423
11.3365881747183	42.1951126940618	-3.58512988215055	16.9023661206735
11.1828686247613	29.9925338621321	1.06589138003248	18.5497358938006
12.6315629789131	28.5231637163833	1.72142481100481	26.8717489632105
11.5480253616805	23.5649138412442	-0.391658835177744	23.1295878284869
12.0182714871588	28.0158985944469	-0.31642257247338	21.3098336472215
11.8880524666134	40.8087220713849	-0.14014750927999	27.4480484026864
6.34686300966788	42.5868366770799	-4.64963745348985	18.5168523827017
17.3887140133391	35.7437472230323	6.48710209213067	15.1184103327915
11.175236256511	38.6575513774097	4.82279697361269	16.5972744153925
12.8756516094897	34.6509135652833	1.45015077127942	19.0638873858489
5.64885771639076	37.9271274962001	7.15328321546683	18.8279965722114
8.11385594238667	36.6868429853472	6.93579317517363	14.9850904169292
12.1520780832858	32.7724193887677	-1.09227137931314	20.4373175657106
7.72174436689249	40.0358178223306	4.73734271188575	17.4923600483661
12.0351460707847	32.7455106599559	-2.76657402340946	23.2383288102626
16.3321070947226	41.4019292699642	-4.64620805407184	25.837911647341
4.4898960708366	35.2587223601996	-2.74040420601385	25.4275917466365
9.86410005712834	29.5129545628562	6.84195296761963	25.8494213032171
15.7611053441781	26.7446863478887	3.6073082474947	23.6952007137806
14.5998045387807	28.1801662720307	6.36145599642322	19.5378244081147
10.3744630182863	29.9480795927913	-0.738387093678747	15.05814343175
14.2091150585306	31.7046635419977	0.726631587210687	14.0927973058641
18.7715161297153	37.1259967955915	2.42583105883339	24.7735159410322
16.4968173578444	29.9005998614491	-1.56311983537348	21.8990147444514
14.6009821370412	34.2609901391288	1.86813742326153	23.7883460945544
15.3444783524778	27.3741097392847	1.0941159532736	19.3547341577038
12.7249693656508	40.8809817669315	-1.3913647487429	13.2152460463067
11.407319032664	37.5217737171984	3.18323115873512	17.763346912127
7.98126238638771	38.198281087633	0.442362567962965	14.7535839292892
5.97105233647186	37.0980823668946	0.14847423968077	18.9609867439345
9.04071626839381	37.0648295036812	-1.6378178625071	16.0848350514836
15.6153206416287	34.5533297630322	1.08222924965531	11.6118353018343
11.3350973477682	40.1397567107015	10.4347544166303	19.5352982602484
9.92248374310578	30.9729052594254	7.14550149422573	26.170885186962
8.50977034704027	19.9770805429058	7.79214208508345	25.1038754334103
14.9103916755432	24.1565160892321	-4.28914592292412	31.6831794100023
14.0207478367689	24.4757036555701	4.40400015173228	16.8748765902735
12.7881988718578	25.0043115642599	5.50499953005561	12.6950901308094
11.9561258302846	29.5767895759413	2.2447173009935	12.5584626438684
12.4116722699099	28.242652637265	-1.96051741332457	14.079497058409
18.0661155349105	32.5994837213701	1.87648116100701	14.932475364627
10.8943286976594	36.1984679630993	4.07320352226617	17.670019576186
10.044402441071	44.768077532485	1.59353235981665	20.982130960092
10.7026696168608	42.611208336968	-6.79923869424262	20.8185581965316
7.07600872097147	40.8185426682048	-6.72831801873908	18.3457972469327
14.0646540109876	41.1820643279516	1.83761571157699	21.1905529546765
7.72198122606032	35.1942114128968	0.0722519055897735	25.7035638239449
13.5429952368702	28.5889826800911	3.86138191017829	21.1076538332996
14.3765359889346	41.0392691568667	-5.01512301037452	19.2805185158874
5.19458563119907	43.9952926273499	5.44563656492698	21.7365847726741
13.3312283442811	40.9243770087863	-0.284979293992944	21.2880896251333
8.79559135974962	37.60426566338	-2.847711685518	19.628341150066
8.49851361977144	33.9370820027887	4.61547983286035	23.0119302595122
10.784399257598	31.1774677049678	3.68340854707238	26.7433851702087
11.6259771429916	26.9370096397896	2.54848846568282	21.3744177642376
12.7006082530152	30.2640888036539	1.13651227691619	17.9734569126202
11.0123876620344	32.7914047650023	3.34791514037407	24.7570647507214
14.639177750598	24.7746938403787	2.14920849252722	27.9015218299285
4.99466583303741	43.2102645366305	-1.20202794026353	21.8801966408187
19.6418328385383	44.1469734514572	-4.04597889154625	19.5436384969956
10.7420219935444	38.8943607856031	-5.66369820866334	20.9882992225333
10.7621201208515	37.6615826599768	-4.27088836455318	20.7864123348712
9.61207212492573	32.0106544346085	-0.882158007152111	18.2555245024717
7.25943465090187	36.3810101151934	2.26498536319113	14.8299795108481
16.1388061334584	37.169107631827	-3.3225839024742	19.7716948253688
16.2583117476233	33.5250718577881	6.30950233714956	19.1722823191159
11.3974972443144	33.6562728024017	-1.54712180325461	31.7877914827042
9.49283967536067	35.7848441303342	-0.718179898780555	18.9373286721022
8.94447692247232	32.9959256810814	1.39568387300219	24.1241869488275
17.1127621647542	33.1191546031021	0.53979942935843	16.3482630595816
15.2138635916275	30.1509875254832	-1.54606664192539	19.6544487861237
15.4493482578186	32.8046082468345	6.60530087433148	21.2106340155059
12.5537665018255	39.0336228994521	0.0809770437224877	26.5727069615017
8.79007225319763	35.7551553001496	2.97665411245889	20.865811020099
10.309609502312	34.813587110849	0.949331644111044	24.5304032274145
15.057110329302	26.8277944316024	5.25266249970038	20.1246142399645
15.7603859426973	31.4707432504287	2.85197675534029	17.5173504805704
15.652740386246	42.2943587904826	5.23104915002797	16.9520950705871
13.1488528466223	30.0892289552528	4.12011506109003	17.2010081440337
13.8782716323992	30.8428189565118	2.91800229650427	25.8453453091773
7.26457852872331	26.0477632231564	2.69711480316211	19.6636261783409
10.5258547004349	24.0159015328176	-0.0289452944101427	30.2684694555526
11.6782528187207	24.171052453436	-5.81417647489921	24.1222221687853
14.6798263515404	31.953997641664	-7.90613529106245	21.6002434822216
13.7893263345643	33.2919130165614	-4.80460701577008	17.4512416368321
12.7896133687129	38.7248536007032	-5.21466239189372	29.7514853660919
7.81044593557925	35.4666110494659	2.24184053245935	25.5313552834064
15.1318753528881	30.8967937722091	3.25258956825506	16.6593130167201
18.5683540393558	30.5812856108231	9.17075485758629	23.9174600723712
7.99552930562718	39.411840717802	4.7767216450499	23.0256171707072
8.1937181583585	26.1935025172829	5.75793271129593	26.3431542417704
6.58437492034462	29.9751311831652	2.27010210140283	20.1874743383116
8.25471837511365	30.1942101924225	3.20766730795289	23.5705624990835
4.62114786106098	30.4934762244658	-0.148951529034875	31.6174176613757
19.9162849887474	31.8426998112947	2.13487129548176	31.5116492372613
6.39640432008665	43.5718990165356	2.20925430837591	29.5078356537373
7.87688073843411	25.2744292822033	4.00318661775013	24.6392711853945
7.86462587911329	31.3765878421552	-2.82793609366363	31.4282049002463
2.10708364454545	31.3290967746027	0.102878066836091	24.0508714524435
11.5777309394152	31.0032235915263	-3.13698302778741	18.9803111566677
12.2152398079488	27.5609793465841	-1.20659858278324	15.3970331036932
11.7020421936031	31.2515090401904	-2.06364477760992	18.4312384312088
15.1773322671506	28.6172690981648	-3.55542022370976	18.3438045477541
12.5812495145801	28.8194270705454	-2.08602049793909	18.2857916680631
12.1085822895719	41.4736394624806	-2.46759083062271	19.12149420207
14.3111045906106	51.2682129683682	0.611378455905153	14.6603099459882
9.03823079560233	49.7527785707143	-0.525966714231387	20.5261027312429
9.8816137924232	46.5401549550683	-0.503031455359126	19.096544730167
7.02148520590543	41.7560080654898	3.22488404120628	17.9165581899389
16.2086823184225	42.3119139465433	3.88132023909745	15.859663312063
14.4684582146505	37.1257740612071	4.32007019459886	24.1703591167292
5.8845265655677	34.2884090267051	-3.41591667564901	24.0913208268879
8.2079971956636	34.3619911073637	2.54746563656809	18.150702286944
7.76238152039938	28.2344408383522	6.14356461370917	20.7799361953178
9.79569468861215	41.6887224507464	-5.47853727406853	19.9900821647273
15.0703254829138	41.6737482015382	-0.82989952288766	27.4156418155654
11.1706610225083	36.5516848687605	-2.83859228413569	31.2501229900275
3.4523166420952	23.5062269095745	2.57589566590248	29.0992573527959
5.89739780573881	24.7967140491474	3.21404510712234	24.0838848026809
11.1939219029505	32.2589476311933	-5.39481974836456	26.1470739674585
14.8056671505678	31.1043840869905	-0.845083551599464	17.9467795986074
14.5902801647667	36.729423402773	1.31667265517003	21.4751024244077
15.3196162202517	32.5490892666808	7.78106825740374	15.84605671524
14.0597288248251	35.6349075940521	2.9877611887419	24.1956732204727
5.4830340778608	38.9757862133989	2.78252767257033	18.4073071267068
8.9892334065553	32.2134190803824	6.39236403055077	14.2743637556422
11.1707957408544	38.0153032258583	2.35720913283115	26.2695631202522
10.9318699959603	31.2214108065336	-0.887051845122524	26.3891511781991
11.7851823584114	34.0292504544004	-5.47005011966136	24.8487021068572
15.1454376351957	37.8720062829188	0.254710182242262	17.2899386941395
12.6644943034779	41.9561415110337	-1.80807658956303	22.3859462054848
12.5666663056349	32.4217516128527	1.95178636795924	25.5450443184404
14.8745630244834	38.6722478750301	5.23992630978754	26.470861610613
14.0442630325501	36.965366964645	5.65355574157886	17.9399327310427
17.8762173391054	32.7596020964691	-3.08894746559807	18.6894604545711
13.96004001788	26.5846127025569	13.5959383465728	22.0149442465644
15.6550721367936	31.3631847859904	12.8867359560645	11.8803801098881
5.53666947270964	37.923740414957	7.823088821835	31.0075510990877
3.0461812453698	33.518247370626	0.213294362947647	26.7983672278073
6.89591368094688	31.782119669155	-0.0661591670122617	24.1989526035335
9.43025621686278	33.4212388160124	5.03410225998418	21.1734710726027
8.78915476050387	34.7140997104763	4.7018455507587	15.9238538615827
8.29688534188817	35.6450289849521	5.77097639221121	18.0180350206283
10.4380335011686	35.1064136962735	0.622107823917574	20.1209542179501
11.6389076722376	33.2462123944484	-0.616656985590233	17.0088752755916
12.5768350120868	35.1130327594594	0.36293713916411	23.5019939952551
17.0322280694277	34.6729888290294	1.26164384028261	28.910038940291
8.19508850677194	37.3842573550657	3.05184892237008	28.7211621188287
4.83780616043432	35.1262432160192	-0.0634200070257442	25.1793727520217
4.61080482441696	38.3479314004408	-4.80878048252493	26.7978009543676
3.79507394719633	40.4166039276875	4.9137597524384	25.2440661046109
12.2151948050843	35.7977417040205	1.45372899182234	17.1392437599607
8.5186562536327	39.1413663792013	1.9451494459132	21.6582575061366
10.6333654578541	30.3744808326996	6.2364642885367	18.4341105410409
12.0669147204373	35.3505328534216	2.68249036323676	23.9040279714799
19.1342892026042	30.3654398713935	10.2592356468767	18.4033878433659
12.6149059263848	33.4677239588187	5.83145702116756	20.1626690576926
13.2468609791662	36.2140830081613	3.5683925249484	23.2009627723276
6.6644756219786	42.1623290258608	5.02611521075036	15.3972593860045
14.3019770346325	30.8006034859605	0.145687954778341	17.5236660407201
8.0742318743503	50.5010726174809	-2.52241516533193	24.7240121989242
8.25991732978357	38.8894902576562	1.78476316200528	14.0273122373699
9.71724107265844	37.8628685406279	3.23777334343601	16.0108007793977
11.9130781045935	33.3185112906489	-1.43653279848546	25.5650604167684
15.519739672058	36.526624133811	4.65063865348429	18.8547368525935
15.6582919110018	36.8158494839451	9.86213358869508	23.1951894004428
9.27370025502088	28.7184296175006	0.417032014166121	20.1188834964827
12.7358903242791	28.4554578432913	1.16998635517166	22.7394779420987
15.524530338175	27.8215826174606	-1.36857900413972	22.5663743166783
15.9890842922548	31.1417384480488	0.384317444457593	19.4687311769061
14.0948141501801	44.6816059206822	3.69424179524395	22.5713326376146
6.09609465988781	40.4241082710896	3.47375897873455	18.6698552087089
6.98134869833369	40.6394872829774	0.831140825213319	20.490678227428
15.2976078581533	39.4904131147644	5.3487369638839	16.1169578483474
16.6878002823384	30.3008588784008	2.240064210925	19.8634467957803
8.11281666039096	39.8211340055435	-4.84582884543042	23.0523021133573
6.67289790124254	39.0670107988275	-3.30171275724123	26.4193514282566
5.83008836872005	36.7968903839222	6.06326422590539	24.0920242798438
1.36883818612005	31.3841628617241	7.01740851833298	24.6988263019284
11.3223646025677	29.3887338998551	1.91258541283011	21.2227342246023
12.6268727757551	27.7363868536738	3.22708979865468	28.0494299233338
6.32410423601251	41.9897886355718	-7.97831602053151	26.1133638727857
10.1190912848358	36.5999249964332	-8.36694331416148	23.1420840979932
16.8998787018113	29.4354174928119	-8.24493183330852	19.2011013358142
13.7412581151925	43.3646256660912	-7.62892047056757	19.1121687005516
13.9223482211902	34.1463520538863	-1.29517670368605	12.7775140187014
4.55735137912287	38.6565489902031	4.27256104655735	24.6651839731503
