18.362367382756	38.2700455551982	6.71796417387122	21.1608985442641
15.5755291717818	38.2745688259617	0.603420402114476	23.2295828712146
14.7361338512732	37.5695560467445	-0.0253578367104765	20.4891055197052
15.112112934733	38.3424820206143	0.242640008852007	20.6986414993902
14.1211255280456	39.9528341591373	-0.580991509526604	22.3827547429484
15.9646133160174	39.3938387525283	-1.62947381360373	21.6976973312725
12.4204009784341	41.3407763899319	-0.674824262763468	23.285038950787
6.06229285381286	45.5752788963743	1.61078824915075	22.8083141845922
6.42016436727612	43.0007529238319	3.75864204002454	18.4638323261674
4.29103254876485	41.9419325455479	6.05559373723253	19.5714885670963
4.16959788627313	38.0756167984023	7.6986957293181	19.9433640154347
5.23298430188318	36.9126817818891	7.45275015771485	23.1730117432039
1.76092131923339	40.7356948523942	2.98575291435334	18.0945401216202
5.67309248303294	46.4160086594579	0.999756705762694	14.8476727955319
6.82494171471566	45.5272281456796	0.509059279268803	14.2619151972054
7.37487900436991	45.724508250883	3.07056095609381	14.8854609696015
6.91522383699457	46.093716879112	3.14849832051352	17.5730227909674
5.95669409566193	46.8646604132788	1.92028931996704	21.1696437885599
5.129078206592	47.0091063649145	0.984544188015491	21.3605369231278
7.61129777878659	44.5317335589668	1.0308563647733	22.3021478578062
4.19800260167449	46.5776440479349	1.03371933628151	20.4625559100276
7.67688004888258	46.077803406075	-1.51041514711059	20.1859576321633
7.22157928969463	46.1091620592888	-2.22013480966515	28.2362261806354
6.41479040481181	42.7145030134341	-0.721884776369921	26.6528446454273
6.70776468210799	43.0891787106454	-1.52855813806652	25.0286030010386
8.39365388210319	44.4422598531527	-5.66139063869593	21.2182188648797
8.62393224347481	49.5078072230389	-4.95682285620957	22.1012898881407
7.45769899590904	46.9247628919607	1.28856084088669	14.4626785719254
13.2234737674802	40.3879394041201	5.43920474837409	12.1014287275188
11.8004919390525	43.7889591030603	3.58021916367919	11.2346102086753
13.0763252763576	40.5398454741373	6.51054258835362	11.441160216827
13.5092855044208	36.3251994977876	8.28228502084087	12.8587173459978
12.6247167750319	34.7560427369721	10.4028861342608	16.3429865635858
10.4897216654154	35.0387965523809	10.4298303580522	18.697853640087
7.65159535753472	35.0046406438745	7.41541301396834	17.1081252827148
12.7280346249685	30.5613364713392	5.73046038190992	21.0022185362619
18.398434493222	27.1292848902188	8.82300002065646	19.1830051377151
19.5172039479918	29.3495047834377	7.81432117771353	20.965881823945
18.8112161043069	30.5865579258326	-0.814458033940012	28.6223666033812
15.086746671234	28.8682813170973	0.344270968405342	26.7526005655863
17.4494079975931	27.5511977797074	1.67401488897699	22.7525892165738
17.5103893210699	27.1273954700379	4.07726388548275	24.1343818963491
18.8654488102121	27.5308568484114	1.76755744019764	21.4166914157717
19.5100566584409	27.5699860110899	4.16692706218986	18.4738712756111
18.2424234439032	30.4056521643924	1.71951092242329	17.520745690447
21.2869631432341	30.7653656328721	0.221922225170536	17.9711454050291
18.3735493051798	30.9362687572529	0.5226636210836	19.3684568852794
20.2684328355983	29.5684991573607	1.54376028405137	19.300670397063
19.4583598012261	30.2669358352823	-0.876158777888794	25.8710782762574
16.0940123986392	34.6406954020885	-1.34750159818538	18.087491646591
18.6597775052406	37.0375928009552	-3.61869238659665	29.3271052643925
14.4661535824753	39.1044450683925	-4.06390173024536	27.4113390052028
11.8477547448212	41.152093005174	-2.81529067966317	17.6119810535903
15.8669004915365	40.7250419616342	-3.81557436377903	19.4865863725521
17.1030889979715	40.852320879569	-2.27578582425764	20.2063295493424
15.63930593358	40.7031126294946	-4.3492856661181	23.1368747196757
13.1806056057745	40.9156970525103	-2.69639193169217	23.8641191789033
11.9011509861098	43.0451595162915	-2.92993632932569	21.6128070880573
12.481502196669	41.2101901268508	-0.791778659736529	19.1492803695182
13.4746516400774	39.85832357092	0.325773102408483	17.5787137389423
13.996858130123	37.4108929816837	2.69722391030907	16.8803926775464
14.2568006216619	39.24415249156	3.41801143429447	11.2347489149224
16.0132343323304	37.1221805828547	4.10213150960598	12.9719653838228
14.7774061049669	38.126800135877	3.1080899847785	14.048035627909
12.8390733316463	38.7992427928188	2.15634658069096	17.6840944069589
14.3381844298836	33.6374813117409	6.02421962485669	17.7409740251948
13.662133003594	34.6610603117706	5.04347576589344	18.5408133960788
9.2170099197465	35.4935178774731	8.58480987201465	15.1455557759379
8.94050704599796	38.3839899729328	8.25319684925802	14.2861652647604
10.3480474713989	37.1695562232887	6.90966893504611	14.9985699396108
10.859181775785	37.4305056094068	8.22829960863366	11.9188089554014
11.9395908550594	38.1810072518761	7.00237919211706	13.3173528566211
13.3200557273478	38.2533263107428	5.79971954486226	12.9730616547894
15.8946602146999	35.3312949831264	4.12393285221313	12.6471300950069
15.7121075925965	34.8806577776225	4.14514684610893	14.8985260867185
19.5684299845378	34.0360799369518	1.93203477215846	23.6730119448758
15.5259201839929	34.7904741830819	2.13828965980297	23.8011040983393
14.941047523444	32.8417685184908	5.23635538486502	23.8136201979441
13.4625223863809	29.7562699275372	5.20570645733994	24.7859949650477
11.5530455738287	31.7589138633852	3.39201730369848	23.5612106638815
10.497698657296	31.129685989516	4.12066538556058	24.3889642197541
13.7498061303863	28.4467118638506	3.15400507009773	22.359376260349
14.6933479871374	23.555755292133	4.69528313900529	31.927307822276
14.4473291537577	27.461714523912	4.76694768236203	19.6310771992431
14.1198644693793	27.1044284227048	13.7113900011144	14.5639028441362
14.2497970856968	27.8574723662553	8.11297739561579	20.1570264454201
18.4551034239873	25.0469176908908	9.17250613387606	17.0945950918101
15.1769528669611	32.1850561336603	4.13087489953196	16.5851929522321
14.5022201389021	41.2068107032318	2.58839429012038	15.3247920182661
14.532299052553	37.6843944920496	5.1096961988481	13.4088885313058
12.5614815947279	39.0614639532095	4.08160961077181	15.476846114655
11.6834887300297	41.0644718357657	1.80001305493158	17.0528062600104
11.9749706704916	39.8374191141051	6.60517684959439	16.6965794730393
12.4143391914593	37.19905021844	5.01316904585447	20.3136224676316
12.56148856733	37.6927790342887	3.59500334860396	17.9302259330138
10.403655701261	35.4616062705409	9.1494205089443	16.0155011150121
8.30155444540372	36.5292262905217	8.51109753657505	16.1996317509103
9.1915526456591	33.916303258755	10.9549541269736	11.7332420206361
9.49415428036126	33.8103698576128	14.8226737175895	10.7990827899905
9.48021294709906	34.127490563344	12.6736098847933	10.5096855712602
13.9286027692478	30.0157964478077	11.4147542086076	18.684094920317
20.1597329309118	21.5544041818812	7.0938488533366	29.520511266242
19.8325315834206	23.5274267804341	4.20072935134596	20.2404982709451
20.0173581351878	28.4563008847572	0.249267673852994	23.3278001398905
20.5847098682474	28.4994027146995	1.65801978351051	18.2596000350206
18.2386942095521	35.1721779762289	0.823649653768785	16.0496107263885
20.198809929377	32.9446469100646	1.9700982009987	14.5760393357217
19.0091710240405	37.6898531515605	-0.59999397855849	16.8924007802583
13.0430109342352	42.1035462074399	-1.11067606734709	19.7837431456144
14.0031086485943	41.8179453031048	-0.632197352518988	19.4525587146352
8.75341261691587	43.7300369155767	4.98294425111105	13.1032557112243
9.33559006500231	43.0908992456446	5.62441091280078	14.4876719198268
7.82274522470002	45.1681384689447	3.3339311057028	16.7643827434708
9.18923015972712	41.5794896235205	4.30385122338604	16.8118911657561
9.06458936875246	41.0755266243637	4.6838803554529	21.6078600947629
7.21393561475865	37.9455032757196	5.90777498554603	23.6986358006369
10.3812376768286	31.6767760341699	6.97998007072354	22.0692883371584
11.6269935625628	33.9339526171045	1.82201064668814	26.9419051148871
11.6169732697331	35.5385864689612	3.06271513807086	26.9485775704868
10.8345299405318	39.2224229728995	-0.717990355338328	29.3554503981369
11.3959339103003	38.0553706343089	-0.270428500080557	27.9856630405274
10.3521133565209	37.9134347581376	0.655637891338301	16.8984864060629
19.3120665130385	34.7020282517909	3.89001554304499	16.0700829666902
18.3718639080592	34.4085805088985	2.21056398193791	17.9540367112357
17.8896149673848	31.5112297417368	5.37061753786674	16.7856462153984
17.8167508274607	30.749606288713	2.85643380704841	23.2480699977912
18.7399169092357	30.1279804375594	0.620546748768749	23.3517489845486
21.3011581508733	28.6882175886644	1.21921797565075	18.9086162678519
23.6249050390967	29.799812228189	-0.4622789653681	23.8841909270355
16.7070429269285	32.2487929548831	1.1190987406567	21.7288502377773
17.8146220073004	34.7749692822569	0.37083462345834	16.9271222869019
16.0314169996319	34.7637508918294	0.0534938322329062	23.2611429546113
18.5382402017613	31.3778217799746	0.0726090956985502	23.1269858390462
20.5079425590388	31.106307219941	0.34195012594259	24.1372646285051
17.2800131908893	33.8860623699089	0.114549178402305	24.7140216648771
15.7716426616751	35.7650668464155	-0.0917998185167503	18.3805361258058
17.7928941531553	33.3541585587239	-0.123435615743131	22.0042841489048
16.1189283754192	34.2365998472121	-2.48974572931844	21.1669005709014
18.0237826251185	35.1231779882134	-2.55211022487646	22.1120318580217
17.7096235724333	32.7208382591986	-2.03729165755948	22.3812692329086
17.6884973589462	32.5110748715148	-1.44570595109123	23.3232605430096
13.452921189208	40.8856378056631	-4.61849556964193	23.041536967113
13.746488616642	37.0288475093954	-0.200116480266038	16.6404470366718
16.8319602618324	39.0374531959773	0.273157586434616	12.9702153181018
14.4614321487355	42.1442524985999	0.273768593245592	14.1286634581894
15.1814405885981	40.0325382188552	1.7001740505597	13.7021282609809
13.8040320957326	40.2017373861403	1.83836772245028	16.3719694679279
15.0597675990983	40.2209810447192	-4.7697014371059	24.4326897017164
15.6406974100066	40.6456767741167	-1.8905158839617	23.3665394019773
15.5756388604579	35.0765531026854	5.37400168502144	15.9440415794997
14.7113999962761	34.8778828659983	4.10295014889323	19.0541161340697
13.2761006708637	39.134881024524	-1.23076924950026	22.4147250915487
12.9021497708363	38.7122854091716	-0.476348558722448	21.4465165061486
12.3222905010534	35.954214740966	1.92706313188894	19.029534123147
13.7585007945876	31.1725081493635	3.30469415671529	19.224602453651
15.3304311527739	36.3479811013234	2.38270075200974	17.8746132150674
13.9037093018982	38.8984127565776	2.22118615808747	19.6956852095583
14.2426448177156	38.4394110229329	3.43717022330044	17.1775702318542
11.5671190457959	41.7934194884725	-0.282571059684173	16.3954481205726
12.5217447169684	41.0773145153649	-2.44919311690185	17.3871745590875
10.8885270678997	40.6611147224428	1.25211079509537	15.8499232123429
16.2564202415667	38.1392211215096	3.37887493915091	13.0440589394758
18.0540836013455	35.9998129318007	5.01411870677221	12.5385704388718
18.8047957814734	33.0905377275709	5.59067998642466	13.5384158261616
18.8940071045262	33.0391827410557	4.79523982632163	14.0432459835171
19.0547084921562	28.9871384528004	5.09903175535801	16.5616206175577
22.205719838862	33.2997679915695	0.164811753325193	14.2295898849074
16.8684685572408	32.6839237320171	5.32590283247648	14.5470437804762
17.2563275432255	31.5108444201694	6.26877015646427	12.7291762597452
15.2964637199133	32.4000267670424	6.00833468794703	12.3086131825318
16.6166694652005	31.7630929771229	3.5924255097678	14.3022329495495
23.9246182758207	33.8145417525783	-2.7321203640269	20.4894829019164
17.6600968451085	34.0847165082931	1.16420034315229	22.7328095025378
15.9538947643296	35.0972861815727	2.57065129229591	19.0664979558433
15.8219075521038	36.7783246115333	2.67092552713836	19.2033010464157
15.8658485473438	37.9267602673636	2.00181129752501	17.1830204255034
14.1772208043614	37.5439190285988	2.78321248779146	18.6975220251643
14.342057376612	38.079308757059	2.01426808090954	17.4094350260809
13.6722052073814	39.7100910815777	-1.07533460688478	23.8973744471246
12.1717910686482	40.9824044016557	0.435471663058937	20.7185865933814
12.0809367859241	39.2347435520195	0.809547413789388	21.0390529985417
12.7580260434704	33.6328955942048	9.03142026085099	18.1100030344634
11.2086272538224	37.2950619997228	4.41098326624094	20.6956306038147
11.3397658338129	36.6328837776335	0.740421187249569	26.6513047049476
12.0726575823565	35.2794789353452	0.415421303944288	23.0202201924941
13.3495298476956	37.295029292626	0.978005204915164	17.9189167342803
13.2818227786465	42.2909739066825	-0.395056682073417	17.2877899655691
13.5844612506749	41.8711532170585	2.57833209010127	17.3890779521867
13.0084574933695	38.494999348901	0.41704404056358	28.4585459477263
11.3908038282475	36.3526871727015	-0.118043901116524	20.0618972974352
13.3124058571352	38.045883746877	1.24173958445279	18.8278584896174
14.2667903843558	37.9538811285157	1.24699807136129	18.2172697027045
15.8071604302671	35.7879253903512	0.735692986407958	16.78789324023
15.6038735451259	36.5414018610601	0.966584898796589	16.8916948151255
18.2115055311553	35.9748147057785	-0.309155442599329	24.3251926238158
17.0287230627108	36.9267147523812	0.226596124619978	16.4242576228194
13.210562483171	37.3694205424278	-0.00844335384458272	19.9137835207134
18.379042958389	36.9982653292685	-2.09620653852612	18.7045839447642
15.6386809791578	39.9574443745507	-0.541166874727011	18.3310115546438
14.2208235265758	39.3826555411837	-0.617037398153816	16.8590526096042
14.9305542602274	40.0198313987388	1.47753632034185	15.3241509128812
15.8715701294596	38.0177857980637	1.56786878853532	14.6151904623626
15.5463366535089	38.6215325209817	2.81464966507124	11.567604977401
14.373772844494	42.1779177489935	2.11960060549395	13.1098316970196
13.7238532816836	42.1951745276584	1.53139064045594	12.2830332524883
15.8177780955242	40.7093715702114	3.50985294323106	11.302245217467
8.02287819752025	48.6761935345759	1.59146924009686	12.4876965397021
12.2402366020684	47.4104779667151	1.63234700054141	10.1933485563284
11.9513764236912	45.1369095069286	2.83741219720848	11.7338400117262
13.3208322035691	45.3734906118737	0.594577735283259	14.298351648464
12.9837144413071	43.1224300114811	4.3190966767559	10.5674038571415
12.7841595140789	41.7116002676451	5.03451505722529	12.5300030494796
10.9237700886597	42.8601262067747	1.79585653065015	17.6772134369927
10.3639763613861	40.0290288777393	4.09063998825314	16.7612728574975
8.63192190395041	40.5883194258889	3.20966225100147	19.0572671629297
8.39841050928862	42.1010782903769	3.80130110989722	19.0013100313762
8.30687739089535	40.7222324385085	4.7761808277841	16.7151100725577
10.6216229672868	34.6109814833627	6.51960048477978	22.6504801488898
10.1256303318106	36.751606169507	6.03568507244692	18.6483226106918
12.2396200478648	33.3825148881051	3.89560998769359	25.0651521907267
12.8132365598364	29.9183764708843	5.29703574141369	27.7383880895641
13.3297314514684	30.2747438502975	8.5397459235346	25.3336528222045
15.0635906508675	27.122745268154	10.2154445460688	17.651876194772
15.2560324895331	31.0472199098348	4.73171968931963	17.7651967666138
13.7535736991698	38.8698859872437	1.52868174935391	18.9338820953088
13.324267582749	39.0180390427611	1.58417078198659	25.0170027156328
14.4321215064271	30.2231866052767	0.101239336633853	32.2819341237642
11.6337542085182	30.6638129141014	0.404151193299913	26.8850535720572
11.5669226868283	35.4995620220614	-0.040680040801911	30.0215383649789
6.36187115214329	41.8264378980262	0.383070244314753	29.4735989802287
8.90689239841621	42.6607364801437	-0.368686839049762	22.6245193615326
6.39014073112369	44.0606333840385	0.571779195176358	15.3466942197413
10.9966043748459	43.0660511315472	1.98132410268664	13.4263036785417
12.0272003375476	41.5378258902335	3.78174968726365	11.3457082816993
12.8666932350507	42.734349179326	0.78718397399592	10.144987059225
15.9457608939168	43.137906160045	-0.621181996148874	12.5623996807497
13.4407022486737	44.1181816104085	0.902127167600344	12.9879699471957
13.141303393151	43.2092001826783	1.06512607449564	15.7871219549879
8.25158420240604	43.4142751298428	2.61722528711672	16.357985135316
8.94710683910214	43.9745286618535	6.19650754016604	11.999412908558
