20.8131127513993	39.5765626924201	3.58525329458935	21.2389484687187
6.20063960085107	41.2748068179778	-1.11339484553517	21.8187306616448
5.64981690132316	39.1039369289894	-1.06533074032248	30.6719067743972
4.867838965629	39.6719988728509	-0.951038489208625	22.2886372967616
11.6495644853233	42.0803005029083	-5.0128536830629	21.0904531543573
14.0407367029073	41.8432414033086	-5.61499418205415	24.1422738926165
13.6906401541187	39.296112180651	-3.77226776244972	16.3262861664472
15.8361351812314	39.8499950361074	-2.14031660356743	16.5112310781894
13.9377336759176	39.6829457157974	1.26179712023033	16.1116242979174
12.9903683295529	40.1558427219019	1.10042633885483	16.5599169756738
13.9404900366438	40.6568938153536	-1.59070356829905	18.4014103526701
12.5854960963128	39.8866793801748	-0.510501889162108	15.4298803099102
10.91614992645	46.2436394938008	-4.32924102601929	14.6196586281825
11.7852404554178	46.1994983814508	-3.2098831845498	11.2879000829365
14.1845173414979	45.2564289746657	-0.612097596472905	13.1641250673604
9.91478136304723	43.6431103804931	4.32676985887547	13.911276349045
8.35174947043727	42.7773183351234	5.89841106468548	14.0745187678297
9.02927706248904	40.6417494360209	7.46381876108684	17.4363432115966
8.97728937443192	37.7184605700013	6.5318788794217	20.5266161020004
9.1862239618282	37.6208980536802	0.4283063529407	17.7098564537333
19.2696124095038	31.4394078326194	0.868172351864478	20.7656635194176
18.6757208698148	31.7754597197673	2.81256925048058	18.2559695883549
14.4047092852628	37.9411310434921	-2.79375526398663	25.2578010686568
12.7195453262912	37.6746953832996	-3.3843170716079	31.3253973351686
14.2091577868425	29.8931187858913	4.09370604212035	28.4737840906496
15.6884825567034	25.574623758636	9.25393627131432	21.9657307217608
17.0387224352238	25.3709884341774	10.5668253299229	18.6072534715973
16.038239615715	29.710588998158	3.88483050746567	19.9980319847569
15.2364675171046	38.6162345069759	1.76988171031364	25.5738455526971
9.01412943832011	41.9581848177759	1.25645285045507	25.7138641360788
8.59985003317708	41.9102274961852	1.30911034570786	22.2891501254379
7.88235499583845	40.8549040751615	-0.832752738690351	27.7176828622795
4.60432638565184	39.3910430823581	0.523751719629025	23.799151078423
6.9902384297904	43.4708683854098	-2.64123135659949	22.8047189056967
5.31089325999983	42.4535607113631	3.57055991849997	24.9646060505044
4.97530849049667	36.1221135645678	2.76400520479955	28.2523261626345
5.87257702621154	36.8751536268252	3.8636049261592	29.9473952525948
7.04565067328967	38.428318214647	1.73537346390007	20.6858558115973
5.37604209919279	44.6583707460298	2.39209416643647	15.2964925799948
5.09285842412854	38.5875133479513	0.768818577018605	20.2508544880635
11.8716254352569	37.0140812763512	1.88824025561385	19.4804588644619
11.7017864757265	32.1338607332237	1.57753933334075	28.4582646898779
17.1521386515972	25.4461190597438	1.83503502161525	32.0953765739288
14.6431232255576	31.1497031504158	-4.52975892645886	35.5706723355289
14.2218332302357	27.9013013673256	-0.287521628373419	28.7473773974526
15.7927849848909	27.4325060103502	-3.96228185173974	26.9380982551001
14.388773274344	39.7885819179419	-6.7350175779142	26.6254839373721
14.6097830736232	36.168387842581	-8.44228971170416	26.5490548594823
15.9117602355215	36.9839016209736	-3.2340685863624	18.2683411429605
15.8240742624186	40.0649362085461	-6.41189438370757	23.1278724412402
16.8800364356979	41.3850326217871	-6.44977499217308	18.9801978105484
14.5285805015083	40.4020820847873	-0.572131657493777	18.5074694548888
11.1429176552411	38.9569153213154	2.62474172174043	15.4686393624469
14.3536765889022	37.7659750515806	3.46055359214262	15.5832408683227
14.8169533062483	36.8234335982074	2.56911273912501	15.5622957917574
15.2634578119533	33.131571251603	6.96645924921122	12.0494178371216
18.1550757072834	31.8698593859394	5.93969720478132	14.8406956499155
14.1976474433174	31.8684861508032	11.5631857637033	7.88872427304541
14.802561708082	34.7245785362852	8.61720613266304	14.7788482298822
14.4824382367623	32.7409842542206	7.8744898667014	12.4724770267241
11.8419948251066	33.3530650289563	9.22696213241804	15.5163516245786
12.6681537208148	33.057260716167	9.8378111701845	26.1850334822204
11.9995131543371	31.6166073776646	7.26712509062279	26.2806529886323
8.77578821498654	31.6265391095019	6.50896966899845	24.2310467076945
11.6265155464747	34.138737944593	5.21338336743555	22.3947531723941
10.5433280879037	33.0004164131221	1.25639706259734	25.9600522819678
9.64857486042763	37.8481824946699	-1.80689942682021	19.5313637991207
14.8951401441694	37.129276488945	0.986954571885686	20.2710528254643
13.9651716357433	37.3827661159277	1.93256213847702	17.2976233416371
13.2260191257684	36.9266876641277	4.70176232878911	20.0275956678338
11.613093167963	30.5291767807293	4.77468223676878	29.2762459763302
11.3769797845283	31.3727164870025	5.6787028474735	28.5554755989822
10.4298537579178	30.7064868991368	6.06648531370328	24.6674311299237
11.8082624572687	28.3857075792842	3.59383208966471	27.6268146977188
9.90329591709976	32.4014942378727	4.06428842308261	30.0861425952414
14.7363289534611	31.8724637957499	2.12292995874167	29.6024884701135
15.1799806878468	32.1742847354636	2.18931005673811	26.875252369641
15.5030546729019	32.4051385398508	0.710316727148026	26.8356116556922
17.0948764418737	28.8096527059116	0.915635226504534	21.22567547655
15.5749876510837	39.1291569408514	-5.76094624751654	24.0857523743276
16.956925761655	38.1732695508229	-6.37673527435761	27.2925541776446
11.8209355527089	38.4332336203815	3.49344894240707	27.6550481240642
3.81693548546323	42.1819060270363	-2.84266346111239	25.604965729211
8.69192926676579	43.0258575275521	-3.5241139491582	28.4557884645145
7.5046550552138	39.4614781749415	-3.79258543315486	24.9645768362215
13.1656146427585	35.23170648217	-0.306778438816037	26.1417797906442
15.0468369020117	35.5491517236473	-1.41170339468699	26.5092597391194
11.8795975396378	38.8078543366036	-2.42024879336431	17.9647415560269
15.5388948144793	37.3142558903536	0.860026952418686	16.173218457789
17.7562268204457	35.4860809791949	-0.977912588436901	17.1645112352603
15.7912228222279	37.793329198771	1.18519861515429	15.7371220134923
16.3352661630978	39.5534907196961	0.971662856487599	14.7640551210175
11.3497871305164	39.1694507640168	3.99716684626233	16.4521240878681
11.3763760285755	32.1170737694186	7.46313532031356	19.8396997729147
13.5077120293235	27.9462282529269	5.85409413938626	20.8390923210251
13.2213247267283	31.7873900227417	7.8657048187147	21.9720428313891
10.3606253187578	34.2812785303388	4.27811430915474	25.8664730027632
12.3859340694256	34.3044897757639	-3.34644671102704	24.8073261905775
10.5398805330477	37.3895235034859	2.09406742978836	23.3060139433697
10.5200622931375	35.1646313188819	2.66249092027089	24.5969491387414
11.7036190719396	39.2312432104089	1.69392577693261	19.6492768619837
11.1318049158022	41.2111995509193	0.469170825969645	16.2055430171528
12.8835324628338	35.0594092929103	2.24865736527763	19.8295035823371
15.2489746143071	30.8243279066235	3.79091495640835	22.5712388889817
15.3043640861248	31.2459383285398	1.20775523798132	25.6540408214507
14.4229094644068	32.0296004586647	2.55639260301925	28.657745462073
12.6893981641915	27.7435930012519	10.1623272075292	21.9516659776438
10.8214891895534	28.5175393211414	8.71757715651512	19.8877863958296
13.5698207583997	28.8998580362171	4.85283583346501	23.4280159192353
15.9037372361	30.6217629938841	0.820989636143001	24.012952182275
15.5946527615252	35.6805194067338	-6.24861062793314	17.7710946995287
23.6583756518316	30.8788813571946	-2.67743695330338	15.7321846784545
23.6615781031597	35.3432470100488	-5.98156704370395	16.9999513678706
20.7568720397888	39.1076217458139	-6.22241074922954	24.0727576563588
17.0887449542409	37.2734346410938	-0.906626102311957	17.3002447824434
14.5293797524994	38.5783765192822	-0.363917173504748	15.8544059724928
15.0044619528567	38.7963933659381	0.0318077234967487	16.1463474795783
10.9420313308497	40.0700686698125	1.57300456214812	22.586599355895
7.0033843809712	40.4419598321708	-0.114474063533134	22.4101463440512
12.9680696682472	33.5113520987814	1.76874434363213	18.7461756324102
12.1458904673613	39.006223610376	3.86693976374459	13.396641098958
10.9125723532925	40.3903398469621	5.7165345842449	19.3410742972684
5.96658211180077	39.5972243857659	3.01886541903597	20.2382153333803
8.9946124397877	32.9172313281424	5.23986956937816	19.4762828518343
14.5716073245469	32.0156928708866	5.07193540590462	17.3060280937408
12.4849678457442	38.3573307313307	1.91361958086472	15.0899536642884
11.490896006673	43.5901323944026	0.202451562300758	19.0855129302818
6.52199288828194	41.999505258228	-0.208821942982811	16.4943534616323
8.96792471213058	44.3953882281282	2.77813130854667	15.7901850962953
5.81575591953942	44.320136085859	6.59517862931864	9.74614262846999
7.97214034377654	43.8408110414245	5.36390129535356	12.2965924177914
11.1002272882554	38.2355767355845	5.73565543222138	19.1256800053306
10.3621093186605	37.3302549714914	5.50907532743076	22.0834759638309
9.61804516155212	35.8350141611641	2.78076905327134	23.3074327065594
8.17032761731658	39.5513750994338	-0.186584522382798	21.2482258273479
7.87489971439708	43.9716666494186	0.45915402520456	23.706408465859
4.59174772637177	41.3551998069448	7.81671192063783	23.9696170425533
1.04501682717015	36.6612871499946	7.92467761363638	26.7920953750351
6.36040352257974	27.6194258077284	2.20836068548066	26.5398364363772
10.4016790516717	37.6344264206486	-4.81204583199994	26.3440456153459
19.4455408631866	31.8259330866732	-5.27178421384291	24.6641572244626
18.1403139931623	35.1698541599199	-6.45894746843827	20.8989000807204
17.8405903535437	36.8091882886238	-2.84664136510328	21.218622301022
12.0355451226167	37.0498550454959	0.625548448384083	17.2686718751364
13.6900905010223	40.2754941744588	-4.08196158290999	21.8242698233204
14.5920097551527	40.5483885422883	-5.53816183752539	23.6967026461691
14.8481452440632	37.8078305408998	-1.5089361090442	19.4790679212504
17.3408202243758	37.7138628579199	-1.39577198532182	13.6819593348385
19.6066624401653	37.5099174167483	-0.730585279804763	14.2400688906976
17.5898700426848	38.1222674390149	1.17319837121337	14.3195371228
15.8608027324596	36.65334129693	1.17280235670585	13.8543502744949
11.8501055684511	44.2526044788399	1.12852109054182	12.4391710281739
12.643402037361	43.210535152682	-0.509801184124463	15.122970465154
14.1114796350349	37.30766020256	2.48964333364818	23.5307649374498
13.3782326687698	36.2778043932017	-2.2294205100167	24.4064781293763
13.0005379930709	36.0536359584906	-1.3024899260742	19.7794277002594
16.5521077862723	35.5305541524679	-1.43091344322058	19.8161525014347
17.2558880948177	35.817763417402	-1.72665512346258	21.4486679588935
15.1506984235435	37.6373390140028	0.262506998817102	17.8913446972637
13.2667892404548	41.2829923940838	-1.63537330643944	19.7100767822022
13.2968398160167	46.5271878388899	-4.38625241565802	24.4410599889609
8.71264526852806	49.0382805692424	-6.11997127830858	23.1634173644294
6.79722240044312	47.9899684425836	-3.63141862421872	20.1413435125311
11.9884904810304	39.7725230774303	2.47614264043404	18.3655419605371
11.4035355724532	39.8813771309723	-0.560190925804537	21.0400654741556
11.7817304756997	38.3381575907498	0.186904567572354	22.0653538293018
12.0116203961467	35.5420440111021	1.19798991484481	25.7689539638515
8.12379847879474	33.8878409077126	1.80859972907335	26.6396507217716
9.57690994433559	31.4750336041913	1.75946001162161	36.0130368088177
9.14235236261214	32.8706159999427	0.0849489719831205	37.4138922149439
6.89576814796787	34.4852244357421	-0.507179452937757	29.6807450785097
14.8735246062032	38.8564433417396	-1.3193029817046	16.8498402842758
15.6300735100857	38.6473794104612	3.08181582718703	15.2189009319497
13.6955795771823	35.8805821922696	3.47970315837867	17.204584906294
14.1889862236016	36.9588333999939	2.60872886147169	17.8092565789398
14.1197145040528	36.8743372738921	0.961683307344148	19.6311425218036
14.6822886620098	41.6578575347179	1.33891808897076	16.3662262371905
11.5924036558167	42.8468440014497	2.11773951831813	13.4613710449143
13.07246104161	41.4753670448613	4.23113423832051	9.56518359138978
12.7255374972381	41.4455333997671	4.38500907937355	11.7953650927592
12.6527929843744	37.5692104405579	7.95965031920291	10.0454748244645
12.1504781925998	38.184264402077	7.24599936137089	11.3864479348641
12.3095644952485	38.025691387881	5.47055118158195	15.1142617348878
11.4292283424644	40.1215082803895	5.08365898532529	10.4669238241686
10.5167548287196	39.7607733695989	6.10231288382519	11.4547202839813
12.6052465131659	40.5044413177803	1.0272473506603	22.2333463141328
7.24999185497732	42.6724568597547	4.839582500511	22.7199646364531
5.44861533013494	39.9711745208846	4.07105711698067	24.1353669203452
7.99894090517843	35.5235905270869	4.82703924544601	24.161881427244
3.73326242719642	43.378887090444	2.20281627942048	24.4870430539541
6.03646648763675	40.5292645491689	2.06319001717664	21.916894689779
10.6773892639245	35.132750966496	4.68536494048484	21.1691404058005
13.9774302791161	33.9811237551302	5.47487070998348	17.2861813607964
14.6189861913483	34.9332603299089	2.98268022544315	15.1152735290456
14.9065390963897	36.8739859690509	1.95003431597504	18.9931662606684
11.142938161409	37.7495051222472	1.9026808079403	18.8141213187625
10.9570141060398	37.4335620250172	2.72937607365438	22.0994398852487
11.8306285701718	37.9837374925232	2.85860130210184	20.4493751925484
10.6377810974764	38.4225647179676	4.03691012032541	16.0542365224551
13.6954329095982	38.1609037430292	3.50930487162455	15.2576881335567
10.6573090867621	36.5291482075384	6.98422649300679	16.8846778413812
8.65779790107988	38.6241650922809	2.21690292128384	25.2362758530239
6.95485367740754	41.1161149145689	-1.39602069367477	24.9370887578302
5.55187480122604	42.2346238514032	1.35970706262803	23.004467592324
10.482232024137	42.3557540519718	1.7631289188738	21.9608076338013
9.75729010883853	35.2818786237944	3.70033233643433	23.0182708406177
13.6092996352924	32.51580179451	7.62289440476259	14.2383552963382
17.7633440878814	30.8339455736485	7.72396963073796	15.0862400831192
10.8067910268544	40.9145293770042	-2.48955046773964	24.2230151682531
12.4040138229327	39.0861396131721	-2.45639200468649	20.732639502477
10.977849413644	43.9614075784256	-0.12457564992148	16.3265845850624
10.866573550531	38.0868374223158	1.50512848953424	18.0498759188272
12.9845689335727	39.4181322307341	2.45991674988024	13.797653040821
12.8861614368745	38.6843609074864	4.39777954984881	12.3342992881968
12.6822805694579	38.3532473375314	5.71952345353045	18.4860810862461
6.89008980977859	32.9190774766995	6.60751672753308	27.2706947304846
8.87657763235947	32.6182453622311	-0.737120932310933	28.2777522193806
15.3062939367697	34.2984332883871	-4.01480598238476	26.9331947451508
16.0705426035889	34.6439802632377	-3.17961362920772	27.2172595786912
10.0210089246809	35.5752807065591	4.24693450998445	16.4692418224229
14.2816146881068	33.9371540998768	5.11080485969712	16.2621532000418
17.370032130081	31.2630507020008	3.50497405927882	21.1725218136567
11.3114188749267	30.9806074131988	10.0570667274135	18.9186589940223
11.9549997824168	28.9705105008356	8.21780790217412	18.8371048615611
14.6631214043981	27.2209138120488	7.96899717362569	17.0148458894639
17.9020244815669	30.6760998698846	4.58192846100749	17.4714471509255
18.1999571215522	33.8492142977623	0.645788630295467	21.2610197712242
15.338777763692	33.7610559627363	5.76798676489435	15.0202099483035
12.133322411343	38.214816074614	5.37608871212743	16.0202160653623
11.2303075004699	40.0405319787381	4.03641470679313	19.1320465096701
11.2521862949949	34.5261435292976	4.01190349570707	18.6407872104108
10.6704183406461	33.4856341168859	6.96607848735005	17.3062322918347
10.283651485132	37.376665526034	6.52855361684635	17.2588980315275
9.91257742329127	39.5088359489198	8.42741418055545	10.2243677149533
9.94218386805225	40.7606122160414	6.68656769879424	13.1293649616247
8.74177677507579	43.9705105413272	1.28848787602299	14.9968674866078
7.82963097264728	43.3260838396352	4.73939220372592	13.7796346138759
9.72983091013409	36.7864301067281	13.2693403931149	8.24338643313105
10.2625327312579	37.4799391173262	14.1331841588207	1.49669450239674
10.4479629871011	39.6996265933992	13.0840480561555	1.95116315846204
