21.5646244598302	39.7665406635243	3.77376395659747	20.895070920048
12.3418217027149	40.2093724219341	-6.43254486064985	21.3722664734497
8.88377755795648	32.1946163673166	2.60605246607587	25.0592793324205
16.2009695361126	39.0240063859511	-2.42140574781336	25.9614830228738
23.1581417120596	37.1777219936613	-3.98617318397167	20.4187440216643
24.2823346665311	41.238555865965	-7.31132132514004	17.7672689183182
3.34840056547376	47.1223374173485	-8.01921695862471	21.5652724133129
6.43135070737865	28.0234833105509	-9.24013050198898	24.8431920103086
16.9022606248495	34.133991920114	-9.9678220817774	15.3758051076891
5.38012448637892	31.4492738616695	3.83169258861323	14.5389222590966
6.20466005760677	36.6521297322628	0.410521860797752	18.887256345422
10.7439610280759	29.0855990835705	-0.21318584509575	27.10920164938
12.5711790853638	43.9386961430928	-3.05675928723898	19.5662526680986
2.98042919616708	44.2696852484669	0.264578557006152	25.6318353573225
4.22930452327469	41.2945070388678	3.67903171906695	18.9193006363131
5.03297550949559	25.7371693243601	14.0397667056739	21.8358981512992
7.60529428662207	21.7142282857277	-3.50366770877888	15.8133890074025
8.11945912944379	24.46168677307	0.00031348428303879	30.5662252674158
8.10601776631103	30.7480871526831	-2.677970492749	23.7401528041157
11.7603034250899	28.6660037062437	-2.22464699684572	11.9160739532019
15.8862168280936	29.3182851229639	-1.34860378048411	10.8030911372713
15.1509626722191	21.2626674766497	0.797175408161801	19.5260753342319
17.2321360667643	33.5023800534972	-7.67393768131026	18.625612396225
6.10726445518869	30.7518965346095	-11.2445566181023	29.4852068763595
19.3117809636632	29.2689870545425	-15.1402662971452	19.0715539646426
6.50780303890727	33.5939529627878	-14.2805826598378	24.6544776815081
24.1975375673082	31.8976225071904	-10.2477723349569	12.0683546069846
23.2014669840814	27.153001392385	-3.33296329377303	20.3752427672804
14.9653889724867	38.3561231469595	6.77846688808172	24.7836556862708
11.1169042050911	34.6969186881484	10.7733058308386	22.1375362517542
11.849902458361	36.3059632509732	9.14646821452718	22.6235679367149
10.1318661192832	30.5368718534493	2.30978656637758	23.5582916174255
10.4765951865753	28.9434314158431	-3.2158459638463	29.933917929063
13.0486664262396	32.2935897193535	-4.71700441702012	29.7180239126258
13.4496229813867	25.0098712009064	1.78676012992185	17.2950176583774
13.8067676890272	30.7781981013401	3.08249932307442	23.8153020934498
15.468284700679	26.1505706206737	-1.37801950272481	28.1554703827278
14.6312032070853	27.6619189203558	-3.25211614776711	19.1623183915653
12.868301467699	28.6556426429963	-3.56545251502032	19.8483535804116
10.6177063539708	34.8556165065458	-3.35051822183962	19.2597719718032
9.55063551610952	25.0564697053125	-6.2424234597602	33.0013012988789
8.2397385226868	32.3503629194231	-5.79007168389815	23.3780373170899
6.8017519047817	38.4922659940123	-2.24263126083775	19.3569793928342
9.89356181736643	29.756027109071	5.47126566239507	21.2405299515391
12.8581595692186	30.7883105366799	5.04600590041713	23.2000580526816
13.2030535504555	31.0887204125179	-0.624459898345158	23.1820396547133
9.39445023810098	31.5594514949506	-2.93840966114204	16.8781389632379
11.0562050264662	40.6841944066135	0.198002402471498	13.0240710866455
13.4004399929051	34.9938971434047	0.601810804369048	27.5132870005728
5.77066113533423	31.9271769289714	1.98451905653626	8.94797441617632
8.12136114401714	43.2376876761061	3.478240057811	10.7856181466056
5.53159349571784	42.0822862334405	4.87946427785362	12.9592634543812
6.07014290108819	25.9027934594867	3.03077544909472	21.4676542056749
16.7513001569451	21.4854107538025	-0.451235072006156	25.7689360750864
20.1617446014634	21.2784513847263	-7.96796474683027	24.7712361601784
18.0809386728212	29.5325251754665	-4.49387114361858	17.7988286035738
17.278972345113	31.6615032213491	-2.91926125396973	24.6147318132796
17.8956536970317	34.8796811899148	-3.23556926879733	14.2060115166461
11.3403165028809	36.5896946670465	4.70946947498546	16.6839394015778
9.97400035565922	34.3815987893171	-4.97808366395234	27.7296998010073
10.3487481177375	44.3843631932434	1.31415561338689	7.80509702494367
8.16935254407054	43.6652219199498	6.1648473379555	18.5627142054046
9.69295365416383	29.2990375433466	6.89853071429143	20.599530223428
7.48613241740441	26.2587324685314	3.79127104495028	22.7606225369002
10.1166718599131	28.8975248431684	-0.500146539189217	17.2635262418973
14.0012538471969	40.1368703033672	-1.4250545108284	6.27469171364484
14.7656648106946	28.0078026243544	9.48786277346656	4.06158627204699
13.164476277759	35.3748415846434	2.18729165405378	26.615529487264
12.8396604586883	33.6759041925139	1.14943232586772	36.1938448101617
12.7126620251877	33.3245784341426	0.43626397849915	15.1477483944356
5.41085767270293	32.3646941519411	1.80030254648922	7.58999745275976
20.8453251788322	24.2304728081519	-8.53697152806523	4.76852828517394
13.3333763581413	31.3019503100885	8.27741592215016	10.310153659376
9.69552320770767	30.2092872799484	-0.692239116925319	22.0636179445829
12.2853312596378	33.6986204476206	-6.34128276204347	23.3578566686972
13.1885682536919	23.5665048339514	-4.02704417910574	28.9017495225906
12.6868304046734	27.3447730259149	-0.000226939750440636	23.5868531882365
13.8098709872894	32.2756966326496	0.211553934794074	7.35073908635853
14.0193616128831	41.2742571090074	1.48849913545333	19.2883729034069
20.0336378988693	33.4948512381184	5.57566110946216	23.3257352192796
19.4825273607001	35.9912239908264	6.57274134583342	21.7843618525139
18.1475070113391	33.0525750768361	-0.47759529775438	25.6877413337773
18.7711099028225	26.7964921749491	-2.5120031588195	21.1363493499254
7.4880987364436	28.3710411822577	4.61353785607133	24.5189124118808
8.59092154342802	23.0028395335135	7.13278359516625	18.8545321702297
10.3183969509614	26.2797016677392	2.80917061472691	19.1096390389095
17.5364141070561	30.8500133993981	0.557354057333398	21.242743849503
6.88123495758491	29.5949340592084	8.28080215768322	25.6004203369191
16.3266941879222	23.9301972676945	10.0992213869224	27.9851605507089
14.535905202675	25.7340024415349	-10.079639467451	19.2543735258756
9.56315549631731	34.813207469782	3.99451183197716	19.8408738706736
9.6095637244905	32.4403368311052	3.48125962985332	18.5488702632962
11.9933917843034	35.773954477818	-8.67401231566791	21.3345007804697
8.89766228853456	31.1694925539298	1.87786463860075	17.3976037067219
14.5346686766128	30.2696066431468	-0.200819263908761	22.9365775140838
12.5397190810758	39.8558094480773	-6.39893856051435	16.2094264501675
12.7494826740679	30.5952462286455	-7.89108439002863	16.4334016394749
16.1977373275596	31.3096322503639	-3.13437409586019	15.8496861985713
13.1093301114317	37.3136845038436	-4.08985043480837	17.2100727387532
5.57336894899853	37.2279458696186	-3.79530701850155	16.3613852147772
11.8382153949911	30.5025310655794	-2.84954998938912	25.0774514495698
18.2286648658837	40.4771283813746	-2.48065835727511	21.9670032078519
13.8662270672255	38.2876459262328	5.08644128042025	19.295162823958
7.12229503635289	27.5909251755181	-1.42386465742501	21.1077554942795
10.123266456029	28.3708528231907	2.80430776937109	27.1793973139508
7.61594310573729	30.7383398069193	5.1936549361254	19.17965759719
7.05948221976788	27.9749056054403	3.72106022577926	27.4758408346969
3.01008860230858	27.7544896453743	3.28061028790493	32.952385378332
1.50076094187101	26.0019076099021	1.66404627798672	31.3348642645637
9.48991305282015	34.2770348858763	0.321929767491181	19.6887587199221
11.4911684193057	28.3140792253566	-2.16932482249488	23.5979850615608
7.84902249644205	37.0758577029591	-0.211753132058423	16.7447309314506
12.3942786386775	27.445676629968	0.162159561408568	27.0126054716067
13.5786739971096	26.6637246874869	-1.64424378517595	22.9113748041684
10.9378807760382	30.0727741355784	-5.68936014640656	34.5404080674754
3.43666576338968	30.4057174507305	-7.76412243597159	32.7357773801798
14.2449998332726	27.1853316627219	-9.46727232396854	31.6564363027907
17.9492505635021	30.4382349556088	-16.7034670876092	30.9439703771828
18.8820049231758	26.8597314830875	-13.4649102520209	16.0500873854368
5.69683699335285	29.251604699344	-2.10592584032993	28.534841776917
7.76182983373295	32.4031068674019	-4.6668709470002	16.5808782862483
19.6409313229148	28.180506153564	-7.68484487478118	29.4743634151279
8.82236833565426	24.9964957951474	-4.82059626654219	19.37291156696
11.9484634717719	35.0546834326255	-3.89944005804565	14.6135492362997
11.4426416771865	35.232816714576	1.60716764478567	17.1443704418822
7.44852720738647	31.0803090047711	0.968350060641449	21.9315458271636
2.15643307461839	32.1139160578759	4.50595833578566	19.5851668269357
4.59391779878361	36.0201888636374	3.74819761359552	19.8443922765887
3.41190332141523	38.5150065517672	2.87416274178261	19.3961042647584
7.79660300981782	31.4087767072641	2.67674556219438	17.9694945568831
10.7147362220073	31.3068474419095	3.41857180915261	18.3556065936568
12.5371174342067	30.2979808108905	-1.64273858784279	21.1325861203252
6.57702910854231	40.1334162074165	-1.99238281485192	10.5473243369207
11.6864388061021	43.3362812589878	-1.99410763638016	11.4134144497522
11.9361189665681	30.4535491982221	-2.04030449117165	21.9765067748663
17.3239726895989	32.7178104825444	1.737200558776	12.886442928752
10.9140661886674	37.2872841472864	8.39829173442423	15.2305388343473
6.9297296680899	40.2745658460199	10.7237750924237	18.3651441438046
1.04576873194663	40.3645369455345	4.64775127629265	19.4824112996895
3.03489184312595	34.3667138643188	3.39493591376095	15.6231159980889
13.5931471323415	32.6222604136539	5.56067096572816	14.5410536703202
7.70465675820475	26.5564340232497	2.85660117296803	29.7319580482799
14.418956724678	28.3874604771709	-0.212844087366735	30.970439822299
7.65900037133395	25.6077990252388	3.30861851470845	9.31507203250898
17.1027865865824	30.618698600666	-4.17091992743146	35.4062353792398
16.7866407623516	20.2050280000725	-3.85071456491779	36.7083206908575
14.2927555283533	26.0333312337929	-2.18058644148912	29.8491874687673
16.3419058648871	27.0177052040906	-1.26923418890144	12.2898054543251
7.38039963521605	43.8600312183933	-1.48732194730471	20.6937005744615
6.43884081726566	23.0198157309876	0.965224344044636	25.3348894309188
18.130612414201	26.3054558249512	-2.38853353039655	21.9367468062724
12.0155775472781	31.0977213567444	-4.18388125677081	14.1262934691209
12.0160989682016	37.7401349803754	1.07631241072173	17.1647628580228
11.7640544345062	35.0144236317617	2.27781634022811	15.5611163056321
7.84868168285301	34.9470552910831	3.79582802010098	15.6356152195466
7.50197879965349	38.7328259196845	-1.00857838823837	17.4749446077805
11.0748825739788	36.9515446163088	-1.06250460947366	17.1506155025747
9.09490961757266	36.2155567132031	-0.683803648349423	23.6028162385747
9.14589644835166	35.5723414914627	-0.971639653794993	13.9600335858692
10.0188718708868	37.543445064638	1.73249478997983	13.5375027201068
12.8154696789272	32.768718589049	1.13725787370155	13.919822706927
10.2769799813975	36.9803835525626	-1.79256576943491	27.4082326219347
11.1359745575808	34.6766561343783	-2.42647253691147	26.7307649628189
10.7117639295761	31.1958688488071	1.85015593173986	22.2613234464027
16.1642954545099	32.3110062340115	0.0560737516086327	27.5706023739433
14.1463974886578	42.8455469009748	-8.45433255946619	23.9459945790252
14.8047910679162	36.0224928355126	-7.54389766075846	25.0441773356345
10.2508483223647	39.1799781443214	-5.74903223279454	24.5425022134785
14.0683824291483	39.3079944606282	-4.00237167911282	32.1297257810127
15.2713999776181	39.569068498181	-3.09839529268826	18.5132948924991
13.9370720991876	37.2535350552926	-2.85403787906658	17.1264246419276
12.1871494925314	34.8776588669945	-0.714805253996247	16.8183701123315
15.0280560934234	37.9706762404722	2.87406812746938	16.1430164064485
18.0441801863972	37.9819491738063	2.65842609719711	21.0406273612115
5.11994969654654	37.2395683103309	-0.374955572931361	21.648413977522
8.39220667336545	25.9324880386771	2.84439526423972	17.5690263332162
15.9507014610287	23.2729811738476	6.64807912120755	23.8933615651276
11.8168153655673	30.6263253021643	2.84363906756656	20.0544898709576
10.3793098226263	28.6545536758967	1.880490932806	20.4986840883996
15.2176591727033	27.1480864128726	3.24778276985069	21.5033828353051
11.7376354286529	29.1877531917462	2.50214470917697	15.9949485890109
15.0972244535654	29.7799143333286	1.31828102791175	21.4103449673865
10.6363678066092	27.3828942932487	5.47721474168661	18.823374274886
12.2602240316602	32.015673733001	1.76684292411731	21.4160261678051
8.60478093923788	30.6367345672673	5.46249811238556	23.0580640026453
8.98394007544751	33.225884742464	-2.50305107162388	9.93786540358247
6.75047811454161	34.5496248243256	1.17881384938437	15.0087335323077
7.04574719394823	38.8848186523425	-2.39803423383465	19.0389777453709
20.1128523725052	36.2135253620106	3.59770553209627	18.7454864569179
19.6644074424941	31.3113570661987	0.839447658739932	23.3088412450406
11.8038960395392	39.0758707644806	-0.50083834051912	25.1433340588364
14.5563494920364	38.9329893614734	-0.52224759313977	10.6242570689747
10.7295632252582	34.3830777346185	3.00956119267613	22.4136287638785
10.4306437761069	40.4876442350843	7.93804830675391	17.9548812093158
16.4868125687406	31.9263113421747	-2.44012550832726	19.9629505066146
9.1985336314448	37.5680129943775	-3.84490846339635	17.8840713337008
13.9937663084863	29.1353060879172	-4.24981527179502	23.1619068182949
11.0652576624773	37.6421356379414	-1.21772785587258	26.1554279403226
5.84671008169377	33.3188187993759	-0.781449604872833	29.7181495689441
8.14500858350407	29.1684622826943	1.19668178111293	24.4480489847344
14.42867671531	20.5814835496204	3.9502050898967	23.6525148829539
13.1648437787809	22.9131931133525	5.40362909650465	22.8214681428951
11.677802670338	32.2698753901199	3.48441323014011	18.5698778330731
12.2633455370755	35.4366402294458	4.99302156677901	19.7751226568119
6.03206969908371	41.422513494172	3.57816105732875	19.8275426834346
4.8326147132379	31.3812069514737	-3.760675219575	19.3354255020143
1.43657346192768	34.5476777887874	-0.393844512047298	19.3969978474536
8.06131826907055	32.5480192842864	-0.867941146472521	19.3296315741333
6.79522727616487	34.2775165162951	0.329798215778492	27.616642155086
7.78239252744598	33.3642319486447	-3.15534555584662	15.1172303272014
15.1491502296017	32.7844945074961	1.69009781107624	13.733229064133
12.1118918445115	42.4798612970178	0.67561485003997	17.2451470438838
9.12708169661134	38.8233247933229	0.214878438410975	18.4672316225874
12.8444453498506	19.8846721694124	14.0513994233183	15.2131775005036
10.5761645931651	26.2012262588544	13.8994282125927	16.9123097236515
12.1679329987873	27.3898633771753	11.8931105840452	15.1756226753811
13.6790653322156	39.6544098031884	-2.14706758442954	30.6556977953756
12.2357600889659	34.3300042895226	4.13308718606629	14.5587761502774
3.65256339016803	38.8624848374453	7.5369781711305	15.0223287345455
5.16602755459224	41.0790602322956	1.02893989543503	14.8212951263868
7.10343360137393	40.1801926615622	-0.271340994120402	20.1892492133648
7.73416061355	40.3282389365782	2.51637279994209	24.7514906088346
9.56842326726963	36.2482591029986	1.19210661861469	14.2817829717406
10.4620358529184	29.9529956570624	3.61817989970912	17.8856473243752
10.925762737633	29.0937723561943	4.28825926185094	19.8023028823307
6.0682562610773	37.4626286647104	-6.58225196264245	27.4216095323435
7.78696194733285	34.2503537929438	0.458439503080827	12.7869742142728
16.5782350392451	30.6700850746291	9.37571825062079	9.7512782931052
14.4258347992199	34.9171749682523	11.7760071514469	11.5935404267177
6.4677355485382	36.381355471879	8.4303935072437	16.4008046422863
4.15993106367339	34.8438127512737	3.68815068984216	22.8709333183452
5.49463108718176	31.7084748219041	4.95669397655686	13.5540006034727
9.9000587706015	29.7122053513577	6.40202690474134	17.1520208525191
9.36081828244624	29.494903603596	3.18030657979198	18.2241649733496
16.1289842675686	41.1005037992492	6.26682756549154	18.3821744552736
12.000280541621	36.5125139981739	8.54836604375923	19.9154469239408
9.90567411311088	33.8647034772188	1.39117341447658	16.4811047850059
7.96218246141902	33.1754230063857	0.865466885324928	24.8050265974638
7.54575793460701	35.259098838616	3.18274511977504	14.5340714918605
7.79756321401094	43.1077447836943	-0.838436470148764	20.540218941231
