20.1222959270862	39.6434461896568	4.90318999868274	21.3310678845743
15.9031006531299	34.7551625584106	13.5713308325317	16.158546935264
13.8751515249301	30.4145758792803	14.6216458819346	21.5135994222574
10.8578969041396	29.8013042316817	12.7031800166244	22.9955292580889
13.0110750877015	29.2693982860623	10.5303928820405	21.2631715073977
4.35742121119096	36.2979515228038	5.91461384259051	25.5778811862001
3.21810288441174	39.4457153003281	6.47857742905503	26.4105056047009
2.97916671580441	35.4137437237044	6.07360019171497	30.7110922185273
8.32397150376935	35.9110275905351	5.8234391334136	19.0365491502584
7.21302986784016	35.8181698772795	4.3002334326175	24.0332511545518
8.93605133398335	36.5242663900106	5.14661557466211	22.9737003299767
10.110659592421	37.4397873122915	1.54313233873295	24.9216466346352
7.96777965967612	36.5028652398586	1.59080871805968	19.0091710901839
7.81312053438174	35.2673350597665	3.81202998014011	20.4606772159042
6.53876667257296	32.3503080775895	13.7632524943304	18.3677883460934
8.96746131106148	32.1816868379931	13.4983349110468	17.6292528645883
9.15649630655872	30.3179944002288	12.5667572495065	22.5081346905176
8.74610211506318	29.1801105042207	11.7616702298171	22.519544931269
5.69194303767081	32.7071624620105	9.83897052784479	23.9748953775055
7.39689306902334	38.201237784731	8.3019440137135	21.0234476210102
8.35710554464355	34.197281187037	8.37305260804063	23.879230674684
8.19653672479659	36.170665046618	2.12209577654069	30.3632904150076
3.35716241548538	38.5487651667132	5.3118908322587	22.1694492901228
6.53465187312827	39.0074891432566	1.94867801963564	26.62946404922
4.58692270009263	38.2683473703202	5.70895476260192	22.8242937152758
8.79015875075881	35.0642504758579	2.70252638024248	25.9193831576458
9.24856504045427	32.8855081274995	3.02239621297621	20.3592725015669
8.72595631835983	35.1427109241197	2.80475634299583	27.7113477407447
10.1026660259068	34.9052216852755	-1.18983104209983	28.1162299377883
14.1684516760707	30.0773855071598	-0.226312212603211	26.529989194015
14.9710538401173	30.9381226144338	1.43257901961538	28.2620895501468
12.016476780601	29.0791735631952	3.46405807067733	25.6911508145796
14.2979782669898	28.721262791341	3.79318939257401	25.6431882851286
16.2110055344272	27.9437532582805	5.6772166343258	23.5986470407336
16.4525918978385	26.1029557329156	4.00502279023773	30.6029632570683
19.1878323212541	24.1239196348208	-0.00953891302443211	29.3518360515285
19.5114257871325	33.8149957809208	-3.06579758168182	22.8100593548428
15.3263354375663	33.1322565118389	-3.58559373187533	23.9567502327401
17.7621746492392	36.7451378748376	-7.28365195892186	26.6308313208902
14.245022801909	39.764109135009	-5.33782468898029	21.3607610374279
13.0750327173093	40.9942340131535	-5.02133150043454	22.5114867772717
13.0719494098733	41.887417929495	-3.94833054326329	23.439264745933
10.0880510225355	41.8479345615781	0.348267026106702	15.3640739913256
7.43159721888814	47.3720498251626	0.779400759578056	15.835050576215
4.08661149418722	47.205891487555	1.48754650815748	17.7130577120346
8.73555158867535	44.1443670358636	0.502241436310218	20.1241027780847
8.56903751779701	42.3925784917982	3.75775061632703	20.7426606079602
6.93189489355664	42.2780216980927	4.84194159795746	20.6655123208688
5.74380757406283	42.8611248202823	5.44614441757346	19.9045052992219
5.74862021606345	44.2383455421977	6.02004620078276	22.7492316406937
4.6751167558902	37.7174456260671	9.47053801152336	23.9576254758104
5.03306497605098	35.3057074040679	8.79295201597286	23.3538285890195
5.61098990838316	34.5067085122263	8.78545375402129	26.8802258112653
2.1322833811641	34.5495849062262	8.9791804878775	27.8192831589575
4.63049798959582	34.507049754229	5.49026744359573	35.4962365248323
2.7074489781785	34.6132985329857	7.63929500988057	21.6312532955266
4.51162710738332	36.3086209320134	3.6998641844683	20.9493068060174
13.9697507880531	36.8363240999435	0.805186744692046	25.5923282749277
12.7578599146496	38.1355049750102	1.4870848484315	18.5504915447232
16.417854402866	31.3813184374277	6.4015947800508	18.8353640781758
15.5328296747945	34.4630146949047	4.28578627303362	15.3476989441594
14.328754407299	39.2546679163778	2.35266968382642	11.6836806393637
9.36854606768238	48.8488062555397	0.848045385381071	8.84110364899401
12.5121980162949	45.3257116130979	0.423180594978718	13.8430162999487
12.1232951155544	43.46444257679	2.00538446100168	14.2797953243478
11.6797125349964	44.6781937915688	2.64304708872826	12.9291268707032
11.6784884961643	45.2058191385907	1.11707727563705	15.0933726738068
10.7226450555111	40.749362748683	8.02861054021298	12.3204095919188
10.0093575040378	40.8465614934532	8.40104660776808	10.9555681921995
12.5488769354864	39.0719268304376	8.85011257203698	10.9546269725707
13.663177544223	38.0038768538354	8.32006121585548	11.630634374859
11.1954241914337	37.207263410585	7.45744529012993	15.5232040326196
13.2544610758906	32.6377528747823	9.0729823194994	17.9962829420394
16.6021976167882	27.7524479343836	8.72826111280574	14.6020531061224
17.0131577631497	27.0309985224437	6.80499206074728	11.9301871930886
16.2470840719567	27.9569262806606	7.25842962284787	23.4566237585222
20.3747100282343	26.9773867908299	8.65520114165128	22.4698320490159
12.486648775346	28.214924872081	7.1357645190264	25.7748289073669
14.2115432231282	27.9938824847656	5.35486400584607	27.2662318300128
14.8495380668221	28.9309090392698	5.49460219909354	23.3329987444587
14.6202438601999	30.1201049788225	4.90118524122221	19.3408265349128
20.4971883886269	28.2386386929234	1.14326736486686	23.5382021532998
17.2483905340392	29.8575977537935	2.96858149940874	19.3284268204952
16.1138746497353	34.9218119028178	1.83624403155857	19.0261243626373
16.8127352973417	31.5584143785913	6.89341368322184	17.0270421116511
16.819793985699	32.7759117023967	7.63022980122856	13.6435780923711
17.7011441042827	29.1877518796565	9.47065570416534	15.6761865690877
15.4968789934224	30.9170698517651	4.11523573049131	24.2485209225802
12.6270122336043	35.1237268435205	2.57250180855674	24.6107746649662
11.402282204969	31.9091319114036	2.90136640580652	26.6656694621688
14.7088627720614	31.075023017644	3.58103056305301	16.7007829056191
21.1784922883142	32.2079031339913	3.97869267064647	11.6381949327254
18.1857738985908	33.1162240893856	3.39099251099089	16.1929782574364
19.2469200753987	28.557558571049	3.46874607276373	29.6589354113464
7.02814092258645	28.9803221985876	10.5460692058896	26.4307899041821
7.56571412564913	29.9510755647152	9.15186884129621	27.5679152635646
9.66906716743814	27.1097079129215	9.64171185173295	27.7709261993666
11.3726248948522	25.665494184073	8.44079687973686	26.917101911773
14.9105083073262	21.6713587704647	10.5054500514289	24.1904052352893
15.181481620926	24.9995516559368	7.93318087898135	26.7187913915786
13.9528855982924	28.3701405364512	7.38031696958408	24.9607557717815
13.6568659875928	30.8107237178299	7.02113449284253	23.2475928108312
13.0118454067423	29.6165089110527	9.32937176336321	18.4698135034822
13.6842303632093	29.0808815077562	11.6428514141289	15.1492454741791
14.6644869850379	29.7617743517854	10.2028436537498	14.0601057670187
14.131510894699	35.4921196265728	-1.876283602543	34.2255355708297
12.2830419531429	33.3340906658791	1.55518855179119	31.4559341046955
12.7173011309328	29.6028883034763	2.16618086422252	30.9550123998032
12.7819361960332	31.2562685915005	1.90765672286831	20.3276144188931
18.4209795811962	33.702229819141	1.86092484665893	11.6584074580529
24.9657303959879	31.4395631305784	3.47476842271022	11.6218058196315
23.8576749075787	32.3710019412362	5.89743023591482	12.0883234683293
21.0294429190914	29.5879894926766	5.40519972018926	12.737632272682
22.1032716018568	32.2990830674046	0.514125238769044	13.5765601523741
11.663626142447	41.8068846234331	0.096339485154989	13.0934013884103
16.8396843351844	35.396645913201	1.58744915575963	20.9917231680427
15.567179367125	33.7006882067733	4.20547670715385	14.8924216187289
20.6311104934764	31.658109340634	2.01038144559496	17.8923146032458
21.0930842499081	32.6458369431121	-2.08926852529041	20.9877336134033
19.461264516418	33.6235918552556	-2.31359890288774	22.8652039930986
16.5124262489426	34.9335806870706	1.92397411541968	23.1911928835103
10.1192777249351	35.5948954561022	-0.414727985201258	34.1644884249905
10.651803513259	31.0265417794875	-0.174717103241859	27.3719492977686
12.8537427733804	30.8407051039301	1.31637369669978	24.1040223864108
12.5199128787185	34.1783448511176	0.0661823004230477	20.4229166991278
17.2035632102902	32.1801352269583	-0.115638935032525	18.2404022504776
17.550039147694	33.9291972595907	0.718945267378352	21.6348720526926
15.0363503596282	33.179193739657	5.33408535489278	22.3309335560808
12.3218136869619	30.8669123130123	7.58924794228213	21.4450154389525
12.8822544922368	32.0366166246797	5.06100284149724	27.1146860282207
10.9161183925277	30.2487930653582	5.72419617073464	26.6415577271292
8.5682840036218	29.8864087437245	4.13494526032853	30.6223159832842
12.0793300482144	27.2240529618606	4.91516397210242	20.0252936165741
19.9308544587519	25.1619649469615	0.751864634141641	23.7282502142587
24.0438288454142	24.2129285919953	1.3177909945737	18.1404823181016
21.5495443231602	25.519353466342	0.0760923668921998	18.3242308398329
24.3980049811479	24.6930234327454	5.73426892451877	20.4148368005261
21.530162442913	29.8722513329711	5.34139601683179	15.8812646907548
15.2057157922254	29.5516898193155	7.13502869941419	13.9767956904312
20.1987325991376	29.7132939642483	5.8096605376353	14.0889484517718
18.8213954246475	33.0619239349439	4.35797282468051	19.1939208872379
15.1838686003741	32.7682691752609	4.44032914358033	22.8279245162145
10.9787635987937	34.6396199581473	5.34093907054414	22.2104325989955
10.5011942906618	33.92420255387	4.29863285923277	23.78621470042
11.8049073969915	33.9157164988752	2.02193990226801	23.3631336452897
11.764073052128	34.9872541015681	0.149320197382123	28.302263080469
11.9152081746448	33.463961259247	2.13095161234692	27.4585415153914
12.0591731148612	34.201733695827	2.24781161467046	21.8719697660916
11.4546543383638	33.7584724906082	2.03217048114943	20.2148416252956
9.29969395051178	34.9899214067392	0.862515204686999	22.1182226749286
10.1565893226462	37.8903805118741	1.62144787526536	21.7664896427803
9.66950082634963	36.4526968126872	-0.774097123142333	22.0121803238206
14.2409895634783	36.9427009972389	0.925500265115317	18.5615749548784
12.7353008063083	41.8152850398439	1.48090087467573	12.4257885760828
13.9596003871831	39.3068080172492	1.75838158087572	17.3949277365495
13.7931118117378	40.7543265759563	3.432838167937	18.2648222852909
11.8925478708663	38.1910226047268	3.65563480736455	16.7340275441707
14.2496193157241	37.5934777211822	2.42123781708354	17.3852039965382
15.1987037536401	35.1809713259239	1.88070711442862	28.3180762663065
15.3084095254946	33.5222235481987	-2.23872179422153	19.583269844946
17.5078409527834	32.8957928240985	-1.1468452665935	19.1397683781588
20.4337257074317	35.1516291722239	-2.45277753881911	17.4710359208302
20.6300256342242	36.7155729550452	-2.19057697248752	16.1777474072778
20.6860705305875	33.2774135891455	-1.48505364473916	24.6926752176499
15.1546681659523	34.5008703020508	3.83771076260431	25.6524110365874
15.1809570584688	29.5217182046357	4.60536010265993	26.4117810168849
15.6923622206154	29.2052741536494	4.73634205694021	19.2668176038863
17.5542538437362	32.2158527531086	2.01337345578419	19.9968438149474
16.4349900732118	36.893457696587	1.00249453714219	23.458538033862
14.4734214359058	36.070818364723	2.66954241047568	23.1233773211505
17.1511081333744	38.7120041807367	-5.68343842743356	26.0003901032638
11.7303852823122	42.406995005179	-2.87977021845772	17.1779359612656
13.6918099520287	45.4241915176672	-3.01601301513771	14.9284704245505
9.77256030214494	46.1843643749597	1.39553162716619	12.6876559254592
12.5757468109718	45.376178833423	0.708019772479398	14.0560153660787
12.4609036978866	42.7818618535418	4.41266677541702	13.2705312267369
13.3129989893708	38.8804210633397	2.24174471008664	14.1380353480069
13.2982763987851	39.5080166405225	6.40166073008513	13.5562937196021
11.5091983302545	37.267032030478	8.12532427221136	16.6167112775305
12.4495328128172	34.1794925280127	9.60985004762561	18.4586180515182
10.4362012211897	34.1921291774237	5.77084351563168	17.818885160592
13.9641564896994	34.6031156176337	1.69148853351437	18.5780244869931
16.7909927642745	33.8094313169481	2.25568054546677	18.3171804062149
17.3908010182352	39.7394856045143	2.41980569087879	7.21856136331913
22.586735702721	36.9593584303091	1.74947418388889	8.93493680113637
21.2012456444524	38.5086185652682	0.305302141932555	13.5965821353121
21.7135279130623	37.4139908796202	1.36034085105243	11.8171462064011
18.6402837669909	38.2176104742748	1.49298551415163	18.9041701564805
13.65117004546	38.8464729507168	5.08276668646591	13.8041872321868
13.8351256938517	36.6017275672121	7.02348321014302	19.7439328581335
12.2726454179296	40.1363921368033	3.90005394391682	17.4543870878717
7.07875562455368	39.9908600670755	7.30780874464073	17.8398023695065
8.33130837033038	39.3866128172881	8.11891537030671	16.9685964319235
5.49237429547514	42.0601243573397	7.20924263941067	16.9199893851025
7.77167094455372	35.9001574615626	7.21636256247969	20.8344522147536
9.71110865290548	36.3822792816585	5.72573495142372	19.7584215341379
9.43091184412064	33.8888705402291	5.21947160675614	20.9942335099225
11.900743343842	30.9587324126992	5.16356332125781	23.8790050567371
13.7921148105942	30.7202172717448	2.73399443962319	23.636585267293
15.5630925780416	31.8271829786406	3.45412606590816	21.5018986035455
14.0604012783455	33.7521314660714	7.56985003524775	15.2984151738302
13.2899936296527	36.0122092391728	6.77877647448477	16.9748005457158
6.69482227194484	43.352735218892	3.01877062879649	17.7733980622132
10.1038070072789	38.8641559602748	2.64889714514623	16.916936065058
10.3981260757867	44.007267825311	-2.9592003318387	18.364924081036
11.8091412529323	47.2333354140246	-3.15460274671526	13.5267594910623
11.7780091174571	46.6065355190621	-2.20984617508161	13.0641726090037
10.8466433201609	46.4568958627629	-1.18508131916584	14.6007991174632
9.91181248297414	47.6932616176081	-1.52313242309248	17.2396693465567
10.8385373206014	47.821745708864	-2.70890037167759	15.0957182814298
11.9044634425837	44.3357531164973	2.58151146749144	13.9479712492549
12.6161371066872	41.9131789210471	1.40032917789591	20.1280377761224
11.5785054374349	38.2142943982902	3.30685975558532	16.7413031290401
12.5038243830998	41.5385599737923	1.36627575911058	17.123395145077
12.9402725329485	40.6184658711712	0.461712321159533	15.5835917196079
13.9601560778274	38.5381093226309	4.20736086258499	21.566254149641
14.3713512381971	30.3949814588865	5.47622771637349	23.928520597624
13.6875562179297	32.5469746580794	6.76524709613829	24.5681697977149
10.9948817755582	31.9557590045986	4.63092353364288	24.0663552688056
11.0513247513176	36.3804955230115	3.00598259247076	23.1051466528879
10.2342317177715	37.6117013394798	0.941011059798575	18.7822105540527
9.31343715580049	39.3734316783923	0.159770297264422	21.0195657432015
10.5350838154166	41.7321432584705	0.891921497983982	17.6453824418533
12.2400052654168	41.8688589281211	0.400394673476541	15.3938527431583
12.709149594758	42.1257378292538	2.29692838342729	16.4964631505554
9.8971541321569	41.8353947083561	5.32478857399773	18.0865186776536
10.9309100276249	37.0033217728234	4.58107334955883	23.7959742205378
5.73159123913869	34.6134442915999	1.29160902103373	27.5854586888265
9.07010655411688	34.718691913555	4.42268982170113	18.5133417586081
14.0770030769443	36.7675312791528	2.99829469225625	17.2721602526053
17.0372856696287	36.4007160845094	0.922939557781395	15.8072258699825
17.0602654231863	36.2690340387516	4.03104569989522	14.0635720838534
16.1751274928163	34.1620420021818	5.60281428502207	16.0832151952799
18.2213465570241	32.647200808113	8.94738033203383	19.7911228258762
4.70392169548874	32.6974066922974	15.2866748832883	25.710282103693
3.54335502289958	30.6644134527014	14.9192141691008	21.4006840335894
4.26088099757836	31.7229256593563	13.7930372283579	23.1698964457716
4.67405077310924	34.2212919914511	10.7247287799389	22.4157996595548
6.92687421346728	35.8081245172261	9.06439753864745	22.5517313884282
7.4706197255026	33.2882352807983	3.37063799063528	22.4905843291142
