17.1898908514865	43.9575784358532	3.99072908680262	18.9113782182784
13.8646007266285	42.0461617824924	1.8812688062997	19.282044402741
10.1015058217897	41.5776690882934	7.36612741789831	20.6172981802595
8.17688299497174	39.7107166285053	12.2785108181205	24.7132749197889
7.9563831453688	35.9781183102929	11.9021852631218	26.7741360384882
7.37727038995147	34.4741788122269	12.8555436650845	22.4297078713061
8.45507077476413	35.3217861480369	13.1220868232282	25.4991912073509
8.2197597280934	36.2058222489488	13.554198126234	19.7495726439541
9.50908963175933	35.0531851606164	12.8234088875698	23.81234147088
10.0500608449422	27.785865030689	17.9459365167068	21.7968606407354
9.89864630703824	29.3674310965907	13.5970718560139	29.038675854634
5.13900134620737	29.3911787372526	12.541690748121	27.5215094634144
6.69369246183874	28.8211937405612	11.0836207679765	28.4608232094718
5.21097473783613	35.3906551700162	4.35198790446617	35.1868838262556
9.96340151185711	31.0749661992302	5.0239110443339	26.0585324517263
14.2557278699255	28.054430207703	7.12195385798471	22.8553645806199
17.3787191743512	31.5071032727549	6.59406123137123	18.7975948890483
15.9166237270009	35.2730210529609	6.37340861059746	19.5866149330917
15.0609248499953	34.0277674802548	4.95855909186414	15.2266660871334
15.2791956693693	36.2968623783143	4.32420918784611	20.8494613951422
14.0292346079661	38.1247310396726	9.24223929608287	24.4968480426332
6.20861561754276	40.3965367059843	11.9039540547276	27.3192546435831
6.30356426806923	39.368442459816	3.32551044634855	26.9786514335456
7.69032753048372	38.6204932814854	3.00674766288921	25.139857557896
14.2671090091123	38.3650709081831	3.83876587893831	22.442202840281
15.1480644970677	39.1394250012931	-0.566310090762215	20.9178500673268
13.7250794367636	40.1434445540872	-0.129057782005408	27.2445710141256
11.2611502908156	39.877364064705	4.18413875927402	19.7965525303503
13.4018916740068	32.5813242662656	10.757230952952	19.1891193536495
16.3499625402195	30.1240352503913	9.64362651174948	23.6568218928195
18.6822960937149	27.7221139554107	9.86150531905486	23.11061988438
10.6325881130733	33.5364319156272	10.3795087790747	18.3868564832408
10.1465571200215	38.714858472384	8.70002347525276	20.5931757371326
12.0130670577028	38.8542290586414	9.74332963131435	18.2686254749756
11.6301185428086	39.6989761926136	10.2534837641894	18.2561119352333
10.4464043296549	32.8019564306375	11.0245663873224	23.7185659445677
9.89248621268439	32.0621884974264	11.9156908398821	27.6797521591269
9.87827674011009	31.1183927770258	10.4155528933467	30.381706373115
6.96007064801423	36.6997401806189	11.2215654368505	21.0477012068041
8.29832900573282	35.2272677928672	9.95910702348499	21.9225227446815
10.3027930136469	32.791414566472	11.9469506308835	20.2808561008023
9.23437831597738	34.0760278092341	10.8582726392362	26.7437526926263
9.31168792383263	34.8943686557915	3.50947845638199	24.7899258508015
8.68655873553723	35.1629051849927	3.68943502804665	24.094677562699
12.0214161813845	32.5682532345646	3.44449919097075	23.74556618722
18.5974329605193	28.3606434637451	7.35794650072182	21.3867141684453
16.9549915374593	30.7320977189418	10.5148699940517	22.2745265016359
17.6547963398845	28.58682663503	12.1538924649692	19.4118741813237
16.762506344203	30.8851814232477	0.90571622979388	30.4246777077141
11.9174133980051	38.8503484168618	-0.298757344233986	24.176606646411
8.71839063897613	41.2281938918463	4.32726274642051	24.2759325471496
2.54960509526315	47.9096619085208	2.86382186523181	25.2129136492748
5.9895856659737	45.8842253642331	3.72627612917292	22.3044310092244
1.54778694392666	43.7140347544879	7.84144280708405	24.1587838153203
3.11293506906162	39.212997141631	8.56436788101691	21.0392315401073
4.09469156868264	39.843026427889	9.24590085630316	20.309785821545
6.89912860720378	35.0743718066075	8.53056587276059	24.5466138885277
10.100151321206	36.7458038537254	8.04544430695334	19.9022166660907
9.57985572191419	38.5429029928011	3.78458700146386	23.8153261757174
5.9824655252276	47.5573900234994	-1.5588591185546	30.9866281372562
5.22227375344684	42.655091324477	-2.18471564736902	37.4633098792765
5.82024722902067	39.2972931207403	-0.435481589604866	37.8650507300539
8.37047576869046	31.1740773725315	0.959388534779373	34.967548819073
4.90791648480321	32.8569025720922	5.47125338587514	37.9801519632344
7.24031282273357	34.6817627441552	4.287054733174	29.3085873541621
16.0453660880288	30.0121955604903	1.83364915192979	28.7093749057586
11.5045152628867	33.768913943769	0.770204315382046	27.5823557172971
13.1564953323801	28.79796189183	2.14839310150611	32.1420252584921
19.7046711773601	26.28051990943	-0.440194824639347	31.3518262610515
26.2735034536457	23.222036992559	2.40438225895361	22.6568700755044
25.3667644778584	24.0659198695154	1.371135548586	20.7543620778933
15.5024866498393	35.5175098748237	-4.8767068689535	29.5678799818567
15.5102058541347	37.9816537940564	-4.95592476668159	30.3272119011096
11.3623681289261	38.1293442683185	-3.51207385929823	27.6670726763022
12.9515736273644	40.0747927297847	-3.24017548161149	28.1677253937602
14.7509931573946	40.4253552547665	-5.92716542355217	32.4932140300855
14.446582006381	41.5663519241856	-3.86404754795018	27.6861736438716
15.3428802697138	34.1748222658949	-0.755271641180491	28.0189613031058
17.6355815205595	29.4230555490717	-0.665118681394335	29.8776738193652
18.3525258895358	33.986047043779	-3.52898515724932	30.1560252218227
9.86053576333207	39.3387080969635	-4.95750460970571	26.9034799381248
13.6246217285063	39.6252641789832	-3.70061929301714	19.6535466664559
15.2799149107094	41.9708480080413	-2.75735346564447	15.4032101054276
16.3371455587232	40.780925661851	-2.19282058442358	17.0026590456786
17.9438975019023	42.960069330469	-0.0933130074248636	18.3434059416341
10.5491202457624	46.6194260782321	-0.927694063151408	18.3902718502522
10.9274015475812	42.3366978930569	0.933672890083711	23.4402549426009
12.4764132144137	47.2906660296433	-4.6879551494328	22.4003466420287
9.35461181851312	45.6078554134037	0.585436780953627	18.5442302214353
10.2970596015887	46.7347518962961	4.54128331384947	17.1484208133716
5.92809384469377	44.8096401945841	9.54757976691564	24.5751675849512
6.8748808968733	42.4475270956074	8.11807103895717	19.9741906475931
2.49933029650114	41.6705291812669	9.03809235871904	24.0736411918931
1.60133939825443	41.475114712781	6.54649858584425	29.3514787579932
5.24185426975737	42.2483649065654	3.08708753747429	19.9470963912569
10.5106378927273	37.7427079208541	3.51475262237861	24.6459645549321
11.3459655152748	37.3571335443785	4.4344163586434	23.9237714689961
10.4943373100015	38.8895246073162	5.4865009028513	17.891628880332
12.9953824965032	37.6682277512016	5.53889513231488	18.4423241071962
14.1959659771675	38.2402544863809	7.0372143223104	17.7764314043739
13.0953769591239	35.5850742147119	7.61637220374914	23.4100524771125
5.57578776324214	42.3115252600536	5.72179329854183	24.6868554422146
5.09054957001814	37.2338230040517	7.64540121314715	26.5106129169909
9.87427214365142	32.3244512005371	5.49657191978245	27.3794608994832
11.6105251703135	34.9478292446797	4.53047083648386	29.8317132420004
9.05811235225226	33.5473802807023	0.585656058492181	40.5947604366261
6.69498829832213	35.0069354210851	1.51491060099386	38.3759881395986
6.71461806802584	35.0201211238705	0.556929914394948	38.9083031544483
8.38761117067108	32.2619944131299	-1.57732851001933	34.213332899662
12.8663981708642	37.671435799108	-1.56417652494033	33.4079260549757
11.0034695259018	35.2246335452731	2.85897900858252	20.2856502191428
4.74355416751483	44.8262187909643	1.42593458569898	26.5334342775439
12.3594212468673	31.6625177280968	1.34416026835656	30.6260928699308
12.7704518984724	29.187776908923	11.7843603115619	25.3876667904345
13.6708706900935	31.3663835164085	6.81682059598128	26.0892028807761
13.4051997828915	34.8388436693267	1.19726796853561	29.7873143459769
11.1646419069475	34.4742713360278	2.13841334406236	29.0660274032602
12.1896233414045	35.6327243269285	3.8786373708299	23.6060208750135
11.9483741775943	37.0625310267726	7.22877552795089	26.2954599636091
4.92502589633091	40.2056052901255	7.03932333492592	21.9199960948411
6.53572032383977	38.1466189100323	7.62463873901182	24.599380515099
5.00783173103303	36.8909630615594	8.52822934926265	33.2802252845178
6.70140929096693	35.4179815657749	8.07335125060079	27.5529018372076
14.1745978423461	33.1115649303501	8.45151227048222	25.7798662965735
13.2581790273145	33.842682400746	2.02099284777231	30.0168223606971
14.787189995136	37.31087071233	0.356904053896391	20.2469969644639
11.8159842641529	38.931384620895	-1.7608947937156	25.6076921193352
17.028199999964	37.7667691313525	-0.9410239155741	22.3065034219627
15.9777765429151	37.0969445389311	0.713785151380533	23.3254285351447
16.7030590645005	36.7303132601852	-0.0285040490446153	24.4013923795181
13.8912154187416	40.1909027408778	-3.38303577812661	28.1960821796427
13.9998461763523	33.1269644963437	-3.066719454074	27.9586848554058
13.9393148143924	34.5598054504077	2.10301740065804	28.4930759885205
14.0272037576256	39.1533356556376	0.914133519103259	20.3931638045964
15.0496383159503	33.5437115310506	4.46719133583844	19.4653738436085
16.2904250429644	34.3097034232987	-1.01923982091232	19.0970039490407
17.707251896493	36.0250263285188	-1.1116150242751	20.1221577172257
15.9180091840108	33.1650797441592	-0.528453657131191	22.9041266232818
12.8047770712143	46.9889972313298	-8.11386895300644	25.5075547503834
7.15423391182246	49.0650200304768	-0.803896962807064	24.8661358927845
11.9866023098312	48.2871644963703	0.521078329728249	17.9237163560252
12.2973587915219	49.1069318732663	-0.104594713813361	16.6702032911491
12.8056749712049	46.5535260230719	5.54334740728255	19.2563790103878
3.96844863994053	45.9437866258345	8.45701016825086	15.513062664497
5.8447626468263	41.0181089342824	8.56775070390122	18.4234714271815
6.28061134391496	41.4702795428898	8.72184339029039	23.5919247172802
4.42023342368812	35.4823815206521	12.2958647008003	24.9115747168684
3.9777283645248	35.3127163125657	11.0471674860405	22.8096556109631
9.42586962933026	28.4151750000649	14.900130011722	22.1101173186685
12.9296628328495	28.8099424296013	7.14999752179111	33.9958165537603
8.69187131428435	31.2192460039611	6.75822346122354	34.0015576149374
11.9380573615766	28.4883991980671	4.1667307717019	29.5471511968929
13.9828833900144	26.6241483206949	6.65022819202778	30.1308361825411
13.8776061006858	31.0914770061946	2.85766219078678	26.3256437394063
12.4083758912085	31.1422852912518	3.92262635564404	25.1022148730459
15.331374233764	31.8028790197867	-0.00467908219625635	24.7180801832343
16.0619506115917	33.1135385665342	1.13479210337893	21.7631882840993
13.0079796462739	31.6116529163204	3.96739939044898	26.433598354202
9.66882039947632	38.6710057467354	-0.772177143453455	27.3404580552337
10.536011390738	37.196011981746	-0.080521347997685	26.2797381367908
11.3278557406573	35.3812649429589	0.472374924859057	26.6583450196684
12.7358253488132	33.1934812058523	0.539056243926234	26.9017313711384
16.8809839421594	35.6302194119103	0.803746303272975	28.7739551912371
13.1524356792825	36.3602529615053	6.10805958828439	28.874286795967
9.89251327954553	36.7143755578326	5.48062207051669	26.5858841214741
12.2214136936251	31.7866683509946	8.63152668599554	22.4683091875578
14.1354617282993	31.7087059837545	8.54715549521872	25.9619949167137
9.68215469705573	36.7004801725747	2.41166746497409	24.0326346067265
10.2507865627864	36.9470904252271	3.43692595845042	25.9976118157171
14.5108313206602	32.1095863391869	2.52836109022305	26.6485243655167
12.4999369570976	39.1326769852905	-2.9232613165424	25.2296567470697
13.0691653869105	40.8447943014918	-5.91807539160631	27.4025616929797
12.866123599728	39.2663263020911	-0.317421501308233	26.7320816249742
14.830647520109	41.3222603369092	0.281957328114701	25.8739289661129
13.70367866648	36.0875281379755	2.11284347811112	24.9385567145613
14.8233761096896	36.0365895172778	0.774359490424974	23.9348355236046
13.935419992637	34.2428824954839	3.08272175880207	24.0241847590245
19.2066186637826	34.2643761179273	-1.02464253399953	24.7487498284944
15.2142043685749	33.6744054258891	7.35863411271191	23.8589501730793
14.7033171490169	35.3001672799716	5.93209780538749	25.4967202782326
12.3253235557385	34.618909463604	5.67358074344436	24.192371602231
14.9864445155366	30.9703626825167	5.80295275997112	23.154964144919
15.1214209286258	37.0183705957305	8.96779507303694	15.9657062911774
13.9996802940304	32.3379050682366	10.2279988471041	16.1445246041838
13.4539716658456	38.6596695264527	10.0037984122556	20.2709786223877
10.2143354827032	40.9442477161722	7.29560252999063	26.5280328228246
7.20369959639538	37.0616262405363	5.90019915708009	25.434120015997
16.0199522337241	31.0468449371011	5.67015414240648	29.5958776969354
14.1513895529731	36.443980056388	3.67924987467724	28.0934863981353
14.0798940237089	34.3781469332069	0.87310038100464	21.882725195182
22.0573087242456	31.0235091161092	4.51349147611265	20.7404205390862
21.6500012177067	35.3823882145532	2.2095765906714	20.3054468920809
15.266597116276	40.9803841090486	1.2959259716234	23.7199737476497
12.5297468829455	42.2951309115875	4.57307963517821	21.1835520539949
17.7123935491957	37.1607334171259	9.30477290033945	16.7030190932394
6.56065925038122	41.2561216093437	11.2168808047528	24.1781440501417
5.86979117288234	32.70368410121	11.8953850002828	27.5218478759168
10.4516813932622	30.8819718214192	11.5855548733193	28.178386830815
7.97265066745858	30.5192122648382	16.3147044133242	27.107561631408
7.07982847680102	32.1141976970608	7.33023195968218	26.9307323658991
10.6055024497957	34.6141421146997	7.92447450181214	28.9927996948608
11.2490662690762	37.0610951646031	-0.767381219245745	33.7200942587456
14.4400817430914	30.3007425428779	2.8527330899033	23.5004058208274
20.4716720884211	27.3979060575777	3.76392032805531	21.9494668130015
15.8312525674884	32.8347962550298	4.02471276553049	21.1964417617079
13.3785377983187	34.2764632092268	1.05338869237973	25.4515896066234
13.6255268336928	38.1252448153164	-5.54350567626139	23.0028180718116
13.4688584371005	38.7670049522323	3.49733155343378	21.5452227174585
12.8655267394615	40.1510686272018	6.92779502258634	17.4743442551996
12.4947189404165	37.9260144600381	7.49176339310595	19.2452814022842
11.9402810573422	37.6232208763587	6.85812987542665	20.1497302635405
8.58122090319104	39.6441272359929	9.19912603791996	22.3265844936863
8.29578633628718	37.9616314047296	8.23685780526545	24.599531084516
6.4497928267089	37.4148080182846	6.30003331122394	26.3338113424698
5.35578044894622	39.4185308226595	5.69477223451655	25.5316965130488
13.4885567560346	38.595436504877	4.85456875028431	20.1257891010588
9.47061141701854	42.542894043329	6.35123058190912	18.5924384829062
14.0779322410262	34.0144413685081	5.6131563182726	21.8033902548138
11.9147527545019	35.7883490243774	6.81923924580137	20.7179535218399
13.7012356008663	37.2324100672805	7.14984115411617	21.6365170906752
13.3135931544266	39.1157098021896	3.52803500939459	22.9903977070458
11.2506652787552	39.1339490131989	3.14641157872522	26.8869039499176
10.2730308278583	32.6210300659343	10.3577519490379	16.5290546849345
15.5256308392736	32.4527804075902	7.92704291920871	25.3301380374173
14.2945408442731	30.7833051239966	11.4482524380525	20.3796149291664
16.4143996320162	29.3862911746798	10.5626088907068	25.2996482465019
10.4464972125599	38.3579250319191	3.83967871352828	28.9154586219148
7.20119403648766	40.6613762963837	2.08213258038477	25.8055606917148
12.2081054226494	36.0265317334136	3.94770341888384	23.8982677622651
13.2414330894197	38.0653090938255	3.80719854548316	24.2942512175021
9.87101199652956	39.51439382511	6.95382794816535	21.0514586811984
7.44216816311617	41.348764694002	8.57276165765331	18.2020583869627
9.3660686675312	38.6523068372016	7.59074515594813	21.3237565760238
14.7446478471975	37.1793947504919	7.66796532058682	21.3080823751378
14.9267509632113	37.5929696278326	2.10146783959617	26.2820405401436
14.7135737955056	37.7307150447598	2.07598787716394	22.6026275712212
10.9493502880915	45.2902781840767	-2.06239190524195	21.5783581914541
12.6919384686045	38.2315497463328	0.291475997335425	21.2344535700346
10.5671283945147	39.7588158854973	0.403595305360943	19.7684518261655
16.2594342294786	36.9019594243486	3.56440052672907	18.6011779251124
