19.6633292326743	38.0804835883384	7.84477514536537	17.6786053378785
11.5464199981903	28.6809288262804	10.3853144836523	16.9312456433138
6.55963346607534	36.2812911929222	10.5112095943095	14.9090705180018
9.3865960325442	38.0972295837136	13.7122675665597	15.7115080801571
9.91748635130275	40.3188810037778	11.2389505914583	22.3067762227097
4.63482194288385	42.5962697371238	11.0701503887943	19.4670813133753
4.13011680617931	42.8143204739482	12.1682523545226	21.1231323935836
4.4856700112255	42.8589002912619	6.96544092688573	22.3255622617139
5.4289794040645	42.8023663698099	6.63475771163457	20.527436342466
9.20570380313196	32.0174963585436	10.8742792901649	17.2462893195181
15.9260581630835	31.4044611781502	10.4102370080132	13.0220422811537
17.6780838506849	29.7599704033601	13.4221882267753	17.5740188828615
15.3615476310093	29.4033592772728	12.9535723251149	25.1939328300562
7.87632404147893	34.418091759391	10.5488063461457	25.0725500614291
8.14600003647694	39.1775974439567	3.55921408980298	25.7599791747426
8.91009018723087	34.2890527047327	4.28668828646743	28.3222860249262
6.68446471881286	32.648691589417	7.94949036484263	27.39519810188
8.61015249243171	30.5654958719513	7.44269307862646	24.6950824696957
10.6712724298622	34.0745704774871	4.24485464041731	26.1096053406051
12.8002629368479	26.5170808703561	4.29103329101181	32.5219475595054
13.7683315537783	26.5116526448549	4.9413335226009	31.8403484090936
15.266229020691	25.3111020557023	4.87436325398645	29.2567545451932
15.3416255447339	24.0859740192443	6.90269627252034	28.2453006314755
18.2431274587545	25.6399410705015	6.99594683062547	23.4781576734678
17.7491152759469	24.6496816319761	7.08054910482137	23.10066348268
24.639009695071	21.1915934523501	7.42242166136916	19.103048876219
22.4495963300944	27.2887922973616	4.45297043671011	21.733366171906
23.4054610119881	26.823379596681	6.19438148756214	20.1892370620294
24.5204515921237	27.751006748513	3.91482019158735	21.4310873354451
22.6917275905894	26.3941073249901	3.24011281555909	20.344036883548
24.2161018008651	31.7453223695448	-0.347467479720528	23.1182070539601
23.2681005873299	31.3884504902369	-0.978401611765833	21.2080342886734
22.6260507531977	33.0842722101908	-0.178478553067387	21.9824102511671
17.9350231860961	38.2276555134711	-1.12206464391816	21.6370838554587
14.4122825416933	40.1067200214069	-1.22435075179151	21.3944629150094
13.3824963160718	35.7598171806361	0.542197844996684	23.8187191437916
15.0131893219354	35.1904213847683	2.24413711396568	20.5345757666622
13.6408714257584	36.8874685309916	3.28013183833622	16.2314760118385
10.4650159349137	43.1005659222035	0.908518923032664	18.5660803822463
8.56224818680748	42.2857582436068	0.818538147217653	22.4122663113882
10.9878975479791	41.9519151859562	5.09112178318526	22.7136056281135
10.2421788941996	35.9507063814164	3.04499855468373	32.1659693510712
8.97804001634448	37.9531454123282	-0.378637554010302	26.4113405049685
10.4761902399411	42.6670847777934	-3.97696222144391	25.5391351587196
17.1092393842516	41.9419402492702	-1.73199689935216	16.5454829184278
16.3435100431187	50.0232914080699	-6.55834318130573	20.8231558264033
12.0821854930936	53.9912467416902	-4.7735938686891	17.8473718799451
11.7504686769392	53.8418356044617	-4.13967279524911	12.1204158331309
10.2583055833264	54.734109034993	-2.69160702166516	12.080622178739
9.10329263003632	55.6357366678332	-3.08623660396222	12.0107355463433
11.0295209486998	51.6896671019371	-0.963214826654793	14.0458266843289
9.07347358233156	49.6777357497597	0.371318113254452	15.4875551356982
8.88476155204374	48.3168977253484	3.57258480703495	13.0363450078496
12.5029138057322	39.6216519769626	6.62138102538921	21.9397160332237
11.6157620190213	36.3063656411609	7.59881812809072	18.8358536862285
16.9920344440768	35.5834961263431	4.88778429767154	20.3224129146893
14.6624296636663	36.8564246648647	5.15524830961953	19.0440293597986
14.8770335181699	37.1016053896362	3.29758660419241	22.567833540036
14.4946225574323	35.066489831912	5.04644045078863	21.0434604878051
14.0898745318992	38.4074574302892	2.15480739574576	22.306722976172
13.1218063620036	39.9116161998527	2.38408716426283	21.0098978981965
10.929639730428	39.9833684924224	4.81633438992366	18.5463676776394
12.5014881407396	37.1121568649241	6.74661251146993	13.3036997034479
12.081646833324	41.4533273756669	3.05321114732599	20.3135862112808
7.62408090777427	44.3947957979341	3.17496380986189	16.0549145630396
13.1646015984371	33.3006200917941	8.50673960932803	23.9753247304655
10.4691409049482	36.8902389112965	8.71525603990343	18.9725369684364
10.6130902009905	37.0763607199426	9.65677933559728	17.642935248221
11.7468740784774	35.4251054065232	6.68219934708414	24.7652711641404
12.4976359461527	34.9218554822488	9.28681327986506	17.3487845694189
15.6810239739809	27.5774649930878	14.9997349954168	12.0720732354101
19.0010088088947	27.9353831754459	15.1090120254043	13.6111194892739
16.9005950156624	27.7167886612211	14.7011486380319	18.0257722264118
13.4411836287963	29.0381129225922	12.3382907439913	18.9386369874809
12.1558140960357	30.123005543479	8.56402700393973	19.0772952400257
18.164788267745	25.9789495973062	5.76056216004817	24.7661107946296
16.6229537576138	27.8076519385575	4.21827352206084	25.5135559304155
17.6859850245618	30.5964973110663	1.47883038925428	22.9107960303783
14.42810498598	36.0120906611221	0.846100661541106	18.7821178524292
17.0338326175788	36.0298003466116	1.89721942442984	17.2702540825041
16.688756036414	41.8378721885134	-0.720753397033056	16.1993099157344
13.6574275226614	45.8266943748791	-1.14114936952133	17.3388813961874
14.8798800346723	47.0117816425416	0.833214788742794	14.7306375138149
12.3597114083923	46.0616332179423	2.57384705821332	17.8932755181897
13.0208859487441	41.646929460632	3.65631910076638	19.4583522848219
13.105989668621	41.710758349717	4.10895455664297	11.8214588195157
15.4799946728304	42.3733410315059	3.07479939565955	11.4348858432484
13.7458586896293	40.1302449946694	6.39986280643972	17.1868314251926
14.0795021461279	41.7032254912361	4.69650361825968	20.3599034100237
10.696868585411	42.0303375222942	3.2691975746909	25.163617932771
8.35968782494854	44.2566015217758	2.82717071907777	24.5760742715306
8.29385623905813	38.2343848802811	5.70639993498284	23.0359826676716
9.7199276434752	38.0826537872693	2.15521392148171	26.9252060161515
9.657481318285	37.7827869906058	3.41028646654681	24.7557233563676
9.84362826380263	39.3601003159258	1.55005919358284	25.0465201177686
12.203860377495	41.1731445241044	1.06828854164845	20.5902506642005
9.70653600904423	45.054640240403	-0.255322055967568	17.818713069291
11.7399591554369	38.3787603462627	3.42210261143553	20.5753269606776
11.5551813037548	35.1681949307257	5.13255022813421	21.4517795644719
12.5672807221809	33.8502193397889	2.6820326491524	24.1354590003398
15.1191814689474	34.244731295131	2.59809585760188	19.5127023997566
17.7731766787866	34.1261446139843	3.4517945913932	22.2037938012591
15.7520889338474	34.6035505358542	3.51019053789474	21.6404371944178
14.8029379464122	32.4949490617336	5.4235239593132	20.2344489240009
14.1394025237667	33.5191389651345	6.28683589033843	19.3854750439446
12.3379932374669	37.9249301574122	4.13407647837684	20.3564393436031
12.4737788457652	34.1400845835846	7.84479719916221	18.8267443105074
15.5207916022372	30.9378096667944	7.47659102148257	21.4133667745803
14.6052731692989	31.3571316086392	7.46728944872634	26.8367729207739
7.6613909551134	32.8170536925912	10.2409268128792	23.9075822183129
9.4146008403232	28.5677307795721	9.96776659091386	23.6759925437146
11.7347321156604	27.6054561718355	9.97549202022953	23.15700727878
10.9946567458292	30.7328125110816	6.02360027267251	26.9154129752294
12.3402758422499	31.1386847620009	2.9497584405319	26.6132189802116
11.518482520021	33.3757011925912	4.10308044805195	25.6759901894152
15.6396104794121	32.8705401726177	-3.01225675567049	27.5543200130829
19.4131096342623	34.1136219336761	-3.26498309918173	26.8524363962257
18.504622594173	32.978915188082	0.01856899378053	26.2931353435175
20.5104899957766	34.5740857188296	-1.19345761745379	18.214622931504
16.3713699935963	35.9123316948696	-0.870471849694978	22.5601910380137
16.5834624666913	40.01997667755	0.881255805369337	22.0873825487029
12.1154990257554	40.8892918620591	3.89039941441414	22.5875286086834
11.401560843192	38.9317412544374	4.74556864798538	20.469583805897
12.1108765138781	38.0862545045425	2.63803269221285	22.3618231403506
11.6784527154606	37.4939271834775	0.572025943275784	25.208768212379
16.3578923210211	32.6949465374955	1.33196299868474	24.7662528963582
17.0507586239739	31.6679340351865	1.31487477421536	20.853914165479
20.0753178661591	31.7342828114862	-0.0252258317552538	21.7120362100833
23.4930725749484	28.6374612704001	1.707542522406	19.3857513493966
19.8951749046449	33.7494580309049	0.687908641995249	17.1127408404412
19.9202049526101	39.8842920806402	-1.79934973666103	15.1651992096091
21.6171537024479	40.1808899060034	-2.19221297440736	15.5714471513281
23.7647169852671	37.212014027092	-0.534001029078176	14.5784824471311
24.2991676487521	35.4103435214268	0.950211608800779	18.7966104496417
15.6649278020637	39.6170160534451	3.26617339600278	18.0647611773719
14.3548932331765	39.5589394716137	4.20029062478509	16.2878695268684
14.1694384450244	38.7630145387552	4.72500110979765	15.2682974416461
15.1301778517957	39.3013123221974	5.4889221419917	16.8077697243312
7.94477377706298	38.465745296264	8.85806896727174	22.7158581185738
2.26833249676691	40.598930873615	7.86639454460012	21.2417654339853
8.44431559414324	36.8482110380772	7.29104832111885	22.7877577879164
10.4263429399459	34.5954520387814	9.1804497858419	19.4280854811008
10.9974740451379	34.4982861067312	9.66895367385365	20.2096361672219
10.3606839951069	32.9669461314559	7.41315357248296	28.7383715815697
9.30853782816348	32.4768198816494	5.2976104885021	25.7875478204327
11.1981378345613	33.2678858738085	5.50233802864574	27.5549218922762
9.77406767093134	38.9204609120753	4.65790667539056	22.9598541041787
9.12988612696789	39.0391007751548	1.75114207403328	23.1992911753196
8.55926964370468	42.4733120816822	2.73532783259867	23.9140548041041
5.49270192416181	45.9313538252404	2.0959661996467	22.5655047471931
4.40087241613185	44.394463500687	3.92087849811901	19.6145032597505
5.0529365388056	47.6168157768191	2.99104035764768	15.2567724971832
8.12588191119602	49.3721994061709	-3.18044617028579	16.7656756881214
10.1646525907677	50.669840185356	-2.73244805003848	12.9844023367949
10.0254470617199	49.352245405235	3.03602093693365	13.5440716730313
10.455056705481	40.0620413337952	8.76521466265791	17.5764779203082
7.13392387587168	42.1612333831495	4.32658485102826	16.6354850356631
14.6846285273839	37.5228807282752	5.65252557211155	15.4115011293681
14.1811380913169	37.550920185086	4.6216553077992	14.2827402550967
15.1682468997933	38.333179039109	5.23427362506223	16.8839539272454
15.5820698389386	41.3716808653617	4.89011137029959	19.431173111007
16.7534967127203	32.5726184638397	4.43236005549376	20.6006876264706
16.2384713655883	31.0444774099806	8.96349251559993	19.9742895599462
18.8566701938693	29.2408576668484	8.22388323843995	23.2749833145186
16.7572502545376	27.403968042817	7.29468618234747	14.9161966356456
16.8227881836189	31.4717088614255	8.34297162807711	15.1349329940316
17.9939016225232	31.4913086832571	7.0406466323201	16.3605040766547
16.4832255368666	31.4233290560537	7.34868935136819	16.9786251534956
13.5379201983808	34.542200243057	7.56185618302032	17.2155095992353
14.4681859606532	34.5981886484225	7.08721580056652	15.80285464657
15.3446760027193	36.0523206242577	7.84817135941221	17.1991867356926
19.1285710242805	29.5587179146758	9.53161409023633	16.9090093691744
16.6157882525405	30.8036879264623	6.09667717400706	17.8671712680631
16.8003647940845	29.7259030716293	5.72063734210795	22.3300333992489
15.9864991800803	30.6786793183334	2.97277608427337	21.1536002364852
15.4151379447374	36.4858840029653	1.54500306590579	18.9630954141096
17.2399664114686	36.5126941861551	1.07696817982859	18.6990121739677
20.3169088231856	35.4451820109125	0.144791747324197	17.6394288762193
19.2698564078074	40.355521905617	-5.14725714854103	21.8230777307399
18.0826620129283	39.4114909608222	-0.424550476633588	18.1108469320152
18.5352065821565	40.0101550769366	0.370295309054234	18.1752828931602
18.4175294532828	37.9160474178686	2.06331368355317	16.0789015310983
16.0762359575697	43.110322722491	-1.57507774600523	19.1553823180873
16.4956658008837	39.5945027153289	3.38019191107018	15.2998383852098
17.2307065318117	37.4049309213565	5.64026761619611	17.0391053228391
17.6397912321683	34.6636740461787	1.89740346903723	24.2062140056265
15.6480981714531	35.267999458248	3.6457321183937	21.2885335475356
14.5251763583574	35.1546838874809	3.94231599163556	19.963641501967
17.9053797777674	32.1367183865754	3.18754011374898	21.8855902627128
15.8665779865905	34.3277403494159	5.32226339058019	15.9438891916459
16.9180150683596	33.8694441895146	2.65621093642898	15.5278026869443
22.0999484510185	30.3129052963035	5.69643825368025	13.4194844561033
20.4775952060474	30.8665997999098	5.30713990406133	14.3396599794447
21.106592004816	30.8793075767485	5.24321461672332	13.6522992252082
25.6264338241079	28.7305894492542	6.0703030339172	13.3115885103341
23.5116781920596	33.5990545524632	6.14296953573341	11.0871570035994
19.4810818611414	34.5581071903494	6.34728667007278	11.2887135633873
15.7087415883104	39.6816642295239	6.98542059354528	12.2066727212329
15.1636136979352	40.7663094267851	3.6879555341047	19.6110530832441
15.8952290191259	39.2822843458574	3.14637016693174	19.1657977557124
15.8682681462183	43.1714420864468	3.80685640919998	20.1723775362777
14.6512591824688	38.5753025950074	9.61959738979905	16.2874754003252
8.97629362962456	34.6956774342684	11.8604434003052	22.940236723241
10.3507344175772	32.9626960097782	7.78696624705577	24.261056706843
7.45151202731662	36.6775478813651	8.73770049790721	16.2658159648516
9.67347734907217	37.2698310222331	10.0901540766364	14.7834587497153
9.24924810806591	34.7263495386432	10.9399596709612	22.3938985318876
7.98296564501777	35.4865275597985	6.38302695395716	29.1456475887447
5.93837049731342	36.7169665001211	5.37859763314928	25.2925885106436
7.61384732497214	35.5171281780287	5.86586074711629	24.4618100613355
7.2590772788116	31.4988406614349	8.28254063654565	24.6800507601437
11.4217383812021	32.3080267926626	7.26619502963075	26.6478242698759
11.7298745817787	29.8202484179006	7.5397014218899	24.4965877334289
14.9728576092141	30.347497449545	6.49834310300434	21.8942636664075
11.8099276649857	34.12166188321	9.02144612588776	17.3134434847829
11.5479704293514	34.4155754250374	9.34753747391861	20.2333173471312
14.1082100829881	32.9411479657882	6.86813856406514	21.8698275684188
8.60625607956196	36.1309950222135	6.30125905318562	19.1820332607064
6.03963253207205	43.7825017297466	2.81549762091855	20.9370787501145
10.8020293702368	45.7341734152261	1.09141652572338	22.1240942216288
11.8984869767679	46.0853613357557	-4.61088692415312	24.8739721924757
12.374551050647	39.1048045506267	3.26130804822146	21.9089639718403
12.5022299052797	35.1476867065324	3.38440528528666	19.7753451474678
10.1303527807466	43.6659120445277	2.74734869755705	16.3227366770662
11.6559379946987	43.8964785989876	1.433912401756	19.6936194066963
13.32202961492	42.9404408769253	0.572623823732903	16.7883201441082
11.7538752179651	43.489408748022	2.49953419053461	19.117441475456
9.16521741497398	49.7802463810726	-0.785470296726567	19.6712966595016
10.4264935827286	46.2030539352734	6.14737714523348	7.40122464310228
11.7546206745567	41.9374938969486	10.7041891482816	12.7812225936152
13.8288323317874	41.2049671061323	8.80856054939494	14.8122328582024
9.97355932223354	42.2946865435611	9.65486530416447	16.8575745602797
9.22982313871803	41.9877153586517	8.78272771359235	13.6244708221133
7.62779349149208	42.2631100093237	9.08907453429752	17.3821395488345
9.88650824695737	38.0205105809996	8.6630633372499	20.4085421508945
10.0452124571796	38.0013646703714	4.42542081290895	22.6867968527885
9.97266203107823	37.9554483469912	3.65105264412278	25.9752576574036
8.04056724709038	37.8115783403574	5.30807196312575	20.7851844569457
8.1461773064984	37.5518463524843	6.97325544604952	19.6586739443962
8.61528102298609	37.5390586485939	6.06447736207316	15.8291084863965
