21.5370629048795	39.7491476150933	4.45650791743593	17.6905484634943
14.4300441633774	39.9189706102287	5.80535086797373	14.059686977186
14.9121074405362	37.7096654639852	3.26464305626051	14.7533320164406
13.8752928659183	37.8186675534435	3.98907272372217	16.1955588803143
12.996893567929	36.9814973115773	4.08979504235624	17.0218322350063
15.3898777751829	36.924102336761	4.84960633300098	18.1922203529046
16.3522247492854	34.6304958687503	4.09427650475728	24.1940230301818
15.2751427265052	33.1553462682969	3.25309427945872	23.7431657457769
15.2412109988106	36.2118471238945	0.942387598672272	21.3717177687499
10.3391804602197	37.9750334110294	1.26354448182293	17.4431779459405
15.9981803609549	36.890542855207	-1.71838122875185	17.8840511050361
17.7809128259196	36.2165467577407	1.92886676519876	11.719936277939
19.273880607377	39.8252364337796	-0.0683806476020319	12.6018135661847
19.2046032325264	41.1809580397508	-1.43399888303364	11.6352632355532
19.3696823199223	33.1179525705702	3.46981539796285	12.5658884009002
19.6292157308607	35.9632254818698	0.987335011731492	15.4143473348919
18.3283716971304	35.868718492171	1.44102573595403	16.1691760923535
18.3951657736508	34.1620081586103	3.26867566877438	15.9784601554809
16.1815605138341	33.4267058586758	3.80416633994712	13.880079523248
17.5490261308178	37.1949963611606	3.09233838272053	19.2733791233575
10.6808800351504	27.8371189804804	4.50808525671569	30.4058840168243
15.3052892869968	27.4069145775514	3.28212656077855	30.3704233347729
14.0614205420647	28.9371804392105	4.69663021114456	21.4090298438736
12.0821780722243	32.6269192617895	-0.152837755706605	25.4578330581105
12.0499433285212	30.8866017587992	-5.67742809708088	26.4324815721892
14.8459495801134	32.3912010105835	-1.22918448931396	25.1655840042954
16.7881434847055	30.9147200729162	-2.3925599059147	24.3241496538868
17.4255060142291	32.2680124535042	-1.26299838293914	14.6330563273405
19.2856967862149	36.4821742299761	-1.95708336797995	17.9243429788513
15.5942900841569	39.1429806278836	-0.870678879718917	17.7414219008101
12.8432068445193	43.6192552290674	-0.274891893239336	20.9972024915082
8.93442024521225	45.0355268087906	0.274009699607624	20.5079459470537
6.34888774893516	46.4930345967355	0.749782493787372	17.8083585895176
7.68712214110026	39.7068896559261	4.9810691806325	16.5518411748833
8.55971969042222	35.0615738514073	4.96120488005293	15.4931813233322
15.4575609904548	30.4401604756907	10.7465927571162	11.4472416007681
15.7759947872433	29.9369478989586	9.8846050410635	18.0242353060073
14.2499299214866	33.308234190726	4.69210817634097	19.0628208487085
11.2232414683638	37.2833734272469	-0.366874060901189	16.5830916179548
12.227229256622	41.5742179156702	-2.50058620314145	21.2266865804995
13.6193819898362	40.8119770110846	-1.40176729376459	21.0171121486307
13.6465334765889	40.3633164865226	4.15351738357174	13.9720267982186
10.1991620033291	44.8553696481688	-1.4405901530273	26.1763672704463
6.43285572768989	41.4044079863568	1.15589629761132	26.1500829706112
9.85397977715706	40.1447936298988	-0.709214244082542	29.1032260115456
10.1531884978374	40.1649354395107	0.981559493762735	16.9490719557938
7.82803589067625	44.5329738218919	2.47158322316756	11.8404771475319
11.2179372128306	45.6878364269273	3.24580595956166	10.0873312365952
10.6539004108472	44.0582069169381	5.11996938043256	11.3731845530161
5.47955287731305	43.9757177735904	5.72581662118021	10.377847516322
10.4250461124479	37.7632533120217	6.90477233262771	10.9516130796349
10.6163554993122	42.3690973282086	8.55807569964969	14.0234531944295
8.49307508823823	43.6221276286576	4.84077694098812	22.4533573976539
8.77636061665963	32.2392141016763	9.78879376053226	26.8764637517264
6.91497013932195	33.6132796352404	1.53705773846593	34.4124344377299
5.88809342151609	33.2473332404026	6.32349560707223	31.5757938806804
3.92995903662334	31.77727261948	4.79465426869243	29.0039764816778
3.07700099700192	33.3582944089414	3.96395239590092	30.5619931390414
4.15408248436627	33.7238628921898	4.76741487935542	20.1502542157562
10.3539336899493	31.9635140213051	2.06385138058431	27.9139052330845
10.3769050848868	30.8146885658482	-4.6420351619378	27.1383117255152
13.0231559667821	42.0125101786947	-8.28225097548372	27.8799153119547
13.7426283705412	39.5208573388776	-1.63717471140451	25.6848843489063
7.91303072656968	39.029387404762	9.04167740553365	11.0905377441824
10.8512366818845	36.7652138050677	9.45380727475257	11.0097384350011
11.657109194068	35.5372657153972	9.4007110639653	11.5070338956648
12.7481074711361	34.3177852022909	9.52333976721306	11.9042154927374
12.2831228804828	36.3614881891765	7.30270252389741	16.0405956644375
12.8948506926728	30.4380054838738	12.2028783408645	16.3112991355588
14.3386318172133	28.6965995420847	12.9474539102707	14.4615465617967
12.6236996670058	28.7457654624392	12.640934137239	14.5896485605046
13.0240417212052	27.5992016736848	13.2191757343536	14.6666564763293
13.9304089906048	28.7458526350825	11.3993144173001	19.7158569860041
15.2068182021733	30.536431186673	6.77977026807974	23.792943553955
12.752722384071	33.4714382692132	6.56763927447508	21.0050076773734
10.211602014121	33.0432066103335	3.22973320097507	19.6261984011021
11.1290643692934	35.5590313454981	1.12383420881659	26.1051762259232
9.13868066882571	33.780293199723	3.77085378463224	20.8773499948587
12.2667569623314	33.6564372477798	-0.765683640496992	32.2075643690631
10.6755215749233	33.3679433128275	0.832721911096829	34.9942448055036
11.2985567904751	33.8009301506341	2.21362393228884	19.7840675935062
11.1498297767456	34.160232881865	2.60730072502594	20.5660178083839
13.9907413778847	30.7506875288135	5.49710740913253	21.6232299862935
15.6842927291022	30.8794550393081	4.78172312137287	19.3956027312986
19.2779100296051	29.6741137518852	4.80841308616813	19.4976231885422
13.2502741713493	38.400439976745	3.87269749272864	17.4893408791441
11.5163838325484	39.7696904717059	5.15416566482064	19.6658702563327
11.037108516144	36.6838998671687	9.421611207856	14.2650289410558
11.9333540252189	37.4634481954446	6.18303057833034	14.2613959970822
15.9590172744432	36.1230264519281	7.32712910828145	18.5559428187026
13.1662086525567	35.3410262457959	7.86127781114505	17.2888649308061
11.3546761579447	31.8525973224945	12.0659761851152	19.6292025928324
9.9851618691431	34.7239679826356	11.4608646515069	19.7022162797791
10.4465012939578	34.1509897674556	11.6748481155617	11.983899224827
10.5131796551815	31.835480059323	8.54220961036732	13.2088182119633
14.24335536919	32.1539371728077	6.47830529293376	20.3971287466566
13.5540446198076	29.1464769690735	4.49603337250981	23.0868614393267
20.419747293861	20.8420283590091	11.7175858730024	14.2021842727669
23.4718688955996	23.8026195046621	4.02556008021745	17.3183850323082
27.0704880578337	21.9689409492401	2.15731758685249	21.7340190157526
14.150887621484	31.1002617638803	8.04199290002129	22.0801889659294
13.7605052971201	33.863773926875	5.3630440725923	20.51939812679
10.8982677584355	31.9622033974671	6.08233445761506	29.340122129142
12.9049434758564	32.395210691916	6.57439610236833	21.8107229689965
9.61062315048927	31.7874745882136	5.48070801712143	22.9958977880224
12.0425001645522	35.5595211472382	-2.69373961861046	28.9160569938596
13.5323515249074	35.5141246222911	-3.79988358304277	27.8464612890835
12.4401481361779	38.1800701131668	-3.84555886680633	24.9090726710724
13.3101314055452	37.7888912090656	-3.07283000270278	22.4282872126399
14.051633335715	36.4492741122466	-3.63248546556011	25.9674200656785
15.3227149467455	39.2668539416081	-5.25622308435291	28.3414326476826
19.8072222856319	39.1036054121544	-6.7974481703192	28.0469872484876
12.3795761801018	42.4662185543317	-4.99492338806764	24.1638651534533
12.9590772903877	41.3239933074552	-3.02436452540011	26.6585428455383
7.85204942029482	42.2002543079767	-3.78586772947774	21.9695401542359
12.5037065612038	40.9032349674131	-4.05207048303901	24.7136807602574
10.9117972374887	43.4508606137699	-2.92630929573663	23.3949188851042
11.9480132304857	43.8035264962468	-3.50183589690589	20.3220931367755
12.383467193486	39.7761267175373	2.04699993041363	17.7649102824765
12.6483323534744	37.7127329434551	0.983623404996663	17.2713657211537
16.9366174692819	35.6351509701743	1.52837904543635	16.5714633324208
16.0436011380821	37.0855730262663	-0.234717524682554	16.8123215503403
16.8306016009606	35.6958253055889	-0.849338172075721	18.264360653364
17.9754569796219	35.8870840198527	-0.55217603508142	19.8318355542982
17.3381269429893	33.8621892859395	1.33711056031528	17.0353052772734
15.0659626987845	37.3216441609132	2.00142825434225	16.8494494438
15.3925323588856	37.2678509399151	1.637719796768	13.4551817916162
15.4233754399714	42.4115752962274	0.738371875610188	15.3783142172353
14.246368059521	43.0471010561122	0.383877797991023	17.8380832566502
11.3832925442258	37.0168054205386	3.56562794838163	18.7926617967066
14.8356449336685	34.1771453231594	3.38239411449855	21.6202519236368
14.2230201058961	33.4174901723869	0.517203724932424	21.7579235571409
15.772821308387	31.4647243309295	0.486292846594177	22.3648401849103
14.5942979158075	31.2172812874333	2.1321119386866	22.2599513530445
16.6216303306804	33.6738445771762	3.59437477264323	15.0042909735371
15.4482920057162	41.6618207297394	2.58945668421482	14.9003371594986
10.9286855821519	42.6140874152839	1.15524774489721	13.9526140199555
12.2461549084655	41.2448682001627	3.96719382923693	10.7357479404636
13.7766189043432	39.1128385713159	6.97238967429006	12.1130717970409
14.4529335402001	35.4244474944494	8.1458765517583	18.3882775301913
13.2769542941946	30.9876317745561	8.50309993334267	25.8385669819032
13.9245853826285	32.7057291941254	4.82859857963475	26.8248869322048
14.0011578973662	35.8329231495099	4.05828451790187	23.2317693910369
7.13149947470986	38.3735828490989	2.93129247290373	19.0414581943111
6.98318176498535	38.7666011734926	1.41012459960707	24.4253123464801
7.25941051788317	37.0241750954499	1.85588594493398	26.8463078124256
10.6654398320304	29.9383937558939	6.84548346238502	25.1118510602261
12.0885216335772	31.094588920552	1.89808133669489	27.1910292559222
12.9161034205934	33.285644072451	4.89763511166676	24.4466588178677
8.84492703658557	34.2715006306286	4.90332255194663	20.4796970051741
11.3744328233265	33.4061890676937	5.90128409498139	19.4509614964175
13.9856516445838	28.6934027820214	13.42060626772	10.6693436654444
15.5810835332759	27.8533973745897	7.80880559927289	12.3082361144173
18.6182055038954	29.2173541817709	6.22686582610448	20.6047889410678
15.3316721045051	33.7771522879805	6.22001313180344	16.3561226201403
13.4057547573439	34.827479336255	4.3612425801778	22.7814145922609
10.8370124744534	36.7786396597468	2.41045428295241	17.3331060470962
15.6268362433308	38.760211828626	0.612440380217445	16.9693084019456
16.4015701075674	35.4822193784595	1.47644742014439	18.0201588972524
15.4963722953231	35.909736871917	1.99514629008777	18.6368906364581
13.9495068523918	37.3710532305358	2.11656503172404	18.1264012662499
12.9383250646438	38.7161241043214	0.614068829713379	19.8007057934252
12.964919970216	39.5298594858317	0.610413615259563	17.3688769737442
16.977761496635	33.442655962989	4.79313816502627	12.4114473584292
15.6547409196699	34.1780140931758	3.67540115716555	19.0771314735708
9.64665473819237	39.1798971505875	-0.319746055242934	22.4609805714523
11.260123641076	41.7270103653828	-1.20734001238045	14.5135041956042
16.3046285690129	43.3531740759269	-3.01194875927788	14.6082699265727
18.6605472331197	40.4769185124666	1.89085657514486	15.9493414977962
11.8086141139189	41.3407081587808	8.09935566167549	8.38333243621212
13.4298124387406	38.4968788840229	9.82705392328481	12.1755966323304
12.2760530443665	37.1996684592297	9.70157485840301	19.4882286584812
5.8532426924248	39.8365731743899	7.16924440424284	19.2238233832518
2.05643770388164	36.4941609775773	8.11304010293773	20.2592445852111
2.6322032022916	43.8914518439336	6.15069008470807	20.2332629389128
6.01984890279363	43.8854444740844	-2.61979758002501	25.8674759287385
8.88323913798149	40.4564058691997	5.26777366251496	28.4816045700408
9.94384158501905	40.1951314044361	1.11281842824145	23.1041231836175
15.8403162630035	36.5914641088982	5.08149748172217	20.9715538392818
16.9077658668498	32.0877579363747	2.49180774347154	24.94324008143
16.4224186969391	31.2750792546881	3.35479864650027	15.8533776612064
23.1185396445385	31.2074622369124	2.15449498176398	17.8229509820273
21.1636987595289	31.4634052381603	1.70877076626838	22.4084728123957
12.6104945219834	36.2016298381801	6.83188965951176	15.4377870246781
14.2187460164004	35.9247877767499	3.17624179354952	18.4666588850377
12.2452414142979	35.2311148129911	4.99329516605557	18.1783122394279
13.1959497163369	34.7611728900619	2.95065631975178	17.4366691107006
13.6736881469854	35.1256257987989	4.81743113658471	15.9810938278598
11.220682707274	38.8930265296658	1.41636339536948	19.8651276972464
10.7851370747633	39.6870317086698	-1.76962280125277	18.5363090551777
15.9621224408435	35.1435091565484	-2.15996929772649	19.9180056365526
17.6233404930791	34.4068974865582	1.34570588727962	22.6377915571448
11.924221267469	42.2776357849921	-0.579852252404878	19.3839634306733
11.7892553969396	42.0886502225744	2.33830652601568	21.8118557646244
7.49512641600815	41.5174965934842	1.69047134992086	23.4070993863595
6.44005397483699	42.4412832500149	3.23394829668259	18.7181908357522
6.37380903482817	40.8297841199174	1.10132256592216	23.7992562458495
5.23617738772053	40.6504278276517	4.59176267180983	20.6790109622816
3.82075089511637	42.2451880400397	5.82874635033005	22.0314396281319
4.14994777841224	42.6538248665049	4.4419197881005	30.4480465447123
4.23301990298614	37.0421982610832	5.37315654116704	24.5216510739702
10.6378918732329	34.8258930423848	0.0875433838462723	26.7661347950955
12.8133077484872	33.0092445882051	4.30645226784748	19.2340093204927
13.3777590794536	33.8461216543815	2.39179713935357	19.6184610371328
12.9280873889488	38.1458749274927	-0.476698316123814	15.9894781378879
13.3342349239079	35.26341232259	5.72789999707368	18.4094095765977
15.9601601879575	32.3786592506669	1.47742696157423	20.3806321486362
14.6386796604219	31.4101755292952	6.51186678842407	13.4180934075729
14.376812069242	33.6699427926855	7.98120933705236	20.62925668067
13.2025284218675	36.4702979328853	3.24538969089504	20.4645670142719
4.70951358991723	41.717555370908	1.44995302124179	22.9266762576944
5.05996009978938	36.9000169371997	2.63844249733715	22.8136555952352
8.91560219733936	32.9766146156748	5.79703569608732	22.277272313766
9.49695261235309	29.6901671442014	6.05093647406491	21.8126138443386
10.0146415880225	28.2957470896013	9.39593739721047	25.1987958296122
6.55606007113952	27.3025282533105	9.22128087749275	21.3444019181885
17.0539353225976	29.7512263617002	8.24442810475308	13.1718593978554
15.0313989725833	32.8233671536193	4.37872404561791	23.8870710193639
13.4411863034497	34.3091984860122	5.83605196779141	21.9606585110282
12.6079214054131	32.7281130361451	4.46434642755719	18.0207976776851
15.5156223910832	34.2555570704314	-0.496532212856095	23.6873932313625
16.0184168661444	36.5720990914303	3.4333180743	16.846179619011
10.8536076866317	35.3756967320946	7.03841470318944	24.0840533995521
12.4642932153991	34.6687500548711	4.3963205778648	22.73850355949
10.5360171502757	35.0928960624957	3.97161293184877	21.3951518000967
12.4899569574113	35.399715069015	1.7793618044837	19.7961082296378
15.388330514262	31.7690585016539	0.476204566193982	22.1618810748614
14.772311264834	34.6418981881147	-0.28910000055152	23.9250050387484
16.6839642540539	32.4157490765942	-0.489043769809036	18.4537842981656
14.724287202337	36.3807107506586	0.491131865968377	19.7927477578772
13.9858043554776	36.5773343040838	0.121030945414127	21.5793588613299
6.61970600370101	36.7978870009302	7.78588498307447	17.8335602274304
6.25768458232128	38.4428524134911	8.74208175854119	15.1245341382576
5.34268952217037	44.5084150625427	8.49618077952248	9.95998393636218
2.82358019082925	46.4766083961387	9.02392943498801	14.3922122859771
3.05616069039189	46.8835395321685	9.35521584113251	14.4022116168575
1.0022180836422	42.4296188078325	10.8473204506294	20.0155594745824
0.501159570873808	44.7235007727023	7.88973038610424	20.6936483281837
3.13507390303437	38.9873368342842	8.08271243995409	21.8560747283809
4.64367597261798	36.4008745621546	9.68077907093791	20.6041799801876
