18.6079330271659	38.9599646879867	4.48613109663108	19.2177438884483
7.14673660452558	16.8968987204641	9.60997705711031	12.9808300183595
7.47648884968514	39.4557831665077	-14.6598685933869	11.6304825162024
11.0347124859036	31.5317912110971	6.63780835303656	13.0203787085966
11.4349199776645	35.1505229892122	3.04370728400714	14.3342675187059
5.62850872204781	30.8272951564404	-5.06423428825977	14.4266973539583
2.04902508678988	31.343021074089	-5.50575135447028	31.0477932128576
1.56176991939755	31.6244090412511	-6.96629130452815	12.9301550081451
10.1928339506185	29.0776126653965	8.04492389146295	9.19491131608234
12.691042441902	27.5862268352527	-8.012851049974	9.81806999140174
8.0762934566857	39.9088614492407	-1.32178239928502	8.65262551533744
10.8651130258797	38.6387803766606	-2.29431136915404	14.5236853796312
7.37423154519713	34.3382974399914	-1.584105955832	12.8670821345666
9.47574580353061	28.3803258103048	7.56739729929314	15.3742367137201
13.618099170591	25.3209618723681	7.39685059904651	24.5924361949129
2.21169177241931	21.0295710631376	4.3788405988139	23.9687763680978
9.02322627457695	25.7545511925322	3.26392578282533	23.7784824930405
8.08554439744679	26.1296591593613	3.21811707180504	22.8577736528511
5.23751171227087	24.3142303393883	4.33888263530283	28.4841595004233
16.7237098818001	28.5920809185146	2.33548636688071	16.4129592148508
2.04310422300446	44.806821022108	-0.960921725256719	21.6218062556269
15.2233628948466	44.0397136066101	5.09170761316296	19.7028984133223
4.89759151249134	28.9622140609161	10.7686277870494	24.8120583128112
6.86075229087153	28.4110434193598	3.05995196061539	22.0176153327266
8.24683734346789	29.4151123965592	-2.22705360078854	18.6318386206331
2.66911423446688	38.5629876696774	-1.44382704324691	24.3146412421023
3.13665879108468	32.1806053771681	-6.10753948538924	25.4055412460124
10.3291275440902	28.4850339896557	-6.12816685083682	31.5901144772005
15.211963543687	23.5227122112246	0.337683689134327	32.5346194832751
10.2816883005843	27.8325441240784	-2.05609849191278	23.476629582809
7.6900642967335	27.0355181133826	4.25448970400721	25.0662573516534
6.34510369473315	29.3236977021716	-0.519445047892774	16.898850586375
5.39711065186939	34.5009164485655	-8.18660478870585	24.6204282502809
9.34915592490516	34.5180798039346	-12.0280969842463	18.988478557257
12.1216761957265	40.7510433506737	-12.7523756750054	6.20806820022617
6.47653885311286	41.1928359285024	-10.6515112615915	29.578723556776
9.06408881421887	25.3115267468392	2.56268088437823	26.9464023473651
2.13725107513644	28.3778511196151	3.79825733799693	20.1612967750518
7.89132744895585	27.1891194767095	-2.9927568443844	21.449503188964
6.77334863205268	24.3050912393964	-0.206963715961006	28.0493944898436
10.7023110587785	32.3635195567049	-5.22950376671029	21.080024833816
13.6838026761712	29.0517843991955	2.84321247312951	25.809207167523
11.337461001824	31.5086636628425	9.79638231712299	24.8703808989944
9.74867400540438	30.9545685894814	2.86778529815952	20.8820004290993
2.06420925040197	39.0967733561088	5.32658735465835	18.8472310565504
2.14725237599147	35.3961956439566	-4.92424444119801	27.9724962515848
9.5966366842431	25.2318500572842	-5.94928345700149	16.8177365437242
10.8877567820906	38.119446186724	-5.13791991475414	17.4762845895084
13.8515536826759	32.1590657966641	2.91827054862153	25.4784154583531
9.93726383442572	17.5286269070917	-0.398065409103458	21.8469499371777
12.1497553355332	24.4667018763126	2.83084303285735	12.5802575162443
16.9378046424731	26.0878632086756	-5.21600273898354	10.7301165018062
10.381765574953	27.9869497785772	3.9895801060709	21.864318234736
7.38037373498548	24.3493785099698	-5.12365504858393	23.7079509761016
20.7191850999417	24.5378404475224	-6.71689881469433	24.1684785223397
21.5664734683281	22.9895097032596	-6.50608110220899	19.5590468932706
19.7218295790244	16.3658963298831	-0.467950839264669	16.6701408749277
18.9791180490469	23.191493802372	0.0148298380017504	15.9488590032625
12.0692984450714	33.7599764407087	-5.04786188499478	16.7120159722337
9.10757798012723	20.9226446660642	-2.72462480486778	25.0092924639184
9.3251606545519	23.6555107267959	4.86818379937264	7.72216990514571
6.4543845437575	38.2823259806646	3.77963983901369	4.96764854569532
7.91803584232035	31.3805330222858	2.76319573848101	22.9374118851925
8.93056916582025	31.3494397168433	1.90204099613491	17.80529468129
6.44873996933895	36.0269055449789	5.57349185553629	15.1351026199134
4.72888058304125	31.8708117636306	-3.7783364596918	25.5618458995903
8.79460363971307	30.3409180657549	-0.424387182030054	6.13294325250864
5.3542230112761	37.7359562793358	8.26039551346081	4.39329372617244
6.2692434491212	25.6240297901921	-1.19852422463298	9.452561729157
18.1006059214992	25.458134007781	1.72251160297021	16.717992646812
12.7390408701782	31.1487577961509	1.18675156071261	10.9372880688929
14.6315960678791	30.0840082428169	2.12453553493545	15.9050538244594
14.5311471999544	30.1612803734215	-1.96929159999415	18.4071325458235
15.6960761516204	29.6560510542197	-1.33753547870144	12.7669598715028
19.1456037814057	29.1170325962153	-1.9587056891491	14.2571790347456
14.450689862322	34.9036297475246	-0.617742694713844	15.5404725175931
18.1275244064889	39.5820273825225	5.68797701710396	21.943033814297
13.7711218258382	41.0584719170143	5.30735340495809	18.8282301300073
5.80219100442959	32.5739096657631	1.61900183712347	27.0759886449265
12.782829914467	31.7982907377441	4.78884541652495	20.7105529417346
13.9153972833804	34.4507643481043	2.63733785822386	22.4384279968791
15.8204981645024	32.5718700947187	6.17890495098525	18.4484188095723
13.6370535460957	32.3168652845494	-2.30541706806492	26.8302985536922
11.5088754902083	32.6266071238502	-3.78101988951188	25.966270731302
3.59836417580506	40.6011765325389	-5.06149450339821	13.7518597394284
7.33736552908264	36.9378213715687	3.49446149985793	24.5753330318313
12.8329954648594	41.8113130631314	4.80842978711987	19.8013007771211
10.4481077627281	29.8751889748888	11.4089363765387	17.169408839833
12.0774859320375	31.5623157719622	1.69093383461662	15.1914122907296
11.4050856851975	38.0467338098252	0.0687047930849403	14.4756291477792
11.6693902887246	23.1248319574671	6.20930159073259	14.1091634819135
11.9532421832254	22.8742707038338	6.73468846501502	21.848350707953
13.5674293325827	29.3472064642275	6.17870286094006	8.19232603353368
13.8873339022291	29.9219408336861	-1.12730394667988	12.9255878035139
13.3902974237469	29.6604498879819	-4.88164312921394	14.2785752415356
21.2493113258651	31.6391994672662	-7.99278834965493	15.840534471411
22.4335048165163	30.785369144181	-8.30006713411252	13.6966665221566
16.5737504549003	38.1110719354438	-6.40655775290595	20.8633483380267
20.6259554172544	29.6411171877372	0.561212499480167	11.8768193888258
9.16728233509187	30.9126817267934	2.32438582027651	20.9907453783888
6.92710421329598	29.6037253616924	-2.93111572950275	13.2686692752976
18.1395797908559	32.0138257761101	-3.19386578924107	9.06124619013642
7.79118836738834	31.3950541448394	5.56301803500307	13.6268737580722
9.16729142207999	26.4809572295176	-0.733568422171199	18.3138905855921
14.2612269708735	26.4212320835485	2.59169976632026	14.2938554570755
9.9755989039528	33.267000756347	-0.339653527504677	16.28586683932
6.15098655286477	37.4451282830429	5.24270564955575	12.2061829164854
6.95695131813409	28.9889463666346	4.15907475803894	20.5431407120309
8.90960890177038	30.0829372954704	4.67009136392651	17.6166971983633
12.1141599939042	28.5454941227959	2.5472117915686	15.6073754681531
14.76046973428	29.3631017616877	-3.81583673861514	27.1153735884119
12.0066634943546	29.3877467983107	-4.81935581871627	27.3123289949846
13.5876547830017	29.1523697953376	-3.84876421167834	14.4261101846143
12.7207294545075	36.4877768759424	-0.202741047640723	12.9674511196583
11.8687236049151	36.9408513563413	-2.03597991907163	18.3541538199665
5.65355787914061	33.0681137954544	1.63619792840319	24.3433084556456
7.24756373065706	38.5688833850164	-0.673864359433075	16.0288826374242
10.1605311856275	35.7269306275722	-2.83260609854596	20.252602323694
7.61527182166813	33.0885829586927	-1.51810141943076	20.3090894988643
11.2956713204527	34.6704190500472	-4.29784517932364	23.903018368678
6.9745345523894	32.9492996350322	-3.87269728315675	28.6097034786733
4.34963864024484	37.1855473398622	-1.72497087355384	31.1192563672451
15.8072779033248	27.7581656195193	7.55424335258738	17.4176696349552
9.02393327217513	26.4913255192309	7.62411156096221	19.4976924580207
10.6365483978806	29.1972275876409	3.67471582614542	21.2469414658066
11.9206048067438	30.6253855542249	-0.231999027652223	25.0997227373686
13.6431672138057	29.480291525984	-5.76114154960082	23.0565825359052
12.6895223411626	37.1881140517242	-6.59961636700776	25.634367592204
20.0082790072279	45.5813845202802	-6.38116812326324	14.3926695056849
2.14721651172436	32.5786103702713	-4.75626630002943	22.4840008069419
8.66333874966528	31.3714944686372	5.22219004349473	12.1951914453659
2.74407914835319	27.8772478712354	-1.49552684270155	26.7692356827449
11.0764235484736	27.7324432953952	-4.48287153609407	26.3571857326444
9.20533417734705	31.7821051091647	2.88767031444386	18.1704527504046
11.9485091419091	26.9901894945412	-0.177165582231092	16.2736337252199
11.5868541728702	37.0740079045987	-2.28536475777517	17.2718294884742
17.2719742477663	29.5242210947669	2.96372901786227	25.9564773963916
6.95862460496152	34.3519486537895	0.461432552841853	19.5813110533322
1.2358942404542	31.9722138326375	2.85976851252502	19.4646977113711
8.99958316900207	21.5939971809036	-2.79889257463218	26.3007753629885
15.5665038341393	19.5816742826645	-5.86103005293994	27.4275865297481
16.1941079849981	25.8234768535403	-3.09274497199636	24.7442798301294
9.96752069532486	32.6725692522182	1.26473329702338	21.8819050219557
5.55097487315902	35.5255014390155	1.53461482498455	13.578445933172
6.33392611262235	32.9734260087303	7.18082270474765	10.6159383036626
5.45271578220171	35.4869946438016	-2.03613519618454	22.9077937411831
8.51768560450045	29.6751018214168	1.92289975415909	22.81865070988
8.92921421696213	30.2085542038398	2.87480262535306	18.0204434005278
7.79421593630708	29.1226735971663	1.50797489293532	19.0417464882731
8.93818100085503	28.8371660518255	2.31334265825217	16.6097221100844
12.4304401838223	28.0119311284119	1.25430752587476	14.3539090660542
5.98886370000592	36.7186283376844	-1.58594682834552	19.9219888561546
8.85983776341355	36.9257089667917	-4.23445565415056	17.264057956659
9.12788304337337	35.8152115964362	-4.38001290451245	18.6468291092863
11.7170059053391	31.1139751169234	-4.34945400360482	22.1368807659241
11.1364801089443	37.0486514479109	-3.32500379321607	17.3095840879472
13.1174775881105	35.8597599481419	-1.95791339567361	11.5391491759517
12.7484755797719	33.2930262688734	-0.832637034547162	10.4985238826603
4.70693593546188	37.2795974659199	-1.177451972272	11.5522839623272
14.7828793378283	27.7407899150237	3.09076193114326	11.5936506949634
16.2106036248915	40.8891985286571	-6.58186552953392	21.3555986006082
12.4436915566512	29.8311990080945	-1.01658434747204	22.7837492469967
5.51197758282561	28.828768740254	-2.98424133792023	20.7536339331687
11.8991783541716	37.6070037887753	-1.32417576437619	6.81750898131106
14.9736530062473	26.0292081659049	0.489761640985992	7.62650867320665
15.1589965317136	25.6053457812727	2.6678848827421	11.5682299173092
10.4854338485485	22.9026379281045	2.65946757713055	22.9424655849374
6.35741406522784	22.3499314012124	-1.25839329591298	15.9131298905499
4.8884606890576	37.3439211016639	-9.52597325003052	23.8178681598305
4.27469124168266	37.3865533191828	-2.67540671343777	5.7295850430574
17.7505118293815	35.5185026736116	-2.25049939680249	4.67818549496823
15.1434607017921	33.9787792976916	-5.04924476898302	12.1476779464539
13.4200457791934	36.1482636471249	-3.6519791086945	24.411810436787
12.1662643918532	35.9939116692229	-1.76107131352605	18.7436849352061
10.2008580946128	35.3372978062606	-5.19326303794937	25.5434275775306
4.70319265740981	34.7235846675238	0.258509168047894	24.9116409810349
3.75215455140611	34.001811865274	-0.387585855929196	22.6120478620842
1.40383129271986	33.1936942427644	-2.75115145966598	27.0505851305179
6.56518396654427	32.8573371577302	-5.33253652174214	31.5789645079612
24.1273293090385	34.9572683132295	-5.00529858650747	20.6830297286969
10.1122717336325	40.8092010493432	-6.07801021207729	13.5581950426289
10.4135663077465	31.7354265349226	2.90239366031255	10.5945423759708
11.7897460265394	31.0200379654074	1.60452981506477	10.759801233858
10.7974497629638	30.5625063046397	2.72744630024772	19.4846487256886
12.210892981276	41.3527786364363	3.03995383231904	19.4514868882243
6.10638158908667	30.3703296189712	-3.2398770043512	11.1898705208432
6.59708185297768	29.5120621093776	-0.216260675050052	17.4613746347775
10.8640514753021	34.4933636014577	0.924542190723791	12.5464832260985
8.94616671569717	37.2052418215609	0.141405214772298	19.2840817897864
17.9013877720641	40.3822323287312	3.41018995941574	21.5686021915253
16.1886620407151	37.2699519774407	2.07096295404206	22.292273795859
8.68353715590266	39.8220771012414	3.86050522300373	17.0597697894025
13.9394821844428	36.6866269122395	10.6657009988801	20.5374226888071
13.8545703458033	39.1911958149506	-5.67531410110044	16.2303225539054
8.35780049333266	32.4061917248985	10.7248068109026	15.5852392182114
3.96209947039488	33.4786915846144	4.9973643824329	26.8126169225561
4.75486769889873	37.8349373342557	-1.54724397621914	25.890831854443
5.42382052328555	32.6832324585034	-1.92919613718852	27.3460334741979
9.05600161960387	28.4092078955932	3.01201594381556	17.3255779594151
10.1133581572116	29.8064633131801	4.72222672030796	12.9600921631242
10.5831270992973	31.508196878914	1.22148701134346	14.5063168890225
8.75031539784689	33.1545312269442	3.33042328385738	13.1912474508915
9.19307842569687	35.2833936883497	3.10513160098446	13.3294539211835
6.49205268723302	36.2658344542968	5.74568674531435	27.2794831928383
10.5552862136083	34.2868531373966	5.60011512453132	10.2539382071412
6.2983862891331	33.9039328487823	3.11671454351742	26.4214341377085
4.3434921627402	31.2708067763769	4.16079316113071	15.9167567628613
13.1015694945028	32.2346973708072	-1.2902196010427	19.0199496375574
8.56950883873753	35.6892667417587	0.623038343354924	4.23531764554617
6.97997514305156	36.9809221892721	-1.09799048656984	21.364911551539
6.86714574053297	36.680576451785	0.802755030697431	13.3781718499475
8.36513465327555	36.3868428135394	2.09167583229601	14.6787473456451
6.5244885338187	34.9239307173631	3.95784805211252	13.6918387011692
6.8194292448331	33.6765500521198	6.85507047603852	12.656329061431
7.39677255013577	31.5482031663201	7.38517875529451	13.9782727579969
7.82562663057808	31.6249187791067	4.27333150270952	13.9626827254343
8.91294444024911	31.9478085774942	6.02986880261317	13.1602627931387
8.51566901006935	35.2046100001795	-1.11900383923337	22.6924894198999
5.12669859990738	31.3785254158623	1.14636232294008	16.2021774806306
6.47708705464639	39.746908187675	1.90425051525101	17.6824626404085
4.59347340798544	39.8771150603841	0.077050909491776	17.762733813812
4.8990928671209	37.857756606245	-0.60180063909054	18.3135426170445
7.24442125900519	38.3999021360069	0.258650306479973	14.8977976004332
12.5832822912328	39.2777672279045	-0.0195323422793909	15.8101001140401
9.10719916857332	41.7589717623197	9.68295985336782	16.8376815881619
6.58045055112144	36.8063399157837	-1.4197793475263	25.0743961477691
3.76126705920461	33.6761175480921	-3.19169480032321	26.2725367746452
7.85700209561094	31.9202567794468	-1.41800861388211	21.7043344350668
6.70437871833622	35.4368024236016	1.73212034865655	24.0557336795189
13.8426347321777	34.6196270022034	5.16603198648829	29.1906155696272
10.640849923324	36.4677685579451	5.12932214578113	11.9695645216937
0.916723391187452	33.969502079876	-0.809375185803857	28.7573331915858
5.60597436510145	33.9254291924814	6.03603803943342	12.3558642896908
8.24216856690143	34.2292182833123	-1.21133410679677	17.6868985379199
8.42020205989499	37.2034118197224	-1.37317263055648	20.3103457223708
3.49633498094817	35.9870771402238	-3.47436478095355	22.5773276884402
0.578840303911548	37.7561419861914	2.18032088149256	16.4701802819125
2.47258747247562	41.2006404888407	2.32321190899155	10.005431596705
1.41335591346905	38.3458165437506	6.26376671735115	11.0655010305841
6.87573435530928	34.7470130803586	0.389545165642367	26.0936188838009
