20.7026360152726	41.0822764857747	1.97378249745375	16.7694601810109
20.5045203321119	27.6555478297249	11.8934478089382	16.1693957150544
19.2596102567826	26.1720732160919	11.5923387274171	13.8873117026503
21.991274785628	26.2777398274355	9.37133958526203	19.5227480776984
11.3372527095759	36.01084147998	8.66326409464388	19.5252019613426
8.83811758926975	35.9337311113442	10.4553098378485	18.5538597796725
7.94058010642612	35.976805895679	10.7647692842951	18.371512200279
7.15940757849449	34.3411378880221	11.8269543167772	21.4881858784387
4.88494563138938	32.5884512352088	14.2431944962228	22.0100197325784
7.15276474546336	31.4026540412208	11.9683479975291	28.0398679025795
3.4365479306491	33.1681110953782	10.776531733719	29.6073455405992
4.74134637459473	31.3655023168399	11.2783442550097	19.0604366940086
6.15911970383507	31.166316956586	15.6219327562247	18.4358462210605
6.22831885007229	34.5136482907139	11.4301914298665	22.7978394118929
6.71162320498919	35.7019378661272	9.54114066164387	23.0489659294346
6.18030074439658	37.0273084737476	5.8258994920869	25.639665086583
5.35269708759798	36.8881211903993	4.91152191735269	29.3413454148143
8.12469956417707	32.8622086340938	6.14534516700936	25.1438142883334
8.01378722953749	34.3315282974905	3.23650106602825	29.484446182503
11.3769197232416	33.9691976304374	4.06691452496141	22.4044515661003
14.0449999972465	34.991195096338	4.79886098051089	20.7876082893076
11.8550345540435	34.9174763068387	6.2268842173146	16.3091982399659
14.6737360567386	34.5173549388366	4.16504570034909	20.9160430903161
14.7770451190557	33.6689173914639	3.01984129580604	21.8258666679894
12.8085370220322	35.3060673801375	0.415839343821282	24.5461953541313
13.1789126861907	35.9428368773004	-0.807077745585384	24.5601394030289
14.1737423322377	33.8804410990897	-0.761829492320616	23.6572442086402
18.4770587205013	31.4440287509506	-1.44505932399328	24.3280397051934
18.4739916520124	33.856522841962	-1.87954634291282	22.1370741484659
16.041181959073	34.0598312557479	2.46526262192635	15.440092500735
15.1746854987372	37.2090929188818	0.936201472586228	16.292407356786
14.8015916601193	38.2391516435035	1.30977530200614	15.3393344335506
14.7362960572444	42.9004301283583	0.559816274154598	16.185387653107
13.9268479741203	38.2947356048858	3.59126856067743	16.4890048391547
13.3078003704303	37.5341999805621	5.97145509224925	17.0060024026323
13.6411254497564	36.6209085926873	4.28953188334116	19.2714830196872
11.0481382689688	37.6997003566895	6.18620426955157	16.7215416312627
9.0347389418821	36.8591492159713	7.13177299688886	17.4704580748188
11.1665443750114	34.7618949345734	8.30572973524395	17.4039664973683
10.3611413948253	35.5165798274978	8.21768102987844	17.2595714868599
13.038167848719	35.3289774816661	8.44380772027362	15.9127252480927
13.2046002816177	35.9336792238869	3.11835701880098	18.4769297063586
13.4769547041981	37.6345704858824	2.53065624109606	20.0411235562761
13.249565622954	39.3643478527366	6.06179481906021	16.3116231605646
12.8182239473782	40.0021344236644	3.58561122858102	14.6627782400001
10.4575412293881	41.0459516942115	3.44557260830282	17.5420556752111
10.8143918907255	42.6247800886245	2.17214883155979	20.0238682811737
10.5301458003972	40.363552377055	5.11741126747012	19.5635959570319
7.43129033948212	38.0171547394847	6.88011742987811	25.3314957564484
3.3848615395821	39.8407182942745	4.48179738260726	24.6500450945287
3.86085485483476	39.8515699990204	5.51211621852844	21.8469646260901
6.24168563975929	40.7615127996652	0.997626700049928	23.9057579277115
8.57492832416262	40.212163504068	1.92270126201465	17.2417076527173
14.1260206373565	39.5667718957492	2.19620687661945	15.941616900371
11.9286394713096	41.2398736948462	1.71057387961327	19.7529163776303
11.8903771938098	37.9487211871727	5.29068449286996	14.294252826611
12.3581182166153	39.1259297513219	4.49472844142719	18.5071212330355
9.4006050590502	39.6661863852964	3.59752443336397	22.5050792116642
8.10142970912661	36.7313044545913	8.35322177220582	16.8524905173078
8.53956746255185	36.3921281176632	9.187727278997	18.4220502681736
9.16131529272683	34.726079830562	6.75427966285156	19.3218909755986
11.5455420817541	35.6689740147784	3.79830347504032	19.3834581788206
13.3199775238746	34.7046276846311	3.26594429443166	21.9687252522383
13.1227040497952	31.7446786060653	5.64150273919612	22.3956953740029
14.3202501695969	31.748495013405	6.29688457472757	18.9629213098719
15.0046924628613	31.4555829441132	7.59123042112723	22.6549047237544
13.5122205625705	29.7983556294366	9.07804744897472	25.2683005776453
12.5506090020884	29.310775366215	9.73043054648704	24.2858636730357
10.2784189285228	29.9329034304936	7.53418537952376	26.1847730006098
9.44815054363406	32.5478980696763	6.80167500160703	26.5640296714597
11.807319535073	30.4839724762394	5.45442590699669	24.2153232701459
14.4071870056355	29.3923296359494	4.83004834491288	27.0002528110855
13.5241733506696	26.4325247530566	5.51822580213746	29.7794195933604
13.7693480655433	27.7134455997673	5.31736725555583	29.3076374802263
14.372618473287	27.2583558258445	5.65908342445122	23.839152997964
18.7242224101219	26.289807563196	7.99665824967488	16.1475970108518
19.1281686547454	29.7091986641635	7.5198057378903	15.4249524520446
20.0402160252963	28.6978039967244	6.90676396848131	19.1832082397204
16.1345883792785	30.4991110793662	6.83186367430213	19.0930594841058
14.4494477940403	32.3045234668416	5.99773569541472	23.0757361730831
14.1171300878428	33.3637917141777	3.34954541452649	21.9515420483696
15.4076708412409	31.147492707928	2.23946692465293	26.0470993198725
14.4744961525301	34.5356301271704	-1.24300730696505	26.7322253194001
12.2998389371658	38.4063931561449	-2.78678627035207	22.7391285882379
15.7715731014773	37.1606191790105	-3.26309080076812	19.6058937006221
16.8471635624925	37.4059552835466	-0.0599357830499159	15.7155312674642
17.5168172320789	37.2400274357225	-0.533428291814712	19.2850205495544
14.1238040838589	37.6720267367947	1.17185208292088	20.4153193621076
15.7989473243998	35.5527845766793	-0.882099288090363	21.0100700513982
17.0226725073354	37.6045323310583	-0.31058311093901	19.660056321282
15.0178829507714	39.2155361021936	-0.178415988022016	19.4323137846903
13.0558953594228	40.4633270535216	-2.10541369012512	23.8301449055616
11.3604477044938	43.3953612419374	-2.45507720901361	23.2719061071364
13.393165080069	37.9248861743651	0.503881300368321	21.4885088853365
11.4666271044001	41.616883844079	0.660703163541164	18.3911902444736
12.7753490307221	40.0662063648342	2.02692294022372	20.0042224965357
9.45505869845661	39.5761625934344	2.59821656178249	22.8722880516313
10.8289976794346	39.067716539834	2.83435397756573	21.6712347143558
9.18676485883202	41.3319885360164	3.24166890002151	17.6226118366041
9.95653346290942	41.281251612028	2.54984965065157	19.1503837293451
12.9510891395958	37.107562698529	2.6726705323126	26.211617785313
10.886305468547	32.7323739660093	2.80096161677195	28.9572920748484
9.84709074759747	32.5196364171717	1.59894896421007	29.5546605745781
11.5832817196181	33.9258997141298	-0.455192799627851	28.9016458206057
14.7489062985088	33.8079899979663	-0.0397748326734271	24.5797466977186
14.983638559194	37.6294453918841	0.177532263208125	19.969733711487
13.92241650946	37.9606977535319	3.49795361949488	16.8194187853172
13.9952281521545	38.1645517114491	5.40377321548793	16.4751060681104
12.8479325781297	38.6223547200613	6.3845968474698	17.201507756669
10.2728338738071	37.0353339862019	9.66541138264212	15.2708378758734
8.47612648393083	36.7429733875148	7.84710595170829	23.4565361688794
5.65932216384266	36.0085849102208	6.23092675409287	30.5866892390532
4.87018690473218	36.7885938674338	1.94260836993986	31.4829009902515
7.33522884943426	38.6353601606636	0.838384865825388	33.5429017353654
7.13391840853632	31.9947496250017	4.91524976914485	25.6049253061265
11.1131033785596	32.5442291383642	3.42776504581531	30.8073213827647
9.50638102015354	34.556937770174	2.79398471754736	22.467975585334
11.6186543564109	36.0271387111406	1.52104263583626	22.3515350479484
9.63286267694054	42.1556827403433	1.60124900207999	22.4793182772022
6.66869815029873	44.0036042258613	0.994158150773896	18.7037902946953
10.4008608945712	40.965175690115	0.903310425451497	21.4708767205808
11.3712513570286	40.7469476741835	3.22346810340756	14.6707145244214
10.8465974589711	41.2158786883675	3.26487830559791	18.50044673838
10.0161387139421	39.7044814286267	6.51895704398931	19.9063758794814
10.4849241437811	38.6163836116029	4.57800149795257	21.823693051952
7.64372594894197	41.5468885463011	1.84844325639896	21.557114484272
7.43727737124213	42.0781055108924	2.08233821082301	25.3663240181052
5.16737367878423	40.7890572570676	5.61358682454935	21.9762143021219
5.07847025479012	40.7860643309021	4.94514611659012	23.5139666910984
5.42671587814292	41.0984595291728	4.90192249351745	20.050751089741
6.79587826051648	40.7636310355218	2.37124640458311	20.9211004969371
6.77489121057399	40.7501159365611	8.24373653692926	17.9101068648049
7.75155889414556	39.5231174372015	6.59144067615115	17.5076624480253
8.39112803884156	36.6035784778063	8.23879437697896	17.9705909345476
7.47536875931419	33.3793838827681	10.8361443770954	20.3639481588363
8.39987951394334	31.0584006912256	10.5725350322916	21.5531650981816
9.81085317971348	32.8099946995485	5.72746674387866	22.8333041617462
13.469948947386	32.0501195079991	2.62745813411585	24.4999699770288
15.6326975621482	32.7377036632383	2.62059894405934	24.8826746629366
14.3004977418309	32.8577275427722	2.70396040535229	21.8403288438881
14.092149446495	33.7538105947313	0.261540482255439	23.9132463835144
17.9080117946494	30.083891106711	2.76502132048319	23.0476049414601
18.3691328521609	28.1481128067623	4.11198294135208	19.3151864328409
18.5588617237731	27.8965820533137	6.08581896113824	18.2439877128215
18.3880488871156	28.130239847619	7.72264388044562	18.3865902670164
18.1523657560839	27.8447217232719	8.82448285007115	12.6936170393106
21.3179021027622	28.4682365641169	7.98477810229372	12.7592241440174
20.1758869426501	28.9095064040834	5.8607413471426	18.8470348794721
20.1418871753146	29.1745425339417	5.8645736533898	17.3912174464783
21.1694359797282	29.1783702953348	4.26537642867594	19.4950333471059
19.8935028543714	30.4668736385742	0.641419138535755	16.5780870022388
22.1696398645658	32.8770113762318	-0.554838243930131	15.5648124535968
24.3187625231335	33.3859891959316	-0.88234365999785	19.3053210704988
16.0098913902644	33.4447463793576	-0.333154011406868	18.6270065783923
19.2547680290106	34.0653905324686	-0.712803500922735	17.7218520051269
20.5263683083243	37.5563005270485	-0.111113565518141	11.7819034742592
16.8034946964829	35.7272808428819	7.67393281682339	7.34056163712276
15.4659092348801	35.0059720955754	8.55603058588636	10.1067446476552
15.0308625904644	34.8095094145241	9.21362907857579	10.6037598808229
14.4554334549531	35.9211155464613	7.77271237689015	13.3498726281291
14.4419064728205	34.1211098559415	7.41352254989502	19.4100430503598
11.2415793297992	33.3078771840063	10.2640308130589	18.1438231177738
10.8108439628674	33.7236933816438	9.11292227375849	18.4862885918348
10.4726365139151	33.9763985770968	10.1623347823137	17.5777959585958
9.46233724376775	32.2024721127217	9.31082543941229	23.3697036322975
8.99651093795368	31.6706115460237	9.80302261212855	22.8581138162448
9.77622744968928	30.687298348932	10.086337917261	23.3528773239199
8.34703351160011	31.4534938395897	9.61479682965219	21.9074029381257
12.3413179369565	31.039923621783	7.82700969861835	26.3918477807995
12.3119342706235	28.5608978280556	7.18499369710699	27.5650704955041
12.0767311516659	28.2580631841403	7.86835365487277	25.7086789712662
13.0916916607195	27.5698034102526	5.97005115479358	30.4139524252495
11.2580589017767	27.359353911852	7.81390882220246	27.7789682320887
11.004773762329	26.6110072776428	8.47764693103551	26.8334988002219
10.3987074915178	32.5369007622884	1.94110320551141	26.7725447249152
12.1613785012334	34.2287047411479	0.187090259253178	26.7348576474747
12.3537170041993	34.9251690897323	-1.70905208579081	25.5351837631696
13.3386489672295	40.9387975167051	-2.48982235873874	23.4970620929401
12.7577174540603	37.3551954835552	3.72338256542147	20.1689271678355
9.51076369606647	38.055350161378	1.59588820044459	26.5247100973511
9.01964611559147	35.1040177292324	2.39844500529156	27.1090176291773
10.4081794729277	35.8956746818862	2.33497662489422	21.1956099406825
13.1752298905335	33.0986328145062	6.32230028449136	20.4009008447294
12.7578992443274	32.4924843166295	2.74977651798135	28.2382523370595
9.79219133831196	35.968289222968	-0.16477034039916	28.701962105433
11.4623426505494	36.2551800707284	-0.0864828781609375	26.1697648963579
11.1287698086596	36.2312909998902	-1.69948470391454	23.0035388849349
17.1291565613659	35.0760823430842	-0.488669241350991	22.9529182186158
16.5385611585189	35.4066801084054	1.29879366335568	16.4944134575122
19.3468023584292	31.1392894516547	3.52638549831805	17.9119882585288
19.2252746377605	29.7388925476557	6.55513146854115	16.9050153034547
17.4610281562897	31.168327369131	6.59155669816878	17.7886369047601
19.0970258942027	26.7042271887799	10.1295987050161	16.1758885337886
17.3084209241877	30.4397763546471	4.15331601130698	26.2652098961089
11.5417202992338	32.9371539364757	2.90796927303082	24.7612210114919
11.5508731077517	34.2838236031107	2.8597018449774	24.8069479111551
14.5141143445378	32.7296352375266	5.31775974514481	14.9354834998926
13.711774221201	36.2984950084207	4.35953373401013	17.9185510182789
12.9583587910303	33.9588053909098	8.6829989029524	16.2087743741495
10.6918986243179	37.0911768603106	3.76038436065065	25.9837056350009
11.0313732839754	37.2781120052454	3.73875082649452	26.0993688602978
11.2095213529287	30.9239049021047	11.5670204800326	15.1286010633269
15.5339074270551	29.4267363306472	10.7850175198499	12.2833613798069
13.7324912027207	33.4990140232594	7.78148726525302	17.8973880948545
14.5374527592895	34.5697211061679	7.08243277657507	18.8421106628894
12.8935583071534	33.5910012124589	7.48965057513341	16.9542002275118
16.6021240557223	32.8072875822624	5.35837663050158	20.8492039554139
15.5072460285067	33.3416345658085	5.05125521803284	17.5038778665572
15.5828120683269	33.7267378596277	4.34624858321631	16.7415532556542
18.434403235547	31.4892040763455	4.45747352090393	16.8146378289149
16.6479473204729	30.7313545618611	6.40587774105411	19.5238251889296
14.9017193789971	32.1313368936474	6.26237268792507	20.7874195974564
12.5154483986464	31.692932503059	7.16826769126882	21.6743303181847
12.273052067474	33.4780327990046	7.1978341993913	18.8797492152741
14.6074048619653	31.4083428322664	6.80876307772539	18.8480867646364
16.1233072408044	31.064332239788	8.42037742369415	18.6163410432861
15.0809273062365	31.6179040003387	6.21894848483007	21.3880964687067
14.9746719893328	33.1768302664911	5.42720577265347	17.2476513047675
13.6142311866965	30.847662626705	7.39313714378696	19.7061948237913
15.7241180760957	29.4355578041254	7.4883220396337	18.0616815400893
15.5224883848041	31.8073127531065	5.67623753133995	20.1924665494474
12.4000740038298	32.218077736496	5.05432409500537	27.2334776218527
11.195406679206	32.2916953936769	4.58845246383755	22.7884652540565
11.5886693352466	35.6768247737167	4.05643953530756	22.4162493441731
11.522037084789	33.6671351897364	7.26497509105769	19.5281283609115
12.9810937117128	32.0621036621576	8.50672421243782	20.7680384254424
15.1682200667853	30.3552502882501	8.27884712454672	19.5995630345648
14.6709320543565	31.358803452216	7.55459186742738	21.3899582018953
10.2940773401416	38.5393699512257	0.374244280744151	21.2339353157742
12.7493489203981	34.9082985484587	0.0253428580498252	26.5873010681546
14.9111185638241	33.6163459752301	-1.25420653109644	21.4822068734204
17.9645002326935	32.6999931513878	0.223988563621548	18.3489999797304
17.7250221662868	36.7597143497001	-1.70000716075829	19.8389760002603
17.5291626621524	36.5117458771597	-1.56488047427739	20.0965352832202
15.7260734045871	38.2585249221681	-0.924908122785936	20.773412219014
14.1869040115327	39.1033735577746	3.0187785464408	14.0969452446101
14.1034031405636	38.0822798055317	5.62594646608052	16.5343210005907
11.2969977463054	40.4070326290056	3.82712310112595	18.2780484224444
9.78995192417592	42.0680165849589	0.488194076732199	19.8471523633001
9.67595455585204	38.6977717868234	0.619385407004597	23.5452429631937
