19.941783221449	40.9429710336277	5.74959653911616	19.3656492058071
15.2174918346569	31.6100065551015	6.08382823194813	23.5187004693671
17.668209330783	30.67358781868	6.69194904870062	25.2077271176956
9.57653324001114	30.4006767362817	1.59494600706933	22.9647497336834
23.0844479862781	34.4492402632578	2.12300611043322	20.6948466102815
14.5225386510028	39.8001924309726	0.412171650212933	17.7748641637431
12.9167304000163	44.568801612903	1.66601272189383	15.5856284019814
13.6388069545097	40.6921710861599	8.78405226982523	20.5174753101094
9.38931004387177	46.0219744115412	1.93472428966698	18.7995388046181
10.7934478671368	45.5572025897812	0.573372727003068	25.3428541759767
13.3109863564688	43.1324905110341	1.55128973452913	23.8902108791492
11.8229461737293	41.3264700514082	4.67195191637802	22.30539363726
12.2007773889246	34.9874297007841	2.25908512388707	28.1666235151789
11.346686677245	40.9493815352742	0.622064158976214	29.2033183566383
7.05312961628819	38.0824622813478	4.57527630702426	23.1549807540464
7.75425828432175	35.510937769325	10.9468062759271	28.5021129750305
9.41992803944002	33.6887894554338	-1.0199374156942	31.6761923204277
8.16145896275813	35.48778335781	6.6787953380988	19.4043316291746
14.307670087731	42.2048338573801	5.92093936387215	18.6791136420191
12.698040601169	35.8896970313216	9.31175936465849	18.596293549059
19.7966231884434	27.0697775705643	10.8814149619372	17.2348203685265
8.54502077111962	39.5874139446691	-5.24393716693733	34.3880518492378
2.24700770435993	48.6137614861786	-4.88469538328903	33.429384587191
4.92012935063018	45.0470163178054	-3.17055955678247	33.5782661019086
9.25165808110766	33.941881392595	-1.83411806374389	27.8936442400281
3.494778853524	35.9808702827214	6.7102623286697	28.1363153148394
6.09404211306555	26.9144896668209	-2.467081337274	31.7520607070018
18.0711724314351	36.7339616202344	-7.5847470054093	30.9752616908353
10.7046251434094	37.2003679772434	-4.93991708305359	30.4264309227418
8.5560158609605	38.4160192544274	-7.55391545974654	25.4034864104305
13.0235164967758	26.0277317267974	2.62738456568676	23.0466165614604
20.025551822636	39.7922048005859	-5.71420058121802	31.7667789746739
18.4583598424769	26.8208806201935	-1.23583097912887	29.516672977592
16.18594574646	28.3100488730169	-5.61977506585935	28.151817146103
17.9537264962743	33.5925981769733	-3.09544464015747	25.1867743082076
17.0416266021845	34.8244908702954	-0.374490985972551	20.9548765028038
4.25487772096752	37.6799465617559	0.405068360874685	24.8681931336329
11.8993416891748	33.7836819602571	-1.03874801131871	30.6501713019438
9.67382043296166	34.2440055584929	1.75697454944719	24.2042414341065
10.8451461511107	38.1952887838169	9.98736108415295	25.0155868922991
2.40634559225982	44.1588168806707	6.39172720621006	26.7228224926328
5.37347446182123	28.1555986493761	1.16527270656677	36.3082253846039
4.93748826014701	28.3001746436602	-3.87882791891877	32.1930225879839
8.03657513871387	30.8264982670354	-9.35702390350149	29.5113696077138
8.24422806152864	42.837208236284	-2.24274849488587	22.7035461235881
4.12743050858088	40.3688982075037	9.33466013551502	19.0868686963894
6.15349987597342	41.3268170032607	4.92515261108145	31.9360983113467
6.22624505903974	37.5585373408281	4.48379567718286	30.5103250490056
10.2235043107837	39.476445498315	0.895724372727996	23.9660933477042
3.88903411784736	34.8648477479791	1.94448293694144	23.5583027012816
13.1707129729638	39.886231657022	0.541621409774177	23.8341929586265
16.5427655900296	39.721870671637	1.01394294267917	22.5198505333634
18.1094817806289	39.0688066425701	1.77209461278097	19.3214816433586
17.9031118995764	39.2068689084306	1.56269417487246	17.2589874962554
17.5665418210693	40.1718549104736	9.21910394392039	11.5419356985821
16.2979888392075	40.1438035456952	4.14788264762465	10.3676122751372
8.53124985559866	37.9830171453284	2.40245078904409	26.3506448041158
5.58726861439816	34.6508692164423	-0.14613190075727	21.2543477332661
9.19269529702312	33.4801043762343	4.75905705367802	22.0337584177473
15.6098737206095	38.3719672363499	3.55759301445922	16.9679532707925
17.0883374862556	26.3622562839452	2.96030521615884	25.5414252188313
17.9759835313024	35.713925562739	2.23805474549693	16.867191469526
15.983312419916	33.1725807851745	-2.31539722101496	25.3837528375407
16.273820084	34.7872290241373	-2.48396768036963	27.1838277373484
17.2307030930575	39.3786124999329	-0.87924482548154	20.2709367520561
16.3802441632766	36.3194701839651	2.71514945416235	19.4353284984446
15.268691485228	41.7043026778044	2.27390093036418	23.0969852199619
13.2572854886873	32.0236640289259	1.83597412199204	35.5148976867089
13.6172939124823	31.9421385507409	1.60074027063224	17.3620038706991
16.4907722551908	30.4497391590227	-1.05606964049962	24.416076820793
16.5925104687523	37.7234154752765	0.661022915391191	24.5506331109458
14.5319498979975	36.0893144204276	9.65454896855463	19.2568362463819
9.82921327441228	33.9688684495361	5.4197138288419	28.9209364646709
13.2343609607057	34.4710212519396	3.81155620402911	25.8442982601597
14.3099775877299	37.9199057224042	2.55152856814918	28.4888985759025
16.3806056117879	34.1341209144047	0.819631968822451	29.6419140156154
14.856392120843	34.8968124166458	-1.66788727146787	24.9730122686434
18.3436563984759	26.5091663166276	1.7222463831103	18.4219314498897
14.6071309923462	49.0603100759481	-0.475635472329618	8.78834811210101
14.9482249998381	43.9133687382136	1.79059659662994	8.83780239789934
15.4447964984523	43.3565667028885	5.92431327777068	7.30179116006105
16.9217687087439	41.5578757217901	5.56484262888226	20.0093866423605
16.3596368366082	40.0679180898579	6.02313116267549	20.8111358776518
11.2282577537226	29.0680654774684	13.6564199716929	22.7295627544909
10.0990224229006	32.2611076054652	7.51363045984561	21.7372166628293
9.81671046781095	38.9229888520367	7.60358478158394	17.6626949279107
13.4527348968143	35.1804449961901	6.48932320222372	19.9725095250935
14.2535838268469	30.1040126144335	8.71581168769041	11.067862655861
15.0351060943179	27.974282281325	5.76838671527746	19.3762002011349
17.3253934939824	31.4296178106943	-2.31145211663155	19.2579187715466
17.1631259107741	33.7673004955778	-3.13186498759372	19.1780512480913
21.8759382944332	38.670076042066	-1.93793964023022	17.8830961226031
19.5031267985985	37.4721087076297	-0.821836172981195	26.17225179752
15.4673930098014	40.977814153269	1.4624665326467	21.7031978505362
16.4354147113571	39.4881627836713	4.91223193934467	15.456633443477
15.1079730739528	40.0948652520293	0.21951984196064	24.6541919193079
10.9884276593915	37.7209293388278	-2.84431159941307	30.3096237895072
8.71262770125702	44.7124248411721	1.57426854923733	16.6115095853628
14.9160107104447	32.7165073174267	2.6488154956888	23.9457103414842
15.8229624685239	36.3777883482991	1.98271667517755	26.9360049546898
7.52350496457539	31.029103235292	15.4589966561462	18.676251222443
7.7986043434298	32.2167460503492	0.904751838445998	34.4881518469827
9.05373845882231	33.0213532573047	-2.52245917025342	23.9970283774363
4.73699674179222	42.8469841135169	-1.17868201381847	28.0281058251648
1.17772379769171	43.1814237388988	-0.704999594284575	28.328834655208
13.7742064560436	35.6713814250606	1.90193361664794	22.7254626045239
12.436493884755	35.8132174550037	3.05700837230913	30.4043003015456
10.4709517401472	31.6403653925764	1.53963541629921	32.4075459192154
14.6696481871173	30.9658018553934	2.83406727262743	30.3972074469905
12.5337263055804	30.4177106172596	2.17818917060177	28.717647371306
16.1271488792139	33.5635471267822	-5.16727498972064	23.9376774983992
16.0849799364681	33.7438538571085	-7.03878974315917	25.9405768005688
12.4502807408855	36.1113959381553	-3.76977721468752	25.1900580078621
9.36061682554283	43.1751773220684	1.04785441872579	16.7301457062161
19.1383985840003	37.7858473858288	-0.436596949926528	26.763069552779
14.0972020351434	40.6971078715853	-1.99012107980571	24.149354453334
15.9176576893202	40.4842130026657	-1.92807836186075	23.9237019340947
15.8969335141296	38.4456384643709	3.37966250673063	19.9647048857123
13.7304814469619	34.8085072533267	8.34847775969109	22.7303339420877
13.5349159317514	38.5610779545496	2.14902918300787	22.9027979520164
12.2136296054771	47.4332638696384	1.21084329430977	21.187226399564
8.65714048523955	40.4721320240375	-1.59462668174291	13.3127094384947
18.9332237045717	34.230561502929	-0.772487185293529	24.3989606765432
15.7431017568524	30.5586060332982	1.71402373225332	22.138163683826
19.3929143864417	30.729038627903	-1.16530606183319	25.5055529613811
15.8327387445361	32.2291372418611	3.86335185137482	24.9559216048845
12.9246187658888	28.2359948909901	-0.72430373993798	28.2651454041169
22.0578487166256	28.2999856297919	4.70346456449359	19.3507560900743
15.7507214972165	31.0122210326337	8.12081840167447	14.4180458608387
19.3014562267225	33.054942492253	1.90589522988229	29.5001649921834
1.36255680482909	47.9392227589589	4.51593025643165	24.7813973899234
2.29297534180607	47.9145857985667	3.70945333318773	24.8434494176666
4.50702845275766	47.8735597609146	-2.0966977395917	23.0830261306791
3.88774626850977	45.0873307502433	-0.939244544456455	16.5240586534574
8.12453363723861	43.0576918553507	0.0766414074723389	13.788859638151
9.3159026281462	45.857157689459	0.773568385701393	29.7426680589584
9.22750152764561	34.5026593895767	3.44450624092193	28.2295377865562
18.0846382859929	26.9242838865556	0.915286234958932	25.0836380534933
11.1237087784931	37.0355975166882	-6.26078803161792	30.4515044110457
11.4660055187378	38.1742658703575	-6.18414501409086	28.6526439896414
14.055061945397	37.3357334805552	-4.09171955037145	22.1642893462499
14.5474048258584	40.7707418378321	-3.75359644967795	19.1952458206886
18.0890125987898	39.7365152063831	-0.987068542113073	26.6976410558265
5.66461470385539	36.5334541719458	11.7853216460706	26.8623579594992
10.1766117672533	34.2069495772961	4.77208216272154	20.2601196569144
15.9803668555801	34.9142534863597	4.6985568940595	14.5720920171476
21.189400060754	35.6695221686198	-2.84560349807589	22.4152992290372
12.7135645255444	40.178808928041	-3.40358740687816	34.2326638519452
9.23138466285956	41.7917789873025	0.180499818723732	26.8965794201607
11.2372353792091	31.8558606929435	10.4711131767934	24.8716664382904
17.8811841583353	30.6309764142447	8.63403381128926	25.6702599737399
18.1284833240044	24.5703377038751	9.41092930802466	18.9449113126526
18.8978508493585	37.2467566841258	10.6074401757051	18.7403088532492
11.5231821809548	33.5661448262311	9.35429315523477	15.2857107416831
13.503426243062	27.1555224257407	2.06871826642426	27.5406989691883
11.5258332012454	43.2617793885156	2.02108104585186	25.1795341454719
11.5088563752396	38.0261196796779	3.12162232802443	26.6069893926112
15.7307580177256	39.8092539128105	-0.158490470037609	20.1510627118289
22.1234757386934	40.0292381208988	-1.85397773930203	17.110373067631
10.0378438939288	39.3089150132278	3.3592343623776	27.7584584224865
13.9195834049016	39.7348016658376	1.60516193224107	21.3323746118428
13.4751381700193	41.6726212446663	1.42322504049157	21.3205360634529
11.7417319270497	41.2411620478231	6.22791014265809	15.8469911310306
10.1973553362948	39.9601689433765	5.52348024797234	14.1954106940542
17.4330550669853	35.6722048805369	3.66374806926209	20.5917669513437
11.5184246539047	33.4570332014436	1.04990350387267	29.8603388510819
11.5643340843894	41.5153173060709	-4.81353961580358	27.9186818109574
13.4625071291756	39.9461498303891	-0.298809734610087	13.2162153494302
18.0000636428539	41.4585564250852	5.35871082175062	17.7607816447854
17.181413396261	40.4082339990679	1.04700398013672	22.9212674172484
9.5316493266304	43.23926466869	1.07207861387891	20.6487691355532
16.8102229643018	34.5385528122332	7.63648897999686	18.6759174685789
10.3394580120557	35.1565810583452	5.49327531375065	32.8453967395103
9.29484214801163	35.8966745912905	6.42025246947809	21.0440038770243
13.2309788319264	37.5886298860923	9.66432577151044	19.494887968156
13.4291214273665	37.6963218172146	2.07537602111077	25.0085625278579
16.374018458211	31.4078291469246	2.20926388280228	28.9255379530034
18.4272997884767	32.9214255871907	2.53472292390046	25.762057711378
19.9306432012508	32.7447951401007	2.52648260719714	21.2627959701671
24.4758093469112	34.7148517697357	3.1671603400783	17.2866822101217
20.2011113942132	36.446499909857	1.62898059506448	23.6250879146993
15.8200705461425	35.9228414785178	6.53157573696705	24.6242245898162
9.94100899581292	36.1200795414918	6.84251631268652	25.4487753121866
16.1039905209887	35.5770215069898	1.85901772658335	22.1076231401166
18.3450096265951	36.8789594448545	0.857563974153988	22.3992657379931
25.0310541193815	36.7080519268555	-0.992234020654272	22.8909131746132
12.7938022957401	47.5674368881685	-1.6573854394663	22.4320420090182
10.9116255487979	46.6409508486343	-1.5160854896846	20.5583488222285
14.8999682099517	39.2369445785425	-0.892135436574671	32.4704961928149
14.4738013563879	38.1833749696769	-4.84083992754611	13.1093575318155
15.4294778952576	42.8037504096672	2.31245818306757	14.4030020886608
16.7064598371053	38.25516385107	2.07660160617055	14.2846286064585
18.8189917622263	38.956937264527	2.99637971592993	13.2759086881404
8.10658116820349	37.5692221204441	3.56006965188235	18.7926516706455
19.7477344733134	38.2747327893663	5.26095380949089	17.3927745542571
10.522686075941	39.4591087377062	-3.82733107626675	28.3247794390738
17.3896910785794	20.1889789396203	9.35615289641308	19.1032446076244
13.9729270013146	25.7649909763834	3.69831928668307	21.4878369618885
17.5399576756268	30.3019276388424	6.44483001732772	25.0137780631167
10.7266247339625	42.5341286485987	-1.63552167605582	25.9358029930127
7.44678515420155	45.6479563071128	2.42572869253508	26.1785358981837
7.72244585060794	43.0724704881517	5.00946098177519	23.7894124313129
12.6682977718466	36.312467863241	4.20681154525664	24.6670766562384
6.90442546581535	38.4137801849621	4.82319851863609	20.89855500139
15.742932191388	35.4542688687492	1.89314311336931	23.4702985786754
9.87957112940118	33.9517898519683	0.606902308894505	20.8668411366563
10.3421880516035	32.044156124685	2.33452657430744	27.260255588397
1.1769555253965	32.2880398559873	-2.14117756534382	30.391541668858
4.76584182100404	31.9780264104274	-2.50465575529101	25.9453231659706
4.84430024715471	32.4944527330798	-3.41120806213307	25.2204048219125
6.72600131891542	47.8473692132843	-1.58925546473139	18.8681744873908
9.50382552652323	36.7711814693081	-5.3958964757646	17.8955797708046
18.1146991130044	36.1488629449064	-4.24621489970261	23.8394822153647
14.8975856210837	45.1819738061906	-5.83796833760441	24.4987511719503
6.41929238846389	42.2348930119345	0.88801023061011	21.3645061795526
12.2764707570991	35.5651564305456	5.55705736833248	16.8183112877168
12.0331571372322	38.8218501983874	7.05505260093812	24.9344203704667
10.2874732510222	40.260456292056	3.65863313493062	24.1106260627309
4.10641456929417	42.3024802576792	1.11393377182065	28.4806965237567
6.28128335823894	34.2375435229433	-1.71335659315497	22.219542668787
13.3286583494733	36.546449123096	-2.29228756053124	22.2834201081738
12.82182251953	39.123923103005	-1.29288135641277	22.3489576037124
16.9641245252878	38.7670034341767	0.343341216588636	25.2999446426546
16.5131893236952	38.2008230368859	-3.38844659600537	21.0356280637476
15.238290165534	38.5245416531592	4.27409450682789	16.5012849226165
14.3684277588945	36.3087766765869	7.1039310857283	20.5731382564915
14.1404896270545	36.279996454942	2.9835300533136	26.4941176440485
12.3889078963479	42.971570274023	-2.13026348965064	29.3615275690196
8.06467166266999	44.9655037419249	1.1975609950409	27.6597315481013
9.6612487213213	34.3801592274413	8.73387690369642	20.8765084149856
14.3323394182596	29.7852228146822	5.34643626275144	30.2435988582619
14.8064162675079	35.5277643041554	2.70269354286725	29.4298218876662
8.32096795240002	42.3722282211763	2.56874489366075	30.7363885361992
8.06518847613713	37.3637675319942	8.1217336890976	22.3791382106113
10.6022061725609	37.8071264814947	8.24153265019311	22.8653229993433
12.162636556973	38.9704507027252	8.46588904309286	24.8690252339742
8.69126311138044	43.8883344967098	6.89105643962966	17.1617535338431
8.15999709759805	38.9863927427859	5.08297887943163	27.9058500140173
11.632280277967	39.8571396007033	4.23487854378026	23.6203497649408
9.95155917085015	39.7486898626549	5.73710435257953	23.2490340504719
