19.7593957530133	38.7645536037904	8.05269539323172	19.4233552499647
4.10610626775522	40.1393651657543	13.095337422234	11.5842018176774
8.91365866248376	40.3197284302081	7.83362900572365	24.6653164245352
2.57839999866451	43.4783245183865	5.25463878134829	20.0563354502328
6.40614785445946	42.5616888472217	3.53103134273184	19.8096543171821
14.8641761160441	38.9356002365425	4.25579418851627	19.0250353496465
10.6891944469869	35.7342479531839	5.77777681829972	19.093018703157
11.5532168826834	36.8087293408066	6.53048787873717	18.2402143026646
15.3688082745947	37.2365403083502	3.09102006864281	17.1909792068579
15.544070827464	32.855439122733	10.1274819204864	18.2214129927
15.3397215851576	33.4529824950274	10.0661859473494	19.7532747384524
13.1937577389763	31.618861016009	10.4756389062329	22.2028353983665
16.0827168613323	29.9034085264324	6.50954116996744	24.1379341420915
12.5333314269023	34.8660249054143	-2.25683841226256	29.6553336859878
18.4691454571631	32.316817380082	-2.80361933206513	35.7164862456929
16.5666201941592	31.4925966212826	-6.50284993162574	29.7360595480659
18.8264635515294	38.5612996614349	-8.51152263155797	26.1096145447463
19.3112429888741	37.3647392445828	1.4813281123073	16.8512533819976
17.1766828425051	42.3693499747414	1.32050722587223	20.1086178706701
15.1504602717809	38.938501941574	3.6867445030964	18.2096980913284
11.8988664084865	39.6534182118002	3.82501864328674	21.8270308949654
10.2773103862637	40.850837307048	4.41654935467681	19.7135439032359
10.8513711182764	40.6551929045333	3.45323972299333	20.7400056404783
11.1011229416607	40.3773243425261	4.79741655413454	12.4057536761509
11.2330904890103	42.7420795944366	3.43054878183934	15.4438831538805
14.3242242555464	41.1544940972547	3.94752029453698	18.581775252751
14.6901928585151	40.7076529885391	4.23829140231313	17.1319011391107
12.5149543069431	40.6144214078533	2.77119823035274	26.9732063379268
13.8100336806938	32.7813718854202	5.48029760514741	22.459142263785
15.6844395550989	33.0736919501222	7.1735202395866	27.1509066366038
10.9612359639548	36.7042813203973	6.86673311575149	22.113280258468
12.5966972013358	34.025434710388	4.81520569970265	21.9466973570645
11.1451464622244	38.7359763429305	1.7302672899553	24.3980958365237
12.8910426517505	34.2811496667526	2.71850948075218	32.1341406597524
12.2234194075245	32.4918985252651	6.64005881261466	27.6105007643241
11.003692488038	35.1327781190015	3.1587275212071	32.4337901201746
8.23572397729478	36.7480623676287	4.57420665864073	22.2371748116515
16.8119466319853	31.2599920728376	6.80572236172906	23.6634208716105
15.3721574606835	34.3484689504922	6.12133238975185	23.2180994834851
14.8534423304813	35.8472739363811	4.26536889015021	12.557498639402
15.7227270962762	35.8777086174837	7.93492719963449	13.6806221133554
15.6302825250754	32.1057517251498	6.87883145902187	13.8535239521649
17.6976755779328	30.7975561318486	7.41397150235194	19.3513907797004
17.5214891755322	31.2831368062328	7.840223922833	14.1456275361325
15.76856073635	39.6123193853982	-3.69446835203921	28.2521210770935
10.9655308634197	42.0130099987653	-4.22053671939038	27.9665297626341
11.7147690446086	44.2788459537348	-9.74013596989903	26.3484090524277
19.937225530573	38.978555355238	-3.31687274778166	21.7851939157569
14.4718233148729	42.9802529143834	-7.31470361687089	28.8608568093931
13.8112100101068	46.2933082121295	-5.20694690152977	17.134405626411
16.1274466224938	41.1976654828725	-4.66384943703326	19.8145018568806
19.9307360270984	37.85996001165	-1.06894300267928	20.9292183285191
16.5986416803195	41.9473629743622	-3.568394606128	24.2325332198233
11.5453179642546	39.3503858447836	-0.955880330852248	22.5042640134633
13.0184848498406	40.9895313377352	-2.59813057493227	27.0258219332891
10.3457269579873	38.6662129280359	-1.26296440158714	30.215577784749
12.0726268911609	37.4813903344307	-3.64690751400637	31.347017650216
12.2488146624007	37.5987323486874	-9.18794666995914	29.6572927536472
14.7931190475963	43.6967745559918	-8.76807261371673	22.7131687730211
17.6658628475993	39.4862322389776	-9.29439650904414	22.2849585392173
18.9422138282239	42.5118749593079	-8.17663607848455	16.5043790724029
16.1180256294125	50.6081648175299	-6.96216080785962	19.3614798893121
10.198259400268	53.3638505756692	-3.04577997098369	18.5708095051322
9.72773883008489	51.9293936367915	-3.62125236452249	14.7745401203008
12.0907136224731	44.9926381881405	-1.46372806525811	13.0062676619539
12.1635157979188	46.0427797127685	-3.24950388786606	18.1072988221841
13.4141489705933	47.7544383106924	-3.67256287173591	17.889505678806
14.3954706849564	40.9283898405901	2.22237763185989	10.1439156765687
18.587577280685	39.7141143360794	2.71276247557203	16.9071937952217
17.4219086073373	39.085809103973	3.09526613544758	16.00303842036
17.8058673866127	37.433979059398	-0.822929013057627	19.4148740448209
17.8968512691592	38.089345323216	0.933063628660622	16.658852237385
20.1523275983039	30.3674757094988	2.4853538978343	27.6196488955325
19.2443821844435	29.1062155422689	-1.61961894478079	28.1863221124559
18.6006421977444	28.6808711080167	-0.0336839421935693	24.927336988654
20.0270211938558	30.7175761403437	-1.50487373044282	26.3071801074425
17.6838303529161	32.8642548480249	-0.227642895210991	25.2022825109254
17.6572647962868	34.6829581236645	-1.22601123296143	22.1471622281189
19.111458091494	35.8118928540551	-0.831081415549377	17.3013194550281
22.3193255141008	34.779494436605	1.23086083023999	10.831787252407
21.6217599711593	36.448318149576	2.81145816717477	11.9386493065245
22.6547880350625	33.5637001336162	1.92987637958369	25.402712286266
20.4547047946791	31.327172062411	-2.41340430239816	21.3630521201061
22.4013621945496	35.6161954940269	-0.969650666421697	16.085977832308
22.8537863333341	32.8054726344506	4.07122603576325	14.5022029101537
16.2716721420739	31.8230339689121	11.8021283040308	17.5252351907702
17.0113985569779	35.4747075609695	0.894782216988538	24.6317191904126
13.0082397300957	42.1997194805796	0.0411612196811451	20.2679139312233
17.6490415789947	41.509970252476	-1.06410502241261	17.7389923830116
18.2510896014567	42.9538770025403	1.8882697488047	15.1947829978225
15.4999901210683	35.7620776247297	1.23441467227934	26.7666342588141
8.20356039289049	35.7646049221226	9.27853861966512	14.8187842729564
8.59309846490872	38.1764551542879	11.614280754266	15.1671418963994
11.8502629834438	31.2719343986542	13.6992428220938	18.8141143983376
9.67914727583768	32.149844890199	10.6663664497722	21.5744849584988
13.5701026918888	30.1829745585279	6.22911553250317	22.9105980915009
12.789251328532	42.5054932682618	3.48971083162425	14.8247046221039
13.1316844412054	42.980927440229	1.83503044663563	19.008120634793
15.4514658191753	37.8815870307229	1.8142192311269	20.3405748774932
14.2539531501521	39.2284171221137	1.13187616654183	26.4442744596564
11.0886494183493	42.1301660650383	-0.308314421870989	16.9344964912791
11.3221701110887	42.5830320363551	-1.22608231929719	24.0088111614507
9.25409747216417	38.9803127247527	2.27668900890619	21.1975472400977
14.5788923284119	35.5484445302725	6.94171726666473	22.9236967770704
10.9823062358029	33.2132236064544	6.82103379654182	23.9923834950191
18.9929246383587	29.1477477489375	6.15558101300416	23.7765522688619
18.995829232286	26.5734923386261	4.21002122650384	27.8187505053841
18.7405771024221	25.2420350045331	1.58937047183229	30.5761179425243
17.2294051929073	28.6882938430801	1.98779074194572	30.7780377990055
21.2720626338366	31.0164504321448	-7.26605877858253	32.3404995705421
19.2379301818506	32.8211719448565	-7.13074261434974	29.809015054267
17.164720679582	39.1257945425937	-5.27963559264081	27.4255547415996
15.0891254443785	37.9406432412694	-6.43127099052476	25.4525425191568
15.9573641928954	39.7787681092347	-4.75354676042156	25.3207169961715
16.4302288312741	39.7389899902816	0.655641729011938	19.736563533023
14.3251637703498	38.9619863547501	-0.302564806060499	18.4569794285763
16.1081556262207	40.2751466028509	0.29245536139382	17.1435685761641
15.3423375659863	40.4389917892493	2.33751741999907	23.5693217499676
11.8147220760211	35.3795246034848	3.55523541389256	22.6455060673662
15.0824019716149	32.6132905622932	9.05308954461841	13.0501002481637
19.4790127485087	33.1696798167895	5.99831406070185	17.6212753577588
18.0883544700195	32.8804031053892	4.91444832920111	14.897490766407
19.7903461384354	34.8590356500222	3.8408895366872	22.7665345516165
12.6995913919556	42.1445695840758	2.29273406037968	26.3419336730831
7.40892253726063	41.2742408720482	2.48215251200152	24.7836120595186
10.1565568985861	38.4502895671579	6.51806932471944	18.4088571474884
10.9760753129252	38.2010645142173	4.93100265952383	16.4873902233513
16.0950520723062	33.9125557009914	6.41723205781166	25.3869422445359
13.0591460918513	36.5746583298269	2.02437248216091	19.9830323657307
16.4913469352648	35.9343866186433	3.78375732469705	24.1654422972425
15.6394776129053	35.4078217174143	2.91415817834527	21.7438884242509
14.4136710776836	34.3061325004008	4.68390135782868	22.7664957405139
14.6678023928086	33.7267031974966	2.26443291871409	22.0586595241652
16.3979953763316	34.2872121505562	2.76440377917799	16.2325857154988
18.1583908384077	32.1669917382548	3.83320312582434	17.0340758493051
19.5322781940179	33.5765926741312	2.58315668239734	23.8392732051811
15.7425641817202	37.5454065490018	1.93954429939572	20.6932896152772
18.7177370746973	30.2911246799062	8.72542977146055	20.4834933603417
15.1390838956753	34.2771154756788	6.01583955837104	19.0129731010203
14.3377982506822	35.7882476663483	4.73367404685977	22.4610084952775
15.3426839299686	29.6427495470537	8.56621000012073	20.1871704176057
18.6253512400017	25.0636969417329	8.8339982017178	21.3013272164543
20.7272920111009	27.0314608022147	4.2026515117575	22.4838595595365
21.3333051680402	26.0021179913078	1.83993168861685	23.0827936500108
21.2832096992807	28.4868460413072	0.714769016365386	21.1364168313787
20.8888668797076	30.3310963992094	-0.100115446959757	20.0227189495684
20.4011931290947	34.3148535972619	-3.89348851994532	23.7761622935989
20.651843618048	39.2359266586759	-0.287408017190357	25.007913293651
11.475275902124	40.9079953393125	5.01999020904561	24.3117132993913
10.5036382413501	41.0229485283525	1.34167396646773	21.7773504524105
15.9009438486802	30.8194648527448	2.30183669679262	32.0617362333986
16.4638991674089	24.9934832920275	2.70133937503284	26.7761498008873
7.46092550263869	45.5441526667305	-2.00422226642726	25.5047169736836
9.70896508352029	38.3168557024651	1.44451853560065	25.3548106587741
13.0428220682297	39.4337500346914	1.76283544601653	18.3465690505009
12.7841755772461	39.2824713267607	-0.269579594286487	16.3431598399083
12.398024568428	42.6731575460637	-2.73818731575507	21.8216120299398
9.90758800715739	45.5062907089943	5.26760753994166	20.4239106853954
8.04042685318725	44.6125052910209	5.35201006371522	22.654723844605
7.97785758048283	43.6149474445174	1.72422586139481	21.7266835045279
10.0210334431192	38.6723689644041	1.37278935536931	26.0847719341289
15.7409489281709	35.6575789267625	1.90180101574239	23.330131342373
16.0297861509745	38.0320853667519	1.46944015894857	20.1956375381553
19.3916772827445	32.4437632296467	5.38161078459102	24.2833807827548
12.6407647647046	36.5624321987935	3.32919056917899	23.0104144003893
13.5619227240876	34.6487442883746	3.87421235558322	23.9786645292102
8.63094250495436	37.1335541354575	6.81218797758831	24.4646965554576
13.5423965952672	35.9027507592493	4.37457709149672	16.3865868193689
17.2530676275805	36.8486660302907	2.87154290980628	16.0483901258156
17.2502266613859	38.0744284231506	4.78132595696455	15.6764266322896
15.01264949371	39.4879856640146	5.03293764932981	17.9003324502291
16.0823278692074	39.7988436813057	1.72357028937476	20.3797638405347
13.2146962467115	41.9047666992583	0.2044597437678	19.9945548942299
11.572451813995	43.2419472961965	0.54534097156927	17.8844607591676
9.22183057929836	44.531045905901	2.72187399865568	16.5740093233111
9.75059916224576	39.7824349679331	6.44151528417554	16.3626675373239
7.56371432316949	43.99472031801	6.0628946428353	13.54828466152
10.5409092334959	40.655393848794	6.10731799622793	17.3148255476915
8.75091971106225	43.3497183878371	5.40173877032269	17.3945823341819
6.01124981780404	42.633637489418	8.72380798812442	20.6780511925887
8.19353567900621	39.3333110022031	6.94505922614258	19.8011175164029
11.3364236581871	37.5761739205941	8.51297354443591	20.088139536605
9.31831769115619	38.9284567685373	7.04264236266386	19.850569639549
8.93441803161567	37.055150629113	5.68511650562495	19.7059147889983
15.2256451606874	33.3639289400742	5.95631417826503	20.5943420890297
18.463622632916	35.4459427672787	-0.480309582699693	25.4359052951135
19.6377240380895	32.9738577316869	-3.14992312333793	23.611734122235
19.6082127166151	35.5899788753739	-2.10345844183626	21.3661444103309
17.1744053480257	40.8231524552828	-1.92620421460684	19.7371505083071
15.2819606343992	44.7880975613094	-6.84392651464359	27.6478098805489
12.1164221790395	38.8843314933826	3.0494605655948	27.4557756519609
12.752305984834	30.1794309349626	6.01252881013613	28.1996228072777
11.916478624612	30.3619403470184	5.42281235551046	27.5410941485094
18.0930623085706	32.0379149781246	5.37577585838151	22.428095870399
14.4043787805613	30.0786953021358	5.03849562778485	27.3892131296258
10.6200913576659	31.7461328222893	0.200185781490118	33.8631351839091
10.0198069862457	36.1353814034268	-2.08171514502744	27.7592157049123
10.0856891017008	40.0685572729082	-1.20350438580463	22.9472247834709
9.53941389480017	44.1137732348645	-0.622726376912354	21.9712389576362
8.11459291986532	45.64780910121	0.453728335462793	23.0532546168307
11.1843715128511	38.9819293221803	5.55583536673366	18.5016570090938
13.5188923204969	36.4643460825611	4.7683948900582	18.3395757077768
12.1443846202963	36.853552990273	7.46259478080789	17.2940275297933
14.2253342909315	34.1641383457222	7.21220773969771	25.0050220039497
12.6858197185602	34.210113232436	7.63062282586909	16.2040420188297
13.8047760983728	37.1294616467023	6.21785182860187	13.933645411983
14.2583060736264	39.2705812298225	6.48821757995031	14.2775554396061
11.0236188495959	37.4915121465454	6.25552846237157	15.069438673933
10.5782416981141	36.9156939848294	10.4083483142506	12.9236854784237
10.1300647043205	39.7936539384505	6.17707482045699	18.7482796841159
11.0295029181631	33.9322443611731	8.96596790518778	18.039298422993
14.0457515767884	36.074343068815	6.42550223436104	16.9531983343659
16.3523793851756	32.4100575241679	4.73825327750818	20.0753835355627
12.1884881660493	34.7547400749471	5.1061072844585	23.2007458217881
16.3115629373886	36.1076602562299	1.9944150114037	22.2575718466177
16.1283434886676	41.0945811826333	0.560657225303415	25.6239762978088
8.35135856068366	42.5057634348943	1.59483998294927	24.5890615490657
8.94295899322752	43.5102207419585	-1.27397215127221	23.8922969124745
16.6618039285763	42.218916182446	-3.47826112809762	21.0007495273048
16.215286153741	40.5538246076057	1.5579154739144	19.8912866005508
17.7044673998839	38.3564297344106	-1.62712032084107	20.3746938506438
13.3556399949825	40.1668019131626	2.23887069413359	18.0571998022185
12.4421439592933	41.877797209179	1.62191488845383	14.3406445062408
12.8116048314965	43.2077872360109	1.90399053466509	13.8884911611365
12.2801250016768	39.9832974076053	8.86328708584081	14.1959164696496
9.41039485087032	38.9109476946088	10.9404104743429	24.6534031832835
10.517258094548	35.6541447470518	10.2100630486953	18.4735163367755
8.89220875940278	40.6094758411492	6.96147398606696	20.3467971153028
7.04315080606857	39.1872882189737	7.07797217048907	23.0645830439984
5.26912588216006	44.2027651411225	10.1780076365222	11.6166788966068
7.83079050800617	41.0964021657963	10.9090448728571	8.93052723596735
6.73352217853855	44.7409360167019	10.5234488568188	9.14601723761053
7.3763577370731	42.8831188411428	8.44388172387961	13.7854794256569
7.98110579083665	41.8872357824946	5.80082072613671	22.4706234586276
5.84463092922859	41.6248914822134	8.22421162202879	22.585506624703
9.83813263457493	40.1317540825474	4.82373977297836	18.1823442859153
8.01797019552838	39.4482702798339	9.14209955203842	19.3900397472593
6.77703768698083	39.9118067124928	8.02481865575101	12.4314988855902
11.539259913399	42.0231914745497	5.17960871848463	20.6056093542375
9.38975162635989	42.3102523735164	7.54309628670289	16.5971243524069
