21.6360949792325	41.3044616776986	4.84040015086303	18.143600384346
8.11610039479102	28.7084196891172	2.28029309481154	15.9347369690563
1.58090866061569	32.6196224764748	-2.83587829035004	20.8968762337368
5.2412858906975	32.5946774035517	-0.985838800241929	27.0721167691973
2.78738619981604	27.1422124142621	-0.650267942434634	34.2133579745878
11.1133684236647	28.7941163827426	1.98584484020389	14.0664840636698
22.2307683779017	42.5145314601553	4.74405787052562	14.8124370367935
12.9760185653485	44.6571684838364	4.09518082485859	17.7513119172686
15.4344697300683	43.5493492800834	8.0318453456145	17.7188029544413
13.6800346237262	38.1315351342263	6.97155975911607	21.1734930821505
11.115602307806	38.0408113920858	11.0309677071861	22.8328773794451
5.92423469944798	37.1324167377809	11.3512825302816	19.9414574249496
3.20219912225845	36.8782244750536	13.6749544193073	17.2953427010663
8.13223859575999	37.092791201257	12.9844428434426	21.3709631337361
4.71271734298073	34.3218620346755	5.65408713871798	28.9268467606553
11.0939655139304	30.5267298280189	8.95127009432751	22.8414657836357
13.973573826323	32.7255447553096	3.93943881085851	25.5196130906073
12.3812556217227	35.604183533049	7.75938219093495	21.7685796811288
14.5263103964569	40.6692048663769	1.75255421520314	25.067558478629
15.0989209034889	33.8426934352653	2.41012109485083	27.512311016704
12.1090935247188	40.2742976149437	-2.04981298140215	27.1263467900936
9.73416074674026	40.2043701035068	0.608836312769338	27.6663338190258
8.7971872093623	44.8526263447063	3.66895026595155	25.1129460105188
9.14808620570051	35.786071595573	6.54661510837866	31.1446708071493
6.20699579415152	39.8442877209202	7.72926816489643	29.6457359226164
5.80301673539192	36.6009512206079	8.45609263755476	28.9091692435417
7.57587333189763	36.6461051205541	7.24495804319101	27.6947788500473
3.87414045714901	39.4885439468915	5.96192619872891	25.9995719707408
12.9546059224244	38.4213602348506	6.53751728386216	18.5697814533514
9.22644884808441	38.1658871836304	5.37561082542472	28.6887564643692
11.8892840705165	39.0078399988922	3.69276751307619	28.2180398362709
8.83180805544882	37.1314389058055	5.08185978018643	25.6500149799874
13.5866187419001	37.6744967847995	0.507232046612075	24.3952180925881
19.8072597503586	28.7244860722667	0.670514730011005	25.6423041250431
14.8131994021049	30.6739436979166	1.32425324657087	25.7423987481273
18.2538050241563	33.1415567678302	-4.33497575600519	28.0214660390741
17.5246021562051	29.7980761266367	2.52837833969262	20.8361774817364
11.90078782888	39.3608744982171	2.86900064230305	23.8171790325337
7.03503777737131	41.99591076876	6.15325400009791	14.9923135868763
3.54736169142344	38.3583799930192	3.19865867874476	23.8142936179434
17.1321852547207	24.3473067241751	3.78768421389985	34.395379851383
12.5891971676701	32.3837390988129	-5.38542115991795	35.3609300114185
14.6743997593882	31.606714928487	-4.72521286485551	23.9709503210883
16.4603653248003	45.5887734849	-5.93284723116835	20.6534102478001
17.7021187256955	43.302404403779	-5.26816161980716	20.1463354067967
16.7752932459867	43.8733730750152	-4.35037035293101	18.6875085502212
15.6050969223312	36.7612306859098	3.01609856577033	15.7515858769929
12.4903070862225	45.6152320430645	-1.26615666103931	18.3827118267523
11.5579438099303	39.7731487557752	-7.40530807547628	19.5495006353124
16.3740406191573	52.6069084463571	-5.50448757992931	21.9243646393213
10.776874969496	43.5732647588696	-1.22186219938396	28.9589224230102
11.2354770099026	44.0818025846318	1.49132003908695	28.4721873553307
9.89074657578475	38.5777900246055	2.76078424062377	30.2731322059735
13.5277409159426	23.9134758609119	8.16801945490087	30.3076969324938
18.9295995047542	21.9369692688452	7.0833757533381	21.3913410713531
20.3163738500553	26.5701787220972	4.82547893232488	21.9731302973114
18.1853424400356	26.4358426847247	6.64231105984011	26.8338269386295
15.4517180782238	32.4557106826428	4.52855009861783	24.3528304803039
14.39138827184	34.0445347331516	5.70173577459499	24.9429675676468
15.2107611954191	31.360399178913	6.8333807560033	26.9990738952839
15.9165104779925	35.2124373667267	2.55254956442032	28.2106900732435
8.92492357381455	40.6685481084292	3.35521305364903	26.8870429263055
12.7730002997148	40.716284251479	0.836204197512906	24.2982778469113
15.4056254302862	39.3671903059404	2.84469205849014	27.865971821791
15.6951149305041	27.8747464370595	9.97305982981956	17.8043342561296
16.4374559683437	30.8647492678676	7.45579179608042	19.4274254551875
11.7491955652005	42.6138398821308	1.15552944555116	18.2599024466303
10.4607295713362	40.4976533890545	1.8907559565751	25.1144228890602
16.5473226342778	31.23483204177	7.33129951849994	25.2953903145369
14.7098304743543	31.2819816905749	3.91127285712741	31.8273181987221
18.0128906319984	27.8936334846519	5.31979362682218	27.3373510054035
17.8771304505607	28.5691831265146	4.00682360024014	26.8017316913899
17.5184770355825	36.569695051963	-5.75446616175581	25.8270373487257
12.058641213216	35.8664022128186	-4.22551802281057	23.480450118822
10.7204542832823	29.1385918058985	3.60200096698711	23.2773822312405
13.6766392370902	40.1694401643892	-1.96171713332453	26.1553479536609
13.9440241880135	39.0012988418714	-1.17225489045299	27.4709631948713
13.1443148426333	34.6911631425876	7.58062294577737	13.5786648976488
15.4469858219424	37.7259638361494	1.72084388449345	14.6315651865323
12.2770970331082	42.2882816466364	5.75321139661152	22.6645508477322
6.82636719505571	42.2357099415689	5.72514676714919	23.1710296658656
10.7910722773901	35.2523965286123	5.209435455362	28.7686821338543
11.213133408819	37.8451911661819	4.92952640647518	27.4773061943179
13.674031750003	37.1020851218151	4.27661811451681	25.4053450049176
12.2735721223821	34.1084394411092	10.0877210092805	20.0926151405682
11.7984076549222	30.7254119866415	5.05125927813424	22.4239441146736
8.87508853800997	42.1111415812633	1.44816102534606	33.45045322694
7.37850905687741	39.7654642178474	5.11352958013009	21.7563107417676
10.7008461096739	34.2681439885106	8.48780158433409	27.9870963507529
12.6186906259554	36.074066524426	3.56558032718976	29.0136003109229
4.49798368964434	36.8986705546729	1.64777994308178	34.2201543750069
9.39146011659052	30.6303317836185	11.6503988630345	21.4563831065879
9.67123084991347	28.1257757759071	4.01304319549551	36.3874797075739
17.3249783854509	27.5347023559728	2.0768893783867	20.7842212747751
16.4866425649483	34.4259496671141	10.6035196791641	8.55032795583117
9.84387670278354	34.1217943918885	8.92560937184329	16.3420402289414
11.647881803641	40.8076316511135	3.17274639754473	27.8622516149373
9.09358162497052	42.1228852304484	2.5623247891116	26.4525458237806
11.1716686930001	34.3248340436633	2.19630938208205	25.8189271142113
11.2620056160701	34.2613865865505	3.20338762304106	27.9732181741658
16.2075297668769	33.0223984709918	6.18068111776559	26.4174973743083
7.17017314867693	37.7791101016081	5.44906467613949	27.727632087865
7.91264136552068	38.9994993755571	3.87790481450364	22.7873902262422
8.35303206346263	27.1313424800499	8.34573128911012	30.456522072875
7.44311245654223	31.9395221869855	-1.02794828796537	35.1570727449087
8.3278472970017	38.7373434057392	-0.365598613231968	34.9549048367536
10.6478329566916	30.2616047563371	-0.00183222891514934	32.9325457193537
13.9892939394519	35.2573193304023	3.21267798038603	20.7796787365313
13.0988487331376	40.2202074878631	6.19429416944438	23.2174146054209
14.0119812570647	37.9307226292958	-0.229116224318952	31.0745872736429
12.6274045952305	32.0970038051263	-1.13817769112831	26.382773858221
19.7044265269942	31.2922094038007	-4.75011444651072	28.615348796944
15.1615332881629	35.3807542128342	0.537453509207047	27.9052236798775
16.36722862428	34.6692846977764	0.466479338813571	18.1331397799623
11.0032150272111	39.0292957641667	3.41018750729441	23.0349229088845
14.2588187737221	35.0760515274032	0.491024884580976	34.4800037483807
13.1632610283132	34.7835698604967	1.74396092289416	24.6508943141833
14.5392929343336	29.313305968443	6.36497339389874	23.2151823134536
22.2615108988077	29.5757576478618	1.12525163011229	25.2780933946077
18.1374054208102	40.1009867866983	-3.97541825733161	25.2350047699096
9.93758228076378	46.3464597072631	-4.04589097174218	27.762239847532
11.9559155654138	43.1704323616204	-2.00448800484099	26.8751720722495
12.1793297322645	32.6583968918276	6.13981569511435	16.7707820428689
12.6427326890075	34.2765649385256	6.5306718610189	25.7530514996428
10.9536575505876	38.8457581709735	2.70140990228583	30.2472397726969
5.11427159602745	35.1661380263604	7.05067113079645	28.9839979263467
14.3184689883463	32.1558130091863	2.4143849184538	23.3716014342342
13.9112220503711	40.7468127228195	1.51903925508948	27.9809157071252
14.0771973516625	39.4180458551763	3.45288385220163	28.2741748906459
8.07482116944223	39.1302816734716	3.19159468651518	32.2477907135175
10.0932122818544	39.9594587260553	1.25705625532859	34.1987845672203
8.81105473866828	40.969921242696	-0.50150902505065	24.9251105972864
8.51433127600266	42.3075129605966	3.82991241985295	26.5156710737392
9.1556877700083	35.3071454858241	1.58258966185068	25.9124212995258
17.3465065010824	36.950527268631	-4.07561819752763	23.5596198042387
18.4826588006618	33.5570284886863	1.85518320897509	19.6561219974885
17.5454234257497	32.3340173973347	5.40881756475111	8.37723208953302
18.0603775204269	33.8617024034839	1.59117556191896	28.2587351784249
11.2401174869583	40.3361882275803	-3.46034763667467	29.7456389497173
15.3884730859672	35.2189379619662	-3.10884130858664	25.932485985606
17.3177078205262	27.182358720955	-0.689558155495224	30.0587642547107
12.9137490179491	32.6244256563117	-3.69309305306067	28.8484411263842
14.0442845477829	40.0367178619655	0.981213905133155	21.8018503965178
9.65415235211625	31.0293677303409	7.38957406788304	32.3164729498828
12.4981182419411	32.2344409884184	1.56495241099035	30.4890012442635
19.5622703970126	31.3299951926034	3.02749239191917	26.359118821
16.9053715082452	30.5803861208609	4.97981819236521	31.8177882209196
9.52549686962558	33.9950819474524	10.543240914546	20.4188581902635
8.90167920737566	34.407474646467	9.9209890914672	26.8702822497443
14.7266306975081	31.4902374304455	5.90275396777021	21.7218856149367
17.4800463085103	31.4760479875171	6.52495090335312	27.483675357549
9.88119421329645	30.5229561283487	4.75400325327816	27.1704121304276
18.0700396680116	34.4487287214247	-1.3323539275424	24.5965763973518
15.3114426093019	35.7046658113792	-0.9540180013263	26.9113350463945
10.6137197514839	39.4209736519995	-0.578719390437879	22.8652108288284
7.57965029358014	42.4723321157078	-1.82204176899345	23.7628002408806
11.1180170515427	36.6713027683589	1.35238979196663	24.2377149227141
14.881770700742	39.9983289403281	4.02696648389991	20.5813583423624
14.6970589867816	39.5101039884964	5.25271626943303	21.2839845542787
16.5317932586279	39.2677550387824	4.72834420816257	24.9544383598421
14.4671054844981	32.875197559207	2.4451727982158	25.1693457773816
17.7314763850115	32.5104550727731	-0.255835029025478	27.0474711096775
13.5229439319625	30.6064815128326	4.96238946930213	20.9670610936765
17.7347805686637	37.1862436186626	5.0141120559896	19.970721351901
14.9814481843338	37.1249592779144	0.0426857217575058	21.427201299315
19.6437147700699	36.4844549690094	2.35006446463796	20.7926298012165
14.1865183085674	35.1686531431693	2.42713849447508	25.2708963873004
9.42492296279283	40.950512463211	-0.845899699942279	29.5062745022727
7.84866921159992	43.1846045334115	-0.00508117826332288	27.6325310357054
14.2301199713367	32.6432718164626	5.57112477927763	21.7971198094475
14.728444815596	28.8588340813375	14.5240892647128	25.2564921899679
11.3108133474761	29.3269381808623	2.35967087081434	33.8623316593765
18.1799288381609	28.7185933971891	1.63692420565567	28.1752992765058
11.7401177135443	32.854529363529	1.01528006357185	17.8971630259428
16.6270735605767	35.8878279508653	-1.64072747823738	19.208315025923
14.4329906094035	31.9438315097804	1.15445900459818	20.5985451066954
17.6128274646735	36.2131863487566	2.39474614770368	15.5714199430829
18.0070866995638	36.9205618793899	1.1044570469821	26.4803256178058
15.7870174623684	39.1262225803098	1.44252778226056	22.8434359087597
18.4952421875807	34.9796282435576	-1.82566018810783	24.9949017371467
21.8558225321372	33.0038776885838	2.45837821490299	22.1068075658987
10.9809156420429	39.9819541315785	4.38219511083159	25.0696003664058
15.7640587738065	36.1640046774351	5.67440622386354	20.11884691067
17.2321843345931	36.6814733542224	11.1925884480735	14.1630396957365
14.948884548406	35.8072916531093	11.1933594248404	23.3208142266324
15.2454805725091	35.2077814921365	3.41291701198293	17.0899909652748
12.1063330701389	36.9233868782117	5.14604320759623	14.3762050523972
14.2389546881321	36.0245530212938	2.62213079480242	31.9722828014273
10.6048600707209	37.7806309958629	3.47279972704081	20.1405944735508
11.9025445932219	42.8361759646915	-2.66686702660356	29.6387254694016
6.17597254157755	39.9005778837444	-0.72445077491927	17.6096914769621
2.90165296164003	39.4536646204495	-3.06401412810866	16.5095398048411
6.08753270911391	31.2886094842532	1.18816879753022	17.7269487999851
13.591321022011	34.3858413938859	2.4659491369059	19.9120251843246
14.1016412540095	35.9576940765151	13.781912366701	19.6816082534703
11.0367419340812	31.0422566856823	7.99996189776509	26.1404280632311
11.5791278218024	35.0583513351257	8.45679106254609	18.9354141843566
14.0399759628918	30.2005643184443	10.2647549968074	29.6846264252345
14.483805204379	26.36413997431	8.91058035733746	34.810073897764
12.0238830357844	29.9417188947258	2.48563843053842	36.5845721344804
16.9047651935878	24.2381528479464	7.22809992843693	36.3920203075424
16.6647948358366	25.2638735298359	5.24331128653303	15.6279856628849
18.8377601315717	31.8533850231922	5.06127985933038	21.7271493212162
13.9611644938106	32.0580158900651	3.25278469168755	19.2878596899427
15.7585298630858	34.7645056452209	5.3920838245561	26.936815314742
14.7122313877747	31.729789018511	-0.24736094218415	30.0608078588753
14.0078352605172	30.3960707561329	-0.922083542708254	25.3717539505058
15.3849607057994	37.8416656901241	-1.88124517749404	25.1570096061971
10.1922577911244	40.4344612861164	9.49935986278905	18.16856102373
12.1591785349627	37.9442407342717	6.39616221739306	28.2229846784496
10.2628087360228	37.2634034362197	5.78409002108583	28.9051513347586
11.5345381755095	38.2555448906303	-0.568423544037216	28.885401222434
10.7634635143502	35.2423537903685	3.67289045301993	24.5794062590351
11.4800764260386	35.7271210368942	3.66019464505632	25.3525729658207
8.07005652119786	44.447212423367	-4.36351233557956	24.4691161230503
17.3427920977105	32.7667737220983	-2.77477057926777	25.3082251054476
10.1517983384383	45.9877372870972	-2.00761186840007	22.1150589472856
11.1713112506025	44.2899719148693	-1.67135347620589	22.1625743130481
12.6453597948849	38.5779312544321	9.37313422219787	23.7866990844702
8.82317902268502	39.740720344303	10.9910595848905	24.0223907135076
5.82122260220845	38.2042294608719	6.33203668248553	31.2451861417502
5.41018690274906	37.2876319470692	1.33479512956638	22.6483305133892
7.57416556217657	34.9915436906617	8.60352966663141	18.6162744751212
9.28915410381043	39.733990529677	3.67302068478762	18.3303888756794
12.9478406205689	40.4315726048701	7.3452553053143	19.2863571867866
12.973744736324	29.6792965791079	10.0390802997134	23.9963777505609
15.7874776371513	30.2336180197208	6.90034376711193	19.9088556999388
16.9254080824824	41.2436567750295	2.69168809396928	21.9799896843331
17.5935375814163	39.7346109091494	5.63102735647189	18.9036402669794
5.09891528481486	44.2470342535716	14.655644034569	15.3012563360742
8.76491594891608	43.9601099973499	14.6214870978693	16.5720938452484
1.40481625615371	40.6994834661383	12.270212328116	25.9506734936492
1.9214790328695	40.1946646490034	4.3390188784741	23.3307178523435
13.3881066125426	36.4934634355491	3.87013024316835	21.2656527200463
11.0137972087208	46.8334122406903	4.09884402772784	16.7612173998903
6.09676057796905	39.8699677483621	10.031649047679	26.7630240283764
8.19128487835932	34.7265602382726	3.28636267782298	26.9605371365181
14.8149136946818	37.6640748230865	0.563887234990751	26.6890758466263
15.0866061539163	41.0584073173459	0.302742922716522	16.6025980291619
15.5820199960616	35.4118622378741	5.4696205817889	22.7031247020962
