0.316294041668982
0.00157776872045361
0.0682352662262806
0.382548958742991
0.44874323216104
0.53717946876522
0.393138737489469
0.0694874363320414
0.444606894175056
0.141868031490827
0.313104928768938
0.357918433269706
0.352168444121256
0.391364660628822
0.162354097610573
0.229583118087146
0.127225660099415
0.145201215475565
0.623864215220223
0.593145810788136
0.189895778190577
0.338269130508648
0.450429839858087
0.286750914112199
0.237832845229423
0.275992581631057
0.345935449325247
0.383172367496292
0.430162255914536
0.373073106422337
0.351618067222392
0.355321588296217
0.40742170684365
0.492129148281412
0.615494975657901
0.622545162749391
0.498215528062475
0.541913952770639
0.631244773088489
0.391236614547395
0.361729364599334
0.562270573334337
0.530923018206222
0.48936577379934
0.604220323723018
0.579590455423279
0.580939467766304
0.603431697102805
0.492341249128443
0.390802512996132
0.42444187667896
0.642639536848814
0.62313251253916
0.552432080473285
0.400056854665389
0.536523687975947
0.430152378554689
0.174740628981264
0.573675566164777
0.498227580313224
0.290450365744727
0.376779327305034
0.594729601962492
0.593108524036594
0.519383690853673
0.55715534834802
0.375035073479428
0.113097179599106
0.387968564007897
0.512009081379915
0.401534885678906
0.64742605520331
0.621395768351853
0.590105668736622
0.514251119586484
0.374946403923444
0.377196218204219
0.429588906984307
0.614297662229976
0.504587853268537
0.457736306388458
0.47016325149752
0.63531076691055
0.640500507227453
0.494363226267362
0.46637488421305
0.584292326302261
0.310179239805455
0.496348509730073
0.455224292827305
0.624651747507127
0.456523940374764
0.447979760331288
0.19957637834223
0.510596330804052
0.508009056859619
0.624350770778488
0.559033034239945
0.543039193856297
0.629285764548038
0.554245781736875
0.565381298305932
0.251430641861321
0.463472957882535
0.647667527187848
0.588674139045874
0.24939372987895
0.223920304123079
0.62005583529314
0.423804109300254
0.477063194661392
0.618693053027832
0.451215760806476
0.598593427722907
0.575383192734745
0.582668614971053
0.521353321788615
0.344093203100376
0.608955196845345
0.576236236533727
0.527439498571082
0.533045213500881
0.558106374255511
0.62792049365013
0.508987478291585
0.445821544620122
0.591283058443107
0.522791909573801
0.622125653534619
0.505234558335702
0.46844575215783
0.597527712734442
0.58297948033928
0.5571537645925
0.473068673240378
0.562657592190931
0.478645017510645
0.623691688222811
0.540269666484259
0.5695662229489
0.614116329515841
0.563140076077543
0.565386099928439
0.637883775208378
0.501334510666851
0.577821690777762
0.617398802455351
0.628432645551727
0.63505729686026
0.616545877361134
0.519501044582833
0.549816386382322
0.633680378033896
0.480256113158851
0.4883327759863
0.583990824948921
0.482070662015216
0.576941329298353
0.30151860848465
0.461413742986814
0.356626230548759
0.635961418125652
0.624790291016922
0.433637877294571
0.639940681728069
0.624984234101838
0.588974373510726
0.638494150282815
0.302338989502052
0.340485883820331
0.307724148198855
0.403735511371167
0.439955239633797
0.36928392353165
0.519292292049968
0.550192388582992
0.317962183484109
0.488969032054726
0.451607145026173
0.351653231712291
0.479588103863876
0.192368334158091
0.518548489585985
0.391131854713946
0.375450682490133
0.199302600648254
0.505689069135347
0.571553308217817
0.257863257495454
0.649931578895776
0.214595559905283
0.563130737726344
0.491729851346509
0.385198479267812
0.626976034752863
0.222638903318477
0.548267180551542
0.571782181568058
0.517588379999307
0.641660149181199
0.616528295025182
0.561300750974648
0.448378147996628
0.467840615069942
0.570842320050113
0.40556172787298
0.52921873755538
0.458527588797268
0.579398300474218
0.221236338441959
0.266911246499047
0.268599301145645
0.494963502147934
0.589934761081702
0.649844072352386
0.486609490640078
0.55008873705225
0.418118127547623
0.531011953051082
0.453715371356113
0.497192744205706
0.6357969800941
0.498077652757056
0.552175597468197
0.392789626537615
0.542231697922873
0.604200766634203
0.590932343252496
0.642827909984544
0.331394892583834
0.602072150727268
0.297663123541776
0.359438457965506
0.488206368205848
0.416590438782703
0.457253522050195
0.566760648235758
0.629946398297484
0.541450754008629
0.584096345433077
