0.176388963495389
0.262150925803021
0.187742389616091
0.297140824380796
0.52723964792992
0.576068664311171
0.501535018500403
0.519592565487098
0.00614091410115361
0.584186532608466
0.241184934734367
0.275331013095332
0.285026416010689
0.269672713453851
0.631117031936534
0.459351557830153
0.563116039717104
0.446655755991851
0.60497307674028
0.593509196951446
0.554336676528327
0.355392388660228
0.269240502463887
0.649865362823242
0.540013217902907
0.532217721495777
0.565515730599296
0.420029368692534
0.595648210138585
0.613375650603964
0.49567810155935
0.531865666151998
0.423332318264359
0.579736295551213
0.617509693755001
0.576695490178712
0.559416205048984
0.446892886241898
0.438578414306724
0.363689376258383
0.417656317677646
0.627565064580864
0.600946966066481
0.594174565524561
0.567018167618476
0.51131626824205
0.634127718654078
0.485276771960277
0.5869123529967
0.498848034553865
0.503202525380463
0.601741793659636
0.622171447502549
0.387939761814348
0.322221386393288
0.464067184495173
0.344345355703465
0.633446410900448
0.556125518187578
0.543296077520831
0.586842153788084
0.489719954625471
0.306288400215562
0.237624928750331
0.60995269660486
0.646690389092224
0.605375604513101
0.59506712867498
0.457742836765014
0.564123651613233
0.585177211983007
0.598128458082571
0.596883607360279
0.646121052681238
0.546064518197341
0.58525025321527
0.616588839910546
0.647600772724531
0.637109360571718
0.556867192144939
0.571031067873882
0.439509979935012
0.402908523068531
0.529679898904298
0.49825238246967
0.400882095454823
0.212551094840746
0.228939924913691
0.202831159219469
0.374793176454745
0.428742288587848
0.457641387022794
0.622778112979811
0.636964015804464
0.598909649486708
0.550143885435951
0.461434097314211
0.532489801823511
0.532211597492059
0.384566290166041
0.441461432471639
0.608547229740878
0.563023486486869
0.427108728324511
0.50982335764356
0.543414591736413
0.650465080552289
0.582899038948655
0.335888506998541
0.468889745518332
0.640870658629633
0.636884072031826
0.594781620080117
0.492572598553156
0.218003454500577
0.223665937020909
0.299732681239955
0.630118727057241
0.522192425293431
0.477859633606859
0.512031670566888
0.641234236505517
0.52648211397347
0.435470119266938
0.498992571410025
0.64490567297141
0.600746460409227
0.579850715737999
0.476686007194281
0.480586018760436
0.539266898031257
0.468450465880772
0.54700721878442
0.586966415300433
0.459643536670193
0.597294990302762
0.408567187024568
0.601655178157264
0.651626114393374
0.638105670480231
0.540814532268443
0.486450340869958
0.53995247273416
0.59520241381667
0.583188389488124
0.542106197993548
0.648767468809325
0.624556965293897
0.598134646600679
0.479865739228437
0.553906388001023
0.542102099069012
0.570081657604338
0.471760367266626
0.531589240215401
0.542633775169562
0.635049564410001
0.630480353645452
0.599280174830929
0.486844407050236
0.499775586436214
0.372847333807731
0.507507995040423
0.510150938871605
0.381995962290548
0.55266181959242
0.631492955148806
0.569082606883533
0.619914361253827
0.541103991757008
0.594703798357748
0.419774807217477
0.537034936071017
0.469390034597134
0.586107246249592
0.582660293506226
0.20627603816241
0.480610113507835
0.614198509772541
0.616584021074548
0.545635903069373
0.563225717675595
0.561668527134836
0.395259243500652
0.297612532823114
0.572358826677775
0.494171093005221
0.637840884564677
0.579895844468148
0.631388421715237
0.650359459333145
0.55533936047554
0.645424870291914
0.525411647998178
0.573560189917367
0.443930753341634
0.565822422903624
0.575182163858128
0.604082538114392
0.420664177938221
0.502334355568399
0.470476254230734
0.625147607529349
0.558711378045553
0.376438897607608
0.478666561809601
0.589242334686956
0.590685748269968
0.618043392248822
0.613998041036425
0.352986556877615
0.375441942895801
0.526046588122671
0.632210820898458
0.421778992214272
0.560416995214366
0.619112737706228
0.182463468533009
0.340051950392313
0.319506480394197
0.506188477227485
0.456840081945062
0.540573378837083
0.14754840056994
0.146410586461658
0.456380665352102
0.367941292834614
0.59621643666178
0.585407123725163
0.572457211925662
0.583553480365004
0.516455524726004
0.538957551884737
0.469332509648288
0.515233634287724
0.613250717397015
0.550379600945572
0.613785991907796
0.542546861313788
0.511575173961094
