0.251675387986243
0.00145902520162053
0.536813850089209
0.374177601820384
0.394013142923359
0.384920436534565
0.349347688138267
0.298400704655331
0.415338286316488
0.495869453214363
0.609993696119171
0.600437564188615
0.641814008748532
0.607028645117573
0.550376668448314
0.537300571943575
0.385406900287268
0.561980076676468
0.437819229304273
0.426058293563314
0.393965462134089
0.518606789757801
0.594590893660162
0.419326406543093
0.355558964375174
0.378111091187922
0.417273361113155
0.581431290822153
0.651892039176712
0.64167696827976
0.631650248556759
0.62078823676971
0.561203721117461
0.643545733219481
0.321240921145771
0.628941743348959
0.585225944108788
0.6261623485231
0.613370028070492
0.549287504307101
0.612974594810506
0.52974313931237
0.448882792043985
0.570832516285541
0.619126604352379
0.581744597843161
0.631252746129621
0.610182273866181
0.430303038742179
0.387120738003296
0.493256822091651
0.398339812625898
0.409107447688027
0.475783559893435
0.445905510720178
0.645466335456586
0.616448219690997
0.432030293035728
0.334352001502644
0.475834194020834
0.440534426484257
0.241265557765489
0.636748143003322
0.492578076456149
0.526767862154409
0.603470239395957
0.626825810623342
0.56391900004325
0.473780665927213
0.485262306581588
0.594133570492029
0.601383938629027
0.541402111911215
0.631279129577469
0.326891104982924
0.517876760627376
0.580413191358891
0.42080674792094
0.346499563976657
0.533639930776762
0.457212074142691
0.632459414917689
0.434935758262407
0.439658781609964
0.472325861483347
0.484236321585164
0.577095098692406
0.644040850807134
0.365406469556969
0.36892872014665
0.619650435514748
0.532259234975558
0.548955927169416
0.539692877878297
0.449410539017703
0.578177366631571
0.572805615484128
0.456831426455779
0.462824019276304
0.537514057818567
0.554243112877867
0.588811194375426
0.64092323561507
0.61982535089619
0.549494444967404
0.361311084958599
0.358356944507954
0.394803033853881
0.64395652304031
0.636940680587313
0.598439647018821
0.421418846872191
0.387315428540254
0.518248772618827
0.376057738870149
0.378871736181537
0.457518191347597
0.503535390866495
0.467178464057564
0.620132039268112
0.627787084344786
0.633726976788116
0.42354365239769
0.493166755499732
0.644920728857672
0.626844300155118
0.475668180087814
0.521476361728881
0.469607810615096
0.639738659503904
0.63057165396028
0.615548487530307
0.510620692887477
0.564549664013553
0.527454915625742
0.427816119386739
0.447998338339396
0.471455247702757
0.593616959941573
0.538042515239909
0.512430097238626
0.58434172444744
0.432376123243646
0.641100966969152
0.651635386782023
0.636365550050745
0.502148805204331
0.498415203781502
0.349169508675579
0.317230508961069
0.511115347822197
0.505990252735543
0.597195675174512
0.621853712828336
0.249367853261816
0.386786124193575
0.500761033568564
0.490884472210251
0.542622524279687
0.612519127189667
0.240893271241803
0.403020598182688
0.246953894983324
0.578407454872038
0.482156227071071
0.220675124835456
0.33610963926441
0.280314507897761
0.638899067035178
0.404957046972207
0.563628023446053
0.554310560836073
0.555471890171923
0.543276667469311
0.610058030163564
0.581086747929529
0.53238826576781
0.580932283353428
0.515260668461957
0.287868922473631
0.299833739736509
0.587512828349124
0.549426212684251
0.498177733256947
0.643303795251534
0.383983648372581
0.430598282164284
0.630499306534619
0.456683132027498
0.279040507842598
0.577582749578171
0.60517956424917
0.57971976889624
0.448070141023925
0.551356326011475
0.430883844920343
0.487773128246785
0.248230272885179
0.358371883091237
0.560966731321498
0.608760531968699
0.5545287728603
0.643190061989008
0.634648801570491
0.588987083686283
0.589492086411919
0.419815321549162
0.617045759509665
0.545870926006057
0.595763198536123
0.569526876452369
0.513394240999904
0.579367604018509
0.642954653807423
0.612863596772843
0.513754019588465
0.648465385025398
0.559342912945246
0.5106312061348
0.528045906081998
0.571533023713036
0.614795524743069
0.611848343820077
0.574888107597611
0.553110983310321
0.639201920076931
0.583088426428012
0.64558391624349
0.522277334925201
0.472425765555407
0.0522544702308765
0.238087753740372
0.213922952451009
0.146736151935067
0.331269130586808
0.453374526903724
0.595377963929558
0.508493078986466
0.618429630071656
0.39378421595227
