0.531861224918315
0.282805543211289
0.196183926896425
0.441266717031598
0.578178024957888
0.611503244089827
0.440570053409381
0.582952690736158
0.494956912499154
0.456604481686127
0.517506875868134
0.509344101072021
0.483336230830444
0.310899639083437
0.500093623661794
0.50539036109508
0.538384963628697
0.229462728258523
0.641879990490386
0.639731377719667
0.590086272284389
0.475691105649771
0.441892159264535
0.619922881200211
0.59500039458796
0.494249541283507
0.508626757620259
0.611403762215981
0.493364363668719
0.479420071439869
0.467019420003684
0.39633300504298
0.625143925061449
0.568197538413176
0.485749398560252
0.417278075691064
0.631558207550743
0.601906494733877
0.478460604936922
0.550144675082913
0.593427789987994
0.546828393942909
0.426680670701899
0.629340530968629
0.535485209119175
0.374600202884758
0.591250455045701
0.551302690163973
0.484383388472565
0.54692931965892
0.634163542873532
0.619298377957534
0.390539355489193
0.42895588126895
0.549208149697108
0.595374773945137
0.636022047307164
0.511721667576116
0.626613394084123
0.607628989054123
0.363018416689942
0.617652631494449
0.502097843735242
0.590505032071494
0.632971010273392
0.536440654022619
0.190322822613176
0.13444050085661
0.330565081536071
0.589486265647672
0.611272837247366
0.420184122338891
0.497599009164304
0.626835296710753
0.523836374065584
0.559671199138974
0.414057141445125
0.335756215945119
0.416604225473711
0.513161722087513
0.483789535421632
0.493375014871592
0.284242450304052
0.616077875952046
0.583181276854155
0.610000361026775
0.372295970871676
0.396469149271993
0.594252550493218
0.65090131551352
0.568295472175496
0.35745006114943
0.447213087324088
0.638004487624625
0.619030138413655
0.540281852939102
0.546643423879456
0.627706525321351
0.521076593266342
0.613976675865938
0.649115928378811
0.542689036930213
0.528417129648613
0.264923782458995
0.271316515901911
0.424445060917574
0.650060507619754
0.511821727954272
0.491814097711726
0.643084302807712
0.504037892187957
0.506632714655948
0.594590349222301
0.627717636867778
0.473910281428136
0.435515385862693
0.636309699991629
0.316477291227551
0.278807983605657
0.604499208896421
0.517492719530662
0.505221459496534
0.495770697541899
0.649117002450748
0.578061114718206
0.595759632541346
0.541911213109684
0.430001811873828
0.404118975503836
0.595279625543209
0.644480003261509
0.635188590068186
0.616316552090191
0.58029700697691
0.637028710036067
0.615987571952544
0.601764908112711
0.416893883702787
0.500158761062893
0.535839203325462
0.646832979157962
0.480172993433844
0.528904935491055
0.488637482075527
0.603596365267034
0.635524336262057
0.583200543752639
0.575378690039839
0.625529652926951
0.614670535299399
0.642715657816247
0.514357042206316
0.426623863678426
0.449796880390029
0.59477057131968
0.38673973164917
0.409469286136217
0.407750763536418
0.617197242969959
0.423117397260387
0.527163029700983
0.52029452327585
0.604273500675159
0.54009813684877
0.633695387486898
0.530352218977382
0.63467676904551
0.42911009016533
0.313584841355914
0.28514968069925
0.438519248251338
0.472425062001937
0.575085137391425
0.453002264840063
0.50657108726122
0.425766517106211
0.414605792688759
0.445455097613391
0.320924816110404
0.318507766139505
0.41104757901933
0.605767054394431
0.623754621147126
0.633114806387011
0.549079061010877
0.531524503276218
0.615785054277955
0.563230280166758
0.561787000514523
0.514472939960728
0.493327961416217
0.646868160919519
0.344170946377778
0.537953349286974
0.539966119012811
0.531980851131121
0.496475505285664
0.352964859932195
0.521122979064135
0.579311853079186
0.624804872167339
0.587840710573818
0.433887599076144
0.243877955671167
0.522841326598373
0.615954984663246
0.603480337036669
0.582718585943582
0.632266846408247
0.441226460453356
0.594967677399585
0.468335452837341
0.586055847727422
0.548565481381447
0.591755051646491
0.525211652307615
0.320549139164073
0.617487469910124
0.466371854384335
0.549804621083662
0.552886108961567
0.502740849374324
0.602225009800553
0.57945533582801
0.393643744320143
0.344417705217144
0.461581800011111
0.5995608198839
0.461368779650841
0.578257667177615
0.616142423018115
0.644926634266594
0.5201977528485
0.652995613117247
0.528337860249781
0.537064812139142
0.616649802505267
0.607316342350663
0.410661803559873
0.649490951838813
