0.162415315309101
0.235269470366245
0.465874269813998
0.496455767507199
0.226389375066152
0.068944865219295
0.453454304529354
0.333662102635309
0.542984208709095
0.476034067308328
0.247060474304482
0.333455334964991
0.525527987087006
0.580263553442624
0.41565504496498
0.621135757176191
0.499570004406133
0.54285055825909
0.522173740897137
0.522382142803474
0.444781643850692
0.606684676663252
0.516534486686846
0.568049919980178
0.398178442850438
0.264384190234821
0.471120024021948
0.588381836259272
0.380673537354681
0.581496490408201
0.601274852933257
0.641971094460848
0.461246086202329
0.623232853232783
0.599276802867467
0.565198182016301
0.651757702512355
0.450453618597576
0.548930839080195
0.480343848791905
0.62072572774515
0.476672072550651
0.578107577541791
0.651239242714131
0.514512343848124
0.456111660357184
0.622872251196823
0.536279636110789
0.487054934146581
0.429612725363113
0.319090663077172
0.51751508426398
0.491097565082833
0.473369823805415
0.621142174060922
0.514086906982736
0.603179428224918
0.624674628375439
0.4435534171408
0.214823347804602
0.437149196383543
0.604469298456007
0.404840001852717
0.52125825082404
0.546910571115577
0.315771004090318
0.300251590766944
0.604242175058079
0.602622004783945
0.574902285194411
0.408639016778907
0.303010374105882
0.378176918042125
0.545900616641389
0.563630075196736
0.604833941404885
0.44974159488894
0.386585166944151
0.566625651809853
0.323556285178553
0.352814128748141
0.510837319151599
0.46037207910137
0.276327267174769
0.307034175903825
0.619892971595982
0.452672061586985
0.62171698428173
0.375937155647615
0.619327170718554
0.508414397778222
0.612628877234484
0.603679017875242
0.650333553944931
0.489481807437027
0.623298171911101
0.553369466552106
0.651382879233881
0.47407842967636
0.636645192413217
0.579372663750008
0.456736325451249
0.618387517816853
0.578126467852625
0.643287403780311
0.399456932294149
0.456747562963715
0.551765757145632
0.637236671972743
0.601027763766004
0.509137351929259
0.211203949231887
0.364617210954195
0.435148095762994
0.490178633616265
0.57386751252925
0.572398702766174
0.550954499640149
0.651100761258272
0.646428038485566
0.623059515935673
0.430778425319718
0.567937420677884
0.589916709220939
0.581130681125439
0.55474228415453
0.567681968081544
0.418984070699196
0.512535846943919
0.590908079688912
0.63249905542388
0.62988583067408
0.610900558703789
0.569753633317755
0.644022471805579
0.602707467107987
0.565719770533082
0.597106127661832
0.645329551655783
0.635003569170472
0.643657208021822
0.470239932737275
0.432936203396497
0.454617666093228
0.531351031711748
0.58939486058522
0.391825935386863
0.428733976039803
0.610725953519402
0.543436703708924
0.549353204964474
0.4549398879882
0.569677623422351
0.623973354581744
0.539877624917579
0.366393875714857
0.482226971607655
0.552196328193881
0.386161781806499
0.450330124808439
0.552915093275486
0.534443012707054
0.458960022154753
0.462193842871348
0.623374483327169
0.523246979407501
0.627579047043808
0.54191542466588
0.594956843435764
0.539201959422344
0.544623781012178
0.313878380050453
0.363212854535845
0.46721677986134
0.530709455860453
0.488129644977894
0.253457322263625
0.590698825697651
0.589135476093324
0.592351656899811
0.636568749764606
0.614270236346151
0.63808850706631
0.410055262539782
0.53358292583474
0.565923101615863
0.464881292520385
0.32894447432864
0.600542065813439
0.403682230598799
0.36121575778128
0.618220512776976
0.534325420225394
0.489919383512243
0.406618020059308
0.4313494401358
0.496569682805091
0.569169164103456
0.590364557173931
0.634664777087048
0.522163806839613
0.525079901420744
0.595526478993306
0.630492206570583
0.503539855404428
0.610393998353742
0.614987447992855
0.487070520932472
0.36498905358883
0.360840733968061
0.508656071041478
0.434058727349492
0.548900721327164
0.581543280564684
0.505424086103216
0.432382147273514
0.309025767867919
0.306051585339708
0.26862406000302
0.375561214414425
0.281855103438627
0.369782548767118
0.286419406369561
0.357586265867026
0.496538285746239
0.541321821676392
0.589058427826034
0.587556780887633
0.508444465032376
0.584887110707704
0.637670446754872
0.643497122880542
0.621245462945265
0.515113780076574
0.507523593170105
0.585197663848018
0.485466784699587
0.610208544304404
0.645367668917301
0.231854182097892
