0.241026738699218
0.307509267829074
0.259699907642556
0.558682051422075
0.652358370237518
0.611845531360744
0.62579972238348
0.27665586804878
0.367226370449616
0.424119193245657
0.285581715330184
0.531030387260951
0.586235659532994
0.56376851377124
0.560341669616738
0.397048800814431
0.436220074898299
0.443523162215533
0.618778650598458
0.534349077134253
0.630896383794369
0.614306979212794
0.620502993138933
0.471437296237641
0.489154790326057
0.474372764260447
0.57148191392674
0.587128419304246
0.612383795145446
0.624071983418893
0.526796410137285
0.460791528729271
0.358656617144356
0.583445714864474
0.62619794608957
0.583545749986632
0.632060498190798
0.519569415196078
0.550328279361179
0.527801177023677
0.564891563798516
0.365800982581617
0.651821130548386
0.631509132597078
0.566475576087762
0.614471262494181
0.598264557337854
0.519940822816465
0.512562813002473
0.542773864246908
0.608684340695753
0.560972242510061
0.543080782689312
0.526998775523074
0.587590487464347
0.482622081426438
0.622730087308825
0.620561086080867
0.635928967808535
0.548572516482506
0.588931038228448
0.609123853770571
0.564013668844346
0.53017935545207
0.651525746175088
0.56089246047473
0.635688939716098
0.580581223950124
0.531452521171388
0.600734683955013
0.595194797256965
0.583258842574983
0.652243331894744
0.515276486365508
0.506238419467611
0.626085399351316
0.567363965078024
0.579996651722133
0.556639052881604
0.565103624805932
0.574119958719073
0.596090864937007
0.551120083940888
0.381481285738193
0.550363434697036
0.592913688951443
0.562808055716715
0.586045808615356
0.538063278796716
0.65297483038394
0.548114798132128
0.417571687841089
0.349359636195138
0.50999971596594
0.424836446700911
0.513020776298799
0.549875864401591
0.535895241076913
0.630054318327943
0.539627326002857
0.505852011871911
0.607688760826597
0.54847617125785
0.624001244530396
0.614391290939137
0.57275753979884
0.440743740325095
0.297711437255913
0.394729984414997
0.396103612560666
0.463698952203236
0.557004824146108
0.556376563434006
0.623943020604642
0.605992150826613
0.630568999572548
0.550921777307359
0.599158810909369
0.649699453948764
0.415998405470047
0.471456422080053
0.623473431153676
0.572214066538028
0.44794896290021
0.494568199544447
0.613623175411283
0.59500869090985
0.594102716897681
0.643085511661154
0.483786020142725
0.559557409777116
0.633432243353222
0.647082323235586
0.541448885773203
0.55435882505215
0.508633646626886
0.537424239844615
0.543270261680242
0.646440145341545
0.616792097604481
0.646911145961048
0.647400502557616
0.59327700007963
0.569247885133856
0.549897436694503
0.531846284880732
0.537830286461162
0.476736348814178
0.561171634475235
0.594165818303527
0.573471251150341
0.578769442703374
0.638844042776982
0.641235613518207
0.623382635864426
0.633281551544662
0.592908954575823
0.630780711250466
0.334079712629339
0.347868897919077
0.311790184886651
0.404796626662603
0.531515374672594
0.517105359239969
0.561642314416483
0.503389093618732
0.488732354190957
0.430117732136033
0.504660535307897
0.445217052604661
0.580363873732975
0.435872519028741
0.205177155344539
0.18547820913163
0.352134084147713
0.559857699984685
0.504606692281705
0.510309962505242
0.533955910572056
0.609858773736982
0.605973253468682
0.524416893068007
0.460921081497733
0.458410361797329
0.254996958990581
0.272539983790135
0.395457519911935
0.347434715445153
0.456279605974331
0.650718111376444
0.535476663951258
0.649915681950202
0.646126980293317
0.642194279828575
0.559101089683993
0.581727389194988
0.636606386342552
0.647865017802125
0.583795300833415
0.440944609755397
0.543742518373067
0.599800757955031
0.606891009358224
0.553394250188776
0.640276382292493
0.566265540673226
0.641620846086585
0.618465010994909
0.603239867396225
0.613808840056359
0.592953992361958
0.46003434649427
0.382603196053529
0.520914882338416
0.576997449445033
0.596086613050931
0.630290674798236
0.641932066534646
0.601939045347221
0.652910613223812
0.639530838617037
0.577443794257213
0.630601067849668
0.63555549480888
0.651378586015651
0.489761685122072
0.573653423612166
0.609890505411493
0.605825325722703
0.601712040758692
0.59052583919509
0.632524818346161
0.505230540885322
0.525860965793318
0.494035966490158
0.536948480151676
0.425705481286394
0.559135413931264
0.385719110293305
0.3684728709184
