0.297299046226854
0.568384361442411
0.34896694486076
0.144713840539334
0.19175701933424
0.633822326021968
0.617708713521101
0.38348604292376
0.631298703768978
0.22551242298889
0.557426396447001
0.183238735496998
0.609065444609849
0.41469262411755
0.0308555779436138
0.182481683950871
0.598755810773931
0.441012449996116
0.222248013937819
0.55821953616892
0.588629180446418
0.58442903637214
0.502901571883535
0.624002419026314
0.550416978333466
0.448446208858397
0.125858601715881
0.549432907847688
0.604116480418251
0.610947766862137
0.634702443079607
0.513557807178237
0.61207858382561
0.52903478323645
0.464175036071126
0.645333665219368
0.456630204648298
0.532755230780656
0.472035248995979
0.649390286121983
0.594911505071599
0.623416876516149
0.427975630216437
0.554472069650856
0.467446280391865
0.586297989141429
0.528931607020937
0.409371753445377
0.452381193534241
0.639176967963764
0.531341985573759
0.498325588827919
0.559292761602775
0.559522386206025
0.255512165165972
0.21690393506689
0.584802908208695
0.616196379833324
0.576614394060582
0.643434887768701
0.647360328784781
0.0182644160406198
0.403722097478341
0.403503117924323
0.642225781596672
0.638105553426959
0.583083232354404
0.557066767648037
0.452100965392352
0.517987587810261
0.401233030209322
0.548112917769133
0.641062805016292
0.606378224100656
0.522640255383449
0.612855819801334
0.586956025890496
0.506240235283505
0.635978720253115
0.445845817977277
0.553525525820442
0.56176758530592
0.615784075215859
0.558052631530308
0.610042338912528
0.629659011100652
0.579570209817262
0.588393027667494
0.559461153988682
0.508760174161538
0.478400009741075
0.456225622199233
0.413504899366826
0.631005218752739
0.49235663447427
0.573122928126016
0.083788910088595
0.57569021102367
0.621558018780662
0.607456336667994
0.496739420704078
0.575065001186535
0.605643896509195
0.431900143285174
0.161713976009749
0.57521674425965
0.638576440978866
0.650706023116105
0.574371177179561
0.545257108514142
0.492004093283552
0.472854740472976
0.309970088316826
0.575003887593979
0.540765149754302
0.598172598044502
0.386711173672859
0.512713160262374
0.612135247847356
0.612928604315491
0.651290338758722
0.516512210617273
0.354662389916601
0.315861721828481
0.159765406283783
0.644651933501708
0.62618860028754
0.623865086482216
0.63978926912481
0.420300930293541
0.488338517057244
0.537024749865988
0.541738745702704
0.595790537872441
0.628747453195099
0.56608317115996
0.649470246626898
0.625868955100381
0.342344671983272
0.566846565100947
0.588652660060848
0.629041432294296
0.442867781790196
0.432389540384873
0.549723268523114
0.569757458045235
0.544004409461493
0.548119449175344
0.569285183704046
0.624306946162833
0.591845550173893
0.548839797646972
0.567606558624186
0.419544176218048
0.513394460607087
0.64593755942869
0.57450848870742
0.627372359590727
0.211904189104133
0.425095615444497
0.104615874696057
0.225126799910795
0.159895998460008
0.376950940660667
0.30842833991788
0.412762703800807
0.615061788883526
0.648164392984114
0.59748939452331
0.521504420815269
0.611905997611793
0.428935639973254
0.554172893382796
0.565387319483096
0.499336851599559
0.611123975659953
0.321088417080327
0.436891874668011
0.425523690142864
0.124007810628274
0.169820431732573
0.378591660124715
0.50953527706696
0.507220790356597
0.325182294454304
0.641908388832817
0.578551064272877
0.393451372491147
0.324803904802073
0.595974204201251
0.403759031119837
0.344990359199291
0.491787708325544
0.583211114199301
0.393057493683489
0.510786253841361
0.44847980744587
0.521786972493865
0.613335332736149
0.619230735913754
0.60616791361454
0.621273244723292
0.60104347009304
0.585872734444015
0.627957623539821
0.449847650922459
0.583954974156572
0.382319875172339
0.518862604742637
0.633818362076534
0.501450392508578
0.54102379762358
0.561360365657112
0.557296220238655
0.428229479145957
0.54817606692996
0.385068597904719
0.467379116322818
0.453177071248156
0.625555139092729
0.568562171243297
0.566605189786047
0.519745963213582
0.528126190922623
0.584374896035763
0.594197295580016
0.572000127057312
0.610226783614745
0.567330610587495
0.586599231643114
0.463364558547735
0.554742955135607
0.475012543673386
0.379602254193652
0.250992185247451
0.530674982881174
0.646753738232442
0.600935846442763
0.546120537460762
0.523251796909747
