0.407691521843734
0.221462469905622
0.228751054590335
0.319956696892196
0.562525005296804
0.332811564274015
0.502983512783656
0.635766688328487
0.203237067354377
0.32955561147205
0.442188112520846
0.600308099681279
0.364357227249071
0.0327309347894043
0.428875926701585
0.383185500013023
0.363776317826705
0.37672263578609
0.490496713308086
0.502404589439044
0.125742076589493
0.606888999714516
0.502335939347132
0.430098543121945
0.465678086030652
0.30803079567058
0.547482592112618
0.570758279754547
0.549402255202551
0.537310409969883
0.525169955684491
0.498523323861417
0.629510361474473
0.411925718476483
0.195865637677256
0.546608635800192
0.421112003704055
0.491030234989194
0.566052066461503
0.601078974618223
0.619612668217395
0.635375968661402
0.532533059296008
0.498659526091703
0.500043904472595
0.649949965013738
0.485790841990568
0.599539457030827
0.290003686045995
0.192375092102006
0.519528361003153
0.473903587191934
0.642104517186284
0.281400678592274
0.583524611647707
0.453607275053731
0.546259068141013
0.40057695766098
0.334368704898516
0.501800090801204
0.323977405150887
0.413809551215864
0.441532155910954
0.531598538083313
0.462785265451983
0.415217974977568
0.475472995761316
0.651753130542087
0.572015669606645
0.6304380425192
0.501440157552449
0.639032394115018
0.54070856345633
0.546097780894812
0.590351184672712
0.550711537913271
0.441987369046592
0.306601361192668
0.640309536793968
0.523311247715959
0.648460846563881
0.612064597607919
0.558511808844749
0.60096601362466
0.609976481759047
0.261496384826236
0.605251767238066
0.628837408806496
0.458911792292725
0.416990044801451
0.514382044910231
0.611398963314218
0.351662032911787
0.342213967399876
0.560389665079946
0.594005337753264
0.578301397134084
0.46744417219427
0.440379544324242
0.310833972651614
0.483607281978536
0.508140278094951
0.436628687951013
0.627281808302738
0.377348048775365
0.51924709178973
0.546338134229882
0.631737721321571
0.319709468190325
0.518731287840903
0.332991428520384
0.436003120356007
0.378174424807453
0.401881896453824
0.483731320371619
0.494907099912455
0.508776440478483
0.559719896850958
0.555459574929759
0.404371387256627
0.404425025187951
0.308311221269951
0.45746422616317
0.46773343675999
0.595222171794488
0.635480986626586
0.528908763130622
0.477724549151724
0.519642387855565
0.523766434677632
0.495246175571731
0.490638352069305
0.497450561589624
0.609903271487887
0.649469398797798
0.456043644424683
0.460026611959795
0.477129389321199
0.537542835834676
0.236525859502377
0.229183596351879
0.48314832879201
0.265062128551508
0.412310622452991
0.263387983364495
0.592070337531952
0.627365290191772
0.634442053262952
0.547904807200521
0.641820077701586
0.648726280832148
0.512470994325116
0.651256856115579
0.617754773483225
0.223607887995662
0.274841119059473
0.326247783286546
0.351484429365729
0.382059630092555
0.234038199583069
0.262521830848651
0.392902305324786
0.648614612303209
0.545030061841507
0.628388500904225
0.478534970842802
0.400143097893041
0.634098317600978
0.123322713388363
0.59318152686273
0.562791404618154
0.559820382156875
0.202153001104714
0.154717663252493
0.249633669665083
0.522048790542409
0.567159707707353
0.525863731551305
0.458799786349753
0.504020019268304
0.533837962547827
0.272911955035292
0.585423906028969
0.606533168422504
0.252350812711986
0.322711004100973
0.484349789887011
0.512696204027079
0.326792205509497
0.574897889759159
0.630212910291273
0.492755484226884
0.46075682991816
0.384552649359632
0.650413231410319
0.646180818729285
0.541200989332078
0.413474285661054
0.522599380312953
0.508434805894038
0.45183783671585
0.502030693790589
0.612641302118544
0.524625488211349
0.438120480672325
0.630080963175673
0.46767435276471
0.519026933007131
0.532894020860095
0.548241078562847
0.518554447059054
0.598731376572683
0.652437221004552
0.560450920650008
0.636956726312976
0.515805036706737
0.531706841421314
0.632261799715977
0.404659436369749
0.381550266561051
0.470235378953163
0.453915901357572
0.533425979822502
0.456372836478093
0.49711112706082
0.500099043158228
0.518634656138718
0.464265373553532
0.495325678166468
0.615996136943986
0.39878867608076
0.275728865649404
0.59138877485483
0.564127876336947
0.547887368837604
0.565516969537761
0.56627635091945
0.536203535300987
0.518937598107494
0.523089376167485
