0.254637910826987
0.540072160782293
0.168450787783833
0.0495213411787991
0.194946664920077
0.0474656908004545
0.174991818305454
0.288607303254074
0.339063444236526
0.6197123288312
0.53189950022766
0.396627995780368
0.47029079588945
0.503017147494153
0.356800540137338
0.483603059704416
0.498605204166368
0.477113113948522
0.411455246746536
0.357414900746662
0.331740081654862
0.601686183255603
0.305001294270856
0.635496547149727
0.522167661685204
0.633041071177227
0.471052870480577
0.388418038359169
0.546049777203642
0.596901376202968
0.307981905310313
0.185407146986807
0.293248204726726
0.29311628707964
0.415401242375318
0.617339918918528
0.640961661388759
0.652194374638271
0.611436085429974
0.364959257999435
0.604397296517888
0.492826022175444
0.581380146074556
0.568622981470126
0.506222879908893
0.445682003755313
0.568358622496927
0.558756077726535
0.422693449100014
0.508021663103486
0.480956381450109
0.601007802655589
0.512388257419224
0.484967603731483
0.504067132250988
0.550349674595518
0.511059591707073
0.212753288442036
0.266039245248476
0.371897367868572
0.650967354985947
0.59748458555763
0.56697845913167
0.588952163808281
0.608611102298833
0.330138360347133
0.481355210110135
0.498999193747062
0.585004583389383
0.581061285475967
0.546777252174681
0.432981183171272
0.32345927968598
0.581760201182915
0.566917090797331
0.602545997046361
0.627694060840851
0.62330620595055
0.601087757857191
0.600162276923168
0.604986459904438
0.507932469110549
0.468386032248447
0.527826109954622
0.430674094617039
0.495203601417159
0.575976979651744
0.382070333575621
0.397814327126568
0.324472852718551
0.593914111131161
0.443049909972266
0.445662774416695
0.472359263451316
0.517982541634134
0.496951388166024
0.627516757667298
0.463646534760948
0.452167297575132
0.552874667934608
0.640406850498868
0.450864615281811
0.421874880988617
0.60958289178927
0.505690207097098
0.585229693596761
0.561288586236139
0.554029071706169
0.296329058999206
0.478928490846185
0.54344485757337
0.544294032551185
0.40496035120124
0.633273331914466
0.64839641389596
0.560348103226939
0.647689338877007
0.619753553229035
0.646881222315725
0.573542657330923
0.395771279019607
0.411506925218506
0.625720994928169
0.443937065419668
0.401243184077981
0.376060543490694
0.425960192647501
0.518679728557481
0.594829730039716
0.578459786485469
0.523340780345264
0.292816978132442
0.288857303053219
0.403361064720166
0.61982235845299
0.380746481775838
0.447583040298467
0.415444047500935
0.520837998680878
0.562847308482044
0.364313943212222
0.403408630170644
0.55134206367512
0.447645847236952
0.471193190877853
0.297999179867527
0.261709326333134
0.439118317141431
0.435709582168671
0.5366617223093
0.48778329276023
0.555488065016197
0.636578393996456
0.614601724699432
0.589732465068111
0.503410933805397
0.371177573938388
0.388564104792211
0.47262250499404
0.134009313539369
0.0831674634250812
0.258071757345926
0.438716545326767
0.488050340074467
0.463237829632511
0.571173915408688
0.296043919095537
0.490080799091607
0.625802652151324
0.632029307234079
0.287849957167885
0.606789794651792
0.451554768413749
0.590684906507475
0.517179723507026
0.599056147766454
0.598803523683402
0.585907529867715
0.504878070825859
0.435542420983643
0.31552957500075
0.320455476274481
0.425756799723255
0.467979564686306
0.34421649843784
0.55399364618886
0.226347918952156
0.343616159656189
0.525747818333715
0.563982124174474
0.622272073704089
0.456022458549654
0.548243435289131
0.565757613136433
0.393957459784034
0.555205159344716
0.648531016626721
0.44239133106689
0.276420468428619
0.342080133815529
0.429722767723724
0.584179291463724
0.515460169243503
0.482952999790645
0.629410172665132
0.524493060003017
0.350789293058682
0.510722350774436
0.468151858109748
0.506299403923222
0.601210039423313
0.520908927564509
0.513688934072168
0.417927172497148
0.58468430387643
0.345824431178229
0.632435138363561
0.583423511241442
0.317860070990864
0.426900608401978
0.45307251151575
0.455191592674338
0.485822179774573
0.601392170965763
0.568627603223444
0.50655778944006
0.574872519410064
0.555748070424846
0.600355660289247
0.32668833347573
0.450048066211626
0.534008674424153
0.488022550249841
0.630645228538294
0.644116567185149
0.462892850561533
0.639450758393773
0.588599003076065
0.637077267451464
0.639954441964394
