0.585489490829983
0.614434382480773
0.427843176152092
0.374187918351032
0.262915531423409
0.390550313809654
0.357360380108664
0.554697472144404
0.465444065917018
0.431076238853484
0.57803754350192
0.212120843776036
0.340653940244345
0.455815928863594
0.266948511265451
0.529732996982057
0.478340138384111
0.629883897650987
0.486104296540993
0.595295788861621
0.602803414085237
0.543682769410479
0.640370809185551
0.460631997679314
0.56890831907966
0.520309372151503
0.631913619345693
0.501066396866205
0.377729843471199
0.385628438513028
0.47524271808099
0.42401547981424
0.620377615911941
0.593494225718547
0.448939429488957
0.393977596592707
0.572439563497513
0.554190427797876
0.625396967270199
0.515644933464569
0.559906832109205
0.464495329561263
0.552973320067912
0.386290421560734
0.537318464204669
0.573022578101572
0.528727495820727
0.432069122688379
0.505680535675492
0.480818991477834
0.433535904025217
0.608391380096361
0.553773862061334
0.559416721241782
0.489657624872231
0.370244092464447
0.343796102562221
0.237117938186213
0.481052859697258
0.434331697951304
0.328424136398551
0.584320851155257
0.6001229385887
0.360815314182949
0.387085381548619
0.391398302569753
0.453939169495081
0.449338831457008
0.618944043014897
0.437450212534667
0.560105075086809
0.424462629588927
0.497673479593841
0.553540798032585
0.567442831199058
0.578656344638439
0.517417716023039
0.531034044194036
0.517555583250158
0.596181586912181
0.424108006107388
0.528756781146286
0.503831248616694
0.623131294278084
0.47152483073299
0.4426674023018
0.346258875487773
0.62766764012957
0.405456693301023
0.594392338780386
0.636464388334616
0.574813812822336
0.514557993899555
0.519037850117116
0.615588626048968
0.553151674012188
0.565942592054366
0.64797939293622
0.485166616319327
0.621296628969722
0.577184895746026
0.616842091163155
0.646470008367249
0.396971131840488
0.289204160244737
0.384466514001601
0.373988224720337
0.348953114078613
0.414609944530559
0.310471651068152
0.372178309916519
0.514784515890008
0.609963344127162
0.516512505984167
0.508541488813935
0.49932178617931
0.399373392240843
0.218859400646994
0.454772315321723
0.634946295839061
0.62996151315188
0.615418043986568
0.612305371501421
0.475657991537824
0.522113735314001
0.590973084295684
0.487618272270909
0.493512442846783
0.589806143327499
0.583886622856604
0.575020205006372
0.61993277836609
0.500100426428053
0.56183982456488
0.513663643055324
0.336245548528199
0.516705898946137
0.556724903824543
0.495785987799701
0.408543989294984
0.479167336934897
0.616916903040532
0.541006040823976
0.530661556923077
0.575609728698255
0.555782436384731
0.558118138064221
0.455405135370558
0.527388762024383
0.559263787714488
0.61595610799365
0.334960956538329
0.365205160363112
0.331955930281896
0.343420635497896
0.558082183981968
0.582918085209166
0.460626349759846
0.474946456456891
0.526966386278674
0.642038177438713
0.585055875154028
0.594831439223751
0.213252609340241
0.197651480892244
0.592263787074015
0.532737784473048
0.421802713070763
0.463482505537337
0.410215630007442
0.411691991540836
0.409154961404856
0.45439632114023
0.602042325352319
0.455433268583994
0.290252815813311
0.402072724140016
0.543422707249411
0.576815978705609
0.414165999627207
0.362728887788946
0.477420193492668
0.369814028819701
0.549372174736345
0.538842989660272
0.567217405067757
0.36262029903158
0.565676086356601
0.197061064612586
0.60486054855166
0.24751908190106
0.548465888064122
0.343911968006985
0.573385680609383
0.628639397255035
0.460700425179329
0.584670214482564
0.610663336597056
0.4740321878875
0.370977739034024
0.533143719339743
0.586227546483008
0.531200227898667
0.524315196037623
0.48041773216147
0.552881611108034
0.330302818319062
0.245944439546438
0.379053503814254
0.628640544728037
0.545314224561909
0.535744898890145
0.529182381673923
0.569528904517525
0.581644885319713
0.642515473395929
0.646885540040972
0.565745690738322
0.59102714328183
0.411377035173253
0.436046434125842
0.285954130824422
0.516623733593335
0.612576173358584
0.636679695897853
0.543861949115345
0.49698964825177
0.536419229598951
0.590694952282589
0.533246911266106
0.321274708469841
0.411894101962028
0.57116002214823
0.614612342713471
0.612429487251424
0.533998486924381
0.539551305552392
0.397866187891457
0.24966271493095
0.31366460845992
