0.282083985194986
0.308157527348667
0.140292761521647
0.126992528658127
0.0464900312821847
0.308771326875081
0.155039331069216
0.321154456749791
0.223183536749122
0.478806991631165
0.585933552007657
0.606148034930636
0.27826360140116
0.511416818312672
0.392499779558687
0.522216270581819
0.34752122113177
0.482432587367184
0.430850369286352
0.488176061077074
0.426553467613878
0.296698619620781
0.570739764668979
0.507780234327462
0.633655807628036
0.597741935440781
0.616458846117836
0.516878266029633
0.603360729268574
0.585536735861795
0.503958327939109
0.587572609633771
0.391039115474327
0.550294658527364
0.618514328666718
0.518724590963451
0.637935976076173
0.529654666509444
0.623330632312586
0.44573453217398
0.482493195501139
0.521718460530299
0.531099624664946
0.39453029154148
0.572307590229437
0.509782955738711
0.492233949155389
0.583170211451096
0.583907596496374
0.602426936739818
0.421205646070847
0.235835802769521
0.551279222164303
0.521014225883886
0.525424763524942
0.515679990891479
0.625769483156762
0.603463697177358
0.630679028638797
0.390318658509292
0.461569577567745
0.503630068548675
0.540398316220594
0.582630228518741
0.47843228890182
0.331957475099086
0.298028697775001
0.280318660056219
0.527633249982833
0.619189615455223
0.646578306227923
0.509824324607849
0.415301621189574
0.534817161422689
0.543230949412566
0.37062932762204
0.58853188667689
0.569393563474431
0.609283194829125
0.551100538110361
0.489153130758099
0.525434625545729
0.436697684745791
0.373585351626245
0.23570508212084
0.498668219609932
0.592176406435897
0.586818972391834
0.33072033130168
0.545159533233382
0.446077642598959
0.454857657461271
0.568969810056076
0.624929153131194
0.573913599576588
0.545308328512358
0.553686086792385
0.624582162653748
0.624209065248199
0.256112689967083
0.386609086715616
0.583119859096827
0.494770616683107
0.527894148629289
0.529429150290204
0.486450798649497
0.46867913583084
0.542231180707459
0.545000885074558
0.598307770618675
0.283368767981883
0.213016772071365
0.265964452237954
0.584368530795677
0.521961010546057
0.548496178617683
0.647713484222326
0.518776135836507
0.498234179341234
0.510765565107901
0.61203185607062
0.553164009800647
0.568443037930178
0.394525456263917
0.610845396420435
0.577369627040977
0.316492966539692
0.375178468910276
0.613111659900993
0.626670257974357
0.46300028911233
0.524183862593491
0.592034174257657
0.470817703757468
0.410333511451055
0.593831340319873
0.48883272110275
0.547397346252843
0.387819264417514
0.559734898153191
0.504182188931853
0.485162929547798
0.639470469799824
0.528161417289172
0.5302440970561
0.562075066437842
0.584764577701852
0.597862381344252
0.546545266646892
0.453627656395459
0.641014730781954
0.478777133524189
0.37459689726871
0.326603508661967
0.557473162686701
0.45090767124155
0.451247018946568
0.639767523498303
0.234111320248152
0.299619976686779
0.431372513860231
0.4574504071509
0.489140485671635
0.585224377758672
0.587004496886395
0.426947936735097
0.61244809718011
0.573687945502627
0.616048085921211
0.644076206755639
0.432120669638971
0.518032799624372
0.513032405516691
0.480382819824871
0.546488765796643
0.483447986820301
0.485880404346404
0.501643684865014
0.498378843926598
0.48369550970057
0.447864853629571
0.431494539826447
0.578979642413241
0.461335129020474
0.462669688920011
0.559291107361968
0.310894500856288
0.603861321456517
0.437868374102862
0.609228343813058
0.621033598947691
0.557376585623017
0.387732741656421
0.592691742662806
0.580256473250952
0.389421505544568
0.393445375810802
0.58236358065623
0.300126134448219
0.214974624958588
0.506165644739178
0.479940743937483
0.533282737332629
0.616593360456268
0.628971948004095
0.62817846607836
0.649047951135606
0.635007984748149
0.125154849550053
0.565886552473711
0.539593131538481
0.356105311868025
0.62748575384263
0.632293649780707
0.589838902750053
0.630150567590456
0.622798741915925
0.169374136474097
0.636429101992268
0.539634033396434
0.572973774830811
0.647821260985115
0.36114723938005
0.531756542228854
0.372708881245693
0.503828365428432
0.459060046737258
0.479190171005451
0.650325292545837
0.502542387824622
0.635047890824817
0.573878146071817
0.603686994996827
0.603938596512318
0.556911788134685
0.557923359077424
0.617214007062859
0.352566737320274
0.429968454801715
0.596767851392739
