0.146922864531545
0.480729624972679
0.315138644961989
0.609716281209436
0.568471277005851
0.555844315287442
0.636580373938894
0.622172645578196
0.537235901862496
0.50172202171467
0.54842488743313
0.548026483222842
0.496842275967715
0.198145081145689
0.495192749159876
0.581356889816567
0.637561221220544
0.563941289004404
0.504983417803804
0.589081493912901
0.434265194456921
0.649221212872071
0.611502587869605
0.550127967916923
0.556531742249318
0.485891651833746
0.443090939253478
0.539289539455693
0.630818883415685
0.626343455959644
0.627349527190731
0.589700753419155
0.61439869765259
0.5581183782313
0.627477261728131
0.447222410643473
0.464875017279293
0.50004731793638
0.516237332056107
0.596693879840896
0.550085959437573
0.61842431000642
0.520929324429482
0.411698260844685
0.400811304617028
0.571666908034384
0.557667251165169
0.508835304659722
0.476307319400708
0.488847899713111
0.562287022149009
0.418810623207964
0.33213421249832
0.522239825378
0.556208380913737
0.455725594481919
0.387571693432285
0.419769689046312
0.262247626177681
0.62525570430886
0.622889749162427
0.598676446571713
0.592782986546627
0.62363721742155
0.580767925246004
0.377018792179394
0.475661149375606
0.464056111946702
0.562897587042119
0.524972933597155
0.637151493541089
0.648406176020105
0.568099944087997
0.612246861724882
0.538441839529201
0.651514133092182
0.525218480357732
0.314343856008685
0.30751480710553
0.31526098333695
0.418033194708823
0.646620605108477
0.65165724145947
0.65222892857868
0.634636584667615
0.575839064125885
0.526750466034111
0.458914503423267
0.64393112958502
0.435409849951493
0.571577913480945
0.518237887428841
0.562276609503198
0.646154050949961
0.465480023470729
0.588755318918265
0.569626958750654
0.563160029726903
0.598775194653468
0.490956399091287
0.52730424449686
0.27770248100441
0.221785637756972
0.240135961382417
0.316453464376042
0.390727288495749
0.431638194444589
0.651747909949865
0.451516954836761
0.242422738577649
0.458397949293722
0.52390210805228
0.569531609686092
0.646485062766793
0.538203846100603
0.534585168445017
0.475823195900624
0.595942968498746
0.62142830697467
0.608759908714892
0.611423712196969
0.593388576006435
0.57399354411424
0.643911851385593
0.571430842061083
0.490684290490965
0.533569835415809
0.562880797153052
0.576125688552903
0.606512593740164
0.636021213274519
0.447533947505216
0.649237555520766
0.599365324657671
0.263445303790737
0.271731980219716
0.277868021036771
0.274501877714995
0.429772410544845
0.635749711932149
0.508329774462403
0.451802195107797
0.498635199805256
0.495898608765099
0.375700293470478
0.492374913962558
0.463649343742975
0.63773981463858
0.544474813205389
0.518393853853387
0.469348345457937
0.521995899724308
0.373737100442406
0.308956292007221
0.562056637746515
0.613123921440215
0.558532455000851
0.572012991684889
0.470790561804082
0.616908702268745
0.635809357056627
0.645238691754704
0.597241727726526
0.546989882814792
0.31886075511924
0.428969667351805
0.547415355406236
0.381418394757088
0.449676416835492
0.633463369068699
0.632032068681646
0.652760574077173
0.494682968779234
0.585386376107577
0.610832798418311
0.510122917101769
0.218587215859443
0.291492509871211
0.310497539209668
0.371564479121844
0.453347569418881
0.35189187287353
0.268876051556972
0.302089817096246
0.404560400938427
0.417853219189914
0.38626690542046
0.586304033580469
0.59894869871228
0.418011397519382
0.369360022252891
0.284275655661943
0.598950817133418
0.646128446568196
0.455947237055008
0.580556830122517
0.454480865711046
0.640181954515838
0.646085440352341
0.474045354280638
0.463097052590223
0.484006466411287
0.649393966971897
0.620351865755614
0.511596699963088
0.499584044617928
0.50606535796728
0.48421782444918
0.475717919741748
0.481559731335059
0.532123311456558
0.620847469990142
0.652725973060857
0.505345175121208
0.512381622850167
0.645052715464431
0.43799771317572
0.409579515946062
0.565237115533011
0.559246340309503
0.578161351510835
0.329057073428201
0.430961433567772
0.561179448337294
0.631286544524877
0.422261414320674
0.542759425696917
0.379647018723181
0.557573458383927
0.519171296233079
0.473375713375875
0.457850272792808
0.529882744484528
0.520059315246399
0.49423163135536
0.632274264225648
0.609688314725691
0.636703778652949
0.596091372887691
0.366840400813536
