0.420353993989991
0.589200775800506
0.341264825559687
0.428681320121046
0.489492177976994
0.176220645822119
0.263161342259962
0.372866280074231
0.260574214859633
0.165523546202574
0.466111008670647
0.453298283624929
0.505332626396163
0.651591257853666
0.469052448358853
0.572746179512446
0.478825963620915
0.447223365859749
0.515816906234948
0.579243522046643
0.427230319354683
0.436304985051028
0.544705580605784
0.551399159488734
0.613731805370422
0.180857673230685
0.534043596174982
0.592380897034804
0.639923160772625
0.275613452787324
0.322326241256204
0.554528666065174
0.540304387812954
0.574716387065853
0.609878355325584
0.440048569982019
0.320575014292911
0.37684651478682
0.423238238359751
0.402217497433944
0.542244164536248
0.650956699301636
0.639979824188532
0.559599090931965
0.596961932072416
0.597838316619001
0.532219255411299
0.396544101557462
0.442673986229813
0.518279528905245
0.5039544788762
0.592164666409631
0.637509211966271
0.204154229464462
0.366355641871403
0.516886894444385
0.427893617831807
0.640821663597537
0.415408778773388
0.555622353869235
0.569959273693479
0.55258321297011
0.573224807349232
0.203863825631794
0.549168479755754
0.479294117984595
0.239093628261079
0.455111606974853
0.532222708847617
0.552714095608331
0.515717792851385
0.631224754996979
0.441569327897858
0.521842252139468
0.497132105358178
0.397356100496267
0.402976928950287
0.629990916860232
0.62277948243616
0.624403211126202
0.640986439234878
0.545834929755426
0.645433388502639
0.534434684452573
0.462301766797487
0.323113582112412
0.0730845276771579
0.108038942116546
0.311575672464445
0.331317273934605
0.601060495811282
0.628496842520359
0.647449604516154
0.639519662366239
0.520517207861492
0.457838745482964
0.322378589584112
0.475679920174405
0.561438872588373
0.581310973729956
0.640238212070289
0.481479864047668
0.48719658901202
0.529354806206782
0.644483655641206
0.434276501318673
0.424986772846315
0.434436152444221
0.412156420294486
0.292996742166346
0.338913317588166
0.424130771426717
0.625982415385444
0.472194473234005
0.615066575085097
0.615417176995194
0.363193687177496
0.558757833249047
0.575144214903913
0.574733330247495
0.468382121194387
0.489350086071529
0.604890656318002
0.602597513302421
0.640930069967996
0.551469023969926
0.441841935431711
0.333516220959705
0.633850514555037
0.633796432108129
0.648719472401617
0.371443617587514
0.449757593094665
0.47126623732173
0.417360604373953
0.431665557437661
0.446782836488908
0.464411052710008
0.434707773807514
0.420937021026766
0.428620758313635
0.559813884340829
0.452346611780841
0.518098959746771
0.57340701082153
0.521866877800785
0.652465566743165
0.575409369787503
0.477750572546471
0.492409157421673
0.640727376203053
0.577609145898942
0.390914448843105
0.38282622511033
0.393244790718138
0.176693548374111
0.195919907027623
0.364790718100267
0.534479395150458
0.453677470613038
0.343057094220811
0.5315103427494
0.370189519006424
0.550095977914753
0.547400168176418
0.587766279107658
0.440263442939385
0.51493714685867
0.402843412335277
0.552385310417507
0.433260591422557
0.351317711849528
0.49683091453067
0.504838819638317
0.612628705774885
0.516452163064697
0.505077724774344
0.530854345197476
0.341590489056044
0.221160408939468
0.564468457561918
0.288623219408701
0.208565345438201
0.467716333791599
0.336974637169624
0.379269089810587
0.390732856958425
0.586707567999605
0.575940964360038
0.412785556390183
0.43473139628931
0.48468254574594
0.560976191661332
0.631160514001787
0.650823402472169
0.475058811726519
0.532043473820543
0.593602623375958
0.433685584360632
0.592732014364192
0.624315082606132
0.629903959813282
0.624775229042754
0.385576660834785
0.517297624589097
0.554644517691314
0.620424218589247
0.601661163931776
0.549372374160141
0.431310124290409
0.526558268492809
0.556556081758579
0.472953642523149
0.512925094292637
0.505801638926096
0.651198452623391
0.371510108102359
0.647134995609993
0.551337101500542
0.456372709411073
0.573807487156708
0.382336144891034
0.390107369650099
0.241471599812154
0.519478867048398
0.567210263166498
0.558661176393246
0.591097438106218
0.497575959266465
0.591281795011515
0.644574131013847
0.453897367111914
0.647455960567445
0.60840792852352
0.621282434011886
0.613201548985623
0.551621531555403
0.565726596219534
0.482704293705416
0.501513319435379
