0.22246229727626
0.272673358487927
0.335802144012181
0.236481174501358
0.387716384844705
0.309791013806206
0.102771042905981
0.582785949147306
0.482494150722181
0.23368723396468
0.110732171802083
0.26457872034004
0.239814950371627
0.514866365658553
0.625256839827404
0.350466795568354
0.643572193492688
0.636934437247807
0.642783009922591
0.519665438840677
0.584537955476485
0.527927325379465
0.529955077421018
0.346701409233337
0.513001032485161
0.4610635943464
0.566617000477651
0.578390885422006
0.626138819266161
0.635375350643182
0.566142975737479
0.537531581715071
0.63654830799512
0.474276298363929
0.548678150409134
0.452701568546392
0.432360993286614
0.612022499727324
0.556169052498035
0.565872678415664
0.628132488915608
0.405618765957848
0.561307581312432
0.648557249173158
0.587691066421421
0.548501462901954
0.393686549188882
0.491394482164819
0.368396990248894
0.463027815934146
0.568276335263159
0.588721396843432
0.410789015347732
0.644629219201804
0.600441493795727
0.558014524095583
0.536981529958446
0.570071660992317
0.471206807242474
0.607994798643313
0.585957150989272
0.615422098182336
0.632343616255326
0.48659210994845
0.540940147669915
0.444647770461859
0.401478650571163
0.530699015136575
0.4185877226796
0.416675417101877
0.518467126431672
0.622006326934815
0.515086040828529
0.318454375083559
0.578718318839325
0.631547978110865
0.622853180960683
0.531051030428149
0.563556750065174
0.518043583144876
0.47197646567172
0.633257656725369
0.635723003780884
0.589931699798277
0.569134387987477
0.623941432242424
0.601961107861561
0.147984984338516
0.554367447943892
0.505263675327805
0.432781372600358
0.363381085743371
0.299355373294558
0.400871347386668
0.449709384107349
0.635693776148434
0.518888782005378
0.512910882108314
0.317338159450339
0.394806170566664
0.614407455247594
0.54759549112101
0.553493894077139
0.545876762175037
0.596608840948876
0.586823597495528
0.549223670981663
0.371842323491005
0.601332453453448
0.542024416127683
0.433093055619448
0.421491628493415
0.451672269083051
0.457921354336897
0.454233553683385
0.516284545916775
0.572703542382621
0.599804276365867
0.643756891002486
0.573933363253484
0.525838495905897
0.617384106226271
0.561053781070995
0.373065853203638
0.579707581234165
0.530321833957418
0.380707827789735
0.517774712952156
0.648616088544873
0.517908269067528
0.618371252132011
0.573723221920187
0.615723456207294
0.637486536531679
0.649937756554801
0.544660951980968
0.643800375944004
0.608310674787864
0.598188967098557
0.568242406020173
0.569616646290453
0.533004691797569
0.608421751825432
0.589572234048342
0.468983642000377
0.516201914546849
0.63801751761876
0.626857703309729
0.584586759736063
0.619609282777442
0.611063973074555
0.604807703027467
0.440795488726581
0.510359224196008
0.633955639229622
0.520420056667646
0.425491454040023
0.581479676632443
0.60970658283215
0.610919622824036
0.115121064592386
0.28644292823202
0.445153208169388
0.519126732668944
0.340776533854385
0.437382669000754
0.290539577351185
0.573155016293013
0.448929145463125
0.546841816806002
0.451938325005637
0.516561767189298
0.487287590011722
0.555738871198148
0.568298203844686
0.6184385812853
0.52485865243996
0.520373811268448
0.615279420453438
0.366169970848367
0.481607739307233
0.491265515169389
0.601313540031297
0.561431716410955
0.626138602797278
0.588239091510104
0.494214528701036
0.5611005775399
0.631512699936893
0.477943128692685
0.535685156263666
0.580286237599328
0.600835701296373
0.547790055942671
0.505948726109928
0.404737194579897
0.508119624187937
0.460805237953288
0.631210375198769
0.377941516211256
0.624593498251716
0.609577940947974
0.62178963251657
0.612810266949133
0.585302737193415
0.579744715255354
0.568508210552434
0.583066983318922
0.51630724615816
0.479617479205132
0.521928415803472
0.641132361828815
0.617878790422648
0.610862251698501
0.612898331369325
0.619948882793906
0.614659218899357
0.598618781436316
0.632292426063727
0.613049491301557
0.599044433144316
0.560210638388163
0.537932766735321
0.391800981069656
0.427113751505502
0.642569092726102
0.474539436134975
0.468444978886818
0.395306119334423
0.377153632035712
0.501927636335495
0.650512819110674
0.651658023975061
0.441439533726255
0.467043403370118
0.505384197222197
0.464482179522514
0.651647429349997
0.638072012701078
0.640240866502978
