0.436156229555487
0.604147661122959
0.404620863570599
0.4634899421921
0.513995011415565
0.63857350232196
0.469494310596958
0.300110512197483
0.495460407877918
0.305266722471453
0.235685106098186
0.188384982845979
0.461141201795487
0.392440227416188
0.267735768434592
0.621325730641838
0.50642757929326
0.427208316094886
0.558514508398267
0.539296020531851
0.548321206025664
0.349945958087933
0.267148411975475
0.514083185635507
0.606662067228045
0.652165574396468
0.512187199001899
0.588861906510079
0.524272691499766
0.636557232296484
0.590023616445565
0.534617604919693
0.572267192709249
0.549003706000047
0.629715523569796
0.595923201720616
0.59905561083724
0.614600526513884
0.512018627474028
0.600029559882725
0.632514761109325
0.555415748659588
0.608087415826093
0.642933697595518
0.53284187749218
0.544569197203561
0.606648080889892
0.562256277145721
0.536214598362159
0.390787502985684
0.530577981447813
0.523934495882597
0.464372474687174
0.35687847709935
0.530070798658766
0.247916180686327
0.245916879543802
0.248170932445675
0.386237660680199
0.555553543747557
0.618159114919303
0.415808238107013
0.40496274930825
0.422631860187309
0.555556003503269
0.557260467809575
0.362680075276876
0.339024979126873
0.387467789415289
0.476276010799455
0.321202741717141
0.359486133237602
0.360446254582377
0.352638278690167
0.241327331324806
0.351855038375827
0.309845885194765
0.627068649843335
0.639824698776867
0.614228279829078
0.574094818466809
0.47838598369705
0.6347942853021
0.591526448224459
0.552915293459541
0.631177715451723
0.562781566772709
0.53760232958848
0.4832748361516
0.3946311285845
0.385642971051055
0.415277591505601
0.427186676424928
0.649942649669023
0.484226833948172
0.572582623313224
0.366228328630458
0.167387269677361
0.247514493989991
0.288505495141726
0.506987879300956
0.639663455765383
0.397824577997948
0.636009954558686
0.454243215116207
0.590339295904666
0.440150793085676
0.565157087275926
0.245559623336187
0.56147116856788
0.597741952371916
0.539650456317352
0.579987702925031
0.472514965945855
0.647677688770608
0.6120233976029
0.478479096790696
0.504718907428573
0.508321082258387
0.486521419807494
0.532711159359392
0.489313445659626
0.650308378694801
0.507122648945689
0.495315437011188
0.630134271500043
0.587863674068763
0.517574303659681
0.487105122633977
0.570877490685876
0.646228574475427
0.638001438946597
0.570304689401161
0.509568920819918
0.56675144401089
0.47925534686596
0.539681370620215
0.502064038585689
0.550877341789568
0.532957596098461
0.505000961838989
0.317485769452993
0.474418417057255
0.602748752688448
0.652793102436414
0.543073229716433
0.406476120773463
0.542500564846475
0.561522184763962
0.552629899861438
0.56586115144589
0.59219487252273
0.575733460078913
0.519549808930838
0.269440524348524
0.368220462135505
0.41828930484038
0.455570647352081
0.47310918283416
0.400809606055496
0.215473806556797
0.650341016814346
0.649039357318052
0.557056129856501
0.599874259749893
0.466585356549812
0.470387150861596
0.411554388873512
0.601668498232356
0.459156610470498
0.574565108464657
0.368990225765156
0.380833262683432
0.493063365321839
0.555682793364011
0.501079875153001
0.519716612723009
0.557159547434789
0.561543797994226
0.635785244181144
0.637046564684517
0.493131004888048
0.533920291315185
0.591989361122883
0.397764590506172
0.484362569559598
0.343494476007752
0.27495006565447
0.622791518207872
0.575361558714416
0.511291795695201
0.420973161433816
0.479156257385542
0.525447509655949
0.57132755181355
0.517035915391985
0.54242602073405
0.453981575608239
0.48114180095098
0.584789713225328
0.612608676196076
0.512988749606069
0.600330012537396
0.635574012240162
0.440468188196275
0.542707165382104
0.524840314276517
0.603451841147634
0.471530782430794
0.442080582442926
0.604977809087839
0.518698822429404
0.542933902888691
0.597646476102857
0.620837503778568
0.625899569035973
0.503584058878943
0.573192630001394
0.615003728441128
0.317813871277844
0.30703223749762
0.339782143333461
0.281042796584389
0.384681886051114
0.630200655150585
0.6016320753975
0.627082969532511
0.565668895382492
0.641384570815369
0.636953029001612
0.587512289060745
0.595482091362727
0.504910333995086
0.471322226593504
0.292024465460866
0.147818056806689
0.187092367941514
0.538619038471952
0.435173293138043
0.501667581847538
