0.481624642214683
0.523065908198478
0.281015568095958
0.569192310887156
0.618115289394278
0.471934202936478
0.514081217878175
0.649778299547965
0.289654080563225
0.345850977544673
0.266232782086823
0.362782502641669
0.235927692048019
0.606622754396846
0.576912380299065
0.535717752293109
0.195184048866841
0.154259503104957
0.586281111205462
0.530703193105956
0.231639515886316
0.281446094046114
0.502301739255432
0.428379489515908
0.627991928744304
0.142878386174329
0.636247372114798
0.58194002309232
0.543737276649103
0.53195699203225
0.564438164664463
0.651254955283183
0.507033242516831
0.547241840276699
0.559524168530362
0.49592911496805
0.592409983104328
0.561176994184221
0.54274197865527
0.476136094198132
0.400075556421938
0.647337360119913
0.486826266857097
0.569078547173718
0.633254683702022
0.558236625277966
0.532496817391691
0.629852417257874
0.599204066934105
0.558637345162954
0.52491441655771
0.438270262794193
0.414228829605836
0.256589193119025
0.246394282128662
0.249116145816166
0.218033437691396
0.581064862787724
0.576342947952217
0.622513226651962
0.536914742072343
0.494954268703237
0.481306778183699
0.638897123330566
0.311277049599833
0.606233174128468
0.647997294876491
0.64515249597059
0.511026979697915
0.422566116323229
0.340695210158592
0.454717124010436
0.366805063747568
0.529901855553733
0.619340350685101
0.599794108485125
0.249400445774189
0.238611458862899
0.554603340098634
0.484553399752342
0.484531518594129
0.480194161847963
0.61331040709676
0.628070049249136
0.620181425549601
0.650362856020194
0.571139417047549
0.65130739131557
0.545018471084215
0.534103719903683
0.638794718944505
0.604226995177911
0.561488766454108
0.506887002524714
0.355259151404441
0.392807592013249
0.511278924427461
0.386462379684206
0.477088581451681
0.566857530910755
0.582172151624507
0.590477086933749
0.577246962550405
0.573981138745187
0.569312339801317
0.644117280245293
0.639629586968417
0.53263071278727
0.599572823532391
0.455790792342729
0.462908798326505
0.518159431656124
0.652036931998795
0.617766834251891
0.418233541862985
0.586212674957533
0.535801289589568
0.454504721086543
0.3036842959787
0.340911561120534
0.385928010891657
0.647790690159192
0.577429814156297
0.608970717647429
0.530220138235251
0.458559049264778
0.213736212822654
0.645627487049205
0.56467333697361
0.604405718017637
0.605406482640644
0.648562519515295
0.517626589594276
0.562374687627124
0.580818473838616
0.542275944768451
0.63267550789495
0.646365664424462
0.650443645946009
0.645894676520948
0.496691821709216
0.482488616505041
0.637851973384778
0.577939496611704
0.626157122244939
0.58503624313325
0.540854798256969
0.609755762508064
0.510979744045506
0.651779441678488
0.514674068001949
0.552958114852883
0.631882530128583
0.541112709548174
0.45872574245933
0.534469062786523
0.52780657242753
0.479241689776096
0.619438313229033
0.562243891951549
0.356035703768488
0.583073890875994
0.60343403295502
0.3654823263851
0.184717193792108
0.434675846015336
0.620740516152502
0.485040103405527
0.52622393272474
0.323351826083381
0.468163675655531
0.60393375952261
0.631171205502702
0.549924382613056
0.460809197562956
0.376491473438917
0.591804970728699
0.5346558631887
0.577556723032121
0.358397768558003
0.473981991288062
0.270415489963489
0.439383059955226
0.445329484538313
0.491859825964748
0.442569519515441
0.184095386949601
0.107113772577839
0.135508248215541
0.115074873954989
0.62959937296994
0.508921194292323
0.517817338543246
0.476213351266178
0.617028740480691
0.224347721450616
0.482875143278856
0.40770705112326
0.540853049515449
0.629124639571412
0.492462490823586
0.515380696224445
0.583601708805189
0.636067615163381
0.566454141582597
0.508757859844947
0.578012454378299
0.527333561486283
0.364130681820406
0.318387991834432
0.540683570326073
0.546753056206911
0.48788465296229
0.479821620874573
0.410953952854034
0.333168264846419
0.528753172393667
0.51751389578003
0.596234425733351
0.608832516318368
0.622234782141713
0.640611489790026
0.605060662839586
0.505103614731027
0.373480293955444
0.63751455403314
0.368410388821736
0.42292379552195
0.444506572341983
0.366285225112626
0.435491347404395
0.36935968320127
0.519663660972595
0.471949588955298
0.48274245313995
0.468193808211199
0.397132832141278
0.445248567529966
0.232818313083919
0.175647035611793
