0.207199475770422
0.360219665048971
0.32924889383628
0.0558754028123928
0.0809233894122299
0.417193549746493
0.47967018525167
0.505375809802907
0.268699598779077
0.347713626411976
0.065714479573071
0.527830026768148
0.593102901650186
0.306661344913761
0.465658207667228
0.427808489805087
0.114099216717295
0.165453528561629
0.31377171951998
0.106697503573494
0.0967076057542581
0.138191746986704
0.137260588959092
0.166307626985246
0.300014096971249
0.516260965182636
0.40458645317331
0.501775686941392
0.587910342282482
0.357239359226944
0.615499030540939
0.378377251301427
0.55763401268646
0.357099972226236
0.48024505766257
0.501136290995925
0.604706662568459
0.598051891606016
0.63900609842413
0.611463929228094
0.611352578050316
0.495009541523572
0.620985394180752
0.536413615795997
0.545740853767609
0.481334899772252
0.544938461237005
0.48976450574896
0.401218916565878
0.380445391331101
0.400157409319421
0.511500202194089
0.390447772872169
0.505462169140345
0.627087255359919
0.38663056138088
0.50505132380221
0.247511632627109
0.389228956651874
0.423976912052371
0.280599627992873
0.220253227464847
0.27625882126065
0.121638431878993
0.16084545050934
0.572521416137461
0.408046270357841
0.293817011131439
0.490104910751193
0.410718372282345
0.557765207120981
0.613767529803857
0.425612892631209
0.263211283455277
0.288022923098877
0.364205405411371
0.483729502448347
0.631100860675098
0.56856733632437
0.33087032357906
0.55678012708039
0.582546359163863
0.466488896946656
0.472456994058281
0.477653766149422
0.509435979890171
0.477791545485379
0.369883728119335
0.418630224713124
0.581167028646451
0.317663959479064
0.43278388566291
0.296566772515116
0.623873441242773
0.367464072716655
0.454959426700363
0.49162838248195
0.47094958850788
0.379870616388967
0.548950600959826
0.614691880647559
0.608067341230777
0.471564589313751
0.00645784607343376
0.00517229852243327
0.227590734996367
0.19861629287852
0.392126737918031
0.497587013988804
0.61330808572378
0.433452921717195
0.572317353071878
0.512513801388196
0.46089391081431
0.385069605219876
0.228625559653854
0.499494808252901
0.492411476725985
0.529871171989964
0.560323745211771
0.526527382640697
0.524027588364409
0.567840623738943
0.544719955959599
0.61881972120643
0.458078595674544
0.416849006043393
0.608557163784048
0.621021267806077
0.322311445182189
0.47965318757367
0.527862394529395
0.560424330779031
0.633031983454926
0.617151786907948
0.607664723992668
0.557298921965294
0.428556572181876
0.393343903038653
0.337441643098649
0.34702030267776
0.620723706649318
0.448129169036137
0.302944771982751
0.433304161559092
0.625753269534615
0.473337594574168
0.440070218365171
0.617617706903257
0.61396040853069
0.581024957427433
0.349568684883689
0.51996291736071
0.556358203265492
0.370459750737259
0.542099720510233
0.427305048909173
0.0875693985263351
0.343919662049739
0.177855302146403
0.0653062413895968
0.0633270611623302
0.225953042465029
0.456034528777702
0.192346180793364
0.374722517481772
0.567526443661889
0.504032271387101
0.44144010938867
0.534263055459829
0.567318477010122
0.351858569924021
0.545177440317348
0.409039156482567
0.463469614198359
0.537186258748872
0.365873472239985
0.594176398043521
0.629633067986156
0.518204845039488
0.570232447933938
0.173578475804068
0.379533434188285
0.584449816611363
0.490127122554971
0.355837576108407
0.424294314334405
0.538179100420451
0.349546374037163
0.142817625544034
0.188770197244827
0.376927660235204
0.590264215607196
0.338212645806605
0.47187252109513
0.589828781441512
0.330751415706705
0.540118963374291
0.366504189920146
0.0874319345180411
0.261861400320428
0.433065968032165
0.302523878547596
0.546717408953787
0.504043230131461
0.466171436944977
0.550352916640389
0.569244328562017
0.453178544898084
0.334245011769235
0.291851211204174
0.463094925116748
0.532028617157199
0.64192071367451
0.600123692060085
0.535393272302371
0.211205532559892
0.503932369450573
0.517091348739027
0.605839245142076
0.593395094242413
0.564218828689915
0.541221099773262
0.506320805667379
0.585215333261608
0.611541350591695
0.572326173710074
0.619058154987637
0.591310728977667
0.365770409069024
0.371000109554543
0.502033028243581
0.48368472606147
0.461429822948761
0.493004720639555
0.553824752735349
0.432976838369621
0.550558115661173
0.506267716159379
0.604548904226902
