0.546344691371415
0.380985780388583
0.357956775979605
0.134500564838243
0.543016082041431
0.536810468450887
0.611718155146809
0.588648065721587
0.632215243231738
0.497692561027869
0.576835145619224
0.428621724992252
0.264989485249855
0.269902086203452
0.52872821351554
0.631232223477305
0.489405141129919
0.556816920164059
0.417636823316333
0.300962199199571
0.342730167957256
0.323498430944979
0.509371375576826
0.551038879389176
0.464999620736158
0.452386380718472
0.516950264097424
0.392966259531783
0.626361860371195
0.563829255236981
0.543809359344848
0.610159948254378
0.634466727903376
0.616948074858403
0.42128891993803
0.42011308944975
0.575435462431236
0.442637467530455
0.513743096540915
0.543537603436271
0.551531453118529
0.619217835912714
0.636890737512716
0.49960649365408
0.586939397260292
0.609371804591268
0.595369492792124
0.567571463897602
0.624000487408639
0.599221573562231
0.531409446456166
0.54919001938427
0.509381447310485
0.547721680874936
0.618988746000121
0.551513557704314
0.623802849892867
0.467336714359466
0.457755174892786
0.64576390799343
0.552348790916136
0.592038763869894
0.618653706969693
0.579479236174575
0.460084654467585
0.561524507761244
0.587389700575295
0.582983037207132
0.489837112706613
0.340104444588567
0.302562958045757
0.42117071265867
0.486665511096007
0.649869479147851
0.489838105172957
0.403069809063105
0.433918368001469
0.639943770996528
0.601203055536755
0.542859108063188
0.449174040689191
0.395852563210297
0.422066490827834
0.460219666227494
0.560455335731256
0.598403581167888
0.435429170658986
0.520537801804952
0.593199575700422
0.579658649143009
0.359758571983356
0.571213814526545
0.576386106259884
0.526785619782439
0.520461314448829
0.450533770841322
0.618502740769201
0.422684970373986
0.627623906812346
0.600204640287954
0.640948634508764
0.649051682680728
0.465922676259186
0.614916476782867
0.633493210060089
0.473071930133678
0.522537433915251
0.65268373361705
0.633398217576798
0.615641765841144
0.48712136057076
0.549267292617679
0.451983799428175
0.500576247844367
0.56264382738104
0.620316236191662
0.33172159713601
0.533466162113394
0.588630124583958
0.552784678528085
0.568882498337282
0.586425815411044
0.538184124685736
0.626609648336657
0.60738451114941
0.488902405323461
0.501292812549942
0.629295805046217
0.502155150802488
0.468633887429361
0.620697451220127
0.592445794294242
0.581362851436473
0.608913937120237
0.502902738276732
0.59683468550141
0.595305370729472
0.593064604524024
0.64052332449516
0.620081252921844
0.443403676799052
0.633577311729615
0.641763679165924
0.471384835063876
0.582354978643839
0.433114985839713
0.61962227656281
0.583452229316963
0.606960819750991
0.588312196693074
0.607786214912599
0.640912424785915
0.644110642132471
0.644532939499454
0.54480610818143
0.567705769883188
0.554899282754312
0.615043967081357
0.481936572998133
0.475464451810811
0.57939463317824
0.545983761364966
0.534441949214966
0.536231534767663
0.627115621219591
0.646552372124046
0.613495097215481
0.613329916853135
0.410375736133711
0.518291751387581
0.477435293257656
0.468067591027418
0.555898844004528
0.501361254583579
0.291463429629104
0.569997541276971
0.565224450105434
0.603225472738701
0.482677598304095
0.542945102268987
0.30977105620224
0.57727277060931
0.624115059853532
0.594940671543569
0.467136448320158
0.531823382990548
0.648745948698057
0.0179895388048608
0.109642824498238
0.637536161124706
0.551762857796191
0.463472204783
0.589494877238952
0.360425865471363
0.345390229077766
0.531280308588425
0.307311747699248
0.21669033356756
0.431915543630269
0.632615237180109
0.474911885866371
0.43230551380978
0.520654658679152
0.648402037184531
0.567784646958346
0.624242725410475
0.467874876589128
0.547862902576727
0.564614890403045
0.55744064883166
0.631092425512177
0.528980015008407
0.549817997688279
0.479573897010398
0.593678098539356
0.30970388821722
0.603956162894524
0.63989416329586
0.582689486553427
0.615249819810638
0.621918115502933
0.550445474878635
0.446669942017122
0.354584065509768
0.539661936064949
0.374556656093487
0.479841702462629
0.481014616563683
0.475398952566063
0.527541315431335
0.634811146183909
0.5517583686584
0.605971237791237
0.468845417213852
0.480253320415996
0.590284554429815
0.597052213925883
0.582088089350748
0.501984656613087
0.50665095595804
