0.318967545494937
0.458229226136419
0.541086263205647
0.613004961383374
0.644706646062023
0.623385295963493
0.634384857628477
0.514555822301145
0.600826191513613
0.640211704860043
0.626332716736477
0.608612309085646
0.616081260695101
0.472583624889279
0.488052489779757
0.455753975350497
0.532010212312487
0.413528282075514
0.374429707923671
0.450821586692931
0.454330265620258
0.590949716185699
0.186108367444016
0.429654851405649
0.533178667254123
0.413720753976139
0.240392436649185
0.374981176628266
0.379127935287144
0.441201487662126
0.487383653373699
0.490595318378561
0.608361480069657
0.454052195247574
0.432336086079774
0.495811165968902
0.637921804271871
0.553058966505563
0.543036766740693
0.611594536262736
0.556231424102045
0.543172272276354
0.527963824609334
0.46554953014853
0.27605631491635
0.574451989840762
0.548568479502149
0.439368251107633
0.652046184399327
0.502614062606727
0.397957476590308
0.614816646103747
0.633151262383442
0.524434588868859
0.529264629506879
0.640203168147853
0.516405491797491
0.599964072649566
0.644316942407051
0.535257905744036
0.318334992673653
0.332064144228585
0.384952373195365
0.395597371147713
0.328044954878511
0.346348286665135
0.648169298796272
0.466200220856816
0.432806353745805
0.559334026717631
0.573174051699505
0.6252768977636
0.589719531131034
0.54529772283424
0.644209597740798
0.62430513021606
0.642287264750339
0.632283635217759
0.574577093844417
0.409984556307888
0.497861483759636
0.611419475171075
0.567097934904386
0.646078736459312
0.568720732893795
0.652343193079386
0.553731557297191
0.489397785789115
0.542081882614673
0.505049101657746
0.639543579597958
0.580063611500292
0.531660296678859
0.454414858879522
0.553338438451523
0.528712162090021
0.542852048222189
0.425054033596518
0.605093017015175
0.578507274321979
0.45947986244582
0.527117309100568
0.590525361621003
0.443304087385828
0.508561355661075
0.556444093899074
0.553088298085831
0.617216084276505
0.587795606607211
0.596041594664266
0.623869763069601
0.626137671452247
0.548587234310661
0.504061609141715
0.478802742535882
0.487535680208122
0.477768247575499
0.48437513395858
0.643629962940248
0.233949828777462
0.649425494264811
0.619220930358566
0.397768430994591
0.534679224118823
0.581705821454463
0.641944253503243
0.60529317521179
0.592880313859603
0.573931843190542
0.550375370636613
0.603558450541309
0.629078892597915
0.574288559566437
0.584550265956437
0.554734762556618
0.621970115570991
0.566520855731873
0.493122878961548
0.645495805213694
0.578823186420603
0.541767364910348
0.58069079872932
0.560896766483336
0.550545846511565
0.625607473531163
0.632536742460323
0.577142850654066
0.535730680264829
0.565339859477012
0.634024194717174
0.565555768793447
0.633187491177781
0.571635724132182
0.537239328509369
0.583858684056332
0.491264074582827
0.433419328802785
0.598614013822982
0.642892052678268
0.590248331500878
0.618022758180845
0.546433139839675
0.522726685722824
0.612756744408971
0.607729115911593
0.48504483873304
0.381416169037842
0.453441418625682
0.647064630645992
0.42104024332948
0.445178005612389
0.646317317092791
0.510026005880884
0.583156419065319
0.586794529994262
0.637698978408258
0.60114670582889
0.651417332109497
0.578843931986794
0.641635552865466
0.648777722105246
0.52333558882019
0.499825459107281
0.508301237055158
0.511041678059019
0.466373825915624
0.575047597116558
0.4279093755004
0.608831790827056
0.418718970597489
0.519528943853985
0.364142185380666
0.532939638159682
0.419377817637612
0.571498597462828
0.584343741400329
0.619169948327177
0.611310353075841
0.558226151711678
0.580924934332004
0.650444833468166
0.539923547336771
0.530002915914999
0.583759851879767
0.644059747076367
0.642385965653695
0.423609930226965
0.61569921824505
0.552504292379271
0.469416677960195
0.57218360503437
0.634410174630472
0.641095813442103
0.637042098100079
0.310326753703179
0.2826774728963
0.351277957201456
0.628723433344705
0.631851460922053
0.504986785202791
0.38641500811643
0.376790691263974
0.368395235801994
0.643528292943859
0.620046111259119
0.607802587397973
0.644941415867712
0.608167163113132
0.628498813335051
0.633741796631215
0.524907936388902
0.598822058718877
0.599009473739894
0.652670208365265
0.549163869402753
0.455893796313146
0.641328105021763
0.590566981916471
0.575473963250265
0.543205803119825
