0.238278885529019
0.464182107060301
0.160415223922813
0.413877695423318
0.348751504760934
0.564811757555697
0.306444382350193
0.397631475402741
0.47631924571159
0.334245620609173
0.558280213599559
0.273919198556803
0.421354047560753
0.266267773726955
0.647069481668295
0.54824217352882
0.370494692358887
0.593551419929909
0.504507305283839
0.494545020160693
0.503329968102674
0.387275424522689
0.420441886792125
0.540919531962369
0.480682852804022
0.440021446279949
0.460203969853854
0.563980085557792
0.527229462845584
0.601203744172243
0.565948165885182
0.306048843580491
0.532890713641145
0.613423119821363
0.651652860283648
0.542009603273124
0.477477454654872
0.635105885982932
0.582965988898734
0.474525663583539
0.462040823159807
0.621486076430883
0.511274006591272
0.556450468732975
0.523524966706336
0.531794319236661
0.483422853745986
0.651310983659719
0.580575520106837
0.630943059557272
0.343623666635402
0.329995684766211
0.593546462315368
0.546497357428321
0.482067271029824
0.524726384597831
0.510518015926637
0.641660472720396
0.618734282775462
0.634871519513521
0.618621548468704
0.587529764712923
0.415184771765256
0.501572792617604
0.425712883188417
0.550031778175617
0.482512165774206
0.613313593423703
0.592285423249976
0.116999327956466
0.234808365063723
0.389956107716076
0.394717904659221
0.44263259502572
0.475248044284707
0.43825765430741
0.4810267541249
0.472615241902337
0.627891381835863
0.395657632100475
0.632424453848691
0.245706284643539
0.486169614787446
0.550416684161382
0.590503303457284
0.625876911569025
0.552896967127049
0.389400506205825
0.329757994611657
0.587584304030286
0.436715652662426
0.549608003531037
0.464159577795512
0.596183404560982
0.507563624747105
0.617432957732724
0.631809345388785
0.54767446149144
0.489322654977647
0.4903269939874
0.542941438327776
0.376169584558345
0.588388868978412
0.540476781259182
0.428034111244897
0.619689077445073
0.575214590243561
0.51276954947783
0.485573192757709
0.642450705749405
0.534468721896518
0.598889187612881
0.615926602062071
0.648197470902465
0.576348292985484
0.631369169544818
0.593322928878837
0.414958126282552
0.597759286727334
0.57516142271576
0.40310777599965
0.38286501953518
0.300385353766861
0.650302122350903
0.637829465362399
0.506755454721472
0.614825678423497
0.436848634620431
0.437052301088348
0.59222685709619
0.5710426095435
0.651914150553738
0.614653495686848
0.651927633293025
0.426660744872724
0.325194812778094
0.389102480854977
0.56596744104242
0.417058295387437
0.466610845666176
0.259199961714447
0.294150134282187
0.307691736434667
0.315305602657376
0.29580331618269
0.551397436332995
0.595062439128989
0.423006297016516
0.626132286020555
0.473516940747531
0.426896295329999
0.579034178636735
0.619618053951627
0.457240123347924
0.649622111591834
0.471207178520272
0.552695403945878
0.571332546162652
0.210858230154961
0.195371943112463
0.147944664512295
0.651036787150661
0.363158315295767
0.560540130734321
0.262369455217151
0.375240848654648
0.443209942833852
0.525070832271863
0.422694474903168
0.62594612074874
0.440138722979243
0.394927370496556
0.562791048036656
0.463432267120098
0.430246095915737
0.421663266890751
0.439386597436091
0.311861699893139
0.52340491660405
0.648581702981144
0.516882333639776
0.549817861998189
0.521317094042173
0.608032107648207
0.614893035066314
0.530692088833801
0.549149084823905
0.438246959013399
0.613055550380377
0.636801545515518
0.508742392489914
0.510528322958853
0.434904156126037
0.649925577768099
0.604231620082294
0.326394845218165
0.586785544851329
0.561463074698902
0.550580343706766
0.424740167115957
0.42144838757277
0.419625417390374
0.507994160462962
0.354792654983545
0.268985472778324
0.138203516584123
0.31681456882786
0.327013913544826
0.283506097588222
0.255344172805012
0.557733583560398
0.467052347269611
0.447663849931492
0.599459908862327
0.625835682355825
0.418936597617809
0.287361380548581
0.40718328503333
0.635063435806622
0.633760440347156
0.435670282581355
0.448345543339923
0.555389904076158
0.459561700662336
0.569350348059013
0.594813854433732
0.453980572411325
0.487931312345023
0.577719707450597
0.573205908482732
0.595296447607924
0.516524411687867
0.39161417085803
0.434946264725053
0.561459416428391
0.431598588376172
0.556812413845292
0.443096092605437
0.397643098168508
0.293494395811344
