0.459799634864672
0.173426118113101
0.41388959577377
0.245868929828278
0.600364795260597
0.628677377689164
0.493713668115437
0.263369013501098
0.232459055219078
0.312534905752866
0.591372487073413
0.571359650962288
0.356409302042736
0.402196540069128
0.519538038421189
0.579337862189425
0.539682234578292
0.619386685820912
0.577348474308131
0.487855190004392
0.419117680533789
0.338105781363038
0.186662119461456
0.581387930878205
0.621063956228318
0.639182432609478
0.620835362595937
0.554964118101233
0.505078099918252
0.532443150730119
0.524252656825163
0.50132719417871
0.586056822833832
0.495244225384216
0.640673760009697
0.650688136650557
0.644810014996775
0.534193265227585
0.598343168306532
0.647233255669568
0.622487097450121
0.574767461904163
0.581732431865559
0.518613307449215
0.609813077991821
0.560397200405446
0.509018358808244
0.536888535613427
0.537706383258084
0.531390414824709
0.621028399287019
0.584468806365853
0.600974920930099
0.63543053356317
0.426011203770759
0.331270173104326
0.546909155505737
0.6238759061336
0.333281936106234
0.536951243247604
0.617823643994285
0.52577389472163
0.497687258409569
0.484920662499781
0.249613785919705
0.415976826506434
0.530113176020794
0.559826059050801
0.577997985955397
0.58097068167981
0.498999072623675
0.383827769744972
0.478337715499336
0.465073400268363
0.493707506592502
0.609638810975516
0.547066222559275
0.525300695213291
0.183232286635786
0.529877771909349
0.647718777607263
0.55966446601297
0.398410508258597
0.351273392195678
0.576605670930639
0.615935605757371
0.418214890540366
0.406436120088911
0.397943395653676
0.401908162173815
0.477812013656367
0.226003128630575
0.37463825019286
0.520348212643992
0.638574834786588
0.447998067630405
0.647970014142804
0.432722158372402
0.62065024967934
0.510319349508733
0.62034516063482
0.617020062841961
0.629485458928514
0.618864909759024
0.460979603160208
0.445866270594299
0.49394947596371
0.617323577955831
0.589738668839151
0.599040295337234
0.574527968095779
0.590073844520927
0.494308445036789
0.605906607391263
0.587357287086023
0.652682179230756
0.652986014305844
0.555261661612901
0.621053466946352
0.492336798845325
0.53895996428146
0.531715103492607
0.494251397975203
0.475631161074132
0.341348454999011
0.203089812753555
0.433172592992196
0.496018716366291
0.413219926935621
0.340576897605683
0.366335313407937
0.634016176920754
0.637983786167452
0.640484753886845
0.641137227838065
0.527409428318031
0.554089023405197
0.620494405899663
0.605091211534169
0.567855011418645
0.588531493503508
0.614223988261607
0.615351015236601
0.52142921660188
0.613543568601563
0.633003894880608
0.583306302972542
0.511011900316386
0.629664066529833
0.539680340221258
0.588616487659384
0.39042270364173
0.460937435458181
0.545623023111972
0.605327863456196
0.438561108853518
0.463763764290308
0.362358318517683
0.480760150180431
0.604744567570742
0.61098103720462
0.549049781104926
0.45764121201029
0.378051083933725
0.499781653895365
0.547724235537962
0.404256214647321
0.314691261965083
0.600526735511864
0.534281039931346
0.620768747904439
0.559591773695544
0.313901422879659
0.517321805834072
0.575623827813705
0.422275182449578
0.460279640908436
0.310535392972874
0.318744907216414
0.472574523012929
0.603977961474797
0.574316198342923
0.399212827475175
0.460899967042395
0.428689075448317
0.40807624887875
0.566471832986415
0.454944778115954
0.405681357291141
0.51329045660398
0.457080292750849
0.640289731966564
0.62398212415725
0.439860946633497
0.587286405689861
0.527821468042053
0.466113926227748
0.648122920404872
0.640503781545561
0.495724946961912
0.563687124515661
0.568877781640889
0.513010473283495
0.608931466805671
0.577731750367985
0.480826832651116
0.518186837250275
0.57602748964252
0.499091322099654
0.338522015844472
0.296675729014255
0.450693721523974
0.507489117555553
0.640708469096226
0.559497346997951
0.39907121607211
0.63560092653567
0.57515868476026
0.489866859990363
0.652232270036126
0.556667081496951
0.572002375491175
0.599833588410867
0.609394498715493
0.650594576592557
0.629213746919576
0.647841153301666
0.489481902308995
0.550898762766738
0.626441174782197
0.652714992778812
0.651519532228761
0.53593187554158
0.443813285968599
0.498402978587846
0.385205781618034
0.344279516650251
0.40973330559511
0.578836509244194
0.583823758159755
