0.33617770563176
0.164925564995268
0.155754857580643
0.219127981364029
0.642172269890551
0.11703064300376
0.313060944360914
0.195681362714851
0.376731802275398
0.245030841242652
0.220127979844401
0.482228186394554
0.219092240174534
0.144972875505984
0.253415312986588
0.603138678210184
0.621921242219049
0.313513316710247
0.618148906151066
0.471776814166207
0.581573513066862
0.578223862866173
0.578428032803116
0.639605534489965
0.63305327363397
0.348568805524614
0.442125614851713
0.631317754357523
0.543193039777646
0.332682623920482
0.455243450579234
0.620278722601599
0.571726475744963
0.632212068182246
0.583944364634744
0.58928498639367
0.61350442635972
0.564085457126684
0.554455698887368
0.626118524829538
0.584320693880377
0.52013246132154
0.408031477050567
0.580132714685984
0.494181209727084
0.534097858620104
0.582141593213581
0.588698407337641
0.463898513954814
0.327338084922198
0.308425245490624
0.394740012257762
0.540552878166843
0.585687113160188
0.40786825533469
0.369094438669039
0.338105031204442
0.419590858427342
0.275192405002738
0.475601793075672
0.341216413072108
0.3154544364476
0.279488289050991
0.365286072772462
0.609776383523704
0.533584848386125
0.474339116201173
0.446978957125544
0.500673786318371
0.444122099357923
0.541172971645821
0.584758210814329
0.436390468899217
0.46264076561429
0.278767883018823
0.548301062151425
0.426077852088492
0.413944601572771
0.222055752799148
0.516823942984222
0.534071084942557
0.497467237792344
0.41025671717152
0.576947740024189
0.614517929549329
0.517393759989268
0.431283676718674
0.462413692002479
0.509099807761144
0.497443475575541
0.577421656483138
0.497053451736738
0.320435109056998
0.517214137705276
0.525959420311026
0.625530876137934
0.562293138490884
0.311716426583938
0.525426254801918
0.441276000801008
0.601965381377808
0.59874392225985
0.516970553120314
0.512800011829257
0.647470938605228
0.640729799156989
0.588106211922324
0.429584851528978
0.39613495455335
0.297533176526893
0.383682061332976
0.645057702733437
0.62951203157097
0.639404171540311
0.565616068569245
0.556115839808757
0.346663463414866
0.350466657224914
0.647799845000031
0.472855729384835
0.419137153908099
0.632780189701107
0.202504952692194
0.176588167207083
0.174393552049296
0.606550062614959
0.588692158056375
0.3326717217091
0.579195519669214
0.446961192355863
0.608484009742737
0.568753762974455
0.509410811451729
0.538953585462412
0.626528768746182
0.489709793639206
0.606213253292954
0.551495141438024
0.611844935560664
0.574233923177007
0.649200790464645
0.508335758215618
0.402896251744358
0.367347591985483
0.321985071624629
0.581119720070623
0.646005929378579
0.643988704118926
0.518876354747415
0.607266753616149
0.636853307602409
0.242050143668894
0.536435688448139
0.537691784051155
0.329532418447515
0.317247924668947
0.346693067670567
0.469837987798033
0.550548142905576
0.533709216567979
0.567262698228297
0.594468934649187
0.557313532024114
0.602195311502168
0.439818675567175
0.155622507840395
0.41881934666005
0.599566900115926
0.154597308126511
0.5930470077754
0.547071117779411
0.59473070013593
0.415654072267527
0.397490117994836
0.362135210240405
0.23020971885277
0.459624106232543
0.268896825110773
0.518664777003066
0.539693855480244
0.624759267075938
0.502155032706626
0.35715670095774
0.611063696681011
0.463269275928945
0.629866648437223
0.448593060326297
0.635029696992797
0.541337188082158
0.558192299506738
0.566832799788779
0.53228113509176
0.601131369222441
0.52598104108038
0.642071426512175
0.375463293125267
0.62728696181096
0.468310949417985
0.424840446220885
0.423072629094357
0.393261618443329
0.386422763727068
0.387962664120253
0.367383556975517
0.576723707169527
0.487140275738901
0.492489024472562
0.539476884052431
0.317276960881242
0.199571564502083
0.283998832384725
0.481171030183323
0.369343214263658
0.503937496203809
0.42207320844533
0.576743410626321
0.445401900479855
0.602376674908862
0.636674624933343
0.348027307803044
0.397433364336845
0.53735322733107
0.580701458906988
0.553956276142448
0.637290561302804
0.545316666450817
0.375659878965715
0.570165757133852
0.350311185245021
0.281280800232909
0.293114875373014
0.209489620067412
0.152068397449795
0.596535995249637
0.540375590144855
0.545835833729426
0.621074447010751
0.384119423564944
0.636492267536917
0.305067274379777
