0.334074159798456
0.176479954629951
0.0266016136170365
0.0415477810571558
0.014270560426308
0.0995555933611467
0.340116059198908
0.436203154754966
0.320682910504539
0.235426358230423
0.545246432350048
0.642291192206554
0.453455221785662
0.623924058334806
0.538021135868505
0.516596447454765
0.388852227993227
0.543353901202558
0.364615903898419
0.359709880234261
0.376456643551034
0.261058378282106
0.394218909443671
0.463813374718651
0.468837349366617
0.513562864766877
0.574266684387955
0.291853479153477
0.426902027224423
0.41575574367236
0.553478898508858
0.422516930354373
0.548886200491496
0.518320670518791
0.601721154843996
0.529000935575231
0.295855525097695
0.428920817562612
0.649086872415935
0.393081054116599
0.431060561083677
0.415864813123133
0.393456204607948
0.406808384160046
0.449639148793654
0.555818917326743
0.552437133165775
0.593778490687061
0.560442208989807
0.562353292880344
0.590217124868227
0.36662348229764
0.39676227971374
0.543194284186572
0.503724679367175
0.348678803051731
0.431341283513428
0.639986471719294
0.557025524580735
0.595250633196828
0.580591992466567
0.60993959740392
0.419613253299752
0.33219514386775
0.535346634730464
0.408664643738355
0.492923593674554
0.611498449893453
0.628224946500966
0.517545710852954
0.506114949966951
0.639189441952833
0.525202385582758
0.491613022577716
0.355226915375795
0.237087211919949
0.63911640791921
0.48304211794259
0.516710876127571
0.563718546198067
0.600606270873919
0.597268912826665
0.598980823843111
0.636348820495037
0.603461340125883
0.507672456257464
0.573115876895376
0.421841785134487
0.545386493437939
0.633477185603231
0.571247022722783
0.4090528825121
0.431607981781803
0.623304831048939
0.616202440219737
0.519245042896716
0.608122148777708
0.588772145228262
0.607695479405327
0.62687933061589
0.610984146323792
0.413415247640573
0.366923324355533
0.582667504949851
0.49024042877974
0.536856279128063
0.505823846047309
0.634618255847144
0.544004989714827
0.413042235844536
0.136910798597615
0.565806998861022
0.433123985552229
0.568045256976533
0.567498442446444
0.602301848477707
0.528730724735244
0.640913612560088
0.47392087109958
0.238647012589034
0.515460320212645
0.605304801745806
0.642602124783503
0.511318357413635
0.55142958001577
0.563031302967606
0.396167582083261
0.409039168610784
0.44198960159393
0.352103780208854
0.481013929007349
0.316989311438054
0.443090651598293
0.444074647534639
0.586810950112051
0.488641383139789
0.609573685577388
0.567205907315016
0.594215742909329
0.624243483966039
0.643138490204882
0.627774566615
0.376603788621724
0.445771291743266
0.35167543165459
0.363242555256037
0.642199608535522
0.577221222143657
0.570069125861896
0.52082329238602
0.587481045955343
0.494150888423338
0.562935597682008
0.611680124085904
0.641514226396404
0.465273010819767
0.36346890254668
0.597029251577549
0.349567278346427
0.632393918846293
0.587734285662981
0.416939685186208
0.437432149155832
0.307532755490674
0.641459873545915
0.571636813121823
0.54077431500471
0.456816652818232
0.568185365557502
0.638509982127883
0.612775255870004
0.638944749601794
0.572255483070621
0.181159131315071
0.317372397603234
0.527997768161586
0.617550904991049
0.579954108171631
0.294360837017186
0.350178580245581
0.479498958574608
0.357863708967894
0.47647245020303
0.436659063577324
0.384672999810198
0.419270865156466
0.433157226318028
0.48415210859743
0.308538650597169
0.262289838225234
0.300717800068231
0.581573887991594
0.648189209732647
0.521478347959341
0.256449735869654
0.505842225180008
0.566556322363159
0.562919128919577
0.52260751587541
0.448801164367003
0.296477661570301
0.499602856470515
0.534786671029459
0.539020380578697
0.485311185093597
0.594714012276985
0.536585174776817
0.441646080844946
0.599742416972363
0.43740879436722
0.404084209567252
0.51027374838883
0.630181355935522
0.646077319662458
0.554245339163572
0.575049448789842
0.61973073946638
0.543810112555758
0.604832683169774
0.507386530854507
0.470415042563828
0.617031637302732
0.644981740886419
0.625588274647947
0.269626637607347
0.135550917556861
0.385773236702196
0.479731940647819
0.572908923252467
0.583975644425393
0.599958374417329
0.531303048723894
0.486407481931793
0.642578253008515
0.636283107743411
0.577967459185146
0.480947550130735
0.597844890877276
0.594795839874584
0.478462825778639
