0.199976663398985
0.641443063115003
0.632145239053795
0.611591858305778
0.543923036314314
0.530488942909677
0.560940571364481
0.447522485503142
0.590813546548921
0.602584975829115
0.490391310022547
0.403322161502414
0.559848401771626
0.47594079354946
0.512845869824974
0.496931007347832
0.577624687129822
0.632666315675452
0.440077346157741
0.445886891342839
0.556084538924732
0.460959490770243
0.535444601440337
0.262067714713228
0.504427692802856
0.428831293797666
0.404015834291381
0.291780182378354
0.570193360618936
0.586579318251047
0.589805800943195
0.53290835989559
0.571372303637582
0.583985711305868
0.577857952169624
0.572793534587757
0.625250633513597
0.638971166530658
0.588819264424809
0.623329450774214
0.621909328001639
0.586961118075014
0.544812596784905
0.558006677529894
0.537748805889132
0.562421435618517
0.622472274187487
0.515832135314355
0.619422445578395
0.536987653960505
0.633055974803355
0.482461008567029
0.500413471337799
0.384076686115884
0.557740511877125
0.546923790002807
0.636468016368536
0.350136635993285
0.336514346443024
0.608502950188421
0.596315631994046
0.574338753563563
0.633736731535972
0.46642817310725
0.647896429082551
0.647225936854387
0.489847428729376
0.588935243052104
0.590687091207612
0.339306086560092
0.296876046296442
0.416295397522114
0.626897910065647
0.617923692662619
0.629294225694737
0.581781775663937
0.649588868284354
0.451598423412161
0.431586512070595
0.642048210974807
0.56345038605016
0.58899969314388
0.597696038510595
0.647375289206254
0.65098017942881
0.552422887166729
0.651710926728029
0.619274948435454
0.610190730585647
0.528279277294546
0.530352300430196
0.47336599349766
0.622928926871355
0.605523057655987
0.647839472283754
0.484489687584771
0.368277101156535
0.625208867660258
0.574909960730352
0.652858139597032
0.61260262293907
0.525206984094344
0.553983007308815
0.546740395148332
0.605721219532045
0.631229322635856
0.641895401870698
0.582968307774819
0.543344518304104
0.445489421824961
0.491577289192512
0.598977646558894
0.635221799725343
0.58284231906035
0.502564295936556
0.558888747488847
0.587078848815257
0.538329067713729
0.548047818428705
0.528511045440065
0.643362315406846
0.466109047603502
0.5575491677674
0.381361288814702
0.351517228032928
0.406896394865498
0.631844236779532
0.585705429896733
0.311525623378294
0.573744709175034
0.531794263078579
0.468158733868051
0.635096167759122
0.614891444589878
0.611449625458627
0.451854156420814
0.613312198889779
0.582391132119471
0.623872087644525
0.461453895233069
0.639814117263879
0.594392512155922
0.588942534987061
0.586802265799089
0.646423573889196
0.576776189763322
0.651596975452661
0.599415033131292
0.556159532722522
0.479477917026609
0.476501637237896
0.563581554418663
0.529688602982555
0.619720646676225
0.575030840963358
0.595325018406506
0.593510582553794
0.610603550768793
0.576245495020515
0.564429948913441
0.611970965152965
0.623754329322205
0.645938283104306
0.590318927541375
0.627156877074595
0.562300265286885
0.583438939351385
0.596317590684622
0.649640758737202
0.597111330729828
0.571301925170701
0.641302303674165
0.607118569435226
0.396314382376764
0.6420249756868
0.562990069331203
0.63827878508188
0.60928471091603
0.6325910793608
0.560024745539651
0.551292602209958
0.443626729851371
0.524310598591793
0.49369989631283
0.398570095779607
0.493161789515289
0.641729237108724
0.222750278853113
0.601383244621102
0.429283475768621
0.585582125569247
0.623576844039378
0.62709230884444
0.627732193750764
0.453930626283384
0.503340025402631
0.532904090269842
0.597718919125713
0.641133767131691
0.577187125564369
0.525721680759447
0.526488626690814
0.415268845982773
0.392020494266525
0.365889227978633
0.60676820215676
0.45755920376675
0.472691174510401
0.47210505321133
0.493252876307008
0.640622266000167
0.484369549503397
0.575004687514649
0.58844676960616
0.466614526451777
0.5251055897511
0.540806985659364
0.320083617677007
0.320233162518125
0.370955191161251
0.428548992882483
0.545125192013569
0.628607885117093
0.58396605628078
0.616599533340428
0.612310838482201
0.557919388199451
0.452447373751732
0.444068263593828
0.545971196712807
0.615459890172969
0.476705168286385
0.600136420884783
0.55317821046595
0.628111542606499
0.585059135166665
0.466773747598054
0.380421528384381
0.621984635160538
0.403551495482214
