0.465722655767517
0.291720426403452
0.231293482114103
0.202290345236672
0.585743027202319
0.626836575252088
0.146154000662966
0.397575447728159
0.463838097684551
0.480659549653707
0.518635774053842
0.537677346615121
0.517127734252472
0.560451476854559
0.289559111594688
0.425543411229737
0.50584624659596
0.640883755803674
0.424693677372765
0.492029086926641
0.582915897288825
0.390867941197512
0.612298587765152
0.440773688851157
0.645584471886046
0.327068480807956
0.36677769172028
0.419055547661824
0.426685981403571
0.366547169687034
0.37273976754467
0.361370492125629
0.321307162304642
0.314558118584333
0.560244121112395
0.561998647046603
0.505545526631409
0.617425813938953
0.424032620705985
0.535562123330543
0.524686867481008
0.489412898156093
0.251225753348707
0.327458394948626
0.56021278761652
0.37603533798689
0.379968237765007
0.401974620905584
0.11045419906429
0.615821125631637
0.64038425882981
0.49596833618704
0.433314477973385
0.547518890856197
0.440603115774353
0.311451773627196
0.39079347233614
0.615648759773234
0.549493731117807
0.619654510932548
0.565030802470322
0.542770151094534
0.505601495285513
0.550420367306232
0.568705035688123
0.343405943418155
0.553549806050491
0.543971608804045
0.412114827054498
0.483086005046032
0.601267946596723
0.64321278358683
0.449815261813451
0.522533328208491
0.516785023887875
0.582033510470168
0.609959490724862
0.528379007926216
0.275867849167204
0.40448117356794
0.396806879272452
0.379658135058252
0.628554442927474
0.557707375339321
0.613504056547519
0.431290790702812
0.562561938678098
0.50661088838263
0.573870766989682
0.516056987730751
0.586464528958201
0.589584601496697
0.586337745365394
0.475488590072348
0.641744630539957
0.57361265860009
0.424437221762472
0.447066084657291
0.652448953155739
0.592499131749205
0.611594328972983
0.621515259295279
0.505715319750543
0.594899724885589
0.511256048263793
0.422891091242385
0.525530482308153
0.615212158260513
0.616222940398847
0.532221448394211
0.432019501416495
0.277711545838509
0.612160535683855
0.517792351365707
0.445806349824183
0.382109855112748
0.393679822201835
0.64884278638009
0.472980578799303
0.596185187800496
0.549598881034413
0.506887914287151
0.391504296470994
0.612345969178947
0.591057971006898
0.559616977866013
0.49750362230677
0.559973658438853
0.48696122852909
0.432530614149524
0.5508630103264
0.526538139333689
0.514410509220845
0.379973695507972
0.409867828497319
0.387708550503245
0.62724810457998
0.521503766669016
0.601959779810457
0.636630803929822
0.533881867424212
0.606063297294798
0.620252704710949
0.599334009047365
0.635890663918709
0.613457190283542
0.515245253749668
0.583261798507767
0.46692359749885
0.602620043488452
0.141397404227661
0.513070482262643
0.513575789874936
0.650508995781503
0.545409414027295
0.314477301534618
0.609415609746007
0.430430518307114
0.639820927371835
0.295073514745171
0.278787161945365
0.417710303075966
0.620076470585516
0.491803935829911
0.636255989678239
0.626969602423464
0.562730807529762
0.366522301108811
0.449403264956782
0.397232659926462
0.400370934292401
0.608001333885971
0.327493294751308
0.542498945805922
0.464025643985804
0.35855806709217
0.513657767415745
0.606502181292673
0.551739063173856
0.522817250382315
0.49641994254454
0.337847656013211
0.589871588879731
0.346514376166742
0.284426260654116
0.264130921769067
0.389089492231627
0.490457061817771
0.146117589896312
0.246017275067279
0.423026188657852
0.443721704808762
0.322574724623933
0.304312460078858
0.487933044102717
0.607933895244263
0.551015277250437
0.562364277970116
0.589200578767965
0.530844292767623
0.566318094982067
0.502446264346394
0.495337326537396
0.469897884698119
0.355009383227443
0.404252264180646
0.624651187725142
0.609294733953825
0.599915047414672
0.51017331957886
0.646506924042245
0.422801470853715
0.358334128428554
0.418401743819016
0.419478131372482
0.548664769952901
0.567156256739516
0.504188020061003
0.42542193953367
0.551687972565182
0.437387386240329
0.613797808557722
0.585190922948408
0.564633413653966
0.549964645016804
0.532828167572152
0.558908009995241
0.525184630276963
0.640410105372791
0.620397640738732
0.65185914436332
0.566666616578168
0.538801873478573
0.555618692177722
0.479451634338824
0.581690038632343
0.601767696386315
0.510321472168599
0.405158889038954
0.630882633711211
