0.521786830288172
0.435170956898781
0.289258236094844
0.293030580375525
0.10226502775657
0.356675392456586
0.117419935680926
0.382340600136202
0.541387263992103
0.500695281799184
0.520503447813913
0.332217461738037
0.637826288877288
0.509737015030347
0.450800859862518
0.568866950514854
0.609609017047565
0.579186214378675
0.568900093863136
0.445389166862881
0.428214094683295
0.531971183284935
0.525170678598357
0.208203008459761
0.368687336820643
0.291071086605312
0.284605420102341
0.460639941317873
0.61916105384575
0.477948238573557
0.572281934085906
0.295042173739057
0.279312989676138
0.518594236879377
0.560781421529391
0.591095621929564
0.644877077065543
0.458987600462039
0.457123374765536
0.516595293643736
0.615290695366118
0.343088239850942
0.388757359786107
0.323729632673311
0.424447227440013
0.43279070239058
0.297138989277184
0.413055855024524
0.415720017363317
0.425691608845722
0.362988838937229
0.301552515634801
0.534953144395983
0.522445070509015
0.637536899309593
0.15693782861717
0.551000420361059
0.250920682562282
0.357341284204507
0.595714130911493
0.45078221091954
0.396631801640341
0.43224409700511
0.500566680413904
0.584186998272777
0.647896159603394
0.553119079884556
0.540663369751186
0.459052934870357
0.486777119801039
0.531591543506557
0.513055687716923
0.37121614319901
0.193795778093161
0.309116090504211
0.380147881682596
0.557414006532869
0.534978425442302
0.48851858963989
0.499538881993039
0.514154192134272
0.59381298792921
0.539451387496898
0.445865002807515
0.559327297887215
0.589503220648487
0.622803357660222
0.578392785132179
0.600530426591217
0.546259830343537
0.484593274315819
0.568087623261687
0.492003695540385
0.425064424189005
0.62167357335602
0.311715273169464
0.28031881862796
0.476740492095938
0.517320741064828
0.495438087552569
0.503723043207586
0.593269476544314
0.31520823826326
0.599194432141374
0.529679507413978
0.396189733397449
0.514938382080523
0.455296615674626
0.559000252475931
0.599366525816743
0.392706104554057
0.419883943942572
0.49789515474895
0.463604339236859
0.414460065174615
0.431569969962858
0.285824477637419
0.255655083552236
0.370393773672862
0.488154240726493
0.431792367778253
0.192011803401164
0.25163447929335
0.224874171367846
0.373470169038046
0.488063399359282
0.544365142216646
0.592308985204669
0.629651941240194
0.480401867422332
0.603899685477175
0.547630899273379
0.500716572275155
0.493821064519129
0.530112153443504
0.53258491448077
0.627282530527032
0.370381790003739
0.386091440019663
0.449203035083599
0.463291056649603
0.474183081115979
0.524367015028053
0.330320795605254
0.56833585030175
0.610644945262838
0.616375265130308
0.5233874806556
0.60888300868322
0.51002721847831
0.517137172109225
0.550176493297802
0.483134431466199
0.558644044252113
0.407992318422665
0.400904644999607
0.575133824484656
0.511419243565062
0.61048343554857
0.581662555882242
0.435377569975239
0.600764872073397
0.630041251170446
0.567034455082524
0.285583637802504
0.466918683479071
0.583955613120016
0.568324961820797
0.614721158859029
0.524993230252527
0.60518804491288
0.563868577126411
0.468757245721479
0.628252644591978
0.259985084112268
0.380113995763095
0.537826682843742
0.585307233911791
0.627311224627282
0.562654196876244
0.398037104269571
0.562411601518979
0.597565940322957
0.49704879469398
0.477891727874977
0.538225204569447
0.510573776609206
0.614500915089241
0.545522834488191
0.530497641326394
0.523442102095025
0.630212656539166
0.579299801907468
0.572866452075968
0.44929469934525
0.392763479934074
0.52081321655036
0.565858337062877
0.398394847337622
0.504964519041087
0.200989213334379
0.616874950312544
0.456299195417902
0.56051268121006
0.596434048370016
0.529965622439515
0.398333650965244
0.50634171323473
0.471809971120203
0.529885205371305
0.548749260595035
0.512022272257892
0.387447521795714
0.646650927390919
0.529473645582267
0.433856787580065
0.440205852992179
0.039177181548439
0.623082923235139
0.360316457687158
0.489406146787873
0.565115621024715
0.592348115570331
0.565376450409181
0.576950957637402
0.553098539161765
0.45246495741686
0.453569918033434
0.458844173566009
0.43587492795405
0.609904542990262
0.603223175813282
0.483662067887147
0.614837372165456
0.423161580838729
0.596346339951968
0.594377556683329
0.533090045675868
0.626878433371894
0.566798720284567
