0.2
0.199330143427944
0.197191152459142
0.189321679056662
0.182569314409465
0.180054873814419
0.182836851877704
0.179859609799043
0.170427563888536
0.169163453979001
0.169220279887834
0.161913763773211
0.158113773376265
0.155910222315745
0.159774353261621
0.155060195112185
0.142527883578607
0.143349625672729
0.150697534582161
0.152505246055828
0.156197484160373
0.152342897100904
0.158401444998169
0.160225939607778
0.16167239634932
0.157950739736268
0.160211899934553
0.151625301551519
0.153991519503741
0.150828453118427
0.155149321139304
0.148074770930669
0.141366728416158
0.13914182150036
0.140342145122102
0.135906993534862
0.124824384681395
0.131620034307687
0.133104349796175
0.125488683383426
0.131478450100383
0.122405333218372
0.125285357499703
0.11391750770828
0.114848076204977
0.115612804118751
0.123910807638637
0.117785195723217
0.116404714124318
0.113322175369639
0.107897775724891
0.113345119075279
0.117543718039525
0.118729891472031
0.117117620069576
0.114138426933033
0.114926281099734
0.10780246809457
0.104453099287018
0.104964562214957
0.0887058546189674
0.085488989193038
0.0859406362643863
0.085097095801721
0.0822488434781602
0.0852138640155366
0.0687573624384871
0.0578960703639661
0.0518254591571515
0.0502197440580838
0.0466301884183102
0.0421015141492151
0.0479314807529934
0.0486500536424481
0.0480001328613051
0.046684160644279
0.0470408446873512
0.0437844325774844
0.0399335661788333
0.0431878320229683
0.0448421227435722
0.0456301193874737
0.0420108212348481
0.0379996604997892
0.0388894422418946
0.039956974674874
0.0445640821506552
0.0410810663116447
0.0418026182260239
0.0417167327938378
0.0390264688677862
0.0391861524891402
0.0378709671685577
0.0378800431764484
0.0301176511202738
0.0320989894610081
0.0331252510309402
0.0380216845194061
0.0374792157820292
0.0392578696933441
0.0375333593984513
0.0356663459086237
0.0389994965287411
0.0376920955571365
0.0361496149230635
0.0369617325713744
0.0472961588710345
0.0414805063832105
0.0427231803111286
0.0470548629568444
0.0339846157742218
0.0294701139755143
0.0324599642674683
0.0367345249275876
0.04050625942943
0.0388315399253493
0.0375959689030378
0.0359800051391969
0.0381725326419721
0.0422323846725671
0.0405920422850625
0.0404752766183095
0.0417067103069724
0.0403105231286822
0.0369545465771111
0.0422045175561684
0.0392124849202114
0.038857265123567
0.0392393922154614
0.048092465186567
0.0478868076972582
0.0523164528351196
0.0534115235846839
0.0512944436831749
0.0504805978488322
0.0453745856345603
0.0497148054582039
0.0472542878005584
0.0462378264468147
0.0423654400891053
0.0461047977891807
0.0414662088855991
0.0406453156723046
0.0300622727064565
0.0297865613218546
0.0404475443571955
0.0376175606229217
0.0382539116662802
0.0404018662440563
0.040342649482104
0.0413333964672936
0.0409800817749977
0.0389732810019661
0.0359110088707608
0.0364481799747799
0.0362384436488725
0.0386547850738619
0.0368099142354114
0.0316646670013798
0.0321808008256508
0.0331371870508572
0.0381088559014877
0.0367269835575301
0.0355355616179661
0.0357179007154247
0.036683142489626
0.0350998563432704
0.030888159808887
0.0303541858790214
0.0310390049468497
0.0311620285979694
0.0308040062397009
0.0359345974785497
0.0286724481500905
0.0288309596395976
0.0296378117437399
0.0273259588294587
0.0260461032284799
0.0248400759591166
0.0233235262966926
0.0250949618522878
0.0234041720605325
0.0236243101836576
0.0230752184140061
0.0228714184596037
0.0242550846648236
0.0216074398339559
0.0195324565041442
0.0193555244275941
0.017013853641062
0.0164277324288837
0.0202816707849256
0.0205122062214827
0.020340166954937
0.0165759303625154
0.0176898565381597
0.02376495608422
0.0238963984634265
0.0244668606378001
0.0258399493338782
