0.2
0.195283049198756
0.18652963885405
0.174108587919389
0.172055214911085
0.163097051693909
0.154239116828339
0.14477097044156
0.114296834393563
0.105911334733638
0.104520756541523
0.1014392942125
0.100985740843517
0.099450683946201
0.0931506679425402
0.0945274023505638
0.0913976384945503
0.0892960299898828
0.0848380205157286
0.0799655148462466
0.0792904260838448
0.0774267075784022
0.0755480535770584
0.0708725015997319
0.0700925527178849
0.0681751622071936
0.0657410245214235
0.0662820686516936
0.064618959342719
0.0642728364754689
0.0635033694215494
0.0632233105776182
0.0594561236912552
0.0594384137426671
0.0572292409968011
0.058158831838295
0.0575764297934724
0.0573508864704978
0.0555890544171904
0.0533983954431948
0.0505007335671247
0.0497014535318892
0.0463602805849515
0.046316063335126
0.0456246973000617
0.0455508203611762
0.0451892668353178
0.0448171953594036
0.045031359119479
0.0386404277739167
0.0383992544357231
0.0369010346018428
0.0327062684799403
0.0308051577516941
0.0304997102025565
0.0299877259844066
0.0288660246574243
0.0281730905744579
0.0289024673037594
0.027770347646284
0.0272975608485484
0.0244996338137846
0.0230931002137293
0.0221414975673625
0.021971228740094
0.0194197893729839
0.0163595021054682
0.0164973643177404
0.0188518896462804
0.0173811429895383
0.0180764931559528
0.0179361837125614
0.0180665570581973
0.0177504474427218
0.01884293214256
0.0193852069478796
0.0206069326430093
0.0201562416835121
0.0205337112220164
0.0212204516352571
0.0213249253442721
0.0280225852125138
0.027285526503331
0.0268671218279762
0.0246340208927365
0.0248848581442049
0.023569958287179
0.0218680645107702
0.0209835609825069
0.0201742495071891
0.0205228719845105
0.0213687952366493
0.0199572099900845
0.019333766316456
0.0195711767371353
0.0183004704350902
0.0175880265395449
0.0168435674798965
0.0153651482189392
0.0149891384435165
0.0157720673574836
0.0160173784027919
0.015592906342409
0.0161576995672122
0.0164545149498984
0.0161595709609376
0.0138665980240253
0.0159576558778102
0.0147771929050024
0.0140088084501109
0.0123491284529649
0.0144135212838814
0.0117933038667725
0.0127216946218955
0.0141179039532775
0.0143585426234042
0.00954676023699242
0.011686160451988
0.0115909815703821
0.0107861037634507
0.0144347656699456
0.0151942399938033
0.0182370094446927
0.0174489256948467
0.0144107902200284
0.0168791963402678
0.0166691480741049
0.0156746324930324
0.0171421559973223
0.0181495545295601
0.0152177760357571
0.0159118754563167
0.0153484287287558
0.0200531122600728
0.0184548608296368
0.0183929747764602
0.02143301964281
0.021431840445183
0.021561016652604
0.019882797121707
0.0177191190050899
0.0181952035889539
0.0182997505373791
0.0195555760655498
0.019436784182628
0.0197677287908703
0.0187993701253221
0.0173190478162248
0.0211189873335568
0.0223765028220763
0.0214975048444925
0.0204181535380424
0.0203368824854255
0.0203285146691795
0.0200291164419082
0.0220486521573696
0.0193942558830102
0.0193585468682451
0.019767386811929
0.0217009501855264
0.025384739865769
0.0211948994561988
0.0202930871130643
0.0223864369444717
0.0243654614266112
0.0252330925956676
0.0253306368858823
0.024885722154818
0.023829393328452
0.0251072794987193
0.0231129072442848
0.0225124404320147
0.0224313303883091
0.0248378995681568
0.0221572792855895
0.0234209706458408
0.0240070697513026
0.0233045767607106
0.0265272562640609
0.0261281707535411
0.0283674520489075
0.0342561799362041
0.0347094225399377
0.0336402240134597
0.0350284768072685
0.0347456341485133
0.0296954319117162
0.0304512492453262
0.0240868730214102
0.0254277570354033
0.0287167007060639
0.0283733516085205
0.0315495301803922
0.0283374437623004
0.029569042930907
0.0323235500297726
0.0316989673386044
0.0330257818090026
0.03666667160997
0.0380922694732418
