0.17
0.173321262142255
0.132991833708112
0.132687379134069
0.138905006577755
0.12367695106573
0.133629069030247
0.123177150067184
0.114090311168116
0.140444863972904
0.136745453707648
0.146678935634135
0.107555435471371
0.111152155489356
0.136643559307984
0.0939917780144197
0.0899099858872096
0.102450872645412
0.0975559693346886
0.133912751047456
0.135135153841354
0.127347575051388
0.125988546389555
0.138069589529214
0.113194975467976
0.104028253550057
0.102214440102575
0.113421883969178
0.130244330380374
0.127732658454018
0.144908069874482
0.16634302788783
0.18238677502
0.133815876216726
0.141915368210184
0.150423490133094
0.153814225572711
0.152139186011548
0.17800118504802
0.190028767250586
0.197660604951522
0.166059983371029
0.16899468582621
0.197023340069038
0.187719639132302
0.174461197643648
0.156620279499644
0.191277134315891
0.16509191947711
0.182133706178296
0.190339231043178
0.142069322395788
0.15023445441169
0.208679357933644
0.209793840108765
0.162298795129065
0.176001978965528
0.193857997045405
0.171647535137604
0.205954613261127
0.20378770544733
0.202028165524386
0.205696850220247
0.2447086366064
0.245894418290134
0.1813862658444
0.198840140296939
0.247393136677704
0.220718521338668
0.177306246931416
0.178205006856985
0.177829048582563
0.183282013756722
0.172643534771846
0.216235934742591
0.23872457791264
0.236379940912353
0.237617737308356
0.234941667445843
0.186253196287883
0.185823418418218
0.186652747164637
0.197206710862025
0.183542781818191
0.196482966000813
0.188450854097582
0.191512937765948
0.210688099438472
0.21757438792382
0.20602445968277
0.213714064741098
0.175818284585932
0.188424649078122
0.212421209175859
0.189757763185991
0.17457971906257
0.173407471335054
0.153127067304586
0.152519853728652
0.150501317411594
0.138381346386134
0.168331586863733
0.18936090625652
0.167616668365569
0.169849591437777
0.173730407866566
0.182530767905694
0.175844596756435
0.163617459389973
0.157648359026812
0.195718805832246
0.149052938752606
0.152517152133168
0.170702722363981
0.149568986110006
0.172050901586191
0.177187362699822
0.194345994196548
0.19144522013811
0.175983865335377
0.163335704670031
0.168099442495248
0.211956869726471
0.205777800996658
0.20679940832177
0.171682345159758
0.222427503214976
0.156161086310336
0.192165431219619
0.226235474308007
0.220012444875877
0.214400076294902
0.214021692626154
0.21908300377877
0.176939890979616
0.200196497670241
0.208676027579435
0.180215716487384
0.193515686060184
0.193920857682195
0.185246067453035
0.177231266734633
0.211658056507522
0.230914327230288
0.227537552725261
0.195628961803895
0.18910038392207
0.242230424303855
0.199088218496359
0.198481568127243
0.207478632166543
0.217206057219835
0.206792177402287
0.227765458555329
0.213038481864241
0.218521422552941
0.245117887234598
0.258788355104046
0.243806427769984
0.22526814084397
0.208438795928512
0.228554512897198
0.210061465682813
0.220959436845724
0.228136526064603
0.233086319063126
0.18464141203823
0.229398536264393
0.215691375439211
0.189559511343981
0.195008859421638
0.204462691274201
0.181594614688403
0.192065171131545
0.214179981697131
0.192651488734061
0.18023377632384
0.214487058226367
0.19375137511226
0.216980823933797
0.183716497523004
0.207570252173535
0.186984732644404
0.197402456571773
0.196601335702697
0.228523779632088
0.226389003378287
0.239195195937695
0.232413284322006
0.191938779357831
0.227102113281557
0.244053392004812
0.21919749782335
0.220818566268524
0.205596664882853
0.21258129035534
0.185522109587917
0.189985760515849
0.226700614275238
0.195553486222047
