0.17
0.163579035459401
0.154985682097606
0.188163490431193
0.17301223506762
0.159219177283723
0.163353813714591
0.18224560123329
0.167014605900629
0.161247078480715
0.133714600929095
0.112699457068038
0.113604197898322
0.128876644657161
0.115293066004518
0.136729208361323
0.155912089228948
0.167471738707457
0.179794883484397
0.15419685111456
0.152552290379761
0.14412941033243
0.131853595888538
0.140757944909892
0.1347589788208
0.140152856401863
0.145741504719858
0.129314291121858
0.130469970076647
0.129836343411679
0.139926991577716
0.148833990139874
0.131584751605805
0.116460874803378
0.147349731480449
0.180092818124166
0.161794625673814
0.153305214532182
0.147711015230618
0.20142866409786
0.180834391755722
0.147303965470445
0.155786662746536
0.120689191295374
0.123668322281527
0.128603884905179
0.137406165412916
0.13819493851694
0.159809071272058
0.189473550094773
0.152749692693837
0.136974784805312
0.15250712816538
0.14940166037636
0.12475839043579
0.140167542954006
0.151684912418325
0.129087841996944
0.143064695760563
0.134617808837512
0.132836647296232
0.152209101524755
0.133891499150142
0.114732988274765
0.170472910466401
0.168541507838869
0.168425127022853
0.112090155598386
0.11529761820784
0.144174116635337
0.143819789537728
0.148098212462436
0.138604154413792
0.118285402030865
0.13408473851562
0.129836299852291
0.105833990085742
0.102650601185033
0.0947416900896179
0.0977214382321941
0.0957093060345056
0.0800399624974308
0.0748279954424334
0.0695199297039775
0.0775635913874769
0.0774346058396626
0.0794297023551292
0.0953846073883147
0.115653236670036
0.137369024994211
0.156698475044587
0.145547102242362
0.142748292491348
0.148301158150131
0.148386810776026
0.138873875809148
0.132864801453575
0.143706799077205
0.161087827838679
0.160476694936654
0.132774843097166
0.14071092991497
0.137079275877456
0.144121098267083
0.107173887112682
0.092420267852505
0.0975398258688626
0.115657394772793
0.112383638625437
0.100214962960151
0.0989014767430813
0.130238180092104
0.112561560653159
0.135775173855106
0.12095768131868
0.139015451509116
0.139555955824549
0.146396775078108
0.161369737758785
0.172622980158141
0.157155361934706
0.143238118209311
0.135782164336754
0.133380027308526
0.129817214018291
0.129117934851203
0.128781374247875
0.112968901517789
0.129367100396546
0.141021277599875
0.137914359233546
0.134824386685969
0.109642703345319
0.113796764367188
0.115902999258917
0.123430243514677
0.124291905575875
0.119256164464353
0.124099814759947
0.116699116692719
0.119642695127533
0.131281539751319
0.131419145206402
0.135301368363255
0.123021906682686
0.124215702862412
0.150326195379774
0.130407017874035
0.156767640455891
0.127265231513434
0.0894194451913547
0.0927945003151186
0.100977253035902
0.115877833428721
0.0976673331687757
0.097230466571669
0.0923840792245224
0.114944810227411
0.0939127066989303
0.0879190511102165
0.116058405665587
0.149973907355688
0.149801626221685
0.129929421659729
0.138282306307654
0.135164394844444
0.114181823398774
0.100917975000485
0.0910097992051148
0.089091605037848
0.0940757591905397
0.102793150773474
0.102160460493218
0.112505710716018
0.10851543828522
0.0978012018955428
0.0860966955690887
0.0800793944189376
0.0825754528557445
0.101492266449485
0.099370993692842
0.105540896128085
0.0961953121632936
0.100272988445498
0.101061265228718
0.101715572008432
0.0964213040659359
0.0944920698326167
0.0991022631122892
0.0923403510515291
0.126078841734184
0.138084059823916
0.1402600383049
0.130135880432937
0.116567461396845
0.120503408330959
0.109825045933157
0.115023978156393
0.109060506485058
0.107497798250822
