0.17
0.165616544685481
0.162629523138411
0.163807167232825
0.171312823026485
0.175448615598332
0.147990645785313
0.183716784389595
0.198726174338146
0.209037879414428
0.169509440072763
0.153891774020737
0.150605940590773
0.151857662499409
0.17214653864168
0.173313622529842
0.186537329631027
0.18595082613487
0.173735136172763
0.152000670437336
0.146621119214468
0.144686005384892
0.158555761963317
0.135234673238433
0.155385968141727
0.150026756317575
0.121716047719254
0.124500862826548
0.11259109631997
0.104244776859399
0.107206904625492
0.114215458870413
0.115884226388586
0.127891374768197
0.129666146819196
0.106598843552191
0.106493877285128
0.142334719991528
0.178291314462283
0.201175013619308
0.243388322275529
0.225295793324573
0.222322543756224
0.183866599808309
0.155759391538111
0.173095862020937
0.182930046120131
0.180783804040829
0.142910615480375
0.144787187554334
0.145087498256769
0.133357607247066
0.129403612434491
0.160100710402713
0.150002743615668
0.13996206523017
0.125538875870607
0.119653234866231
0.141991658871046
0.177787241620992
0.170058304970595
0.191371259631241
0.171857561462238
0.162569853248782
0.140731702378505
0.109257082455731
0.0972375848314308
0.091598407961775
0.0938605854897597
0.133733339494955
0.108367820273238
0.117051467591756
0.113105027889706
0.132816365643894
0.099005702497685
0.114626694526282
0.130499499554738
0.138846457024454
0.124217488627531
0.123239146998114
0.109437436292923
0.112729947212024
0.106521378858588
0.108609156337663
0.121645518881549
0.107445308828708
0.108909512384169
0.132515653149627
0.132160741864925
0.158511876861662
0.144061339390229
0.149166898501685
0.136926275268607
0.141574309068812
0.148211575808873
0.134130458330515
0.150593327100523
0.153609148714922
0.118704374640813
0.132738713461789
0.105311986686143
0.147683588237312
0.122259413056084
0.110249877514817
0.123336106983796
0.12392851297112
0.117045811203641
0.135285714498582
0.119644229453564
0.119622578244024
0.105202375595325
0.0999783844386471
0.102050945069154
0.0866732232749147
0.0914861648120391
0.099025886975959
0.0967098490122567
0.0922735768443001
0.0949302073762287
0.121409242433723
0.15052965123156
0.142332514832301
0.137688148568939
0.143734025357396
0.181403131702418
0.179038016414117
0.193665409413484
0.216101914785169
0.171014756736132
0.161875324689935
0.150740677431821
0.138022409620389
0.130164008897934
0.155234982893447
0.139370973070219
0.146172386153329
0.124508342099532
0.15175018857738
0.138853051478656
0.15548325352332
0.150294438372626
0.184491152179719
0.173921201374214
0.174045809169173
0.210500048205344
0.183773559180834
0.251072833611583
0.209500616623572
0.170360087786123
0.155656227075922
0.174534719769073
0.178022705248272
0.200945839418008
0.191850296855916
0.197026354199427
0.213457980095987
0.216150300634303
0.181195432850278
0.157911478514446
0.189227951228098
0.186333728655373
0.221778287983819
0.192216418342166
0.196107304919688
0.17925638275255
0.147536879984907
0.113683583983348
0.118547061412092
0.10887644393714
0.129889200259862
0.117396090738555
0.110403463751825
0.105225576433938
0.163857321260186
0.173531304265691
0.167304924478171
0.152744870708128
0.147231468617901
0.210002738631128
0.208928154390584
0.20484288550134
0.180048141579329
0.166021445719579
0.138442367595362
0.123853536867894
0.127381270858664
0.154015853595916
0.126563606865105
0.126924685163813
0.104952956334034
0.093453133502523
0.0906176889110012
0.0915000691321527
0.125607049636082
0.121281814429305
0.149788759101469
0.168685680007834
0.162967706647857
0.184669452300959
0.134783516305005
