0.17
0.171711914505471
0.152465252431505
0.130836623352411
0.11038992588391
0.13804151042664
0.12000403838066
0.10298563542243
0.121137886797137
0.146276554748196
0.156237827811293
0.124517117523624
0.147603008095671
0.136141703240993
0.147946163043527
0.117926165340541
0.116684253145409
0.119392913989958
0.112991318134421
0.134101000914607
0.140019783801113
0.133672470229707
0.145545476564368
0.157099861216584
0.150094913288056
0.132005284865154
0.12462849175629
0.133371197135092
0.140390676274098
0.130698130166829
0.123089428563516
0.144974787722345
0.118827966170337
0.118745672236136
0.133520170484777
0.165391951390807
0.184702200658548
0.17801074433559
0.127052380283892
0.120065354797951
0.130791484698086
0.113538804292455
0.11448956646273
0.142242502873834
0.158111152156774
0.138735452374474
0.134892103547
0.120037373737459
0.119123812004039
0.117148411083341
0.108679428244604
0.149345211411312
0.136282176317944
0.133940443580932
0.119377117714904
0.111014683142435
0.107891010110969
0.160599181273091
0.117831657954757
0.0976624344356217
0.131122518925362
0.0874702768594248
0.107800229155246
0.0892045548013719
0.0860275871763512
0.0987773298898065
0.120874970860652
0.121222337268245
0.121575612476804
0.098335259309508
0.0868365312574623
0.0877762927746771
0.0815409331272959
0.0836733444446649
0.0775392615252083
0.0770343426770313
0.0989600553382773
0.113077997101795
0.10445678314314
0.104842304027483
0.122930891129894
0.121847065454749
0.119904840721728
0.129739958831528
0.130262592505287
0.130848122903477
0.128014126230626
0.120920323304704
0.142784282633629
0.135348841272966
0.155761349564805
0.12029996629505
0.113225173089111
0.115772700359194
0.144783165752755
0.123725306757064
0.110874914508933
0.102514747182165
0.118302375603118
0.120860110834508
0.127841926490958
0.121922702981232
0.124912859673981
0.124493737890843
0.0896052550259478
0.0886263672865218
0.0988030045461193
0.112102306112527
0.118239035511216
0.132344113700574
0.131326781514118
0.107717618589986
0.135099038202448
0.117728863480935
0.110467633781422
0.103059979619983
0.0894444745857096
0.0922938315305916
0.0978701447572164
0.0983291895418061
0.12913081252784
0.145719377033574
0.173352167721075
0.140858058442226
0.13669407326096
0.153578301921293
0.142265884624141
0.141424492035615
0.146080748216773
0.177264845249048
0.180925325673115
0.14589401788846
0.148792183043688
0.126726455499925
0.144162376194793
0.132231759011735
0.132479620221091
0.145172617748679
0.138781207696107
0.125488517898193
0.155453370124943
0.147343001736063
0.165327576105496
0.172223044438368
0.175385479737408
0.183483777772285
0.137754488335137
0.129186484230068
0.131921093904226
0.133525947794589
0.146724687016842
0.158007321571216
0.152133022237745
0.147532464193741
0.131315111978304
0.13982687050584
0.125842376890217
0.109927525581624
0.101759507317061
0.109969634552589
0.10385906116169
0.0967613300308978
0.096099673411877
0.102393334890379
0.124943774797678
0.132512466000444
0.116689730394101
0.140909630204099
0.144129276406944
0.106471340076833
0.105719880920599
0.110197509433535
0.13668817298031
0.125623697898076
0.118350603984553
0.128075986226284
0.134848639253266
0.118429982491567
0.13190792474071
0.151807126408987
0.129298790159483
0.111348394574628
0.124919832176682
0.120642223093942
0.117228032849268
0.113843214269392
0.114465026265401
0.136134898939091
0.122533360988516
0.120698788185108
0.13166588002143
0.107647539168776
0.101626705572641
0.117576970983992
0.104879951347132
0.155920425692203
0.152595588203092
0.149548108416436
0.163078095145951
0.158285366952026
