0.17
0.153963932551559
0.145609276886127
0.120068238548226
0.0854465813092417
0.0841140392056957
0.0817562593141449
0.0868417922724034
0.104814750986667
0.101647400241292
0.148280341461143
0.111319782382352
0.110161065133078
0.106722588461847
0.110496097571988
0.112552540816845
0.105757526610946
0.105032758287552
0.134868407474558
0.157809458351255
0.161681332562284
0.146461609215349
0.147172322563677
0.125749571353993
0.0997802422610847
0.11382078335858
0.135603408484017
0.137422715317713
0.105627407155079
0.135347780600122
0.127755767142613
0.123268146396033
0.116727157330485
0.106590524618132
0.104300660974202
0.110672736874736
0.0884292307367187
0.0903696174403956
0.0865158638830062
0.0825045253534095
0.0897543370080686
0.0973064736189921
0.0937769699017247
0.095145936898574
0.0826674190017138
0.0937235026507719
0.0751060127562119
0.0771084210240141
0.0851871935241396
0.0849974292684333
0.0909504587953431
0.0950620228583116
0.115854337199601
0.105803731940198
0.105656482608591
0.11267569544505
0.10902542387191
0.111035583713959
0.123232382410346
0.132269183095035
0.142114701119477
0.154181436797528
0.228188693619973
0.25669452114723
0.261862863990841
0.275285463509529
0.246403184831069
0.201588912665722
0.193955402824159
0.156425317337936
0.128666212609845
0.116032012721204
0.15511176831642
0.139023114098599
0.100731543830396
0.0826108191110634
0.0778887498468365
0.109332455532394
0.115503395780073
0.111531791426041
0.103653397128017
0.102063201409352
0.108015299382689
0.131859531997704
0.097228430176067
0.120431217489901
0.139968008961937
0.155982627539974
0.159567060858188
0.177318530361365
0.139770895864409
0.198758445699815
0.20910941278233
0.156706679516047
0.191122670688535
0.204046897771343
0.242905975884551
0.254558058405466
0.177562456983334
0.174486828834511
0.220810637394786
0.157129023429926
0.155781905899498
0.152889815085414
0.167461694230485
0.147947626934976
0.155701290897341
0.173671163666698
0.164307673254229
0.203216286657508
0.266554810343598
0.304000086543868
0.245019374867465
0.22959554367028
0.185770992762232
0.253883425293617
0.253296177543176
0.265009370441139
0.256896422322648
0.193887958137518
0.194804482378736
0.179760592149413
0.167237259717206
0.181939772142416
0.200006895721825
0.153626257742148
0.141762855667726
0.149538561849945
0.183568724227919
0.140786281206831
0.12986549544626
0.0977388139318939
0.0838176579153708
0.0974691253660994
0.122538921496523
0.10349108411606
0.112057010858528
0.112651849581716
0.104365348983954
0.123610070550731
0.104744131106544
0.105253006062902
0.101469316392796
0.0952602940622285
0.118561605640786
0.117531634482988
0.124990434580972
0.127372473691955
0.206817181917816
0.182623209800626
0.196419493525979
0.163866808897332
0.157511931180707
0.192854891701082
0.147564429056536
0.147780615890944
0.145702536240523
0.163077884047025
0.165421504193351
0.164129051031183
0.172991182564873
0.217233633992649
0.222943438655311
0.177601362654086
0.164491184579468
0.136924973415527
0.137616200539785
0.180843697786452
0.165795009558523
0.139441286822817
0.159224544660449
0.174718395575917
0.205295760054472
0.201891908204836
0.211658921562792
0.197436611152629
0.191137659447435
0.209171954726156
0.230549079883388
0.230772446881419
0.209444619794339
0.211579751625547
0.192344984743225
0.245413538535588
0.179097955369591
0.146029961515209
0.116452142465394
0.0978569996954947
0.108435014562616
0.126561016958945
0.119155171863733
0.120598482809402
0.0987674876610229
0.0896090484831352
0.0852370002347812
0.0798655354384001
0.0736014238839778
0.08947883171636
0.109937916104184
0.132289479356614
