0.17
0.16377498347133
0.156622470866964
0.138999286581835
0.144562498457393
0.137998839554649
0.122833239787791
0.144423254710182
0.197313841149524
0.155378066872205
0.139368210861279
0.109930062913013
0.118212216951572
0.121658126345298
0.123962421089393
0.091428351684312
0.0910411587112696
0.11138472525286
0.13442980333385
0.127577732259339
0.162638909837294
0.154855771099747
0.186470683471174
0.150070585843882
0.140415640947489
0.149218157319181
0.194321821635222
0.190341938468766
0.144706284991272
0.145144284387876
0.142206170034074
0.106184771137412
0.106101413603754
0.120417254801902
0.133995067500127
0.132411630409946
0.176788253965509
0.15342209273292
0.213186127530306
0.227745064556508
0.177432122784043
0.193525454320251
0.139197012416997
0.135540170624759
0.169846307246379
0.171364516802516
0.199875537403651
0.201214478140309
0.187336610320939
0.190360725668535
0.1420439140298
0.130191486906479
0.120288630130651
0.125873802574065
0.132549026512063
0.130931938074996
0.142943150282841
0.168431916161538
0.145095293460705
0.195766235802207
0.194323340842941
0.193477376948569
0.167917060233322
0.173446938091705
0.162784602630646
0.211509430168737
0.215774766526404
0.23188987556537
0.220630562861888
0.186714218766412
0.119524531617114
0.126637754602568
0.138516307230084
0.154687250247733
0.173232658146308
0.17129812271702
0.149637497734436
0.133515392595047
0.138521965170578
0.160123774798755
0.17101974141605
0.197475215916142
0.255947705431334
0.202475568163883
0.201851546240458
0.219049054625014
0.211413540064429
0.260700864037113
0.304169799843811
0.233130961734603
0.243920494108473
0.243755898988303
0.241181054608747
0.191452200047559
0.250201056790417
0.253035069974229
0.250611475276294
0.239115276254012
0.19997172336924
0.17125118238456
0.175923256156752
0.181071401728704
0.170577690673451
0.18921864018769
0.177891946308111
0.175433364557456
0.128572193429158
0.134544463383596
0.145946493059376
0.135743212735813
0.138332943974665
0.119783549863813
0.117872944562108
0.124603661081232
0.125862604865634
0.143626203473094
0.11289783639958
0.137728868753302
0.109142513653068
0.114682548368566
0.143412807121004
0.110704369754175
0.108312435750314
0.140594180360638
0.142697783292301
0.133410350092705
0.125092939322382
0.204913232223832
0.198710207133838
0.141979963702683
0.169594352626626
0.134188492294873
0.165252917922845
0.145624314935886
0.130294419629079
0.127120194994808
0.10154925918204
0.0852679686082301
0.0909092550647592
0.101042630768383
0.0891853219353754
0.138381755156903
0.161942920951815
0.209431135666281
0.179245725463603
0.177708444362728
0.198599342966719
0.177379993848213
0.193691484388647
0.22092162282937
0.164779969992128
0.136793704393622
0.125219453127898
0.16424744872965
0.153830829904017
0.149734402166967
0.19945520990432
0.220977474632326
0.210174992772586
0.227661790297529
0.182537978882177
0.1864118848182
0.191957251481751
0.158687560780988
0.13749456245036
0.16718310503824
0.170069182559258
0.180969622835705
0.143395771800506
0.139243968097656
0.20594414040416
0.166821163119404
0.219477863349741
0.221708545971905
0.154195019824808
0.167230462290808
0.148487050081633
0.140186384369686
0.144918555438326
0.14548278733456
0.166371781577009
0.182377826883526
0.165459869257314
0.121962237530257
0.101042074810563
0.111220000770642
0.11060663137703
0.109296144163379
0.110179792231164
0.112796201050934
0.126265070465003
0.0918503051952592
0.104107175053855
0.104913606092871
0.0909383845385808
0.108705764624769
0.113789266822169
0.0879765953650901
0.116484990829952
0.111509160363606
