0.17
0.154881389055138
0.1577418615214
0.138382830704012
0.135974690193564
0.170014202640904
0.175061016518551
0.136327326883476
0.106092342006314
0.115228807096778
0.112831439398157
0.148910624123112
0.180092733133982
0.141858252964618
0.104131089289342
0.13644129967021
0.117817615439152
0.121090643189229
0.152369852583761
0.146427383067778
0.125569604693373
0.14234228703288
0.113938913944619
0.147708322510499
0.162248245871541
0.129969668517576
0.132145384295584
0.122889896233382
0.108642015327659
0.151993442452214
0.164663442097499
0.149811558844907
0.145301153136984
0.168465935879655
0.166100742200363
0.142901097108736
0.108007411882885
0.110209003221882
0.125260181466679
0.103192121387663
0.123758440905005
0.140417916862512
0.143491869178941
0.136622508540764
0.144933956938333
0.114380351322069
0.149478873729459
0.103488188865157
0.128516263560221
0.113370896669979
0.129231944203504
0.133464181319027
0.143931600175708
0.152204921111351
0.102958018579984
0.102073648497605
0.0970438102846867
0.0776989559997022
0.0801441610578696
0.0777360734323581
0.0645563066909606
0.0745484024424607
0.0737633784887474
0.0926064517089104
0.121464072363979
0.134827753949019
0.121462740191844
0.108162682136999
0.102591523659169
0.0953612141350587
0.0987876417024265
0.102924536413898
0.107425576766197
0.121702344485894
0.12868871954733
0.114764039161748
0.103911472672848
0.123112007753885
0.141341687016533
0.145132967734339
0.138759906672326
0.0996681006117082
0.0887949999622626
0.0927618882148873
0.0958329781768278
0.0930734773059019
0.0888234614014159
0.0998977298114609
0.0857913143581335
0.0831816448919373
0.0822495250960942
0.0826717123081926
0.0787328819161152
0.078440532176696
0.0972261396585936
0.114823877834061
0.0870314582779601
0.101417060276382
0.104025595829051
0.0975182180363314
0.11543193923414
0.11068453488637
0.102118301047239
0.100447518406441
0.095182847859809
0.103090460129322
0.101229458959831
0.104214634429969
0.0895120479301484
0.100353381168352
0.0837664411162173
0.093621298060812
0.0915460045042157
0.101946609774974
0.0854448599042076
0.0929858065360295
0.0780489983860407
0.0871012233697019
0.0874529431884009
0.0927830447327519
0.0844040081314667
0.0842001392682232
0.107322064230015
0.107352653831414
0.139019662949097
0.124124688631858
0.11700726623425
0.116647637891044
0.0972611017188714
0.0983036760455249
0.108441918955647
0.0990982761896268
0.105715860854766
0.109417421660454
0.089339302966162
0.0903718594844147
0.113194415512222
0.106130400288747
0.10160735052457
0.0968967389009982
0.109280158403851
0.11418988464303
0.118339312079921
0.081770482403507
0.075837265374759
0.0748477497706466
0.0758021442130623
0.069317834092408
0.0691331725027341
0.0691154912779348
0.0722554622686651
0.0923296845576654
0.0871842115993922
0.112732579194769
0.139194727521374
0.140916386104803
0.137374043798973
0.137885694631989
0.125089807614998
0.120554819088359
0.111666595074035
0.126558516912891
0.120716724966732
0.11820924727702
0.112482456946827
0.116784110510852
0.130667136439119
0.131430223985963
0.105958164276716
0.0960218092404817
0.0989467938929613
0.107482402960776
0.0996023068247032
0.0819856588702798
0.0932580938688601
0.0884617017294432
0.0817014695447977
0.0743364401980533
0.0740196704459838
0.0751029565794255
0.0782393426686573
0.0977662981465969
0.086655207485518
0.0866720920478415
0.0707997441383804
0.070581633802327
0.0709710826233721
0.0945142709664303
0.0809031888222943
0.0710657895107686
0.0741716224373532
0.0707968155950988
0.0690264673295788
0.0747936651948351
0.0803389227724375
0.0881148733321828
0.088040022688429
0.0915494394708283
0.0940057397595152
0.0961311494507934
