0.17
0.124046348012964
0.135633287361035
0.139548716806649
0.150713291087821
0.156342392570977
0.129043853360398
0.147796361886098
0.149366988455909
0.144552278440833
0.134133132846761
0.120334040124405
0.111757369979038
0.106043988210351
0.101403436550628
0.0911654201462691
0.10749555776489
0.130656166253946
0.116423680733627
0.123723924314026
0.123954530080155
0.132962900166781
0.121391317305412
0.146121784663201
0.149749208053762
0.137106019258605
0.1178583955933
0.133626970812655
0.14621171674658
0.153569390559216
0.148458563344107
0.144689476882292
0.145626871535145
0.138364106431939
0.179823675155752
0.177692013030657
0.181134594783403
0.191741136855146
0.18085099390777
0.163295540104394
0.171277916904423
0.161773506640932
0.161240755226568
0.169713474622127
0.156368198125671
0.1931657606182
0.160493549029033
0.155177625980078
0.130193745910898
0.161062751314831
0.189705753362046
0.186528898648451
0.17239423323934
0.155583477740066
0.163851680288265
0.168618555287489
0.149323281418959
0.160139113733796
0.188982485646916
0.186605684944739
0.203575209041533
0.200902347617538
0.196069578895817
0.20130911704351
0.175859479726218
0.168274522810633
0.181810808317764
0.197758875389226
0.180535357972646
0.186827362300559
0.185870497868316
0.172862945249848
0.184440126101892
0.203031557725191
0.169530782343748
0.135158662664302
0.142661616271212
0.171083952063679
0.161700391452179
0.15313386542011
0.171399391622398
0.182418716036542
0.17053303571779
0.130043153617471
0.134062091399463
0.133985121746708
0.148255712308714
0.180329800090553
0.164698588444469
0.165803027246606
0.163845052908043
0.16442727737778
0.192082758765604
0.150490565199354
0.173438143258939
0.168092120702906
0.167528793554623
0.185150134539886
0.170669806398874
0.194188867692227
0.196614855195139
0.184502051356724
0.143818995519978
0.143430974113989
0.159541858619045
0.162155028394598
0.169860663626638
0.166966156322922
0.238449103729685
0.165761633241905
0.177618485639649
0.162682524796072
0.16633155600734
0.188272149624877
0.161503293065062
0.143036502904051
0.133060513875096
0.11396040312076
0.108943140419682
0.0970187077582309
0.14420579248986
0.150489858486896
0.149869323708034
0.142994050852115
0.183770210464902
0.179040822443463
0.201442131133336
0.194021931016652
0.180458847537139
0.219407137213018
0.206939059424951
0.198670635345473
0.195620448700921
0.16684726000919
0.169365007911207
0.163006027692216
0.155722303299214
0.147913419319528
0.163801765701439
0.146339406801008
0.209190966758297
0.191836929299069
0.179046610579836
0.178780649927601
0.173205450503452
0.196166267117124
0.193656360840967
0.184364934151064
0.222235148113029
0.237206766568575
0.232166197567646
0.161667193044505
0.233196590465178
0.234508592464878
0.236709854572183
0.184094440804517
0.201022987502984
0.174974535366303
0.153622817232858
0.149092630393516
0.146382571172228
0.138869055844935
0.13785076036241
0.137028073726671
0.144629580957116
0.166782645210665
0.168004884512476
0.176870963697273
0.196651625343135
0.180916158050825
0.197339583997631
0.168662378207644
0.219860877020204
0.218291505227691
0.217640698279146
0.195715031380997
0.166119295286356
0.188845135528743
0.215128973806698
0.21463807679713
0.215942806418281
0.199374379292169
0.222596928114333
0.159129336441155
0.151571709329112
0.150797183573772
0.165958672476663
0.18189348431767
0.135171297131982
0.164157219521538
0.176814895684742
0.139412153554482
0.190848602079598
0.21131878184599
0.235166116247207
0.228717512279139
0.167670467490997
0.174444466578585
0.196198800055226
0.204489363422922
