0.17
0.148218783515677
0.143149042431498
0.131800988419685
0.134216407778392
0.129287758911264
0.0989900851291036
0.0973472319848202
0.0954428865137947
0.101022289324018
0.101625781900561
0.0959338354572395
0.138494387985847
0.112465873903434
0.103156293826524
0.116920354237195
0.129171119090382
0.128427650452921
0.124528617276233
0.119127851111281
0.122480995579828
0.0949717872026389
0.0924841723058036
0.0918451273703294
0.107648623785399
0.120010618838197
0.121554034831965
0.132963547694783
0.141647126935995
0.134451275457393
0.107477941205984
0.0986239286026126
0.0981184194855675
0.129840451746346
0.110654186506835
0.115734351286298
0.140071510852981
0.149991426639883
0.153311604434506
0.102689804341904
0.134702329275018
0.121211846107526
0.125488387842358
0.113592801231534
0.100299402944176
0.0757935401970735
0.0876382311856848
0.0802651707866858
0.0754715402912595
0.0779921119751277
0.0898157321619748
0.0880487901596066
0.10296173866863
0.0838357397603998
0.0777762227445536
0.082112235688968
0.110557136480754
0.111135192050086
0.135234694048502
0.14396958181523
0.139179242049741
0.13009287306101
0.118539153412486
0.120383227512845
0.131720468872724
0.137100725542113
0.1414891601787
0.130052851782329
0.134468098144856
0.135938649173554
0.121773924261832
0.127481680352733
0.151392259573024
0.105020702587636
0.11248131586134
0.120509933125623
0.11129697152259
0.154853732137424
0.163403433442316
0.142980371886847
0.146786201991905
0.128594886150446
0.118813818123238
0.136880065631672
0.126773427091942
0.126057276731973
0.1248614636331
0.130407269680389
0.121339745667206
0.113033352843565
0.108383437238898
0.121564810045413
0.11834150040848
0.140763862263744
0.100521330094922
0.0954258582639555
0.0977886346327105
0.117046396642842
0.114451525932144
0.11828686097616
0.110903738896759
0.106636945840007
0.126110823981198
0.126045824255668
0.149687470389574
0.146747875918205
0.151651411535538
0.154289626425978
0.131707613775371
0.138422828318025
0.122479052482898
0.11533480468907
0.12106040621093
0.121309547759244
0.10966927356255
0.103848104161343
0.118551132495589
0.11502453749878
0.114113984684059
0.110912516043382
0.124846276863384
0.109315657617826
0.0929566118843897
0.0954318589186419
0.085885384757727
0.104326122392724
0.100340050490201
0.104161241122352
0.105124150064787
0.115355497096312
0.119431832789017
0.115980804845774
0.126886639411936
0.116983444821029
0.112747564551825
0.109974117514432
0.131973062537297
0.112180201648265
0.108594833280939
0.102997497304336
0.096413455635277
0.125441865149715
0.135272898822182
0.112402629602552
0.120850327006886
0.111907132765127
0.119050879797542
0.142850857632525
0.142870179827353
0.130930042411001
0.139273527110611
0.147142990030956
0.138506353174845
0.115973623307573
0.108854466181499
0.0987715091152803
0.0983375951112956
0.0968258142505512
0.0955317930894297
0.0965471856281193
0.0804210299951282
0.0864245179959975
0.100992594258231
0.125673687899601
0.122037775660765
0.116195309642813
0.114996356065711
0.123724118509505
0.130245072549201
0.135965056355829
0.127600675150019
0.119097675507119
0.138930862334821
0.117912231078588
0.108450606041307
0.0943991363092326
0.135220762383263
0.132834143560906
0.131667702568935
0.132387663846434
0.116072178771856
0.109430753169422
0.110236045446476
0.135990934629551
0.113192889397818
0.114120468268928
0.108414631495941
0.111760850567286
0.108686451949952
0.114071611802273
0.116585836749417
0.126830597915142
0.113459634648916
0.135746017063934
0.141704640356122
0.100224834503787
0.109892916005986
0.122013811849817
0.123960378175181
0.173246249462497
