0.17
0.144205014532787
0.139387873282662
0.113581888486471
0.118105160737087
0.128604691157323
0.12398403703114
0.152900856413198
0.144945274594012
0.108281450947448
0.11215744980391
0.104839169150131
0.113161452155429
0.111900138052088
0.128952974250494
0.135513622597292
0.136850551504436
0.122027196648332
0.131722416197555
0.141353615431687
0.148021417443249
0.137415999882184
0.127021837809827
0.147225010412827
0.109944069107088
0.13114129375407
0.112603260479639
0.127170856024493
0.128903344968088
0.138108117828627
0.0935016681918397
0.0871543203728602
0.0862646080733438
0.0924133077132653
0.0873219338633298
0.100903350619454
0.119697899291951
0.111467036211419
0.117346428137073
0.0947325385110589
0.100145938206036
0.095148829458749
0.11610684478102
0.0866147203459889
0.111148117749741
0.111063986672479
0.12633239508221
0.116413236250432
0.139328736847462
0.0918860061299152
0.105282064182133
0.107389279565205
0.0922318776959783
0.109857832032548
0.106944635386781
0.0878619191475597
0.0816703368378107
0.0857886827033237
0.101544970448685
0.0902196371839281
0.0865397959634018
0.0972871366136533
0.0961761311892755
0.124279357869898
0.0951492883014959
0.0954701488638689
0.0796667047259491
0.0860489970115161
0.0686907058275895
0.0729040494332718
0.0721591087181483
0.0814455938040188
0.0854443912887831
0.0927370741829007
0.121103563220444
0.122333872538117
0.120722360271039
0.107099485947318
0.110310181538542
0.119645775023062
0.0882536358048091
0.0927003729354536
0.0847343865750318
0.0831580817137198
0.0915739832228915
0.0994334809880656
0.0909660177709712
0.0927635320848324
0.0902990015592527
0.0780153582746151
0.079112256256382
0.0916009785101509
0.0929965066109606
0.0857567105156318
0.0853399646935043
0.0809942823402487
0.07948891279806
0.0855469539733387
0.0923412848790247
0.107530473914825
0.115103128628996
0.110409962732129
0.122141425955982
0.120124530032734
0.11424879046564
0.0859501315804618
0.0857353870819952
0.104225577487455
0.138780545656612
0.134165057342333
0.103748601597867
0.0880982353106756
0.0901346729047038
0.0949849455064726
0.105848008543003
0.111261829570254
0.082632186619542
0.0707038185414532
0.0710229368869082
0.0697560068095363
0.0749507505184393
0.0706016888944824
0.0827842791199353
0.0912879468497666
0.0749786106196434
0.0972196917955722
0.104682741599019
0.0966139509474349
0.105513899722169
0.120886239809441
0.119238748381609
0.107234734006422
0.111897946495213
0.114456036379612
0.117487016455992
0.120009032620884
0.107480169693804
0.0824226842333686
0.0798399946131261
0.0656324713132587
0.0620473795743519
0.0606193961594752
0.0579423844801986
0.0625663520002056
0.0664723580937843
0.0652585043883731
0.0627166263000376
0.0694669015760803
0.0687664875441432
0.0820969450188686
0.0807503753191164
0.0800256827436609
0.0747861856919656
0.0818564900803466
0.103209078335544
0.103151332529326
0.0913192996677235
0.0907708345341002
0.0884220684260562
0.106325291761553
0.0913461662618608
0.0751554968373545
0.0643777307124582
0.069332177300912
0.0654437580485732
0.0664812173172544
0.0684707970803717
0.068370472948613
0.0692070040724842
0.0708204766921843
0.075583421057638
0.0750939851319141
0.0773829794121602
0.0977731240327195
0.0998100060208232
0.0789727003601697
0.0820681480319836
0.0735108852327591
0.0859151706652391
0.089995069264494
0.0856925693723477
0.0812149888015147
0.0776946674848013
0.0950436554857256
0.095964836322981
0.0889244408287653
0.0975931972636363
0.0934435949953172
0.0877865259912532
0.118452423739687
0.107345636891724
0.0999607498684617
0.0797404271253966
0.0843108794789106
0.0820702486053335
0.079546211891707
0.0750203300451885
0.0953761175142692
0.0914553102518477
0.0781348360113393
