0.17
0.149974738399286
0.147686907941231
0.144116283785922
0.146650310743141
0.121150993480916
0.125181014290441
0.114698446753402
0.115278832320322
0.0912772463165577
0.0939108849606045
0.0939113009037057
0.0965360240034848
0.0946834268400417
0.108735428562958
0.111086439670605
0.108523543271309
0.121651369217268
0.133689311138884
0.129118016336813
0.134559470798417
0.130806358045789
0.148057648649482
0.117475482313075
0.139096133847811
0.120096751823902
0.0957493974308043
0.132738858725139
0.117379342783808
0.112111245602506
0.0876412431744284
0.0858080216801319
0.0989438033758002
0.109100819224515
0.123927352853349
0.116433616094071
0.13500642714485
0.0995799417872062
0.115058216152295
0.120564198892896
0.12528139744582
0.13441471954346
0.130059551665378
0.121585560494642
0.111347792877008
0.1243232590209
0.0933212228842317
0.0965324531249943
0.0950353601216799
0.0737061366313718
0.0750295137431803
0.0757433328194917
0.0829479782593294
0.0932262071522963
0.0866415610125713
0.0926666970824884
0.110074337418595
0.0988964004662119
0.0914495158764721
0.080505406523178
0.0813310972896812
0.0813862038437743
0.088254764132261
0.0989278818498258
0.0831928016830457
0.114944393476167
0.171073644119087
0.1341386216008
0.122306474802914
0.0968112917406374
0.0990283137925147
0.143777314944785
0.162464667806882
0.119383714913555
0.118529225883632
0.0985908425220445
0.104799704035181
0.124004100258906
0.113521894284715
0.109180491003416
0.104611648281404
0.101207389468054
0.127892790546706
0.137831950509515
0.141879941817204
0.115979960943192
0.0825920529925738
0.107606357836006
0.110030528553895
0.0899506871229482
0.0946714303916975
0.0967992835409868
0.0860099190498623
0.0746304139510293
0.0751376500613507
0.0841400815653273
0.106428068459427
0.0852513232357122
0.0886739283698386
0.0976824178117332
0.112728295078276
0.110581990746442
0.0984740635020251
0.105671764992925
0.130750464503012
0.123761160921317
0.138429661884857
0.101203465393668
0.0926880006947215
0.08821372832664
0.103222710554509
0.112832385953809
0.142115307624095
0.117523915582248
0.111925412698379
0.110165242666053
0.108443308089094
0.120831947143423
0.122454979603547
0.135855966993892
0.113799101080293
0.0871050131133398
0.076960217255906
0.07712517862347
0.0757070146526814
0.0761869957043434
0.0837951443654047
0.0998627128220448
0.118609307594724
0.126521424141168
0.122679988517734
0.0889598642283347
0.0841099351136013
0.0881777497963141
0.107883123404363
0.0983663442629886
0.139269073945107
0.147102015029434
0.184383806421021
0.1613121118551
0.143133898499523
0.162572209122585
0.149017734296368
0.128182134999343
0.102532184959024
0.104709036736222
0.112406788922213
0.128551692405208
0.10482495905207
0.0971314626986349
0.0957431348458146
0.0701159115862697
0.0701900067205287
0.0726152869722268
0.0868257951100243
0.128537258527346
0.174882855588151
0.170345644166718
0.156977743934911
0.141275438864386
0.151040363775664
0.154096913327027
0.17109138874754
0.151915257105917
0.183096831630427
0.203828523468125
0.205107901082849
0.228160563244
0.270031707922506
0.248207718716457
0.234473973335975
0.174227694612771
0.215440592836241
0.133111030375667
0.187595066819748
0.128283143249563
0.137246113871343
0.144446787186022
0.10760908769225
0.104299139490524
0.116134363743147
0.121063481084384
0.119728725658798
0.0991383120106752
0.0806040256008312
0.0775548964608783
0.0945176439927572
0.0820746928618241
0.0902836021359384
0.105359483657603
0.121877953565956
0.121308689730511
0.139384940944279
0.177215346196249
0.20585760525596
0.198156269734593
0.194797124444309
0.145245429425868
0.128966343055875
0.113915793941742
