0.17
0.137372491154815
0.167342661714282
0.167193506538706
0.159761392708411
0.154802727990416
0.176245212126274
0.175515010965171
0.109940552265247
0.144605305082594
0.107802064933324
0.114984379328461
0.134406288451408
0.0989378425511059
0.103026580514323
0.13080426041065
0.113636567840068
0.100284411600971
0.0958948542552621
0.111382529805644
0.123879644796549
0.101297738379455
0.121290345496214
0.116535814353807
0.131087612320275
0.109989750977551
0.127582340804687
0.1364077260036
0.126616892781327
0.165123459594106
0.133017671668605
0.118852627503711
0.122926862761013
0.0955715311546424
0.0904522283684331
0.0850946262832174
0.0857009470575042
0.0770149152897564
0.0774889420597965
0.0782131760867352
0.0760450595983576
0.07388682788745
0.0790567790180691
0.0789792776978103
0.0898276669522355
0.0766758870824227
0.0806607466449039
0.106868223020421
0.100787277053247
0.0844640299009989
0.0833079564434814
0.0759250515731487
0.0913063753212186
0.0911563775671713
0.0840400638493407
0.0879258936870485
0.0978569419052237
0.120864583290297
0.135433683263533
0.13843602394804
0.121993852275277
0.114896786350869
0.111405406488376
0.099303301486602
0.100071127134075
0.101464959293616
0.101897070482142
0.0952615361328156
0.101141375118003
0.0800973539680335
0.0796494938848884
0.101267167012652
0.133777912418516
0.134361828670622
0.134835002615388
0.10463731167576
0.114612718039584
0.107555977768966
0.0891325951286441
0.0989869803862479
0.108380448659901
0.0977009798500456
0.0990193253374801
0.100665504655904
0.106148106374913
0.102863385317468
0.105459875035567
0.0936106763434954
0.117418268152814
0.0980080444367917
0.106040771394921
0.106492284039259
0.113105704626441
0.10579661468277
0.0869779988087063
0.081179272697719
0.0815999661251655
0.0883038334357379
0.0819426137541345
0.0770006793368306
0.0776550716035873
0.0730176779840175
0.0722346066757188
0.0740904117588632
0.0857424608825997
0.0907833233277296
0.0975767059367509
0.103338024983325
0.0830989255752166
0.0927762122216055
0.108887223622921
0.104504468545853
0.130151808159574
0.150200970893908
0.14269748579107
0.114374865352859
0.105549795844296
0.109717707433397
0.100151592768099
0.0979326843701114
0.0967675934798557
0.0975862061372997
0.0968497571384617
0.093613060515503
0.0936815665686764
0.0912930600948781
0.0885421337549672
0.0891083065014505
0.0938456807690153
0.0760868901178714
0.0734257686937502
0.0849120010098977
0.0884167894182172
0.105336851308132
0.0858378623435703
0.0988958690596067
0.107191938855446
0.0931062328596749
0.0909500478237805
0.104409633870486
0.10103797357912
0.0992133881797217
0.0944235607159783
0.090829489554757
0.0979217479160692
0.10895941166068
0.0821934298709233
0.112743975228484
0.102433723736189
0.0993689019075271
0.0880704111299638
0.10723866439363
0.114747733777715
0.137241712706493
0.129053327137578
0.0901525427401238
0.105760909192455
0.12358200278404
0.112901973585136
0.115099042888245
0.121401370090578
0.111202221331611
0.096271945559123
0.102262196206775
0.103143976741646
0.0959134591316669
0.0905747597224152
0.0974467579464384
0.0944961088621307
0.0880745725414097
0.0997921051175837
0.0800424367945827
0.085775015450197
0.0918969427415546
0.100079395877869
0.105810242282854
0.104424238621326
0.111296320306408
0.124270082803797
0.102937348913741
0.102844807010453
0.0895130075411227
0.0898644368990924
0.0890775552016587
0.100739376121861
0.111725151849734
0.0862787397262188
0.0923576209952742
0.088496412466603
0.114486036783193
0.0922131909387436
0.116292862496039
0.123301288149741
0.112426389401003
0.115022354638105
0.113621041612622
0.115719207337831
0.113471792932812
0.114659680892592
0.115794893269662
