0.17
0.143106066621058
0.163954305515635
0.14958550101074
0.141623520589123
0.139330416630816
0.13638418083106
0.149846990598666
0.147632485718824
0.150078309678022
0.158181935378211
0.13902623736392
0.119124317933607
0.112866594535963
0.134157086039956
0.130190311039809
0.115229077010586
0.127088740561135
0.132887256697839
0.155068481413319
0.155555215627036
0.160562095755702
0.123186509322846
0.133739305439865
0.144844849198065
0.17763201829916
0.154290110880994
0.139362225281672
0.13509620972103
0.141757567996239
0.136935792950669
0.156486823756749
0.142685547896978
0.128952181571906
0.162757883088863
0.177720653199191
0.183081269887992
0.153250806892282
0.149940538227411
0.151238695675249
0.147234992737001
0.148832397754081
0.135894891961316
0.125853084495686
0.124172559868237
0.129672527809938
0.139835345739237
0.137199604624541
0.136255355584535
0.166631121374893
0.209575445299531
0.194405528217841
0.15478281031557
0.180815556833905
0.18365086180178
0.135417142886823
0.137194492666358
0.130084972652449
0.126736977170288
0.146756751562652
0.124443696743624
0.13137674389007
0.117277597339306
0.131827219599884
0.169765788073617
0.174128250407143
0.176742505636036
0.157299541512847
0.148274154557123
0.134291451070915
0.144119689819615
0.150979152336501
0.154998111457567
0.153431879941463
0.170895537443978
0.150130565610557
0.185075848058603
0.188483302789088
0.149055359366578
0.150732971788802
0.176333900426244
0.176897337813449
0.17108577311935
0.17154192845167
0.217839636721992
0.18788399100572
0.199651615201442
0.223280118093358
0.199187466322502
0.213429448017939
0.21033605627457
0.211606621650966
0.234930629191006
0.2211878967075
0.186225697865328
0.20370911110158
0.174056463243212
0.225140411109292
0.217778962846334
0.20754037676007
0.190370665744
0.175134867302512
0.15868176287457
0.163958262038142
0.17446482778615
0.17756553768223
0.163399192826467
0.209520997454484
0.212384506983217
0.192331931665361
0.158073989623305
0.167810262248015
0.187260879965124
0.196021349445799
0.205486967912915
0.187563880124021
0.164477394435915
0.174046730516685
0.174362198617666
0.220985410473096
0.233205177245898
0.264236715142578
0.225712350177919
0.229269882600378
0.20241177277884
0.202828670378105
0.184583607439047
0.180229571723191
0.202369738691143
0.181208492300576
0.18561262409694
0.180057116809312
0.215677788036452
0.185183695243615
0.174998773913918
0.169550658565728
0.184936106818133
0.18415604807122
0.243512291893382
0.227406178739202
0.233890948478229
0.191414642378575
0.185228501245939
0.190243876023178
0.215782966371731
0.209728551216672
0.20019173252989
0.201572209178912
0.160759436263998
0.157574059164987
0.195294614385268
0.21298834035047
0.198275820991845
0.193849628617969
0.174614990665594
0.165542420604201
0.16815497570171
0.217988857146067
0.224053392408092
0.226157277805
0.230383685790252
0.235389026568118
0.22359596468442
0.185302532398011
0.218408026964092
0.207276330461217
0.196344166046871
0.1964555790528
0.183111130743444
0.175975040648526
0.178597203604994
0.208757435544448
0.186474102709913
0.199291826178142
0.196789003867216
0.160164721078813
0.138657424646992
0.178032814517262
0.169927479651875
0.179261986185495
0.170125711337808
0.181129690720755
0.180429840156527
0.150398796384045
0.148303820501937
0.137638725450571
0.15696817292788
0.16320848551209
0.169427858475192
0.16556754158077
0.187091548643971
0.180548934600812
0.151494284967803
0.163025695820151
0.170354421294174
0.143201503428964
0.151195232430257
0.136842004794019
0.135570997405244
0.135596489312956
