0.17
0.172761671014669
0.186687583214133
0.159722317398536
0.156981148834231
0.142657506674301
0.116826902470454
0.127189270498872
0.120415665715138
0.0967795759203166
0.0984586190209844
0.120601345768951
0.133376118583656
0.134521415676959
0.16846907153706
0.14066249075806
0.140873409066803
0.121264603216813
0.115214090914485
0.125359496581849
0.129767596898074
0.125279386293491
0.135958859195149
0.154600315069796
0.150474766413987
0.130693991516831
0.137721061758961
0.136190661648725
0.138622849802267
0.121080433591819
0.141453647477253
0.0931609464469989
0.0923251670747028
0.0891620815840492
0.0986841813609797
0.0966535733259375
0.116807630260255
0.111150673703409
0.152127274324778
0.139640089874392
0.146254633883022
0.113461518356598
0.159499575416952
0.162629455475788
0.135352826275909
0.137976059854373
0.0999655539588812
0.138909010844276
0.148342097866618
0.130998079560966
0.11003521982996
0.127638864275426
0.135276424467794
0.131231382238622
0.119289433130544
0.0964587188978184
0.0957430280390004
0.0843483955819383
0.104806200247668
0.0831051680646804
0.103853317819053
0.100826243304421
0.123433723078449
0.178178327235273
0.172073286263536
0.123397173967687
0.0959218722843796
0.083365147110066
0.0790238959607298
0.0876085057622582
0.0825285916209534
0.0709335919722926
0.0801036796119602
0.0799547261014797
0.0878863393319701
0.102227796500936
0.105969716110087
0.10796980773386
0.108950799746943
0.0803634873389979
0.0796817654487037
0.0790481751873098
0.0789806091819042
0.0840802993075412
0.0831115770768957
0.0830316089820033
0.0720623394471635
0.0798448141721027
0.10554649340695
0.103069787378368
0.0815880717489219
0.0877086503751022
0.096922134151817
0.0911818849817786
0.0959311479937668
0.0978081366463565
0.129625478009437
0.119036828842616
0.112799656083708
0.107073777935901
0.118689486534258
0.1064934351745
0.104457028844923
0.110408105016025
0.136627892394345
0.124410693468712
0.120097595840571
0.101687358892612
0.13637226793725
0.11430142939215
0.0906209293945127
0.107156216368359
0.129637799132208
0.111603207512246
0.132935646161465
0.159055548387663
0.151748393249906
0.15046077408493
0.140573511191886
0.135322300486417
0.131768936505007
0.103312081421489
0.104431093814756
0.111734477060631
0.118124316680361
0.131080290337032
0.143760845331664
0.133847065449411
0.128559208977558
0.151250494511013
0.113319215905967
0.123182651425107
0.113814740089535
0.135323625768594
0.127969469122277
0.0986130712710273
0.104844615029617
0.106560648163485
0.095089484972201
0.107902619238595
0.115491989551021
0.128621457305023
0.119569916249321
0.125862338781461
0.115470406529461
0.123172926269542
0.103306431878646
0.114394727245328
0.100833764284206
0.0842947755051327
0.0721526548916959
0.0666260793396407
0.0692488207234204
0.0720463975206655
0.0976043208959725
0.0938954488034707
0.104937116468166
0.105696912828157
0.10826210588498
0.0828283577455373
0.082074366443823
0.0872180040542339
0.0968825728588951
0.0975933951002997
0.0754440208913104
0.0914836250192645
0.112476731269681
0.0981028701862138
0.0969580361655373
0.0868508817529552
0.0946789511926722
0.112097537945524
0.0890103379721622
0.092596079645046
0.0870229184171222
0.094467589813927
0.0987781170003173
0.094264291092556
0.0829210174963317
0.0763961155403755
0.0745884535991625
0.072860072512493
0.0686893561432776
0.0675215658044448
0.0767887116107284
0.0736778642980981
0.0819081912787911
0.070620156861318
0.0713992061891344
0.0716885333603487
0.0709352528541079
0.0835100706508352
0.0883364854628415
0.0928105017954042
0.105930256076699
0.113559522201057
0.103589218180457
0.098970800573315
0.0901783760080608
0.110917488629063
