0.17
0.128374325347924
0.114805018481043
0.129846726367552
0.136914744858912
0.151568361311749
0.169074912188068
0.176845754982276
0.177159036349009
0.179716480728754
0.159596001543708
0.107932067998876
0.123402378091366
0.13509078496311
0.117077457407829
0.106212372020883
0.110553767421023
0.0990822205164119
0.111342136949838
0.122302960769924
0.157479836777764
0.16557555793137
0.139233913273998
0.133841730053801
0.10789076481318
0.133695096407528
0.128338312492007
0.130219705992494
0.10337421746376
0.114333953250606
0.114443226423131
0.0950042740258466
0.095680471053213
0.0967604675201062
0.117739743265063
0.118086702269048
0.148279060929038
0.1507055646993
0.157446747510704
0.126219631337423
0.119021690122638
0.118550006809263
0.117683104139808
0.101182527281233
0.0913638418559608
0.101462452951499
0.115200470843781
0.114272181041251
0.0856150539987939
0.0769749607192293
0.0790900089754338
0.0823328248751859
0.0769062936747015
0.0745964259044572
0.0929449155574929
0.0863143868940874
0.0719392558984666
0.0773599065309359
0.0713513489226621
0.0713558766674586
0.0701818238410165
0.0609960333726125
0.0747085758738502
0.0762692554130508
0.0824420208992319
0.0878353788310299
0.111096832436288
0.109465800105276
0.0999849242598614
0.0909766854169864
0.0850950039761725
0.0808653025498694
0.0850041711441148
0.0916282822205257
0.0912716782178047
0.0982250966996685
0.0968773476470295
0.097909241952335
0.13894646804583
0.134568461858625
0.140150161595259
0.123833955331039
0.111976391530516
0.106122215374648
0.103892963636313
0.0980469144541806
0.14899766385752
0.148871121255197
0.145338405816845
0.12190442786625
0.120462424929614
0.106869379418113
0.112277063765018
0.135693481282096
0.173856600154433
0.150269088254638
0.124621744770442
0.151707527042141
0.145437198707455
0.170391568229933
0.168679765066044
0.133777947250259
0.113389157168609
0.107115140077574
0.117883195637326
0.112868361282071
0.104334260435194
0.1344772582503
0.137948537000855
0.153140290204216
0.15387242224864
0.108035391101518
0.0982121613070104
0.10377699327229
0.152857129256585
0.158975477640779
0.138764667794778
0.11238149074933
0.0783197444738058
0.0836301435109941
0.0790711148532493
0.0786802586052299
0.0757361872284538
0.0751376225100058
0.0789849199641475
0.0718011768845289
0.0758462013176289
0.0706121928496027
0.0919357984108396
0.0934806939274673
0.0869790988696639
0.0811034890835591
0.0869920882287712
0.102244267433136
0.12216954555132
0.106749607050833
0.126913365706535
0.185050170879482
0.156106660971885
0.185281632100448
0.211187796477784
0.182255695408015
0.148581302197473
0.158729286186776
0.185269073550992
0.14776844798492
0.183391797777267
0.174915712390766
0.180327451093866
0.187493490554162
0.179540758121464
0.141417143007844
0.130739513521308
0.100286394205905
0.0904890055383522
0.10347258703362
0.10099227997592
0.0988055695309733
0.0859095410680135
0.0965756925244915
0.0963520771285554
0.1077364228343
0.0880239218672903
0.119249693526667
0.147616254967753
0.17358822400527
0.162792421952549
0.154834616151995
0.169244274446477
0.150547877416577
0.160931255026875
0.191169678579558
0.178254510706361
0.221631175751091
0.218039175642032
0.17654811628603
0.176897940963397
0.170507451427774
0.206743993264225
0.182172742610077
0.188011806206562
0.151407094116969
0.161565181021019
0.173066466513561
0.142124788375214
0.116940246649421
0.112080891907109
0.101772821674959
0.0858107489950182
0.0810978123506639
0.0794260633734947
0.0804858715950491
0.0873668601247873
0.0881334130044799
0.0925171092819003
0.0870636492439226
0.0904855134604253
0.0871383086880407
0.0875307070080592
0.090772585141316
