0.17
0.154263178189077
0.153737688263879
0.156452975417604
0.154768656306593
0.157835699066276
0.133524259811479
0.148503127387151
0.140028695701621
0.156911811422993
0.177666167415084
0.180694386557921
0.194617128265015
0.205105085521729
0.189453510716926
0.159763456167407
0.17085949523097
0.149622201700565
0.181405320405969
0.200797890494737
0.206137908303681
0.232337836330885
0.216839521825423
0.23204465998374
0.201106683816612
0.194290034289965
0.16268392070153
0.159780053941485
0.169958206462831
0.162301516416692
0.162266816697726
0.126130437255816
0.143614982130206
0.153370517470519
0.143671941288648
0.23221565310246
0.236786833850729
0.242194396795268
0.181498064015783
0.218313581541739
0.172594719788063
0.195620540121059
0.202661925819284
0.204631643019138
0.204294478373228
0.230950532554087
0.25675967738465
0.25719208606685
0.21556120326506
0.21035679161372
0.19123105791614
0.164816114325672
0.179521385435338
0.203266661809179
0.219811176305879
0.228067007479811
0.226967156571328
0.213291136969151
0.172532331666169
0.187058870567326
0.191822080517738
0.213903131447735
0.215185380687783
0.186518637059495
0.218916810641607
0.194842575612041
0.216936734615092
0.200423525845202
0.156352840733946
0.176883138253467
0.157657952289461
0.146911065483101
0.136541824711298
0.137520101544019
0.163277259188991
0.136855551519465
0.172004545783414
0.159109352810548
0.181535857296309
0.186718473942353
0.188764564759868
0.152336609989366
0.145519038028821
0.154276806393299
0.16171161365285
0.148518855795759
0.170593313320473
0.166165183123026
0.186506134168177
0.211553124912502
0.224941970080214
0.193023417806405
0.188033132369799
0.150434211571677
0.158735854529418
0.176945322894533
0.167982252929047
0.144724698932135
0.154334977894485
0.162623017823612
0.184896671588128
0.200693207262049
0.20788914097663
0.215165892337346
0.193879217950331
0.186347676751676
0.181360101587625
0.175435822797579
0.198758878631551
0.18479520510617
0.212075705230924
0.212820880780419
0.195201169095632
0.170912654811499
0.142389341871783
0.164797107474237
0.176499720908551
0.164062550190392
0.154619309196025
0.176736756368042
0.163727464825145
0.162583252732656
0.172796156337827
0.122906442873145
0.12904508069817
0.151002922589082
0.146068609662614
0.12384505482791
0.120164517722059
0.114285089951411
0.116685847434273
0.117105322846874
0.123230993713096
0.126623405741737
0.127705198307242
0.134921044787576
0.134673279590794
0.163219049957249
0.149428133433304
0.147812782821221
0.133972026161353
0.140503881170273
0.148575304331157
0.163045381530952
0.20820120881667
0.211501204652587
0.211392687918168
0.194494433389656
0.186740941041586
0.205354880005849
0.216588908590702
0.190736952686881
0.195502165464874
0.196297552381337
0.14183433757787
0.158598047046084
0.171783187267681
0.14364982250019
0.183720347145618
0.176415465545826
0.185664163103706
0.15460022866938
0.152149417452976
0.142897739567362
0.139315542216529
0.136469942542234
0.134138606653416
0.125459865148162
0.130234961812999
0.187644940529871
0.169768945106203
0.204474198868583
0.182345174037055
0.190385090412777
0.18527667394315
0.182709531639815
0.176810588246645
0.179130605910375
0.178260815041911
0.18645941979144
0.167825550035901
0.165216289144175
0.155363917322006
0.149468050255206
0.194952309057904
0.204346333676592
0.243852756964302
0.231944130591928
0.22463523646363
0.228197734703783
0.188055327462073
0.184171853543426
0.155162727878147
0.167170332269092
0.165960707181594
0.165216831719493
0.157285227087838
0.143773428138053
0.130306452267366
0.11503067930559
