0.17
0.162396204534822
0.178026792480649
0.147816362145181
0.0929704791021748
0.131939062179753
0.132209165616995
0.112255225788978
0.114887566830317
0.104531289177545
0.109011371991065
0.120100814402359
0.122392833805202
0.115358765769977
0.130343293854229
0.135114628632484
0.135396270506748
0.108323374576023
0.111289359132102
0.0963180444450153
0.118247869634506
0.1141705244924
0.13567862185343
0.1151318313577
0.123323000186835
0.118891451905656
0.0974422930764361
0.10809544230793
0.117285712169335
0.119950903977946
0.108155828601845
0.102835149519556
0.0894230510341696
0.0907961619838764
0.0852535629391044
0.0857016708264624
0.0826598795917109
0.0781536679247398
0.0837099154205604
0.086437191196447
0.103240849065506
0.119096267525949
0.105681011888981
0.098429646830464
0.103350229675632
0.0838420783504846
0.107774137957573
0.119045468740259
0.132315464832371
0.109452116599506
0.107066843291702
0.125927341745083
0.108559651012123
0.0783624158741952
0.0753259277998876
0.0690310010080161
0.0717630323355135
0.0882996326314676
0.0779535068733478
0.0723853346762559
0.0694471926758814
0.0736311627877968
0.0693068139515145
0.0680244734023501
0.0724360181664206
0.0814708015715664
0.0824905154056253
0.0873773737406183
0.0902820650949125
0.0977477118171304
0.0904419390752947
0.08939363510116
0.0765653896107923
0.104222096758823
0.0866386651910029
0.0838466176311723
0.0808395547760726
0.082765345444384
0.076553635739916
0.0810901701129838
0.0849079760463362
0.0776257268112936
0.0799071778165363
0.0755404449392845
0.0753768568719053
0.078783747949078
0.083469143762828
0.0801678928866477
0.0796100273315557
0.0726068201928359
0.0695487625948718
0.0837205295038608
0.0990408854676714
0.0982082212226553
0.10567347988126
0.101396487230377
0.103982410645511
0.103746010655525
0.102795960209044
0.100161185799332
0.0964623901748158
0.0903267958048728
0.0894163556934938
0.0800991190083485
0.0918759261697395
0.0953183948680517
0.0954983634533289
0.0840143093580384
0.0677584765272776
0.0729188102763031
0.0715994845952586
0.0913412797645222
0.0837656280502551
0.112423647465244
0.103120208098227
0.107518787299044
0.0922581365085912
0.0988361878101415
0.0960167871567797
0.102807458324468
0.10057885224108
0.121067463825314
0.10697313936723
0.0811341967459359
0.0965258789772619
0.086537610180394
0.0960494649108048
0.0919198631679615
0.104499181350329
0.105350485913606
0.109814533316422
0.118792214397237
0.186004862477843
0.167849411255496
0.166531108074092
0.172695050436601
0.182215014912479
0.188698814130646
0.196490870436975
0.154513578579273
0.139681689080119
0.169694320820102
0.156639116046291
0.178044044351626
0.158136798073965
0.168910737764192
0.184117152646832
0.187124487766235
0.191746168781783
0.190579549229185
0.181957491952589
0.182976323919118
0.171457539239716
0.17517831228896
0.169913517969688
0.171414110318866
0.18050771791038
0.172767706278717
0.160626491241315
0.158906522156347
0.137923301606653
0.214620860592897
0.233951808099276
0.212890722897977
0.151522771394803
0.145209456591879
0.175048344535668
0.19491327809366
0.20548567927023
0.188852833964792
0.187098282845601
0.158688471264956
0.171192965967483
0.163967030598394
0.188010583214443
0.146953434643897
0.125975304646904
0.155526441133654
0.180811988675971
0.167682869728323
0.134730168897008
0.20465670066329
0.207599409142817
0.199688474973312
0.231042964676378
0.228715998270497
0.201222857204816
0.147797854890797
0.133159913283198
0.163723329354329
0.161182866757614
0.183932908090303
0.172926461672161
0.134613222149941
0.142175589943161
0.153508441663791
0.192253919080183
0.18971326396027
0.195438984291281
0.201808293135935
