0.17
0.18749227263209
0.187250836903889
0.165010134951203
0.125743301402602
0.137893455247542
0.126100871648166
0.128124037154956
0.136572983795913
0.146997010928903
0.136258542837061
0.11983674011775
0.145993815402916
0.181046399578312
0.143912562556659
0.144089845632982
0.146249471869493
0.119125774577222
0.176947575424385
0.191799565749795
0.127411061632594
0.127943979419945
0.134358423369826
0.130205213990333
0.136866449150048
0.155566549055263
0.171962153025638
0.157545314644672
0.16261860882511
0.181592122971597
0.131733903596808
0.150692768875193
0.16888439088159
0.167218224868222
0.204183682248042
0.21813708689838
0.208297511929088
0.185953004043401
0.216042344034701
0.171063097170326
0.188894605970502
0.179332245967163
0.185713494202283
0.183763660501112
0.210235623165594
0.21045599584206
0.23306648834415
0.220296695137836
0.219832407338726
0.213070835233285
0.196794984091855
0.199419569245995
0.184881586273083
0.176073854177528
0.177891910859026
0.207231542444505
0.211748067108926
0.221758947777229
0.22442066743668
0.221601172781067
0.20799481713946
0.198642390062282
0.208168161742271
0.177857026528656
0.210428758698333
0.226989356120134
0.214547484938837
0.18076919535655
0.196616758465287
0.196380116773286
0.196129155813964
0.203802917168012
0.203600571917536
0.192436634843865
0.227719551302527
0.22359384717992
0.209185721520504
0.203771565899136
0.208623404277445
0.20663663363639
0.236134593560719
0.174783385866474
0.182744421063523
0.1810459004337
0.187799599857513
0.195437687119596
0.196398319425632
0.220648040885636
0.236779972343951
0.242770947326747
0.18770879877624
0.197470880649864
0.207512010170145
0.198739761783792
0.209029830134524
0.187886379082286
0.227238106685521
0.205679564034607
0.25927974389444
0.220487025378156
0.251285711745161
0.218261344599132
0.211019725129732
0.208137483940453
0.239280476696369
0.20362853975632
0.218479150497488
0.222416712901885
0.205588086103374
0.206873799600601
0.210489276845073
0.211344684624722
0.235732361733039
0.180706009285571
0.167391587904807
0.205350837177744
0.24489931197422
0.249286447587082
0.226344463746905
0.230074504349729
0.195488112010974
0.225056443533794
0.226294958060159
0.206248467659822
0.207463126285974
0.20527804720944
0.203063853888446
0.201202501085445
0.198732790189492
0.170363922872627
0.161213943978727
0.180633443750635
0.218803946443229
0.230289535967552
0.22749249458982
0.226677137106687
0.157089926985861
0.151326906118514
0.157660310446787
0.143983180244699
0.209229271022603
0.158268244502214
0.201919479877586
0.239360513706483
0.208927019659705
0.225903833098524
0.169655160005993
0.163663767459515
0.185629118125889
0.202610405984598
0.178760116883368
0.2341400199561
0.227968333013613
0.236755810668288
0.232502894188761
0.241583956599505
0.273392553094332
0.264998172687696
0.205858540829329
0.209051588161754
0.190076136714732
0.194836126091388
0.221240835657143
0.189112388148488
0.215582810593586
0.213782067744247
0.191953881690214
0.232172749704648
0.229711714255196
0.201687688331486
0.181959444496919
0.231752835587614
0.224197749352056
0.218591451834828
0.21737670380684
0.231280639529642
0.236391092771331
0.22224179652419
0.190428160813695
0.192246474653851
0.198783314924778
0.217636122332412
0.214346930501022
0.207110339625406
0.201759679810138
0.208152452264271
0.248203699923537
0.259376889922968
0.250147103376438
0.217933631902019
0.212377105863988
0.213648087165225
0.205787159833942
0.203206723122469
0.205006390982038
0.215508325987312
0.230064289263229
0.218157604753907
0.194652487495878
0.20201875881845
