0.17
0.162793932044484
0.14478913658419
0.122880314308904
0.11553620592137
0.116644643051659
0.124979536507367
0.12476183114981
0.173701073239596
0.173671096678356
0.158468194415147
0.148712683237262
0.152489890074579
0.156263302205583
0.111984415465618
0.105105465829418
0.133582479019244
0.1381224363258
0.153324053322525
0.154770628963284
0.173633943067075
0.167336286437051
0.161386178029554
0.157636419706125
0.117298553401754
0.12023188195263
0.0948340037024964
0.0929009127791161
0.114397406373364
0.123337444442171
0.118327071757203
0.0944907684705819
0.0769440007783856
0.100130019108929
0.0855451898927042
0.0841768123007504
0.0859361275719462
0.0870437153798644
0.0978079355694824
0.0919615423353452
0.130468742777619
0.12880022026655
0.0888238857248989
0.0976727397468969
0.0753699577091021
0.0691280805964353
0.0716976084738591
0.0764039561397277
0.0638984481675242
0.0694276704795559
0.0625723671387662
0.0605534899306962
0.0601987824696113
0.0658651629863437
0.066522743051096
0.0604776376915022
0.0604173432245109
0.0639430843473594
0.0613455248322186
0.0777513960925451
0.0798118971475905
0.0781372262233449
0.0694149940028548
0.0669328421351953
0.0695667948588003
0.0905115149348132
0.0992433284704201
0.0908031045737059
0.105863786631927
0.0896771350776378
0.0878591028510467
0.0928374639716726
0.114162952392656
0.0964108619939663
0.128399091833192
0.11488616019181
0.130880312123183
0.146768810791094
0.123879766993184
0.113373366349338
0.120678225376069
0.100755511906622
0.101793764068131
0.120087693194096
0.103658845515818
0.104512902275326
0.117954932317569
0.109600807830887
0.120940079832308
0.155607288419297
0.191446422070679
0.15442067309151
0.13313470522666
0.137479432015476
0.139904354002054
0.146816435907734
0.135259629623458
0.126234889917448
0.0920310364939036
0.0954945870380788
0.0987655030878887
0.0973929859868945
0.0949308482819863
0.120651821448842
0.0983070770375242
0.140911027420444
0.133203788225861
0.113146102969784
0.109844424288591
0.124597385022407
0.120019728391966
0.123408882812371
0.100675397033393
0.131535005264441
0.128033999960312
0.138988018858115
0.139012788512809
0.134419272654182
0.17583678275465
0.17531190339139
0.179878032192477
0.248216483189014
0.194199692823573
0.197913295454161
0.177136544145704
0.174553847009448
0.176056220407395
0.123682375367697
0.150474997354497
0.172004718699107
0.161927063590801
0.154497880851776
0.140563015163996
0.140872953295753
0.160917530325817
0.14077560734741
0.143634777511258
0.136831634537772
0.162094577581016
0.186254490108578
0.174329334825935
0.207891158529163
0.167604212268743
0.143846603995182
0.147417955277091
0.135069895512499
0.123920819023047
0.121270304482428
0.121956151425624
0.105434783108697
0.0924376608824215
0.0808539083919066
0.0908372900135184
0.0790549258876101
0.0779327003162764
0.0856946355509521
0.124288474455646
0.117391726988864
0.113196459402443
0.109285003623632
0.104239188289046
0.141097626003207
0.143390852845041
0.148313544185325
0.143156980881651
0.159223384864782
0.180305692147367
0.13431792905976
0.151810188639319
0.160873382850435
0.132472929760738
0.168020161410873
0.1461459586708
0.150798964980874
0.150142486433925
0.115438576767242
0.137197226551411
0.149058783372834
0.159585630461211
0.163236953849056
0.130655726495083
0.140210393088595
0.192957724412717
0.122388607897288
0.122427112409977
0.135103174941112
0.114955001172865
0.0980385103741968
0.129339048794498
0.106058081045166
0.138072298786636
0.0971521114133887
0.12222056662551
0.11541229687175
0.118151123060165
0.128947098252032
0.167508482429861
0.140221891958176
0.150706633443522
0.139740053277938
