0.17
0.170428997215317
0.176025656360808
0.166994301859122
0.123169226444655
0.127821415755325
0.147569428571801
0.103826884237161
0.109243503235994
0.135498922569497
0.125366940319604
0.131296541378599
0.132827849797697
0.105598404423083
0.143718564958085
0.133797561074164
0.10707592949814
0.109666509061246
0.103528358088165
0.104004219428647
0.108484403455764
0.148685707598079
0.143283627209925
0.131063406362532
0.126197053608184
0.126396686844441
0.134989981209746
0.122065566618922
0.123936970890346
0.13316943082944
0.129688236495641
0.126231474155828
0.110075957750977
0.120731186579596
0.121337159079626
0.128638787997623
0.138152342390423
0.143958119576166
0.0995647071507212
0.0889843779305536
0.0858508000225443
0.0790376111012209
0.0752155870080695
0.062988009868372
0.0661980456916225
0.0677785191451183
0.0644773858688577
0.0619951625814873
0.0615988913816142
0.0611263328114981
0.0705465375700066
0.0779420893559748
0.0791214162389947
0.0792276021810023
0.0810128258549249
0.0731194706968834
0.0704503831283814
0.0750640308594694
0.0686642836831783
0.0700918873102504
0.0668919113251315
0.0642616462862507
0.0639915664198864
0.0788291943449336
0.0763536797000518
0.0822021657362735
0.0660078441485243
0.0806412447945396
0.0853166530421961
0.0839771363465921
0.0753512431671046
0.0764758501490438
0.079212014211829
0.0762072809901229
0.0824219054499953
0.0871463268316357
0.0807402472645377
0.087933948659565
0.0882842176378908
0.0902593499451035
0.103584745982208
0.102008829385649
0.104685860394719
0.0828444229401714
0.0890960293554427
0.0888208712072232
0.0852880553104017
0.0937381402172048
0.0809160263219497
0.0781914128559536
0.0821437198445099
0.0892457229501049
0.0860054655329967
0.0870850315734954
0.070202323668973
0.0740445407039605
0.0806340309493902
0.0751896881774678
0.0874028641115693
0.0921319213111285
0.0817517171006782
0.0966896750800109
0.0788206105647008
0.0736407430390487
0.0781246592014757
0.0695677672119075
0.0685785380023575
0.0633852451632286
0.0653718633248477
0.0624037962067894
0.0727224607517092
0.0667800515308569
0.0676383342741452
0.0678564005100327
0.0760592630756932
0.0793071088747386
0.0809161740502083
0.0802009711556015
0.0834313862862262
0.0857593440500843
0.0862999383179534
0.0782456593969337
0.0713120073338201
0.0888570969890078
0.0830177935124692
0.0864408204446729
0.0976141412151163
0.096739408611277
0.0722073395299069
0.0716550956031221
0.0711793793590993
0.0691502641834216
0.0796689955144039
0.0771350449117661
0.0779105955846306
0.0903698195280107
0.0768752683736477
0.0866992385098258
0.0908289260925583
0.0802339047014289
0.0715033760980212
0.0783422312164514
0.0789978982159392
0.0791564801888833
0.0792533466113279
0.0783194636863202
0.0747094919423897
0.0838901226961034
0.0822552537561765
0.0771443682499238
0.0737293104993763
0.0698370625226976
0.0677302873850999
0.0633604775683733
0.0747191859303307
0.0796709676204619
0.0930092190804382
0.0834360185411274
0.0799536974896874
0.0745771449804609
0.0673971677656547
0.0666185484682087
0.0720627975493293
0.072306677339512
0.0704379152797854
0.0847319528209465
0.100014100503938
0.0960578375301987
0.0807466212230367
0.0834303946330568
0.0799490993599549
0.0725513367531248
0.084872141964263
0.0715509327980615
0.080881283085589
0.0860983910807138
0.0794316855376197
0.0762011077397197
0.0754823977653559
0.0717808484041334
0.0779801878377807
0.0767908579633355
0.0695178426188765
0.0786096041318649
0.0742868139951962
0.0727041742591606
0.0689213123747458
0.0712145628735229
0.0766892474121221
0.0664063862209893
0.0699519965963725
0.0761367476026199
0.0779560550189122
0.0800399718851967
0.0816170105250659
0.0720786910581134
0.0743725402613555
0.0696433973389263
0.0804976796272008
0.0863717319440818
