0.17
0.12713060544936
0.140490992566283
0.143846600021632
0.149082645038758
0.139571484347739
0.139603555005535
0.125807006753298
0.14781855294241
0.15324690196539
0.134285185529212
0.134775269412336
0.100534389449474
0.0942618301107689
0.104955357243224
0.106537700728882
0.119482337551842
0.113179801204171
0.136434158015211
0.119161140580381
0.123059421004977
0.127245504554617
0.128355551657372
0.124832876202809
0.110615581043498
0.102783125831132
0.100889215285733
0.100878224600802
0.116672458543826
0.136961411370635
0.113510126500341
0.0996627055720952
0.085422371997737
0.0790284433085889
0.0958597578733687
0.127632660302911
0.12152319008331
0.12940639333773
0.123633307990037
0.157794784399435
0.145381604769702
0.145705116837482
0.160137016729453
0.144268048380378
0.123432235867716
0.0920180855523503
0.105662291651246
0.0998797705261489
0.112043511646527
0.142583062485298
0.0978656909823164
0.102037385252788
0.102009383795553
0.101571829303715
0.124054777568322
0.145386514052365
0.123276524727209
0.146767441225021
0.170415236608905
0.159247076010477
0.167242592790944
0.135947844518422
0.13504821899876
0.154130080196169
0.13467562162308
0.120575760269626
0.143663590026464
0.144687780591283
0.174973060481769
0.187981927652782
0.141671509802034
0.12218845101624
0.14227887272195
0.113051302221091
0.130232851805247
0.173745658803053
0.211394664798637
0.185948821540664
0.174646179982376
0.121213782972653
0.0985814364216566
0.120977852343578
0.0837394960549458
0.0923347360191666
0.118730574764853
0.174405113966125
0.190472305782416
0.164858913078162
0.121721871894061
0.129140306373359
0.137867709203551
0.125939159382454
0.093615268437388
0.112454282597434
0.139801330448032
0.153553718950843
0.156334643376871
0.119992345777408
0.129901501399016
0.127540193766344
0.105210673698888
0.0867113530095816
0.0984781590953433
0.115727691278504
0.112756462077127
0.112060462985988
0.115106209522538
0.106107738407372
0.153876363296639
0.123636440057444
0.115742749094504
0.134368434244093
0.151180981429423
0.15161427904108
0.138468045800862
0.107174716550998
0.106395340725999
0.109022891388175
0.103512722945005
0.105674713514343
0.132587094352157
0.125997958288757
0.137561064911389
0.113093088198355
0.145884642947782
0.142335179031421
0.194907535179643
0.192155486300339
0.144634801041421
0.155438472461479
0.141629897765833
0.112626829002398
0.104134123910143
0.104923416840707
0.0939617262796778
0.100531013850831
0.0956679954833536
0.104253086397336
0.10320897487892
0.0900688858365783
0.0742371971897208
0.0864004239869101
0.075334314803933
0.0777870869718254
0.0704000369705925
0.072963939460465
0.0926174474621023
0.0912292036840521
0.100212552695741
0.118960208898679
0.116623343065485
0.142715931678141
0.172844557440638
0.184677662193945
0.187773450909491
0.138083499765974
0.145534966340738
0.193670749151397
0.169825241491193
0.182593914188867
0.185742160176788
0.208298763913607
0.217914295252476
0.195110561843264
0.190095998127977
0.189988612256111
0.185293068391943
0.176059479159173
0.175227078493327
0.174616086254959
0.171538669002805
0.201229905212479
0.145347893309365
0.141792849006252
0.190420659646222
0.226640131369133
0.214243258999212
0.16922869051309
0.126538424280904
0.133836594019028
0.131741537861273
0.149315097722236
0.200736936192748
0.213372185322852
0.159758435240488
0.184063307127906
0.177843234764296
0.186252824174675
0.166475102918534
0.185227782603421
0.216157631715973
0.219589905089795
0.205171113630461
0.250926807536216
0.257047493715642
0.202404176550555
0.252477288503575
0.223895098009179
0.194269219770745
0.130803070974156
