0.17
0.160726988290348
0.162222618442771
0.162960346242099
0.134660834108779
0.167234696377425
0.109126615425967
0.115460800109017
0.125264934573335
0.153650090750796
0.154639744455767
0.14669119277849
0.14693508518927
0.125915893017741
0.126344902118618
0.109766813679862
0.125675768545234
0.158186239797566
0.147571914874966
0.120613092261355
0.12351642969688
0.117915729443576
0.14713874491407
0.143701784163227
0.11545109870244
0.121487649140982
0.122468758683843
0.121848056970721
0.131664849639706
0.145672164462663
0.138563369217728
0.139040550569014
0.14373355365972
0.108964284129986
0.0969740045024298
0.0906336777945685
0.115161449775487
0.128136804369627
0.105029304863137
0.100133308624143
0.111249096818663
0.109886116210759
0.121331071946296
0.110689502223155
0.106061767753342
0.110614164713447
0.109485024779858
0.108435616658805
0.108157638703855
0.118213373082358
0.116570283680948
0.112751001846721
0.148491564574144
0.137042095446901
0.161515769737536
0.161207609309473
0.129923932777439
0.140103083444357
0.137757896397907
0.115908065489361
0.137609441039938
0.14555643897825
0.171703790095119
0.156084967379183
0.15421717566282
0.166661213106365
0.155916132837222
0.14262600960365
0.138161173388128
0.183968132474762
0.16344208606948
0.169829367919114
0.17287676432689
0.156193831986642
0.20117888687464
0.209608854472782
0.180329152938525
0.173117521738219
0.138906490749034
0.134212701375977
0.128100716730022
0.122968579329436
0.136396215198135
0.11106561576444
0.0953616820292797
0.125626665828169
0.132490110198846
0.137224182717497
0.120650563992302
0.121046962501012
0.113794975993211
0.115675413718357
0.126920172271468
0.116001371267833
0.119370761825153
0.133053733289237
0.140729345009362
0.155029108470813
0.153173801497899
0.142537166958789
0.151543533999308
0.135089356694231
0.145138918169785
0.105066792573369
0.137079096991597
0.127118325754186
0.130172297610053
0.107757874112381
0.130818551952945
0.142307513757496
0.0976033592987161
0.102495385680221
0.108427050909837
0.112711020811408
0.103047021391065
0.0906650849413867
0.0920267949953395
0.0951211556503479
0.0924534496185554
0.106590528607574
0.125253470088727
0.128089680740179
0.123241338173233
0.114300208797492
0.112705133949957
0.108493122504995
0.105295123097374
0.127707643409654
0.127697973743219
0.128113934213213
0.1171196417552
0.127698001682498
0.133408903161189
0.117080253026853
0.0928635796982802
0.103074485729358
0.108128779011398
0.111567634418587
0.13902073603123
0.0949113381196051
0.0921959810536803
0.0865445516740503
0.0817394819110043
0.0835836682449995
0.0890365259706635
0.093525586853735
0.103693232223267
0.123412120703426
0.121052425920556
0.101753709484526
0.0954419341882779
0.119534536237295
0.104084273471962
0.124411872786182
0.0999300653675427
0.102994085491754
0.11537653073278
0.128081156508391
0.11575681561288
0.108636416999852
0.112359791520883
0.101309062133518
0.108861799436307
0.117648238511003
0.100820374228099
0.105713590221478
0.103510309198309
0.119083779425862
0.0975446031472213
0.0960423895515713
0.0941991915959392
0.114377851609771
0.115851730000148
0.115459786240705
0.128902313727858
0.128090119115243
0.118583201672211
0.109014615025132
0.139538353602293
0.108563571364572
0.101642759644862
0.0984353088554165
0.100706867386794
0.112049630601244
0.105946390201221
0.105919749354359
0.126172339612563
0.148677208956137
0.152166396466037
0.148701162203686
0.131580209943995
0.135099374086669
0.118839534389338
0.120704892364234
0.11291257254526
0.121605880856102
0.12575028718609
0.0991915021313686
0.0903849452885124
0.101712823759606
