0.17
0.154874426434073
0.156188202469523
0.138331904640885
0.147403500151977
0.149077995067146
0.145370243119864
0.148742191146583
0.169844678576634
0.167154864745794
0.10776409501141
0.120328995477701
0.117481100117575
0.13629957498337
0.125372832293106
0.131189327315416
0.131647521929747
0.136694850093539
0.128854547506166
0.137062606063167
0.113469046712159
0.110590444508029
0.104138745996308
0.108103365552641
0.128546263980761
0.14764583867733
0.127370460336947
0.135698372746724
0.123822747106628
0.133246291142431
0.123455088280094
0.124296752686744
0.165507632602051
0.161094429736315
0.202904631056884
0.163404663017935
0.105606426611948
0.147659337191413
0.198575814723355
0.163428848708909
0.149959266689829
0.189840879513446
0.195379932247708
0.198448742996169
0.176851442378336
0.207313671680158
0.186044771499849
0.221751609489854
0.163102771267305
0.181915432467357
0.21468837476239
0.207239661757352
0.205877841331271
0.18471653313825
0.134045600919887
0.142561893530766
0.0988994858947677
0.110116454256573
0.103865198910526
0.0958533246906573
0.0870405671898375
0.0883308374764144
0.0789621390927809
0.0818135599443752
0.105877444265697
0.120058325528865
0.11582007641059
0.110849453940854
0.130248749343615
0.11459010317915
0.1047893919618
0.092070101048416
0.129898342735414
0.160725041225778
0.153331092567631
0.217298143101095
0.227161311452914
0.221730592656531
0.208335915350614
0.208334875458632
0.156854367108868
0.172044004054125
0.172592628946936
0.187490825719687
0.202484783912953
0.229822193207177
0.151392192469105
0.143767721694562
0.141199987206352
0.129032442096066
0.0876617708866939
0.0838132640561888
0.0907941590514815
0.102720169825699
0.113395061095309
0.114214988472977
0.0961259016513905
0.0786098218749381
0.0828733677205075
0.0776330128510894
0.0792679349523222
0.0804242208277689
0.104840996451554
0.0824379737610452
0.0812681971523187
0.0772211179462375
0.096738884099313
0.102548013099289
0.132301316063315
0.148493172091489
0.10715136463859
0.157062067630166
0.132011246034742
0.127227648887192
0.116416430212077
0.114621438834378
0.154484065408652
0.142879695025654
0.117146431314395
0.152316060920412
0.145768444537824
0.183151971704363
0.201821158179482
0.178832515283626
0.214116958496397
0.165834078263656
0.176525453314034
0.166921413836744
0.179993194067856
0.18567547287803
0.133119274032954
0.151590425951788
0.138385431179719
0.142407763008674
0.133426167375011
0.125826505872986
0.0988659803509322
0.122306666995615
0.125123387012586
0.142075109640255
0.0965958239885451
0.0881998978507415
0.112082559812332
0.0908168385330448
0.0815472972254718
0.0760175553609135
0.0828295171004971
0.0828361246231554
0.0833808072600444
0.0749785178191402
0.0675919162571346
0.0803155618397674
0.0896189987425167
0.0833161247706423
0.07546630363563
0.0875594786653486
0.103499439003635
0.084820181122231
0.10953418619527
0.108342061102676
0.173785143927758
0.187440154339183
0.224834377887392
0.221703080880999
0.199180387614733
0.239679213940055
0.173850400851865
0.137720045600292
0.123334240965914
0.103084094384354
0.12639582317444
0.113136170341164
0.13932963554265
0.184159723466329
0.151917876425351
0.13439696187531
0.177906003936577
0.15284485905344
0.154532316689502
0.198744240459838
0.14255248887003
0.142596269862745
0.158230226146014
0.131817910197662
0.118943376069821
0.0895198348544798
0.0881121689160361
0.0995325458260829
0.108459306801511
0.0992149153710957
0.098223543027952
0.0975776406800949
0.0989536181860956
0.121275770187711
0.12306587271536
0.125945229217969
0.0984538191771086
0.111054974414669
0.113421652229272
0.109148780794665
