0.17
0.170689801794729
0.192790900416362
0.182818115933597
0.211069516282377
0.202979888336126
0.19221512947574
0.185301735506556
0.140754576734966
0.15017918854726
0.221092039900203
0.187747663397944
0.187546241341536
0.179927163661559
0.142107121529598
0.137640926136854
0.137468263229362
0.113414763890152
0.119394098188011
0.143903634028362
0.132791691209573
0.149696243851967
0.123708093487736
0.120475291598219
0.114414170372206
0.105712652655156
0.0995642898139437
0.120457729209509
0.121687699362725
0.162250347722798
0.126470379774652
0.150357050162615
0.163677702158469
0.120874756631996
0.0976540498936037
0.102045077641373
0.0978444894577082
0.0954703347245064
0.0916635957900746
0.0780300175727602
0.0951696387117624
0.0985870877414623
0.109734798849449
0.104070311640388
0.118908190210703
0.081979899979668
0.0796594402196657
0.090600138336287
0.0861950185791182
0.0786690154536129
0.0886577702579101
0.10468201683293
0.114955512521926
0.125746232952179
0.134914378481857
0.131070741975046
0.10908420550981
0.105075217160045
0.0975827328233489
0.100524551961615
0.089208588017543
0.0777232640330254
0.0909024336869074
0.100236217965399
0.120759993911668
0.114583670981751
0.106400455107012
0.0914784961831289
0.0812852488599601
0.0814162724925135
0.0891546145891517
0.0921299884202479
0.105242407673851
0.0862198030453062
0.114650125466779
0.118707265165523
0.136293507342798
0.164567496244131
0.155459476496902
0.148245474726894
0.160013573939727
0.144855410888792
0.12041254870701
0.100196034313434
0.0961936855492043
0.10278174374201
0.120008984125428
0.161642586288135
0.187566462003865
0.161295300197676
0.149799357554633
0.142447030334347
0.111898516130148
0.15666591038931
0.14491825400825
0.143402171419744
0.154766118938137
0.119819082882516
0.131754607318541
0.123458886212181
0.110389922376145
0.109102893652822
0.145485939318972
0.109997666804906
0.117290277129213
0.151035321470532
0.169785646525379
0.226698374333499
0.201254069309121
0.215247381554359
0.24473701902586
0.212327139585361
0.145219278213493
0.131687660163996
0.156953028286658
0.137623210055476
0.131737462716348
0.178939639696669
0.218563079353097
0.17049427175703
0.135122833705305
0.1476203490935
0.157616713736451
0.155298776574317
0.132798676269356
0.152312283023398
0.170985831463846
0.150266690055058
0.120966818655267
0.0951692244041412
0.149263458547811
0.152279503872174
0.15194381523719
0.112902785314841
0.0934437787532154
0.106425952057159
0.110480206861115
0.082277191384007
0.0801745880134087
0.0828132478513125
0.110381759165378
0.147610844832873
0.095408665287598
0.105876492993816
0.124401804343084
0.0892971259976202
0.109597119988398
0.144466086314267
0.109942941759959
0.132131882590021
0.123365377050716
0.112255106874757
0.129551946040453
0.117878349640461
0.109729852283111
0.0956858865310712
0.0817943295318507
0.107927597977531
0.132832134401119
0.109733146540934
0.141706054621767
0.158011064602978
0.125521242114606
0.119595515593925
0.125700824508682
0.0985549465990844
0.132169809241738
0.128782100812927
0.127681828882191
0.123715131107945
0.107064432781448
0.133484121514412
0.13735560858822
0.110551258167765
0.135727950296229
0.162599247626313
0.186244389823822
0.202650130440177
0.210237818979453
0.21741580664141
0.205318250222954
0.23286720698929
0.154119783682789
0.196291465944216
0.160034401308782
0.164669751114656
0.182340233275565
0.167916363017592
0.141696681217885
0.167387174476802
0.144237676999959
0.157086518259501
0.168062144912228
0.174258685387278
0.171692980555476
0.171429857899009
0.126427988905338
0.165629017548832
0.156482950133586
0.113833796412465
