0.17
0.171957355676588
0.170466924398047
0.16072066032687
0.142828393483166
0.203627236101891
0.196687012676824
0.17346872212459
0.153626053074375
0.226570671146345
0.224949524566679
0.202102444417387
0.241580932622481
0.187774039499772
0.137228142659703
0.189177770203238
0.16483457496311
0.140721379795694
0.148088223398285
0.145953830363966
0.168613881260096
0.159611031210848
0.153939992431388
0.139861794289458
0.15828680842304
0.156282665586367
0.139733880875497
0.12100630565885
0.140938182447679
0.102888569268126
0.103283236122282
0.113658765370167
0.151588273698309
0.156261936404556
0.189668171168609
0.1390094723869
0.134480646587698
0.175152413505608
0.18973866060625
0.137800501030903
0.15777203496708
0.189055661430214
0.171706626462162
0.188764095370964
0.189656594937825
0.19308983046725
0.181640785304934
0.160945064935453
0.197215680164662
0.192643013745416
0.196054190846035
0.16674097104106
0.167582048685612
0.153162979583856
0.154335000889612
0.170741259746631
0.155061959608546
0.173358697348319
0.169674833450336
0.17381067412086
0.200833105455739
0.197131175263269
0.171188955607219
0.164663694417291
0.160655606629983
0.166853335056636
0.173078636876363
0.172513950841791
0.17155704705986
0.173428150578607
0.176892847077074
0.179159892192131
0.176129100856679
0.157929187981824
0.173058194805503
0.185262432278826
0.187446380262522
0.17206462733601
0.191155949733828
0.190435222512771
0.186823112536772
0.187503038690188
0.199230547894035
0.172022175144783
0.176843656891445
0.171767934125937
0.170565815284749
0.17541958562772
0.178290624375378
0.177626191321837
0.182524478858462
0.172916615725957
0.198492424062913
0.203606243359095
0.189981247210876
0.196501054452664
0.212156387103697
0.208677332902199
0.202561310669523
0.199154244999747
0.198143047383344
0.210019440720494
0.212338753213506
0.210959693497648
0.206638872375784
0.217940617069309
0.210654289077296
0.210588498075787
0.202187819594488
0.208536949441755
0.198048938369548
0.218613764047998
0.199550088147807
0.214148990265291
0.20213401352338
0.20759087311025
0.210375780364486
0.20796243066179
0.209195882054647
0.20582198366035
0.211921231209217
0.198597360825719
0.18881496723461
0.186226791547961
0.191445694076988
0.211709544986243
0.184948722318495
0.218664449553092
0.213612078276084
0.21695026085687
0.227998641523426
0.228402161573529
0.225513666921686
0.212816879373211
0.212277861924838
0.215828986069667
0.217301644180382
0.215595701432244
0.217166563897903
0.226643328850122
0.227877092868469
0.187984904728211
0.185503015820473
0.201909575785069
0.194895282590783
0.194500794642189
0.197065918595953
0.232934978751901
0.228466714597485
0.210359030996527
0.206160008427508
0.214356424989563
0.219486080247626
0.213962960142013
0.210074495935464
0.196059947364885
0.199538123951561
0.202300478748301
0.207320861205786
0.196732454132589
0.191109859164286
0.197368188374315
0.19029344278422
0.177496376714238
0.176977211626263
0.236366211729346
0.231248191566761
0.211682061119635
0.218239944894253
0.218477616717093
0.182314291870915
0.20160450007727
0.217178368066439
0.220564212405064
0.21487635241739
0.213035326564447
0.171156757604092
0.1909929677369
0.166446330591452
0.173740600543165
0.19091097897222
0.185619567034371
0.204599602645414
0.174733035877544
0.186507210352766
0.215421920834659
0.196018982193865
0.185618335458013
0.184339148525803
0.154964954586519
0.210700311918487
0.19546230801132
0.207640626987608
0.185735089228636
0.220361483874334
0.214393309790561
0.220926917766977
0.209535094087072
0.200623018474962
0.202454735479966
