0.17
0.224453790646057
0.221078949558631
0.21619651075603
0.225200010880411
0.221040236713172
0.226033704325056
0.162545631881751
0.164141075824175
0.16979994370217
0.17206785099332
0.196432691834628
0.186598896989654
0.169674583938687
0.128551756061011
0.125578869160396
0.160959968359006
0.228282000570297
0.252933706395588
0.208851109410232
0.20108697626511
0.170775876481758
0.177332416250071
0.236545530887349
0.20699481563703
0.174844012807985
0.16233505820947
0.15557997782167
0.163187351796899
0.173767733589304
0.224716736285321
0.260599947282451
0.227539949198183
0.250999709838981
0.283589724339833
0.270181410697084
0.288556493501487
0.284481658857128
0.300925307821174
0.305695735841013
0.292557743072437
0.26196876093989
0.238164346972168
0.299463660832349
0.273221252630349
0.253295500612663
0.240476317151264
0.254325198417782
0.271142962533532
0.276132010892345
0.24459793845484
0.318821835941523
0.312329596849183
0.293686276070851
0.262790876482119
0.300341923250889
0.358764310541615
0.378153141208737
0.317087312075116
0.321555814468354
0.36594484159636
0.372014229798385
0.400547941652451
0.404688269232892
0.397077592294766
0.382460461731533
0.383421639584488
0.372449573012301
0.397282547656093
0.389543554684245
0.381354520650762
0.374032859893396
0.341853837703432
0.305044907118362
0.332518919573134
0.360796706513854
0.318278364720152
0.251549194101842
0.263947953939797
0.310169605326982
0.348635905515061
0.349101859448681
0.288675615610375
0.301781080072108
0.293676715739936
0.336874070280514
0.309278389875693
0.29740687380588
0.305309445677963
0.339995754316447
0.330978104059176
0.323411986534541
0.299057299378661
0.278370907053027
0.290244612089589
0.236916001217028
0.307799313978938
0.293957826068401
0.28339498376614
0.289946828658188
0.273303143404661
0.28585293910831
0.293149600495888
0.293603903862747
0.278832993655523
0.328289430573359
0.331024732987325
0.298644766162959
0.314927573337765
0.319170057205514
0.322252422454891
0.301177518988272
0.281075846211806
0.277110370965414
0.335852902141732
0.307607749616813
0.294341674779891
0.275800312895437
0.348270413613481
0.341209615796027
0.366871883112852
0.368570226839275
0.367289078062339
0.334742696326254
0.337714349505721
0.333038259619933
0.317659701071998
0.307688032613258
0.274997600082565
0.296115440289068
0.293782048572814
0.306523626415684
0.28839227760911
0.293865279596739
0.289530330856425
0.273617517979428
0.278318825268189
0.308723141639654
0.294965633497177
0.260998639708485
0.303196829268994
0.299684349532019
0.323322900248505
0.293916970293398
0.286874621069853
0.291452140619827
0.273375749187953
0.277566359593674
0.285516178484364
0.272795645236822
0.284695673151855
0.360798191563385
0.356250006895331
0.371532371321154
0.373523913079603
0.422038305717695
0.413496213128566
0.411195400336144
0.398319976137293
0.416973339735707
0.384596452265988
0.380585341098719
0.346859818165949
0.364914207555131
0.354903187521644
0.358277045288592
0.345131448193587
0.326069690282569
0.355722011843849
0.323155700242765
0.324487864177799
0.326172575828664
0.353189403244948
0.316646303520137
0.341814932852944
0.336157382367537
0.329863531979665
0.327997272697925
0.310546326928749
0.323833683139908
0.317152571231925
0.353159738778461
0.323857334433116
0.324528334814248
0.277204120335031
0.284600006884627
0.313088217103117
0.31009322882652
0.301192851428004
0.319242373211841
0.318821208800053
0.334421115713527
0.286703177982302
0.288511930014473
0.291941770971155
0.306371062349388
0.355374804727363
0.385968481232332
0.373521471892388
0.363093345180906
