1	1	1
1	1	1
1	1	1
1	1	1
1	1	1
1	1	1
1	1	1
1	1	1
1	1	1
1	1	1
1	1	1
-0.685135587396204	0.585874622517805	1.70156668435765
0.334947027005761	0.285947227146439	1.86895128644997
0.334947027005761	0.285947227146439	1.86895128644997
0.334947027005761	0.285947227146439	1.86895128644997
0.334947027005761	0.285947227146439	1.86895128644997
0.334947027005761	0.285947227146439	1.86895128644997
0.525480225015801	0.614749963374493	2.10362880907464
-0.324630351995467	-5.39047441510121e-05	0.785354573012661
0.311106593616536	0.75644691274793	0.278186092813316
0.311106593616536	0.75644691274793	0.278186092813316
0.896215310688133	0.741450876996209	0.475285338774459
0.933877550003191	0.555579663994326	0.66087491801118
0.933877550003191	0.555579663994326	0.66087491801118
0.508700767486092	0.675781072473695	1.34891271603343
0.508700767486092	0.675781072473695	1.34891271603343
0.508700767486092	0.675781072473695	1.34891271603343
0.508700767486092	0.675781072473695	1.34891271603343
0.508700767486092	0.675781072473695	1.34891271603343
0.508700767486092	0.675781072473695	1.34891271603343
0.508700767486092	0.675781072473695	1.34891271603343
0.508700767486092	0.675781072473695	1.34891271603343
0.508700767486092	0.675781072473695	1.34891271603343
0.508700767486092	0.675781072473695	1.34891271603343
0.0751421135168132	0.915115701597439	1.47560153584104
-0.585901822572019	1.13898749954	1.45330605832733
-0.585901822572019	1.13898749954	1.45330605832733
-0.585901822572019	1.13898749954	1.45330605832733
-0.715217768993937	1.72901322821653	1.87897535601454
-0.715217768993937	1.72901322821653	1.87897535601454
-0.715217768993937	1.72901322821653	1.87897535601454
-0.715217768993937	1.72901322821653	1.87897535601454
-0.715217768993937	1.72901322821653	1.87897535601454
-0.715217768993937	1.72901322821653	1.87897535601454
-0.715217768993937	1.72901322821653	1.87897535601454
-0.715217768993937	1.72901322821653	1.87897535601454
-0.715217768993937	1.72901322821653	1.87897535601454
-0.715217768993937	1.72901322821653	1.87897535601454
-0.715217768993937	1.72901322821653	1.87897535601454
-1.70022891945595	1.4822244488648	1.07184763467825
-1.70022891945595	1.4822244488648	1.07184763467825
-1.62487153330836	1.33749314772347	0.767177977909457
-1.62487153330836	1.33749314772347	0.767177977909457
-2.15839479383718	1.29522602121749	0.820451402464682
-2.15839479383718	1.29522602121749	0.820451402464682
-2.15839479383718	1.29522602121749	0.820451402464682
-2.15839479383718	1.29522602121749	0.820451402464682
-2.15839479383718	1.29522602121749	0.820451402464682
-2.98421158295613	1.17020222539998	1.32939510656746
-1.54148433829682	1.92641902600083	1.30603633385629
-1.54148433829682	1.92641902600083	1.30603633385629
-1.07964885446329	2.05309149266186	1.14253914635481
-0.0593972339768378	1.71338450068669	1.43424088016208
-0.0593972339768378	1.71338450068669	1.43424088016208
0.355317416260817	0.574335865081417	1.5603581970608
-1.05207562008775	0.189530110200325	1.73547061854379
-1.05207562008775	0.189530110200325	1.73547061854379
0.224912648741442	0.684998592299436	1.61852906166533
0.224912648741442	0.684998592299436	1.61852906166533
0.789992130583547	0.244290754487289	1.82383009861375
0.789992130583547	0.244290754487289	1.82383009861375
0.17023485177348	0.245561263872682	2.38309522324342
0.17023485177348	0.245561263872682	2.38309522324342
0.687057048911776	1.58506312821376	1.34650927550335
0.687057048911776	1.58506312821376	1.34650927550335
0.687057048911776	1.58506312821376	1.34650927550335
0.687057048911776	1.58506312821376	1.34650927550335
0.687057048911776	1.58506312821376	1.34650927550335
0.687057048911776	1.58506312821376	1.34650927550335
0.687057048911776	1.58506312821376	1.34650927550335
0.905951699393446	2.09554808112926	0.967242281095257
0.54208910672623	2.13708720894595	1.67784376308129
0.54208910672623	2.13708720894595	1.67784376308129
0.54208910672623	2.13708720894595	1.67784376308129
-1.18519729613634	0.556475934562052	1.60910717016431
-1.18519729613634	0.556475934562052	1.60910717016431
-1.18519729613634	0.556475934562052	1.60910717016431
-0.883935159206786	1.18971877147372	1.32183755833802
-0.883935159206786	1.18971877147372	1.32183755833802
-0.883935159206786	1.18971877147372	1.32183755833802
-1.45415397857325	0.939603762082562	1.30242990958564
-0.952742972302686	1.06948077868601	1.3537328820428
-0.952742972302686	1.06948077868601	1.3537328820428
-0.952742972302686	1.06948077868601	1.3537328820428
-0.952742972302686	1.06948077868601	1.3537328820428
-0.952742972302686	1.06948077868601	1.3537328820428
-0.952742972302686	1.06948077868601	1.3537328820428
-0.952742972302686	1.06948077868601	1.3537328820428
-0.952742972302686	1.06948077868601	1.3537328820428
-0.677163066952438	0.732116740295566	1.72441360354322
-0.677163066952438	0.732116740295566	1.72441360354322
-0.677163066952438	0.732116740295566	1.72441360354322
-0.677163066952438	0.732116740295566	1.72441360354322
-0.677163066952438	0.732116740295566	1.72441360354322
-0.115594479016142	1.21534911389659	2.43738721588076
-0.115594479016142	1.21534911389659	2.43738721588076
-0.115594479016142	1.21534911389659	2.43738721588076
-0.115594479016142	1.21534911389659	2.43738721588076
-0.451952563858489	1.56322203062396	2.14875341972352
-0.451952563858489	1.56322203062396	2.14875341972352
-0.451952563858489	1.56322203062396	2.14875341972352
-0.370490302758464	1.89511979951232	1.55641601113077
-0.923108625556589	0.784626271326173	1.53719658700885
0.515590484792267	0.654157284286618	2.29257990698441
0.515590484792267	0.654157284286618	2.29257990698441
0.515590484792267	0.654157284286618	2.29257990698441
0.515590484792267	0.654157284286618	2.29257990698441
0.515590484792267	0.654157284286618	2.29257990698441
0.762890155660748	0.983268740428343	2.13375237206228
1.59947007345792	0.950479662139447	2.03388628569177
1.59947007345792	0.950479662139447	2.03388628569177
1.59947007345792	0.950479662139447	2.03388628569177
1.59947007345792	0.950479662139447	2.03388628569177
-0.412291999926643	0.341943768402473	3.24854861909954
-0.412291999926643	0.341943768402473	3.24854861909954
-0.412291999926643	0.341943768402473	3.24854861909954
1.15854860608265	1.35380506650746	3.69223460418244
0.982813387159345	0.770762986242333	3.04661249101734
0.982813387159345	0.770762986242333	3.04661249101734
-0.785624689042475	-0.148304601636469	3.51221866959986
-0.785624689042475	-0.148304601636469	3.51221866959986
-0.785624689042475	-0.148304601636469	3.51221866959986
-1.19167786250685	0.250780286020494	3.8408000457076
-1.19167786250685	0.250780286020494	3.8408000457076
0.520677223583408	1.29549964481683	3.88729397999911
-0.71220449181025	0.0190567946605793	2.31474914150553
-0.71220449181025	0.0190567946605793	2.31474914150553
-1.83200958517331	-0.105841984553842	2.05740745938237
-1.83200958517331	-0.105841984553842	2.05740745938237
-0.74892020080068	-0.0656845324221925	2.55944177598943
0.555352037201214	1.46043750762735	2.04132423617715
0.555352037201214	1.46043750762735	2.04132423617715
-0.201538491572006	2.19535694316582	1.67334860288812
-1.06977561926064	1.55157467554356	1.93419689041467
-1.06977561926064	1.55157467554356	1.93419689041467
-0.706709185268062	0.745807527898342	1.98800728958071
-0.706709185268062	0.745807527898342	1.98800728958071
-0.706709185268062	0.745807527898342	1.98800728958071
-1.98273033571216	-0.729529403823076	1.73104881971517
-2.2798972909632	-0.779799417404089	1.24106464130106
-2.50518071211787	0.146755784039622	0.958773600220446
-2.50518071211787	0.146755784039622	0.958773600220446
-2.50518071211787	0.146755784039622	0.958773600220446
-2.50518071211787	0.146755784039622	0.958773600220446
-3.15113741231026	0.738511153479363	1.29971897484396
-2.68120675328615	1.38102798203568	1.90618275197337
-1.74758260048277	1.35736780223328	1.98081771978714
-1.74758260048277	1.35736780223328	1.98081771978714
-2.05905001574337	1.67528566920641	1.70222347573698
-2.05905001574337	1.67528566920641	1.70222347573698
-1.3761417625317	2.03478018712492	2.12506520870768
-1.67680236541856	1.11551455779227	2.32529448670987
-1.61352519749355	0.797985067732093	2.34694592661349
-1.61352519749355	0.797985067732093	2.34694592661349
-0.905838203483847	0.278288726096352	1.89241281119129
-0.905838203483847	0.278288726096352	1.89241281119129
-1.29863710132	0.126769807129339	1.64600983069096
-1.29863710132	0.126769807129339	1.64600983069096
-1.29863710132	0.126769807129339	1.64600983069096
-1.29863710132	0.126769807129339	1.64600983069096
-1.29863710132	0.126769807129339	1.64600983069096
-1.29863710132	0.126769807129339	1.64600983069096
-1.29863710132	0.126769807129339	1.64600983069096
-1.29863710132	0.126769807129339	1.64600983069096
-1.45216426362899	-0.303522643139167	1.48365460619936
-1.71578370461196	-0.560615955130449	2.01484326224004
-1.5768557388012	0.159968026337332	1.62196355414831
-1.4293831170523	0.623197247565144	1.07508726707765
-1.4293831170523	0.623197247565144	1.07508726707765
-0.445224136487541	0.783957511223172	0.722105623417123
-0.445224136487541	0.783957511223172	0.722105623417123
-0.445224136487541	0.783957511223172	0.722105623417123
-0.445224136487541	0.783957511223172	0.722105623417123
-0.445224136487541	0.783957511223172	0.722105623417123
-0.445224136487541	0.783957511223172	0.722105623417123
-0.445224136487541	0.783957511223172	0.722105623417123
-0.445224136487541	0.783957511223172	0.722105623417123
-0.445224136487541	0.783957511223172	0.722105623417123
-0.445224136487541	0.783957511223172	0.722105623417123
-0.815590777359877	1.17172067377664	0.941742936301064
-0.815590777359877	1.17172067377664	0.941742936301064
-0.815590777359877	1.17172067377664	0.941742936301064
-1.07009298532187	0.225680470003638	1.68235984231704
-1.07009298532187	0.225680470003638	1.68235984231704
-1.07009298532187	0.225680470003638	1.68235984231704
-0.625913951541669	0.790405692564424	1.50114714630911
-0.625913951541669	0.790405692564424	1.50114714630911
-0.625913951541669	0.790405692564424	1.50114714630911
-0.625913951541669	0.790405692564424	1.50114714630911
-0.625913951541669	0.790405692564424	1.50114714630911
