1	1	1
1	1	1
0.54506888139604	-0.575937665798245	1.91689467547974
0.54506888139604	-0.575937665798245	1.91689467547974
0.54506888139604	-0.575937665798245	1.91689467547974
0.874481009917019	-0.0989032218189312	2.53661725771612
0.874481009917019	-0.0989032218189312	2.53661725771612
1.61599985633354	0.246178965151047	2.37022487416251
1.82264617411132	0.56349721016001	2.44928096599862
1.82264617411132	0.56349721016001	2.44928096599862
1.82264617411132	0.56349721016001	2.44928096599862
1.82264617411132	0.56349721016001	2.44928096599862
1.82264617411132	0.56349721016001	2.44928096599862
1.82264617411132	0.56349721016001	2.44928096599862
1.82264617411132	0.56349721016001	2.44928096599862
1.82264617411132	0.56349721016001	2.44928096599862
1.61230462447139	0.463403819374303	1.3289979996532
1.76588311527628	0.519303815732732	2.14110151625798
1.13160895431551	0.00680210199174958	1.56240696127409
1.33048551863565	-0.136140305387113	1.82536964036979
0.283675487181012	0.406417766002023	2.15378597145261
0.283675487181012	0.406417766002023	2.15378597145261
0.283675487181012	0.406417766002023	2.15378597145261
0.283675487181012	0.406417766002023	2.15378597145261
0.283675487181012	0.406417766002023	2.15378597145261
0.283675487181012	0.406417766002023	2.15378597145261
0.283675487181012	0.406417766002023	2.15378597145261
0.283675487181012	0.406417766002023	2.15378597145261
0.283675487181012	0.406417766002023	2.15378597145261
0.283675487181012	0.406417766002023	2.15378597145261
-0.635277571172749	0.780215180622625	1.42141849087307
-0.635277571172749	0.780215180622625	1.42141849087307
-0.635277571172749	0.780215180622625	1.42141849087307
0.277267808117955	0.463238690590007	1.56760944716888
0.277267808117955	0.463238690590007	1.56760944716888
0.277267808117955	0.463238690590007	1.56760944716888
0.277267808117955	0.463238690590007	1.56760944716888
0.369266005087033	-0.825271684163604	1.9742144740971
0.369266005087033	-0.825271684163604	1.9742144740971
0.589914413272431	-1.00832982838613	0.840382735387086
0.589914413272431	-1.00832982838613	0.840382735387086
0.712969529288188	-1.46847272814199	2.09856324433322
0.712969529288188	-1.46847272814199	2.09856324433322
0.540562407270714	-0.382177651747583	1.52756686015364
0.540562407270714	-0.382177651747583	1.52756686015364
0.540562407270714	-0.382177651747583	1.52756686015364
0.540562407270714	-0.382177651747583	1.52756686015364
0.540562407270714	-0.382177651747583	1.52756686015364
-1.22650543815109	-0.571462349402111	0.926643911368964
-1.22650543815109	-0.571462349402111	0.926643911368964
-0.481679130245578	-0.65876170496814	1.13955603727922
-0.481679130245578	-0.65876170496814	1.13955603727922
0.141845410674622	-0.274341065395503	1.28339788092884
0.0920092269957946	0.661104848642931	1.03122408670587
0.0920092269957946	0.661104848642931	1.03122408670587
0.0920092269957946	0.661104848642931	1.03122408670587
0.429759573550015	1.48343261637357	1.61586056521229
-0.0256463820313023	0.765689564483206	1.58645079991749
-0.00311508034302359	1.59066512612678	2.08500438609095
0.000752770849135189	0.858464044798128	1.98869660378024
0.635833181696925	1.64167295113477	2.02585324520843
0.467286016573843	1.95473106235433	2.25747904671376
-0.717984838669118	1.42113058110982	1.62117331318972
-0.717984838669118	1.42113058110982	1.62117331318972
-0.717984838669118	1.42113058110982	1.62117331318972
-0.717984838669118	1.42113058110982	1.62117331318972
-0.717984838669118	1.42113058110982	1.62117331318972
-0.717984838669118	1.42113058110982	1.62117331318972
-1.31775559626279	0.289165001559502	1.59161141089122
-1.31775559626279	0.289165001559502	1.59161141089122
-1.31775559626279	0.289165001559502	1.59161141089122
-1.31775559626279	0.289165001559502	1.59161141089122
-1.31775559626279	0.289165001559502	1.59161141089122
-1.31775559626279	0.289165001559502	1.59161141089122
-1.31775559626279	0.289165001559502	1.59161141089122
-1.31775559626279	0.289165001559502	1.59161141089122
-1.31775559626279	0.289165001559502	1.59161141089122
-1.31775559626279	0.289165001559502	1.59161141089122
-1.31775559626279	0.289165001559502	1.59161141089122
-1.31775559626279	0.289165001559502	1.59161141089122
-1.31775559626279	0.289165001559502	1.59161141089122
-0.413307937004404	-0.043802997706981	1.6137980686542
-0.413307937004404	-0.043802997706981	1.6137980686542
-0.413307937004404	-0.043802997706981	1.6137980686542
-0.413307937004404	-0.043802997706981	1.6137980686542
-0.413307937004404	-0.043802997706981	1.6137980686542
-0.413307937004404	-0.043802997706981	1.6137980686542
-0.413307937004404	-0.043802997706981	1.6137980686542
-0.413307937004404	-0.043802997706981	1.6137980686542
-0.453397662704221	0.558771223987465	1.62423030113649
-0.540100618022789	0.67442551760267	2.10805559684054
-0.603681880295676	-0.0877645352756176	1.8690748702909
-0.603681880295676	-0.0877645352756176	1.8690748702909
-0.603681880295676	-0.0877645352756176	1.8690748702909
-0.603681880295676	-0.0877645352756176	1.8690748702909
-1.07966786514976	-0.262665205373688	1.85891842317245
-1.04419070154075	-0.201106193681182	1.68887330267538
-1.04419070154075	-0.201106193681182	1.68887330267538
-1.04419070154075	-0.201106193681182	1.68887330267538
-1.04419070154075	-0.201106193681182	1.68887330267538
-1.04419070154075	-0.201106193681182	1.68887330267538
-0.705878538528768	1.10095502092165	1.69774880248535
-0.354555305813281	-0.185305427088015	1.54882961538135
-0.138779450836433	0.020820136525377	1.2869156965583
-0.112250997336436	-0.722504442949637	0.238504813440673
-0.112250997336436	-0.722504442949637	0.238504813440673
-0.977473452521711	-0.572729283888951	-0.134849410557085
-1.93802799293091	-0.13765590757008	0.410428207257827
-1.93802799293091	-0.13765590757008	0.410428207257827
-2.60502131494506	-0.0716188172605019	0.491398325557922
-2.60502131494506	-0.0716188172605019	0.491398325557922
-2.60502131494506	-0.0716188172605019	0.491398325557922
-2.60502131494506	-0.0716188172605019	0.491398325557922
-2.67921166903165	-0.55792481532465	1.02978561425408
-2.67921166903165	-0.55792481532465	1.02978561425408
-2.67921166903165	-0.55792481532465	1.02978561425408
-2.67921166903165	-0.55792481532465	1.02978561425408
-1.6191887608025	-0.102239946879281	1.01685200890528
-0.396086705506236	-0.346278586534488	1.87145481226367
-0.0384008399193355	-0.00165909022766514	1.29678659718321
0.149457595265138	0.80090976128753	1.72565240685127
0.149457595265138	0.80090976128753	1.72565240685127
0.149457595265138	0.80090976128753	1.72565240685127
0.149457595265138	0.80090976128753	1.72565240685127
-0.299526802931292	1.09144833301756	1.45741900052424
-0.662809073679484	1.79522860557551	1.11559534922146
-0.37426575193373	1.15803628257725	1.42843437968669
-0.11376516191087	1.40615981120231	1.20874161936875
-0.943772635533044	1.52103113260602	0.893298992896176
-0.943772635533044	1.52103113260602	0.893298992896176
-0.943772635533044	1.52103113260602	0.893298992896176
-0.943772635533044	1.52103113260602	0.893298992896176
-1.52045773786319	-0.00643418354059233	0.933988541810729
-1.52045773786319	-0.00643418354059233	0.933988541810729
-0.265300820915732	0.865358734227293	0.902400614435612
-0.265300820915732	0.865358734227293	0.902400614435612
-1.74993950365771	0.484964080019848	0.719232860360519
-0.732081194328513	-0.295306970119827	1.06744696666231
0.356471910016501	0.690017633267296	1.52029745020155
0.645844977718987	1.15706500549535	2.36362114280328
0.645844977718987	1.15706500549535	2.36362114280328
1.64670802651484	1.00224951423038	2.66184250999001
1.64670802651484	1.00224951423038	2.66184250999001
1.64670802651484	1.00224951423038	2.66184250999001
1.02382592256951	1.18480755460381	2.39508358756078
1.02382592256951	1.18480755460381	2.39508358756078
1.02382592256951	1.18480755460381	2.39508358756078
0.982356930267302	1.58113115907371	2.36521041477872
0.982356930267302	1.58113115907371	2.36521041477872
0.982356930267302	1.58113115907371	2.36521041477872
0.982356930267302	1.58113115907371	2.36521041477872
0.982356930267302	1.58113115907371	2.36521041477872
0.647557298310272	2.32228777078036	1.71112488618429
0.647557298310272	2.32228777078036	1.71112488618429
0.228190300215448	0.895482477801462	2.00267435913864
0.310186205637601	-0.211049294563628	1.97240032845252
-0.441052377976848	0.38795130758402	2.09199159461167
-0.204549101817043	0.862253637102948	1.09769850207991
-0.204549101817043	0.862253637102948	1.09769850207991
-0.204549101817043	0.862253637102948	1.09769850207991
-0.204549101817043	0.862253637102948	1.09769850207991
-0.924532007057196	0.481581951129584	1.3613910011306
-1.80002015196652	0.385923223942178	0.152567945033315
-1.80002015196652	0.385923223942178	0.152567945033315
-1.1483739838348	-0.542075400030415	0.588052520336357
-1.1483739838348	-0.542075400030415	0.588052520336357
-0.214861213237846	-0.0104803993466147	1.58249106407237
-0.169504690548775	0.491044971788397	1.32246091049849
-0.169504690548775	0.491044971788397	1.32246091049849
-0.920683721535979	0.334631210491384	1.15246002500441
-0.920683721535979	0.334631210491384	1.15246002500441
-1.04617760796636	-0.387456069887775	1.3045849487545
-1.04617760796636	-0.387456069887775	1.3045849487545
-1.04617760796636	-0.387456069887775	1.3045849487545
-1.10379373481728	0.277723388994872	1.17242485313936
-1.10379373481728	0.277723388994872	1.17242485313936
-1.10379373481728	0.277723388994872	1.17242485313936
-1.10379373481728	0.277723388994872	1.17242485313936
-1.10379373481728	0.277723388994872	1.17242485313936
-1.26522437314366	1.20054967734741	1.94529687868185
-1.26522437314366	1.20054967734741	1.94529687868185
-1.26522437314366	1.20054967734741	1.94529687868185
-1.26522437314366	1.20054967734741	1.94529687868185
-1.94297826655299	0.84256815592206	1.33876680664791
-1.94297826655299	0.84256815592206	1.33876680664791
-1.21432621963836	0.558688505806783	1.29180280434775
-1.21432621963836	0.558688505806783	1.29180280434775
-1.21432621963836	0.558688505806783	1.29180280434775
-1.21432621963836	0.558688505806783	1.29180280434775
-1.94443520327212	0.924255382187081	1.4382122754538
-1.94443520327212	0.924255382187081	1.4382122754538
-1.94443520327212	0.924255382187081	1.4382122754538
-1.94443520327212	0.924255382187081	1.4382122754538
-1.62605171637512	1.23101724417156	1.08828505496976
-0.7999657960714	1.72465406111531	1.82378224830952
-0.7999657960714	1.72465406111531	1.82378224830952
-1.57723643046891	1.07472332776853	1.58400005710328
-1.32983355964604	1.12024284055842	1.51603282103065
-1.32983355964604	1.12024284055842	1.51603282103065
-1.44987473039789	1.64904545620069	1.64239109578064
