1	1	1
1	1	1
0.526102947267331	-0.370958079302766	0.256743764804051
0.0259027857367371	-0.432007919650606	0.560731114946916
0.0259027857367371	-0.432007919650606	0.560731114946916
0.0259027857367371	-0.432007919650606	0.560731114946916
0.121533225129888	-0.474505466890042	0.628539690833161
0.121533225129888	-0.474505466890042	0.628539690833161
-0.197665265695625	-0.317743077838165	0.160152051422819
-0.479088512513525	-0.0556656594654312	-0.685602123196835
-0.479088512513525	-0.0556656594654312	-0.685602123196835
-0.479088512513525	-0.0556656594654312	-0.685602123196835
-0.479088512513525	-0.0556656594654312	-0.685602123196835
-0.479088512513525	-0.0556656594654312	-0.685602123196835
-0.479088512513525	-0.0556656594654312	-0.685602123196835
0.500573321968257	0.288392974392639	-0.823299985140805
0.506806316647104	0.870134735455011	-0.489317214613586
0.506806316647104	0.870134735455011	-0.489317214613586
0.593428764172386	0.865499149804331	-0.252871515952712
1.44333621276027	2.19149158289746	0.311438430739247
1.44333621276027	2.19149158289746	0.311438430739247
1.44333621276027	2.19149158289746	0.311438430739247
1.44333621276027	2.19149158289746	0.311438430739247
1.44333621276027	2.19149158289746	0.311438430739247
0.563174950083904	1.81866988264494	0.739243401257538
-0.142185950645455	1.94568916873115	0.99518361535553
-0.0584663263296506	2.30466008814601	1.02988662915482
-0.0584663263296506	2.30466008814601	1.02988662915482
-0.0584663263296506	2.30466008814601	1.02988662915482
0.0668320158425218	1.78046153804918	0.53157393421436
0.571833750402811	1.50741069861256	0.459937048045098
0.0464593861735068	0.836007116399779	0.224392118772331
0.0464593861735068	0.836007116399779	0.224392118772331
-0.131275666126301	1.03670452945146	0.190351811867244
-0.131275666126301	1.03670452945146	0.190351811867244
-0.131275666126301	1.03670452945146	0.190351811867244
-0.446598372652051	1.06780416151188	0.594140106363989
-0.330677473117545	1.16632654486649	1.31401500252612
-0.330677473117545	1.16632654486649	1.31401500252612
-0.123118706100627	1.07812386833269	1.56245791500693
0.137371595544024	1.58310216195108	1.33538549640567
0.137371595544024	1.58310216195108	1.33538549640567
0.137371595544024	1.58310216195108	1.33538549640567
0.137371595544024	1.58310216195108	1.33538549640567
0.137371595544024	1.58310216195108	1.33538549640567
0.137371595544024	1.58310216195108	1.33538549640567
0.137371595544024	1.58310216195108	1.33538549640567
0.0998841624249011	1.77275848818226	0.83880818438074
0.0998841624249011	1.77275848818226	0.83880818438074
-0.0993362837721243	1.67469454301516	1.87594396606213
-0.0993362837721243	1.67469454301516	1.87594396606213
0.378428598469972	1.21815855598578	1.19095733806729
0.378428598469972	1.21815855598578	1.19095733806729
-0.0176339112339108	0.392838935739121	1.31979722196625
-0.0176339112339108	0.392838935739121	1.31979722196625
-0.0176339112339108	0.392838935739121	1.31979722196625
-0.0176339112339108	0.392838935739121	1.31979722196625
-0.0176339112339108	0.392838935739121	1.31979722196625
-0.0176339112339108	0.392838935739121	1.31979722196625
-0.0176339112339108	0.392838935739121	1.31979722196625
-0.0176339112339108	0.392838935739121	1.31979722196625
-0.0176339112339108	0.392838935739121	1.31979722196625
-0.0176339112339108	0.392838935739121	1.31979722196625
0.354229990660937	1.1641643305356	1.79364527248305
0.354229990660937	1.1641643305356	1.79364527248305
0.354229990660937	1.1641643305356	1.79364527248305
0.354229990660937	1.1641643305356	1.79364527248305
0.354229990660937	1.1641643305356	1.79364527248305
0.336478159839349	1.52533850911846	1.55059390207621
0.336478159839349	1.52533850911846	1.55059390207621
0.336478159839349	1.52533850911846	1.55059390207621
0.336478159839349	1.52533850911846	1.55059390207621
0.336478159839349	1.52533850911846	1.55059390207621
0.336478159839349	1.52533850911846	1.55059390207621
0.336478159839349	1.52533850911846	1.55059390207621
0.336478159839349	1.52533850911846	1.55059390207621
0.336478159839349	1.52533850911846	1.55059390207621
0.336478159839349	1.52533850911846	1.55059390207621
0.336478159839349	1.52533850911846	1.55059390207621
0.336478159839349	1.52533850911846	1.55059390207621
-0.245867239979628	1.5201152628254	1.05375598529345
-0.245867239979628	1.5201152628254	1.05375598529345
-0.245867239979628	1.5201152628254	1.05375598529345
-0.245867239979628	1.5201152628254	1.05375598529345
-0.245867239979628	1.5201152628254	1.05375598529345
-0.245867239979628	1.5201152628254	1.05375598529345
-0.306126985003964	1.29653325873579	0.992168286859172
-0.306126985003964	1.29653325873579	0.992168286859172
-0.306126985003964	1.29653325873579	0.992168286859172
-0.922896410514406	1.10011257401428	0.752894011658865
-0.922896410514406	1.10011257401428	0.752894011658865
-0.656328404484898	1.87371707556056	1.64100799382185
-0.656328404484898	1.87371707556056	1.64100799382185
-1.09727403869706	0.959000855194287	0.366565523434593
-1.09727403869706	0.959000855194287	0.366565523434593
-1.09727403869706	0.959000855194287	0.366565523434593
-0.127993070438782	2.06200404164714	1.11381800386142
-0.127993070438782	2.06200404164714	1.11381800386142
-0.127993070438782	2.06200404164714	1.11381800386142
-0.127993070438782	2.06200404164714	1.11381800386142
-0.127993070438782	2.06200404164714	1.11381800386142
-0.667230300554942	2.10267580006682	1.26165322501801
-0.667230300554942	2.10267580006682	1.26165322501801
-0.667230300554942	2.10267580006682	1.26165322501801
-0.667230300554942	2.10267580006682	1.26165322501801
-0.667230300554942	2.10267580006682	1.26165322501801
-0.667230300554942	2.10267580006682	1.26165322501801
-0.667230300554942	2.10267580006682	1.26165322501801
-0.667230300554942	2.10267580006682	1.26165322501801
-0.667230300554942	2.10267580006682	1.26165322501801
-0.667230300554942	2.10267580006682	1.26165322501801
-0.699747963802807	1.8070634487507	0.970252835009358
-0.699747963802807	1.8070634487507	0.970252835009358
-0.699747963802807	1.8070634487507	0.970252835009358
-0.68052674932019	1.27450625515557	0.75074495207525
-0.68052674932019	1.27450625515557	0.75074495207525
-0.68052674932019	1.27450625515557	0.75074495207525
-0.506467731150689	1.25279898976666	0.89144591380198
-0.845866214925564	0.822654054590497	1.01346178018186
-0.845866214925564	0.822654054590497	1.01346178018186
-0.845866214925564	0.822654054590497	1.01346178018186
-0.00583941721240922	1.17675332937835	1.16596658238922
-0.00583941721240922	1.17675332937835	1.16596658238922
-0.00583941721240922	1.17675332937835	1.16596658238922
-0.188673629262219	1.97465634638116	1.3663733678984
-0.188673629262219	1.97465634638116	1.3663733678984
-0.188673629262219	1.97465634638116	1.3663733678984
-0.188673629262219	1.97465634638116	1.3663733678984
-0.140382285873624	2.0126522407365	0.985476466275662
-0.140382285873624	2.0126522407365	0.985476466275662
-0.140382285873624	2.0126522407365	0.985476466275662
-0.140382285873624	2.0126522407365	0.985476466275662
-0.140382285873624	2.0126522407365	0.985476466275662
0.0296247228253967	2.63576603599678	1.74166435722479
0.0296247228253967	2.63576603599678	1.74166435722479
-1.28028405716265	1.3642040919119	1.30958237954437
-1.28028405716265	1.3642040919119	1.30958237954437
-0.980713916949291	1.63068097405939	0.655410936415808
-1.88357464126069	1.39852731135513	0.799290840109935
-1.47292564647243	1.31127483831913	0.539316049322387
-1.47292564647243	1.31127483831913	0.539316049322387
-1.47292564647243	1.31127483831913	0.539316049322387
-0.506802330365503	1.46798305311803	0.614833503673833
-0.506802330365503	1.46798305311803	0.614833503673833
-0.506802330365503	1.46798305311803	0.614833503673833
-0.708670664328321	1.16428914091802	0.361908094042225
-0.708670664328321	1.16428914091802	0.361908094042225
-0.712951126657047	0.824756616990857	0.400973721181912
-0.712951126657047	0.824756616990857	0.400973721181912
-0.712951126657047	0.824756616990857	0.400973721181912
-0.712951126657047	0.824756616990857	0.400973721181912
0.0614934364663975	1.15833214748084	1.01747912129563
0.0614934364663975	1.15833214748084	1.01747912129563
0.0614934364663975	1.15833214748084	1.01747912129563
0.0614934364663975	1.15833214748084	1.01747912129563
0.0614934364663975	1.15833214748084	1.01747912129563
0.0614934364663975	1.15833214748084	1.01747912129563
0.0614934364663975	1.15833214748084	1.01747912129563
0.0614934364663975	1.15833214748084	1.01747912129563
0.0614934364663975	1.15833214748084	1.01747912129563
0.0614934364663975	1.15833214748084	1.01747912129563
0.0614934364663975	1.15833214748084	1.01747912129563
0.0614934364663975	1.15833214748084	1.01747912129563
0.0614934364663975	1.15833214748084	1.01747912129563
0.0614934364663975	1.15833214748084	1.01747912129563
0.0614934364663975	1.15833214748084	1.01747912129563
0.0614934364663975	1.15833214748084	1.01747912129563
0.0614934364663975	1.15833214748084	1.01747912129563
0.280309252243132	1.46602563392475	0.946545509096855
0.280309252243132	1.46602563392475	0.946545509096855
0.280309252243132	1.46602563392475	0.946545509096855
0.280309252243132	1.46602563392475	0.946545509096855
0.280309252243132	1.46602563392475	0.946545509096855
0.280309252243132	1.46602563392475	0.946545509096855
0.204331651580401	1.43238225098889	1.66393068800609
0.104990479541712	1.45718434896114	1.79795817485378
-0.395697401792332	0.770996407180163	1.45730794456982
-0.395697401792332	0.770996407180163	1.45730794456982
0.0889812503042736	1.14426573741535	1.27827654059827
0.0889812503042736	1.14426573741535	1.27827654059827
-0.251165393499707	0.754405987585581	0.97824694675995
-0.251165393499707	0.754405987585581	0.97824694675995
-0.251165393499707	0.754405987585581	0.97824694675995
-0.915939022739706	1.14276692984682	0.967120218545116
-0.980037034017797	1.30218598317498	1.17765562906013
-0.980037034017797	1.30218598317498	1.17765562906013
-1.18295770767307	1.86229394976364	1.88693079158431
-0.977445389379537	1.93089217761974	1.60300428692861
-0.977445389379537	1.93089217761974	1.60300428692861
-1.00374262160479	1.60556424307928	1.44441141012604
-1.22111341280516	1.35974683280438	1.59920101556632
-2.13212123081412	1.50138384317346	1.7697405093005
-2.13212123081412	1.50138384317346	1.7697405093005
-2.13212123081412	1.50138384317346	1.7697405093005
-2.13212123081412	1.50138384317346	1.7697405093005
-2.28678206005688	1.11620111118968	1.84973662878872
-2.28678206005688	1.11620111118968	1.84973662878872
-1.29535461386109	1.82696597302901	2.47373086935557
-1.65220368367445	1.50570372963843	2.08393678884919
-1.65220368367445	1.50570372963843	2.08393678884919
