1	1	1
1.82840192053498	-0.0491189044457623	1.69773007178198
1.82840192053498	-0.0491189044457623	1.69773007178198
1.82840192053498	-0.0491189044457623	1.69773007178198
1.82840192053498	-0.0491189044457623	1.69773007178198
1.82840192053498	-0.0491189044457623	1.69773007178198
1.82840192053498	-0.0491189044457623	1.69773007178198
1.26963095215452	1.25546183912877	2.65084941752299
0.874672320048859	1.28646340940292	2.49588537608174
-0.300743463110309	1.10473325359024	2.95703474175597
-0.300743463110309	1.10473325359024	2.95703474175597
0.186280826167987	0.725154381722779	2.65455373352008
0.186280826167987	0.725154381722779	2.65455373352008
-0.50877528081953	1.48105776640909	2.40519407902833
-0.207453068225785	1.91818801995317	2.20352403903736
0.12461310587288	1.23141721434576	1.71753120313084
-0.226624390932111	0.812678527882441	1.57286638784647
-0.226624390932111	0.812678527882441	1.57286638784647
-0.386125878800833	0.746310187042237	1.49004753015672
-0.386125878800833	0.746310187042237	1.49004753015672
-0.386125878800833	0.746310187042237	1.49004753015672
-0.810547497674491	1.01316419783196	1.79865143362635
-0.732541060413454	1.337689651441	1.70355156190457
-0.732541060413454	1.337689651441	1.70355156190457
-0.732541060413454	1.337689651441	1.70355156190457
-0.732541060413454	1.337689651441	1.70355156190457
-0.732541060413454	1.337689651441	1.70355156190457
-0.732541060413454	1.337689651441	1.70355156190457
-0.134693312287154	1.10337134904286	0.221700720842042
0.88032301214099	1.44994648375917	0.327492508215962
0.88032301214099	1.44994648375917	0.327492508215962
0.88032301214099	1.44994648375917	0.327492508215962
0.88032301214099	1.44994648375917	0.327492508215962
1.22637635407495	1.50697694350822	1.66060054711514
1.22637635407495	1.50697694350822	1.66060054711514
1.22637635407495	1.50697694350822	1.66060054711514
1.47766249082466	1.25616725591899	0.787879255421978
0.468477500629844	0.383877204021864	0.4340849734388
0.468477500629844	0.383877204021864	0.4340849734388
0.505764949164689	0.260375615882143	0.476849776839346
0.505764949164689	0.260375615882143	0.476849776839346
-0.154053868546969	0.432774152795472	0.215266095810005
1.09008920097354	0.407660949287298	0.679946829657156
1.09008920097354	0.407660949287298	0.679946829657156
1.01449478394539	0.208801784415629	0.780441395479721
1.18522322227509	1.06885502334934	0.619819533633411
1.18522322227509	1.06885502334934	0.619819533633411
2.28475589519983	1.636992597198	0.844587564537371
2.28475589519983	1.636992597198	0.844587564537371
2.28475589519983	1.636992597198	0.844587564537371
1.66447447692653	1.42761196439036	1.35922165712225
0.42034082300415	1.78024385308874	1.94810032083849
0.42034082300415	1.78024385308874	1.94810032083849
0.42034082300415	1.78024385308874	1.94810032083849
-0.387898054811817	1.09951631528326	1.6164163903727
-1.21539856613183	1.37566608469577	1.63613613389341
-1.21539856613183	1.37566608469577	1.63613613389341
-1.21539856613183	1.37566608469577	1.63613613389341
-1.21539856613183	1.37566608469577	1.63613613389341
-1.26876250249349	1.43782057540747	1.49635919365379
-1.42684869985647	1.27355419795748	1.2487217872005
-1.42684869985647	1.27355419795748	1.2487217872005
-1.42684869985647	1.27355419795748	1.2487217872005
-1.42684869985647	1.27355419795748	1.2487217872005
-1.42684869985647	1.27355419795748	1.2487217872005
-1.42684869985647	1.27355419795748	1.2487217872005
-1.42684869985647	1.27355419795748	1.2487217872005
-0.680297555372919	0.40042809043151	1.53276613893262
-0.680297555372919	0.40042809043151	1.53276613893262
0.216096095303195	-0.454904863733724	0.578424498770481
-0.192347120564059	0.201848824200288	1.45880640713442
-0.192347120564059	0.201848824200288	1.45880640713442
-0.192347120564059	0.201848824200288	1.45880640713442
-0.525839141753616	0.16015842527094	1.77773686900295
-1.12637910823848	1.80883626433426	1.81317105679074
-0.174770778055572	0.449492336689888	1.37833777787865
-0.174770778055572	0.449492336689888	1.37833777787865
-0.174770778055572	0.449492336689888	1.37833777787865
-0.174770778055572	0.449492336689888	1.37833777787865
-0.174770778055572	0.449492336689888	1.37833777787865
-1.43821587786905	1.10147592382144	1.91288789618496
-1.43821587786905	1.10147592382144	1.91288789618496
-1.4514571131617	0.392408096467624	1.59989337850495
-1.4514571131617	0.392408096467624	1.59989337850495
-1.4514571131617	0.392408096467624	1.59989337850495
-1.4514571131617	0.392408096467624	1.59989337850495
-1.4514571131617	0.392408096467624	1.59989337850495
-1.4514571131617	0.392408096467624	1.59989337850495
-1.56374827872233	0.436549718025348	1.66812281735332
-1.56374827872233	0.436549718025348	1.66812281735332
-2.01715368149973	0.877182206898582	1.63159095139656
-1.75443167251049	0.577446480420516	1.3123080099649
-1.75443167251049	0.577446480420516	1.3123080099649
-1.18351848775496	0.628265361677876	0.831074538404108
-1.65667346854431	0.915123809587721	1.55543744060342
-1.65667346854431	0.915123809587721	1.55543744060342
-2.05274949180498	0.56141995039462	1.80940848335098
-1.49104471048245	0.374783997053676	1.54750408057359
-1.81432452036321	1.01632466368175	1.73081036657877
-1.81432452036321	1.01632466368175	1.73081036657877
-1.81432452036321	1.01632466368175	1.73081036657877
-1.81432452036321	1.01632466368175	1.73081036657877
-0.651440019751895	1.43365803742332	2.02137152693434
-0.138266004524568	1.89354961680381	1.87497387368249
-0.0119864352336782	1.55571236888335	1.33345813934692
-0.0119864352336782	1.55571236888335	1.33345813934692
-0.0119864352336782	1.55571236888335	1.33345813934692
0.038192718115563	1.67637845989015	1.27573327697042
0.038192718115563	1.67637845989015	1.27573327697042
0.038192718115563	1.67637845989015	1.27573327697042
-0.05454612514946	1.75473326062362	2.06535503049082
-0.0790385964493358	0.701705092549026	1.80790326229096
-0.0790385964493358	0.701705092549026	1.80790326229096
-0.4183753132964	0.727019043703297	2.13041766315066
-0.4183753132964	0.727019043703297	2.13041766315066
-1.20076145353355	1.03338118058922	1.972510175993
-1.20076145353355	1.03338118058922	1.972510175993
-1.20076145353355	1.03338118058922	1.972510175993
-1.20076145353355	1.03338118058922	1.972510175993
-1.62055971856376	0.524591546760852	1.60172213503461
-1.19040374106931	1.34880235820448	1.41162390343947
-1.19040374106931	1.34880235820448	1.41162390343947
-1.19040374106931	1.34880235820448	1.41162390343947
-1.22872613053927	1.46751662488422	1.94047175309369
-1.22872613053927	1.46751662488422	1.94047175309369
-0.348499284766128	1.22274814168253	1.61990042560907
-0.348499284766128	1.22274814168253	1.61990042560907
-0.749954880132715	0.0567344448481504	1.34326092600539
-0.72183608581189	0.455093623778096	0.868579156016333
-0.886712280629868	-0.122694203597186	1.13849097164968
-0.692016727932288	0.771524550538506	0.957660035962205
-1.18585697404136	1.33497071235125	1.95407746234326
-1.18585697404136	1.33497071235125	1.95407746234326
-1.18585697404136	1.33497071235125	1.95407746234326
-1.97249006640705	0.463746916737399	2.13017350946404
-1.97249006640705	0.463746916737399	2.13017350946404
-1.97249006640705	0.463746916737399	2.13017350946404
-1.97249006640705	0.463746916737399	2.13017350946404
-1.97249006640705	0.463746916737399	2.13017350946404
-1.44373250712196	0.497284330056507	1.65245114667893
-1.40445424047646	0.276251390753644	2.12927482870157
-1.40445424047646	0.276251390753644	2.12927482870157
-1.40445424047646	0.276251390753644	2.12927482870157
-1.40445424047646	0.276251390753644	2.12927482870157
-1.40445424047646	0.276251390753644	2.12927482870157
-1.36762132725996	-0.282165039906327	1.60491336605012
-1.10199477596069	-0.297081509203214	1.47546513944895
-1.10199477596069	-0.297081509203214	1.47546513944895
-0.498757904777525	-0.311759162489112	1.67672758335465
-0.0553287043436766	0.250452154876382	2.18040667719248
-0.200555249834822	-0.0713615573291973	1.9961242472023
-1.24611834775598	-0.847024867137593	2.07224583767788
-2.39604366632787	0.0653652381605738	2.1178483979821
-2.39604366632787	0.0653652381605738	2.1178483979821
-0.998377066997076	-0.522938297032141	0.783100278876571
-0.950367788620855	-0.760252613998352	0.806716644475976
-0.546759027781587	0.0434722556693122	0.958892064770559
-0.681600334845013	-0.326830606734742	1.63206023796508
-0.681600334845013	-0.326830606734742	1.63206023796508
-0.99471327896636	-0.708232734794064	1.06279810962087
-0.502516578494157	-1.09611891268774	1.51074861078098
-0.534591131099917	-0.877374906834574	1.35981861672646
-0.534591131099917	-0.877374906834574	1.35981861672646
-0.534591131099917	-0.877374906834574	1.35981861672646
-0.27062982838903	-0.530428802011389	0.908380874059928
-0.719000620221836	-1.09746637816653	0.628415766683603
-0.719000620221836	-1.09746637816653	0.628415766683603
-0.592653959549979	0.0787653016578578	1.2037407494231
-0.592653959549979	0.0787653016578578	1.2037407494231
-0.592653959549979	0.0787653016578578	1.2037407494231
-0.592653959549979	0.0787653016578578	1.2037407494231
-0.592653959549979	0.0787653016578578	1.2037407494231
-0.592653959549979	0.0787653016578578	1.2037407494231
-0.366309224520467	-0.534476735849962	1.68551575330903
-0.273315037309963	-0.2977991888044	1.67219188657878
0.463986170072152	0.3889357408507	1.29042108067477
0.463986170072152	0.3889357408507	1.29042108067477
0.463986170072152	0.3889357408507	1.29042108067477
0.463986170072152	0.3889357408507	1.29042108067477
-0.250414257166711	-0.451900173022701	1.07900019193462
0.164241885149941	0.448689742869286	0.927132457757273
0.320669365111004	-0.0202524856672542	0.440152007010536
0.140732256321145	-1.1171013652454	0.344599533800184
0.140732256321145	-1.1171013652454	0.344599533800184
0.140732256321145	-1.1171013652454	0.344599533800184
0.140732256321145	-1.1171013652454	0.344599533800184
0.140732256321145	-1.1171013652454	0.344599533800184
0.735620268378129	-1.24240341852809	0.0185102642537568
0.735620268378129	-1.24240341852809	0.0185102642537568
0.735620268378129	-1.24240341852809	0.0185102642537568
-0.328105607497097	-1.07734959579517	-0.460651097620255
-0.328105607497097	-1.07734959579517	-0.460651097620255
-0.328105607497097	-1.07734959579517	-0.460651097620255
-0.785764067675961	-0.438048621209333	-0.443769825736173
-0.785764067675961	-0.438048621209333	-0.443769825736173
-0.989852207807197	0.575568440730011	-0.199992213616609
-1.01996190168407	1.03512787465048	-0.0080037514328089
-1.01996190168407	1.03512787465048	-0.0080037514328089
-1.86268908591142	1.52704410456259	0.296006316845386
-1.86268908591142	1.52704410456259	0.296006316845386
