1	1	1
1	1	1
1	1	1
1	1	1
1	1	1
1	1	1
0.947900325262394	0.45491524031211	0.797737420808675
0.947900325262394	0.45491524031211	0.797737420808675
0.947900325262394	0.45491524031211	0.797737420808675
0.947900325262394	0.45491524031211	0.797737420808675
0.947900325262394	0.45491524031211	0.797737420808675
0.947900325262394	0.45491524031211	0.797737420808675
-0.0251059161667701	0.445607980890004	1.40303506035901
-0.0251059161667701	0.445607980890004	1.40303506035901
-0.0251059161667701	0.445607980890004	1.40303506035901
-0.0251059161667701	0.445607980890004	1.40303506035901
-0.0251059161667701	0.445607980890004	1.40303506035901
-0.0251059161667701	0.445607980890004	1.40303506035901
-0.0251059161667701	0.445607980890004	1.40303506035901
-0.0251059161667701	0.445607980890004	1.40303506035901
0.280263864991314	1.04872680259849	1.60877277300704
0.280263864991314	1.04872680259849	1.60877277300704
0.621740408604541	1.10806537707264	2.29195098942419
0.619459043590471	0.793067902762065	2.28587161992421
1.10337875437556	0.768032572652956	1.97477507635143
1.23279846624834	0.984395986480571	2.25944586255147
1.23279846624834	0.984395986480571	2.25944586255147
0.767985833664772	1.21379970177924	1.89229908466239
0.36299503419627	1.47798367653985	1.66463222850087
-0.674849283786707	-0.00417910310019298	1.37107839857095
-0.695479921454338	-0.794376157782884	0.8504019954626
-0.695479921454338	-0.794376157782884	0.8504019954626
-0.695479921454338	-0.794376157782884	0.8504019954626
-0.695479921454338	-0.794376157782884	0.8504019954626
-0.695479921454338	-0.794376157782884	0.8504019954626
-0.695479921454338	-0.794376157782884	0.8504019954626
0.208893998930101	-0.621603591351218	1.30274802186376
0.208893998930101	-0.621603591351218	1.30274802186376
0.208893998930101	-0.621603591351218	1.30274802186376
0.577846017555233	-0.168094128053403	0.992859348338929
0.577846017555233	-0.168094128053403	0.992859348338929
0.577846017555233	-0.168094128053403	0.992859348338929
0.577846017555233	-0.168094128053403	0.992859348338929
0.577846017555233	-0.168094128053403	0.992859348338929
0.577846017555233	-0.168094128053403	0.992859348338929
0.577846017555233	-0.168094128053403	0.992859348338929
0.577846017555233	-0.168094128053403	0.992859348338929
0.444968496257896	0.702893825213086	1.09125230957243
0.444968496257896	0.702893825213086	1.09125230957243
-0.316473361984411	0.25272713249371	0.343562670604415
-0.316473361984411	0.25272713249371	0.343562670604415
-0.316473361984411	0.25272713249371	0.343562670604415
-0.316473361984411	0.25272713249371	0.343562670604415
-0.316473361984411	0.25272713249371	0.343562670604415
-0.0682350964867751	-0.819189293888586	1.18743130254655
-0.341393274214804	-0.682879820478918	0.842451705660334
-1.36095940585385	-1.02393214885927	1.55835120343993
-1.36095940585385	-1.02393214885927	1.55835120343993
-1.55506477635885	-1.05833491470775	1.22156096315678
-1.25742367781178	-0.710126533820041	2.04508241686687
-1.25742367781178	-0.710126533820041	2.04508241686687
-1.25742367781178	-0.710126533820041	2.04508241686687
-1.08120471229125	0.0326572312686096	1.44315578992336
-0.661399694255454	-0.78264284407784	1.67834024930628
-0.661399694255454	-0.78264284407784	1.67834024930628
-0.0537178343727123	-0.454212338984573	1.44547335447727
-0.0537178343727123	-0.454212338984573	1.44547335447727
-0.0537178343727123	-0.454212338984573	1.44547335447727
-0.0919239755418699	-0.339846281801285	1.3255057891636
0.293951091314332	0.895882150407854	0.586522332520657
0.293951091314332	0.895882150407854	0.586522332520657
0.293951091314332	0.895882150407854	0.586522332520657
-0.179429501106715	1.18373349244512	1.23005554815246
-0.179429501106715	1.18373349244512	1.23005554815246
-0.848975904065204	0.121616363855205	1.15008146679836
-0.848975904065204	0.121616363855205	1.15008146679836
-0.523402718191868	0.982127217485155	1.59733731756946
-0.523402718191868	0.982127217485155	1.59733731756946
-0.523402718191868	0.982127217485155	1.59733731756946
-0.221224226042264	1.05056266008846	1.4118198751456
-0.221224226042264	1.05056266008846	1.4118198751456
0.285643997358727	1.0703279186331	0.960151015214177
-0.372392921944929	0.877817121792783	0.857929106588922
0.857463605708606	1.30996410693569	1.10548014608232
0.857463605708606	1.30996410693569	1.10548014608232
0.857463605708606	1.30996410693569	1.10548014608232
1.02313301461754	1.62388519870086	2.28429038129933
1.02313301461754	1.62388519870086	2.28429038129933
1.02313301461754	1.62388519870086	2.28429038129933
1.02313301461754	1.62388519870086	2.28429038129933
0.97446672051938	2.0240745050676	1.86145517304403
0.97446672051938	2.0240745050676	1.86145517304403
0.97446672051938	2.0240745050676	1.86145517304403
1.11375336004679	1.93044709799982	1.70567330643461
1.08088578623693	0.924572525072981	2.26617605614404
0.486156932506583	-0.0560978031657996	1.74470709657464
0.445496273906648	-0.364560454083486	1.80032804543395
0.142895727049904	0.221824521755284	2.84113696553879
0.00974292805159199	0.856775666445756	2.5677558209933
0.00974292805159199	0.856775666445756	2.5677558209933
-0.797443286263385	0.57076091354695	2.11708295739212
0.0312240913205523	0.187598703966221	1.99964068422327
0.0312240913205523	0.187598703966221	1.99964068422327
0.0312240913205523	0.187598703966221	1.99964068422327
0.0312240913205523	0.187598703966221	1.99964068422327
0.0312240913205523	0.187598703966221	1.99964068422327
0.0312240913205523	0.187598703966221	1.99964068422327
-0.734943606433396	0.578683919395258	2.05723382453127
-1.23936919584236	0.435606228634707	1.87933822756321
-1.23936919584236	0.435606228634707	1.87933822756321
-1.23936919584236	0.435606228634707	1.87933822756321
-0.794210941545752	-0.132711533857551	2.50212097149383
-0.794210941545752	-0.132711533857551	2.50212097149383
-0.794210941545752	-0.132711533857551	2.50212097149383
-0.794210941545752	-0.132711533857551	2.50212097149383
-0.794210941545752	-0.132711533857551	2.50212097149383
-0.794210941545752	-0.132711533857551	2.50212097149383
-0.794210941545752	-0.132711533857551	2.50212097149383
-0.794210941545752	-0.132711533857551	2.50212097149383
-0.794210941545752	-0.132711533857551	2.50212097149383
-0.794210941545752	-0.132711533857551	2.50212097149383
0.509363970775428	-0.816929694068536	2.45859188191747
1.61453276856746	0.323230636362358	1.19312809832488
0.750160349626246	0.730618009239283	0.867526935032817
0.254021480228661	0.533797435834382	0.740266795964292
0.254021480228661	0.533797435834382	0.740266795964292
0.254021480228661	0.533797435834382	0.740266795964292
0.254021480228661	0.533797435834382	0.740266795964292
0.254021480228661	0.533797435834382	0.740266795964292
0.254021480228661	0.533797435834382	0.740266795964292
0.254021480228661	0.533797435834382	0.740266795964292
0.542183292073126	0.279750432271412	0.847160444113071
0.542183292073126	0.279750432271412	0.847160444113071
0.966405553612362	0.978095407148658	0.628574688577615
0.966405553612362	0.978095407148658	0.628574688577615
0.966405553612362	0.978095407148658	0.628574688577615
1.55078625987233	-0.0253433054994928	1.24291864486227
1.81059552964937	-0.799936280804635	2.15576478673686
1.63607232960773	-0.412086981050972	2.50150801659951
1.63607232960773	-0.412086981050972	2.50150801659951
0.040062608899905	-0.223834868662748	2.20074078781792
0.040062608899905	-0.223834868662748	2.20074078781792
0.040062608899905	-0.223834868662748	2.20074078781792
0.286967332606527	-0.236976403880629	2.2471996910567
0.286967332606527	-0.236976403880629	2.2471996910567
0.286967332606527	-0.236976403880629	2.2471996910567
0.286967332606527	-0.236976403880629	2.2471996910567
0.286967332606527	-0.236976403880629	2.2471996910567
0.286967332606527	-0.236976403880629	2.2471996910567
0.286967332606527	-0.236976403880629	2.2471996910567
-0.102917637377402	-1.04731581779311	1.85457654755089
-0.102917637377402	-1.04731581779311	1.85457654755089
0.155042085807151	-0.838557825705241	1.56275237829205
-0.42120642714542	-0.515183520737786	2.48237875507971
-0.42120642714542	-0.515183520737786	2.48237875507971
-0.51638418002849	0.419074276513228	2.21690997781508
-0.167903277805702	0.752570527678014	2.28446069843681
-0.167903277805702	0.752570527678014	2.28446069843681
-0.167903277805702	0.752570527678014	2.28446069843681
-0.633683154582447	0.570334414906827	1.41998625435569
-1.01611102720563	0.18279086671067	0.457281460556588
-0.893257182822357	-0.26159168286886	1.40483392421142
-0.635170609178116	-0.0745531685378152	1.71544948721802
-0.635170609178116	-0.0745531685378152	1.71544948721802
-0.205156936110211	0.713768240439871	1.14710801262814
-0.185917740636364	0.0713148153793898	0.736770042180616
-0.185917740636364	0.0713148153793898	0.736770042180616
-0.185917740636364	0.0713148153793898	0.736770042180616
-0.185917740636364	0.0713148153793898	0.736770042180616
-0.185917740636364	0.0713148153793898	0.736770042180616
-1.75873178591143	0.057913437909117	1.91842332303088
-1.77908814409626	-0.576172757181712	1.27887541176365
-1.73688520897139	-0.758978819740411	0.86963051277499
-1.73688520897139	-0.758978819740411	0.86963051277499
-1.40894566936573	-0.0920126554461779	0.386662056834516
-1.03146856094453	-0.226844093845419	0.0724104740572295
-0.20897719610146	-0.29412640470299	0.447741815856787
-0.20897719610146	-0.29412640470299	0.447741815856787
0.746707092063871	0.072814875801919	0.799892807887286
0.193531715079406	-1.01722242131683	0.398058157013389
-0.0275453610110653	-0.00375950631176969	0.318310624489354
-0.0275453610110653	-0.00375950631176969	0.318310624489354
-0.0275453610110653	-0.00375950631176969	0.318310624489354
-0.062345477915563	-0.100776405655835	1.30000942864744
-0.0175495307338527	0.414780234889898	1.82905462158483
-0.0175495307338527	0.414780234889898	1.82905462158483
-1.02637488038666	-0.273254078489694	1.93831001179594
-1.02637488038666	-0.273254078489694	1.93831001179594
-1.02637488038666	-0.273254078489694	1.93831001179594
-1.19989985698405	-0.00436463202177262	0.991561539003275
-2.42979767120043	-0.300034936102814	0.644457998686593
-2.42979767120043	-0.300034936102814	0.644457998686593
-1.96179982325905	-0.29319493951951	1.2245017986127
-2.26699778479343	-0.378664692250999	2.54443259029065
-2.32808954682305	-0.307817674200469	1.9548761547693
-2.32808954682305	-0.307817674200469	1.9548761547693
-2.32808954682305	-0.307817674200469	1.9548761547693
-2.32808954682305	-0.307817674200469	1.9548761547693
-2.32808954682305	-0.307817674200469	1.9548761547693
-2.32808954682305	-0.307817674200469	1.9548761547693
