1	1	1
0.464446597965208	-0.105549276242265	0.753974079036845
0.464446597965208	-0.105549276242265	0.753974079036845
0.0224046478168586	0.325906313521852	0.580767698756411
0.674390741877843	1.515646390402	0.78415736533107
0.780357981269625	1.83550413673284	1.06630586707853
-0.000468255071711443	0.94570870936392	1.80276278269428
-0.000468255071711443	0.94570870936392	1.80276278269428
-0.0613452165447301	0.343634971005792	1.55192742022356
0.371188710909532	0.32587433413278	1.79798374423375
0.371188710909532	0.32587433413278	1.79798374423375
0.371188710909532	0.32587433413278	1.79798374423375
0.371188710909532	0.32587433413278	1.79798374423375
0.284928877643592	1.3868700984549	1.57939946878435
0.284928877643592	1.3868700984549	1.57939946878435
1.01160714465565	0.844821043060509	1.01502269845579
1.01160714465565	0.844821043060509	1.01502269845579
1.01160714465565	0.844821043060509	1.01502269845579
0.665188665112959	1.12078034179038	0.470433066694423
0.665188665112959	1.12078034179038	0.470433066694423
0.665188665112959	1.12078034179038	0.470433066694423
0.486935048500564	1.09336579531896	0.243353866912032
0.486935048500564	1.09336579531896	0.243353866912032
1.52150870061278	1.46005475191198	0.685496509690909
0.655874040087529	1.17982553463286	1.60670912996403
0.190022883747065	1.53806938410462	1.71707132905527
0.190022883747065	1.53806938410462	1.71707132905527
0.190022883747065	1.53806938410462	1.71707132905527
0.190022883747065	1.53806938410462	1.71707132905527
0.577474041579005	1.47128837844493	1.93282881969611
0.577474041579005	1.47128837844493	1.93282881969611
0.577474041579005	1.47128837844493	1.93282881969611
0.826101833946972	0.654309027418622	1.95795653754988
0.492734154419797	0.557421052904594	1.85289941580043
0.492734154419797	0.557421052904594	1.85289941580043
0.854233057936586	0.422870922319495	1.93428363916394
1.42988416528317	1.06581345191665	1.28351098022494
1.42988416528317	1.06581345191665	1.28351098022494
1.42988416528317	1.06581345191665	1.28351098022494
0.70608903579182	2.19688987713364	1.85620909546168
1.574036505363	2.12695356566875	0.964317888551327
0.64980314599783	1.35406128677128	1.52797929737845
0.64980314599783	1.35406128677128	1.52797929737845
0.64980314599783	1.35406128677128	1.52797929737845
0.64980314599783	1.35406128677128	1.52797929737845
1.14833393199598	1.90042359427721	1.3802001456081
1.14833393199598	1.90042359427721	1.3802001456081
1.14833393199598	1.90042359427721	1.3802001456081
1.14833393199598	1.90042359427721	1.3802001456081
1.14833393199598	1.90042359427721	1.3802001456081
-0.408845165997798	1.38814829736854	1.93098589209666
0.439518860974214	1.48303392353971	1.97436434094494
0.439518860974214	1.48303392353971	1.97436434094494
-0.570968922845794	1.82341795962429	2.41722001793213
0.0226909213451554	1.38519191518405	2.73337694292719
0.0226909213451554	1.38519191518405	2.73337694292719
0.294777678176383	2.69568861475332	2.26237821344442
-0.126634330027157	2.71359971926311	2.22237682422755
-0.897010021865804	1.09976810020097	2.41353932706149
-0.262718141510788	2.15453013478551	2.41164781830037
0.372699194234427	1.68052488793546	1.28440804795406
0.372699194234427	1.68052488793546	1.28440804795406
0.372699194234427	1.68052488793546	1.28440804795406
0.372699194234427	1.68052488793546	1.28440804795406
0.372699194234427	1.68052488793546	1.28440804795406
0.372699194234427	1.68052488793546	1.28440804795406
0.372699194234427	1.68052488793546	1.28440804795406
-0.756840350739014	2.02624758169598	1.67625633711267
-0.756840350739014	2.02624758169598	1.67625633711267
-0.756840350739014	2.02624758169598	1.67625633711267
-0.982525073202188	1.69433393659246	2.15413567118613
0.274073674010414	0.754888788425525	1.80064113496534
0.445756536470274	1.02130119711233	1.85853895562482
0.445756536470274	1.02130119711233	1.85853895562482
0.445756536470274	1.02130119711233	1.85853895562482
0.445756536470274	1.02130119711233	1.85853895562482
0.445756536470274	1.02130119711233	1.85853895562482
0.935642609423608	1.07885636988628	0.833484391030975
0.935642609423608	1.07885636988628	0.833484391030975
0.935642609423608	1.07885636988628	0.833484391030975
0.935642609423608	1.07885636988628	0.833484391030975
-0.968622755473974	-0.121793583937688	1.67680349749866
-0.968622755473974	-0.121793583937688	1.67680349749866
-0.968622755473974	-0.121793583937688	1.67680349749866
-0.968622755473974	-0.121793583937688	1.67680349749866
-0.968622755473974	-0.121793583937688	1.67680349749866
-1.3628118365266	0.499583163601846	1.26144861667011
-1.3628118365266	0.499583163601846	1.26144861667011
0.0372798219312818	2.46863385737054	1.42583787949551
0.0753974578980308	1.35559062049088	1.3681815799372
0.0753974578980308	1.35559062049088	1.3681815799372
0.0753974578980308	1.35559062049088	1.3681815799372
0.0753974578980308	1.35559062049088	1.3681815799372
0.0753974578980308	1.35559062049088	1.3681815799372
0.0753974578980308	1.35559062049088	1.3681815799372
0.0753974578980308	1.35559062049088	1.3681815799372
0.0753974578980308	1.35559062049088	1.3681815799372
0.0753974578980308	1.35559062049088	1.3681815799372
0.0753974578980308	1.35559062049088	1.3681815799372
0.0753974578980308	1.35559062049088	1.3681815799372
0.0753974578980308	1.35559062049088	1.3681815799372
-0.644721200496403	1.00639117024373	1.71231332230048
-0.644721200496403	1.00639117024373	1.71231332230048
-0.678701192574186	1.85463753131799	1.1884871371627
-0.366219485650746	1.39931338237594	1.51967767444972
-0.680728528762111	1.59944026755978	1.29395496257955
-0.680728528762111	1.59944026755978	1.29395496257955
-0.680728528762111	1.59944026755978	1.29395496257955
-0.680728528762111	1.59944026755978	1.29395496257955
-0.680728528762111	1.59944026755978	1.29395496257955
-0.680728528762111	1.59944026755978	1.29395496257955
-0.680728528762111	1.59944026755978	1.29395496257955
-0.680728528762111	1.59944026755978	1.29395496257955
-0.680728528762111	1.59944026755978	1.29395496257955
-0.680728528762111	1.59944026755978	1.29395496257955
-0.680728528762111	1.59944026755978	1.29395496257955
-0.680728528762111	1.59944026755978	1.29395496257955
0.875004403596805	1.59381428737622	0.497543049413013
-0.0501842783307572	0.882122881948914	2.25824140861568
-0.625405905890205	1.34838161920703	1.8185609926969
-0.625405905890205	1.34838161920703	1.8185609926969
0.0173801845703347	1.00668180600832	1.74742291710697
-0.0474450913774173	0.983522743892913	1.21389256330541
-0.0474450913774173	0.983522743892913	1.21389256330541
-0.145160662696611	0.925532567127535	0.421531311081391
-0.145160662696611	0.925532567127535	0.421531311081391
-0.387457086456828	0.100746672465576	0.475175949266144
-0.707869507714398	0.27931968158115	0.254153680055833
-0.707869507714398	0.27931968158115	0.254153680055833
-0.707869507714398	0.27931968158115	0.254153680055833
-0.707869507714398	0.27931968158115	0.254153680055833
-0.707869507714398	0.27931968158115	0.254153680055833
-0.808887345697243	0.603693317795245	-0.523214929157323
-0.808887345697243	0.603693317795245	-0.523214929157323
-1.49217350624692	0.685586913216911	-0.692770894833258
-2.57285011332509	0.86702740268803	-0.264487885194964
-2.57285011332509	0.86702740268803	-0.264487885194964
-2.57285011332509	0.86702740268803	-0.264487885194964
-2.57285011332509	0.86702740268803	-0.264487885194964
-2.04059074060772	1.27004696430558	-0.627276423269544
-2.04059074060772	1.27004696430558	-0.627276423269544
-3.43590803021886	1.66306817371844	0.0285457645067999
-3.43590803021886	1.66306817371844	0.0285457645067999
-3.43590803021886	1.66306817371844	0.0285457645067999
-3.43590803021886	1.66306817371844	0.0285457645067999
-3.43590803021886	1.66306817371844	0.0285457645067999
-3.43590803021886	1.66306817371844	0.0285457645067999
-3.43590803021886	1.66306817371844	0.0285457645067999
-4.17829798644972	1.64622675306604	0.185178156378505
-2.34320305332897	1.77243846680271	-0.924983820353251
-2.11729865073706	1.5706436132804	-0.563206261451713
-2.11729865073706	1.5706436132804	-0.563206261451713
-2.11729865073706	1.5706436132804	-0.563206261451713
-3.0744704003115	1.48094464486292	-0.234548654110628
-3.52565966314792	1.77737439837303	0.0119451808346594
-3.52565966314792	1.77737439837303	0.0119451808346594
-3.52565966314792	1.77737439837303	0.0119451808346594
-3.01167428502913	2.76240901623744	0.419992821217171
-3.01167428502913	2.76240901623744	0.419992821217171
-3.01167428502913	2.76240901623744	0.419992821217171
-3.01167428502913	2.76240901623744	0.419992821217171
-2.41898000118693	2.85750201243859	0.604208516595463
-1.90138630630135	2.65294902622974	1.50511626835934
-1.90138630630135	2.65294902622974	1.50511626835934
-1.90138630630135	2.65294902622974	1.50511626835934
-2.19702095636757	1.86490836368953	0.845194423428285
-2.19702095636757	1.86490836368953	0.845194423428285
-2.19702095636757	1.86490836368953	0.845194423428285
-2.56646112332795	1.27258604653489	1.39555559713081
-1.35283231250979	1.73705386740117	1.178549977612
-1.35283231250979	1.73705386740117	1.178549977612
-1.35283231250979	1.73705386740117	1.178549977612
-1.35283231250979	1.73705386740117	1.178549977612
-1.35283231250979	1.73705386740117	1.178549977612
-0.672661853674288	1.40724638126823	1.11823711965295
-0.672661853674288	1.40724638126823	1.11823711965295
-1.0763711031837	0.0197648462963407	0.774601796258449
-1.0763711031837	0.0197648462963407	0.774601796258449
-1.0763711031837	0.0197648462963407	0.774601796258449
-1.0763711031837	0.0197648462963407	0.774601796258449
-1.0763711031837	0.0197648462963407	0.774601796258449
-1.0763711031837	0.0197648462963407	0.774601796258449
-1.0763711031837	0.0197648462963407	0.774601796258449
-1.35356850930472	-0.137791385826545	0.951845677357707
-1.35356850930472	-0.137791385826545	0.951845677357707
-1.35356850930472	-0.137791385826545	0.951845677357707
-1.35356850930472	-0.137791385826545	0.951845677357707
-1.35356850930472	-0.137791385826545	0.951845677357707
-1.35356850930472	-0.137791385826545	0.951845677357707
-2.34340169000569	0.621293109699279	0.826592167606128
-1.28533460346847	1.57931174576854	0.500765550311099
-1.28533460346847	1.57931174576854	0.500765550311099
-1.28533460346847	1.57931174576854	0.500765550311099
-1.06352488478664	1.38323083960725	1.1886996064023
-0.428478280740889	1.63604240203908	2.18429678538935
-0.0937797303037953	1.20372630480694	2.01646730387366
0.555693045588744	0.0938967965045807	1.83530730757983
0.555693045588744	0.0938967965045807	1.83530730757983
0.252335964875552	-0.706377821394946	1.37969396460069
0.252335964875552	-0.706377821394946	1.37969396460069
