1	1	1
1	1	1
1	1	1
1.03821750046213	0.815698253694236	1.02413582956964
1.9893081107803	1.3424858689074	0.912560567273736
1.9893081107803	1.3424858689074	0.912560567273736
1.9893081107803	1.3424858689074	0.912560567273736
1.42634714988409	0.43020059848369	0.60439355420501
1.42634714988409	0.43020059848369	0.60439355420501
0.964450841466576	-0.436935666818065	0.826767461632282
0.964450841466576	-0.436935666818065	0.826767461632282
0.506542464146215	-0.328486478591478	0.755622803866328
0.736752843120624	-0.193232476173939	0.870208733434766
0.736752843120624	-0.193232476173939	0.870208733434766
0.937881006306218	0.270186513625036	1.41574228652353
0.937881006306218	0.270186513625036	1.41574228652353
0.937881006306218	0.270186513625036	1.41574228652353
0.937881006306218	0.270186513625036	1.41574228652353
0.937881006306218	0.270186513625036	1.41574228652353
-0.125519411758409	0.447821220591597	1.47680154195721
-0.125519411758409	0.447821220591597	1.47680154195721
0.439477783545225	1.14641869042568	1.39531546986476
0.439477783545225	1.14641869042568	1.39531546986476
0.439477783545225	1.14641869042568	1.39531546986476
0.439477783545225	1.14641869042568	1.39531546986476
0.254625068291673	1.59403716675534	1.8549207118719
0.254625068291673	1.59403716675534	1.8549207118719
-0.0923660459775077	1.45946262291887	2.02451590086027
0.395946655914985	1.68549873847487	1.9471631909051
0.395946655914985	1.68549873847487	1.9471631909051
0.395946655914985	1.68549873847487	1.9471631909051
0.334351806703106	1.24602759264454	1.46587582727142
0.334351806703106	1.24602759264454	1.46587582727142
0.334351806703106	1.24602759264454	1.46587582727142
0.334351806703106	1.24602759264454	1.46587582727142
0.334351806703106	1.24602759264454	1.46587582727142
0.442560337235139	1.07928444436953	1.07714796114371
0.100108861057611	1.00038446226448	0.613701690519689
0.753186577207299	0.794143951602374	0.527662562093973
0.753186577207299	0.794143951602374	0.527662562093973
0.753186577207299	0.794143951602374	0.527662562093973
0.753186577207299	0.794143951602374	0.527662562093973
0.753186577207299	0.794143951602374	0.527662562093973
0.398192786493605	1.86592320508213	0.651907903262732
-0.125856308673309	1.34071386905168	0.787127278002169
-1.17869320573653	0.396503552613085	1.06142122667968
-0.556838798760685	1.27315960905164	1.16207578317399
-0.556838798760685	1.27315960905164	1.16207578317399
-0.738427881332191	1.67720711800821	0.832553787086942
-0.738427881332191	1.67720711800821	0.832553787086942
-0.738427881332191	1.67720711800821	0.832553787086942
-0.738427881332191	1.67720711800821	0.832553787086942
-0.738427881332191	1.67720711800821	0.832553787086942
-0.738427881332191	1.67720711800821	0.832553787086942
-0.738427881332191	1.67720711800821	0.832553787086942
-1.05317934586896	1.43199649397581	1.08157306851953
-1.05317934586896	1.43199649397581	1.08157306851953
-0.546475124284596	1.79300184338088	1.22945070411672
-0.546475124284596	1.79300184338088	1.22945070411672
-0.546475124284596	1.79300184338088	1.22945070411672
-0.546475124284596	1.79300184338088	1.22945070411672
-0.546475124284596	1.79300184338088	1.22945070411672
-0.667185699808488	1.44933595103632	0.795539442215366
-0.667185699808488	1.44933595103632	0.795539442215366
-0.667185699808488	1.44933595103632	0.795539442215366
-0.667185699808488	1.44933595103632	0.795539442215366
-0.667185699808488	1.44933595103632	0.795539442215366
-0.94071917869701	1.63530556510724	0.833778040850622
-0.94071917869701	1.63530556510724	0.833778040850622
-0.881048981200223	1.59228149137741	1.08473142916942
-0.881048981200223	1.59228149137741	1.08473142916942
-0.881048981200223	1.59228149137741	1.08473142916942
-1.25035478962318	1.40176418575965	0.810241007054627
-1.25035478962318	1.40176418575965	0.810241007054627
-1.25035478962318	1.40176418575965	0.810241007054627
-1.25035478962318	1.40176418575965	0.810241007054627
-1.25035478962318	1.40176418575965	0.810241007054627
-1.25035478962318	1.40176418575965	0.810241007054627
-1.25035478962318	1.40176418575965	0.810241007054627
-1.41904055857985	2.06922808092114	1.06582950735509
-1.41904055857985	2.06922808092114	1.06582950735509
-0.705308903452956	1.9324862333425	0.909163328401938
-0.705308903452956	1.9324862333425	0.909163328401938
-1.11535355957282	1.74768132078636	0.85396139694682
-1.11535355957282	1.74768132078636	0.85396139694682
-1.11535355957282	1.74768132078636	0.85396139694682
-1.11535355957282	1.74768132078636	0.85396139694682
-1.11535355957282	1.74768132078636	0.85396139694682
-1.11535355957282	1.74768132078636	0.85396139694682
-1.11535355957282	1.74768132078636	0.85396139694682
-1.11535355957282	1.74768132078636	0.85396139694682
-1.11535355957282	1.74768132078636	0.85396139694682
-1.11535355957282	1.74768132078636	0.85396139694682
-1.11535355957282	1.74768132078636	0.85396139694682
-1.11535355957282	1.74768132078636	0.85396139694682
-0.758004700525775	2.08765252036792	0.639094429514147
-0.758004700525775	2.08765252036792	0.639094429514147
-0.758004700525775	2.08765252036792	0.639094429514147
-0.8945879162965	1.21224051354028	0.646726961298112
-0.8945879162965	1.21224051354028	0.646726961298112
-0.8945879162965	1.21224051354028	0.646726961298112
-0.8945879162965	1.21224051354028	0.646726961298112
-0.8945879162965	1.21224051354028	0.646726961298112
-0.8945879162965	1.21224051354028	0.646726961298112
-0.85732447366395	1.16720492313629	0.848349767609544
-0.85732447366395	1.16720492313629	0.848349767609544
-0.85732447366395	1.16720492313629	0.848349767609544
-0.85732447366395	1.16720492313629	0.848349767609544
-0.85732447366395	1.16720492313629	0.848349767609544
-0.85732447366395	1.16720492313629	0.848349767609544
-0.85732447366395	1.16720492313629	0.848349767609544
-0.85732447366395	1.16720492313629	0.848349767609544
-0.85732447366395	1.16720492313629	0.848349767609544
-0.135421271409822	1.93376231448537	0.764186187561466
-0.135421271409822	1.93376231448537	0.764186187561466
-0.94788566974244	1.39908005988722	1.29822643229189
-0.94788566974244	1.39908005988722	1.29822643229189
-0.94788566974244	1.39908005988722	1.29822643229189
-0.94788566974244	1.39908005988722	1.29822643229189
-0.45122476731233	1.84519150981274	1.29532625764087
-0.45122476731233	1.84519150981274	1.29532625764087
-0.45122476731233	1.84519150981274	1.29532625764087
-0.45122476731233	1.84519150981274	1.29532625764087
-0.392370933707078	1.52630646434916	1.48906000911368
-0.392370933707078	1.52630646434916	1.48906000911368
-0.399728689868065	1.83423964407808	1.51129266923694
-0.399728689868065	1.83423964407808	1.51129266923694
-0.399728689868065	1.83423964407808	1.51129266923694
-0.438286695568843	1.58822493258141	1.4903802251002
-0.438286695568843	1.58822493258141	1.4903802251002
-0.438286695568843	1.58822493258141	1.4903802251002
-0.438286695568843	1.58822493258141	1.4903802251002
-0.025764824963068	2.22071982156135	1.32386627825708
0.196717936379447	2.36872606706284	1.45786711013988
0.196717936379447	2.36872606706284	1.45786711013988
-0.23769419328412	1.5519544035255	1.36578114538185
0.284629200422421	3.04151501868515	1.59326966497013
0.284629200422421	3.04151501868515	1.59326966497013
0.225410735345974	3.11039041752339	1.81473603739435
0.225410735345974	3.11039041752339	1.81473603739435
0.225410735345974	3.11039041752339	1.81473603739435
0.225410735345974	3.11039041752339	1.81473603739435
0.193194713926356	3.09443628030036	1.96100191030424
0.193194713926356	3.09443628030036	1.96100191030424
-0.0454641497621498	2.65460345270313	2.07648742084965
-0.759708627637963	2.52041901270925	2.28966121370212
-1.17211188214802	2.22326872555485	2.16638700287656
-1.17211188214802	2.22326872555485	2.16638700287656
-1.17211188214802	2.22326872555485	2.16638700287656
-1.17211188214802	2.22326872555485	2.16638700287656
-1.17211188214802	2.22326872555485	2.16638700287656
-1.17211188214802	2.22326872555485	2.16638700287656
-0.306589302421945	3.05437422223631	2.1024988691236
-0.306589302421945	3.05437422223631	2.1024988691236
-0.405239301969506	2.5210274936419	2.41369885334348
-0.405239301969506	2.5210274936419	2.41369885334348
-0.405239301969506	2.5210274936419	2.41369885334348
-0.405239301969506	2.5210274936419	2.41369885334348
-0.802896606278443	2.42098782824215	1.8194936564073
-0.642027085761605	2.71499440729045	1.70770775059699
-0.642027085761605	2.71499440729045	1.70770775059699
-0.642027085761605	2.71499440729045	1.70770775059699
-0.642027085761605	2.71499440729045	1.70770775059699
-0.642027085761605	2.71499440729045	1.70770775059699
-0.642027085761605	2.71499440729045	1.70770775059699
-0.642027085761605	2.71499440729045	1.70770775059699
-0.642027085761605	2.71499440729045	1.70770775059699
-0.478097972914479	2.43340113224889	1.95297058223905
-0.478097972914479	2.43340113224889	1.95297058223905
0.0756900257673224	1.83752074996318	1.92257104845006
0.0756900257673224	1.83752074996318	1.92257104845006
-0.0446789288061274	1.37158037045564	1.75870549874351
-0.0446789288061274	1.37158037045564	1.75870549874351
0.293719837880075	1.53967441600494	1.69588216237615
0.455827178936886	1.81744318137364	1.63932453827842
0.455827178936886	1.81744318137364	1.63932453827842
0.455827178936886	1.81744318137364	1.63932453827842
-0.208009257228367	1.10752933425624	1.43358001289061
0.292922790086963	2.10675428186661	1.39832554474582
0.292922790086963	2.10675428186661	1.39832554474582
0.292922790086963	2.10675428186661	1.39832554474582
0.292922790086963	2.10675428186661	1.39832554474582
0.292922790086963	2.10675428186661	1.39832554474582
0.292922790086963	2.10675428186661	1.39832554474582
0.403450027687517	2.29165425955097	1.30206146246177
0.0616796961748078	2.1971703664363	1.43875408862459
0.0616796961748078	2.1971703664363	1.43875408862459
0.0616796961748078	2.1971703664363	1.43875408862459
-0.419368717491794	2.74147388563757	1.67787271330358
-0.419368717491794	2.74147388563757	1.67787271330358
-0.419368717491794	2.74147388563757	1.67787271330358
-0.419368717491794	2.74147388563757	1.67787271330358
-0.588087388111822	2.33565146442025	1.38797198228287
-0.482080822593587	2.10138722079908	1.3705676410805
-0.482080822593587	2.10138722079908	1.3705676410805
-0.482080822593587	2.10138722079908	1.3705676410805
-0.482080822593587	2.10138722079908	1.3705676410805
-0.482080822593587	2.10138722079908	1.3705676410805
-0.570440667397952	2.62384185575546	1.55825171006681
-0.570440667397952	2.62384185575546	1.55825171006681
