1	1	1
-1.07135994138423	1.77202813342419	1.66434887211188
-1.07135994138423	1.77202813342419	1.66434887211188
-1.07135994138423	1.77202813342419	1.66434887211188
-1.07135994138423	1.77202813342419	1.66434887211188
-1.07135994138423	1.77202813342419	1.66434887211188
0.193525643842859	1.35874024052761	1.77354813389881
0.193525643842859	1.35874024052761	1.77354813389881
0.193525643842859	1.35874024052761	1.77354813389881
0.193525643842859	1.35874024052761	1.77354813389881
0.193525643842859	1.35874024052761	1.77354813389881
0.193525643842859	1.35874024052761	1.77354813389881
-0.290048366294363	0.142819694559938	1.7361252334182
-0.290048366294363	0.142819694559938	1.7361252334182
-0.492923344442951	-0.113958181076373	0.857026449997504
-0.492923344442951	-0.113958181076373	0.857026449997504
-0.140237719651033	0.354129272906829	0.673865525204586
1.43591038083555	0.524020168270117	1.84106569429254
1.43591038083555	0.524020168270117	1.84106569429254
0.271092194600207	0.170170367552112	2.71877157304424
0.271092194600207	0.170170367552112	2.71877157304424
0.271092194600207	0.170170367552112	2.71877157304424
0.0894999616487157	-0.393926419255031	1.87621636573822
0.0894999616487157	-0.393926419255031	1.87621636573822
0.0894999616487157	-0.393926419255031	1.87621636573822
0.0894999616487157	-0.393926419255031	1.87621636573822
0.0894999616487157	-0.393926419255031	1.87621636573822
0.466115457074308	0.260451825566994	0.691188047915722
0.466115457074308	0.260451825566994	0.691188047915722
0.466115457074308	0.260451825566994	0.691188047915722
0.466115457074308	0.260451825566994	0.691188047915722
0.466115457074308	0.260451825566994	0.691188047915722
0.112116754227127	0.403206418906365	0.727145600474985
0.112116754227127	0.403206418906365	0.727145600474985
-1.28095106988539	1.60751741370551	1.46795799057368
-1.28095106988539	1.60751741370551	1.46795799057368
-1.28095106988539	1.60751741370551	1.46795799057368
-1.28095106988539	1.60751741370551	1.46795799057368
-1.28095106988539	1.60751741370551	1.46795799057368
-0.841537661519739	2.13623595899163	1.18106086000262
-0.841537661519739	2.13623595899163	1.18106086000262
-0.568698736934483	1.53138760497683	0.885427762826454
-0.568698736934483	1.53138760497683	0.885427762826454
-0.957747369583859	0.832098605238001	0.737279893331364
-0.957747369583859	0.832098605238001	0.737279893331364
-0.957747369583859	0.832098605238001	0.737279893331364
-0.727620277654154	1.67303231137039	1.25183958156516
-0.727620277654154	1.67303231137039	1.25183958156516
-1.23334772345577	1.81167778869111	1.90553598398265
-1.23334772345577	1.81167778869111	1.90553598398265
-1.23334772345577	1.81167778869111	1.90553598398265
-0.596011374757422	1.6477806428286	0.837308450165524
-0.596011374757422	1.6477806428286	0.837308450165524
-0.601181008541325	1.4143598379195	0.673704791909631
-0.655931888547556	2.47908168145732	0.283065191974875
-0.655931888547556	2.47908168145732	0.283065191974875
-0.655931888547556	2.47908168145732	0.283065191974875
-0.655931888547556	2.47908168145732	0.283065191974875
-0.655931888547556	2.47908168145732	0.283065191974875
-1.419735330761	0.539178441050845	1.24330701591348
-1.419735330761	0.539178441050845	1.24330701591348
-1.419735330761	0.539178441050845	1.24330701591348
-1.419735330761	0.539178441050845	1.24330701591348
-1.419735330761	0.539178441050845	1.24330701591348
-0.580955716461061	0.86085359969624	1.88225694001421
-0.580955716461061	0.86085359969624	1.88225694001421
-0.580955716461061	0.86085359969624	1.88225694001421
-0.580955716461061	0.86085359969624	1.88225694001421
-0.580955716461061	0.86085359969624	1.88225694001421
-0.580955716461061	0.86085359969624	1.88225694001421
-0.580955716461061	0.86085359969624	1.88225694001421
0.405449976728433	0.77841045258858	2.73153670371171
0.405449976728433	0.77841045258858	2.73153670371171
0.405449976728433	0.77841045258858	2.73153670371171
0.405449976728433	0.77841045258858	2.73153670371171
-1.01589481310633	0.988476729554148	2.09870734229497
-1.01589481310633	0.988476729554148	2.09870734229497
-1.01589481310633	0.988476729554148	2.09870734229497
-1.13304578816491	1.15978120545247	2.69299426602967
-1.13304578816491	1.15978120545247	2.69299426602967
-1.13304578816491	1.15978120545247	2.69299426602967
-1.13304578816491	1.15978120545247	2.69299426602967
-1.13304578816491	1.15978120545247	2.69299426602967
-1.13304578816491	1.15978120545247	2.69299426602967
-1.13304578816491	1.15978120545247	2.69299426602967
-1.58038917475893	1.30613530503527	1.79474324043023
-1.00499870100116	1.18370756694799	2.90722926056651
-1.00499870100116	1.18370756694799	2.90722926056651
-1.00499870100116	1.18370756694799	2.90722926056651
0.19788264906765	-0.0514323083902335	1.93878175478149
-0.831730720678432	0.0468699648715221	1.40278626684131
-0.831730720678432	0.0468699648715221	1.40278626684131
-0.831730720678432	0.0468699648715221	1.40278626684131
-0.831730720678432	0.0468699648715221	1.40278626684131
-0.831730720678432	0.0468699648715221	1.40278626684131
-0.831730720678432	0.0468699648715221	1.40278626684131
-0.831730720678432	0.0468699648715221	1.40278626684131
-0.831730720678432	0.0468699648715221	1.40278626684131
-0.831730720678432	0.0468699648715221	1.40278626684131
-0.831730720678432	0.0468699648715221	1.40278626684131
-0.831730720678432	0.0468699648715221	1.40278626684131
-2.73792976739372	1.52698783253269	2.23860478445507
-2.73792976739372	1.52698783253269	2.23860478445507
-2.73792976739372	1.52698783253269	2.23860478445507
-2.73792976739372	1.52698783253269	2.23860478445507
-2.12179289127268	1.11802637450291	1.88218726265323
-2.12179289127268	1.11802637450291	1.88218726265323
-2.12179289127268	1.11802637450291	1.88218726265323
-2.12179289127268	1.11802637450291	1.88218726265323
-2.12179289127268	1.11802637450291	1.88218726265323
-2.12179289127268	1.11802637450291	1.88218726265323
-2.57187109925462	0.42953445330326	2.02362684199782
-2.82035073275632	-0.122520948959819	1.58680988357643
-2.18544733433134	1.38829815153843	2.34957680176933
-2.18544733433134	1.38829815153843	2.34957680176933
-2.18544733433134	1.38829815153843	2.34957680176933
-2.18544733433134	1.38829815153843	2.34957680176933
-1.12388494542291	-0.827854480871855	1.60548479979729
-1.12388494542291	-0.827854480871855	1.60548479979729
-0.0996563440402192	-0.674066064318509	2.04591892945426
-0.0996563440402192	-0.674066064318509	2.04591892945426
-0.0996563440402192	-0.674066064318509	2.04591892945426
-2.32818319099243	0.204881955722458	2.61558133423198
-2.32818319099243	0.204881955722458	2.61558133423198
-2.32818319099243	0.204881955722458	2.61558133423198
-2.32818319099243	0.204881955722458	2.61558133423198
-2.32818319099243	0.204881955722458	2.61558133423198
-2.32818319099243	0.204881955722458	2.61558133423198
-2.32818319099243	0.204881955722458	2.61558133423198
-2.32818319099243	0.204881955722458	2.61558133423198
-2.44288695572957	-0.0817748463754532	2.55497809124199
-2.44288695572957	-0.0817748463754532	2.55497809124199
-1.39833122434706	-0.165685915049471	2.6185349415857
-1.39833122434706	-0.165685915049471	2.6185349415857
-1.16113672371557	0.41560920554685	3.35878934326955
-0.544704994270083	0.367439636901296	2.99430518765829
-0.544704994270083	0.367439636901296	2.99430518765829
-0.338036977554529	1.31085160697314	2.61509459956433
-1.82785885449615	-0.747500696824435	1.19660809101651
-1.38636117268514	0.585257520348012	1.89544447292262
-1.38636117268514	0.585257520348012	1.89544447292262
-1.38636117268514	0.585257520348012	1.89544447292262
-1.38636117268514	0.585257520348012	1.89544447292262
-1.38636117268514	0.585257520348012	1.89544447292262
-1.38636117268514	0.585257520348012	1.89544447292262
-1.38636117268514	0.585257520348012	1.89544447292262
-1.38636117268514	0.585257520348012	1.89544447292262
-1.08672386590008	-0.0853525785839681	2.45793859987105
-1.08672386590008	-0.0853525785839681	2.45793859987105
-1.08672386590008	-0.0853525785839681	2.45793859987105
-1.08672386590008	-0.0853525785839681	2.45793859987105
-1.08672386590008	-0.0853525785839681	2.45793859987105
-1.08672386590008	-0.0853525785839681	2.45793859987105
-1.08672386590008	-0.0853525785839681	2.45793859987105
-1.08672386590008	-0.0853525785839681	2.45793859987105
-1.08672386590008	-0.0853525785839681	2.45793859987105
-0.403239694297066	0.387614701936575	1.60491192254472
-0.403239694297066	0.387614701936575	1.60491192254472
-0.403239694297066	0.387614701936575	1.60491192254472
-0.403239694297066	0.387614701936575	1.60491192254472
-0.403239694297066	0.387614701936575	1.60491192254472
-0.403239694297066	0.387614701936575	1.60491192254472
-2.92300077644815	1.11834910588932	2.28845241840962
-3.17016614321708	0.420080638345774	2.25943034889975
-1.14024375930221	-0.223507118317294	1.77776341860085
-1.14024375930221	-0.223507118317294	1.77776341860085
-1.14024375930221	-0.223507118317294	1.77776341860085
-1.14024375930221	-0.223507118317294	1.77776341860085
-1.14024375930221	-0.223507118317294	1.77776341860085
-1.14024375930221	-0.223507118317294	1.77776341860085
-1.14024375930221	-0.223507118317294	1.77776341860085
-2.71348216244845	1.74359732359496	2.20189602987191
-2.71348216244845	1.74359732359496	2.20189602987191
-2.23517944011024	1.0937727718687	1.35126376916
-2.23517944011024	1.0937727718687	1.35126376916
-2.23517944011024	1.0937727718687	1.35126376916
-2.23517944011024	1.0937727718687	1.35126376916
-2.23517944011024	1.0937727718687	1.35126376916
-2.23517944011024	1.0937727718687	1.35126376916
-2.23517944011024	1.0937727718687	1.35126376916
-2.23517944011024	1.0937727718687	1.35126376916
-2.23517944011024	1.0937727718687	1.35126376916
-2.23517944011024	1.0937727718687	1.35126376916
-1.33095916672744	1.30576602309877	3.6921889031999
-1.33095916672744	1.30576602309877	3.6921889031999
-1.15787764706408	0.822928532484579	2.5701410055738
-1.15787764706408	0.822928532484579	2.5701410055738
-0.134582006229614	1.36072522004484	2.48931350149391
0.0712518525974413	0.624346707380014	2.5078713777147
0.0712518525974413	0.624346707380014	2.5078713777147
0.0712518525974413	0.624346707380014	2.5078713777147
0.0712518525974413	0.624346707380014	2.5078713777147
0.0712518525974413	0.624346707380014	2.5078713777147
-1.4835876979127	0.47991592951149	1.63180255387804
-1.4835876979127	0.47991592951149	1.63180255387804
-1.18508123042835	0.837060360357452	2.02247496316776
-1.18508123042835	0.837060360357452	2.02247496316776
-1.18508123042835	0.837060360357452	2.02247496316776
-1.18508123042835	0.837060360357452	2.02247496316776
-1.18508123042835	0.837060360357452	2.02247496316776
