1	1	1
0.815296115412729	1.09323056552297	1.48359802618453
0.815296115412729	1.09323056552297	1.48359802618453
0.815296115412729	1.09323056552297	1.48359802618453
1.18072005818082	0.450425526915451	1.4548620711457
1.09612541642546	0.800720922977754	1.30462155281095
1.09612541642546	0.800720922977754	1.30462155281095
1.09612541642546	0.800720922977754	1.30462155281095
0.998983920421129	1.07489360870546	1.57631458901081
0.998983920421129	1.07489360870546	1.57631458901081
0.998983920421129	1.07489360870546	1.57631458901081
0.998983920421129	1.07489360870546	1.57631458901081
1.54564153695736	0.958959377514384	1.55045019552565
1.24498836219174	1.06931418882949	1.85653887636884
1.24498836219174	1.06931418882949	1.85653887636884
0.60826727119943	1.12563586317568	1.97050236149553
0.55041986447865	2.3527224176866	1.51464003744783
0.5844917971299	0.914471261675505	1.96653043089128
0.5844917971299	0.914471261675505	1.96653043089128
0.5844917971299	0.914471261675505	1.96653043089128
0.369746883565173	1.15599815181824	1.62275753484363
-0.0128762719322903	1.20968215992761	1.50240015477767
-0.0128762719322903	1.20968215992761	1.50240015477767
-0.0128762719322903	1.20968215992761	1.50240015477767
0.585417046648076	1.91371194188292	1.28866744555995
0.585417046648076	1.91371194188292	1.28866744555995
0.585417046648076	1.91371194188292	1.28866744555995
0.862223741993187	0.779237338880612	1.49841970297198
1.77459180025604	1.67863145217071	0.575049204465406
2.01580124464225	1.02195261464784	1.08909178810625
2.01580124464225	1.02195261464784	1.08909178810625
2.01580124464225	1.02195261464784	1.08909178810625
1.22936575941707	0.731282789860769	1.51440160002709
1.22936575941707	0.731282789860769	1.51440160002709
1.36352666178945	0.806870898243712	2.01433339444911
1.36352666178945	0.806870898243712	2.01433339444911
1.36352666178945	0.806870898243712	2.01433339444911
1.36352666178945	0.806870898243712	2.01433339444911
1.50327144814751	1.40583963132688	1.37819789819124
1.50327144814751	1.40583963132688	1.37819789819124
1.50327144814751	1.40583963132688	1.37819789819124
1.50327144814751	1.40583963132688	1.37819789819124
1.50327144814751	1.40583963132688	1.37819789819124
1.50327144814751	1.40583963132688	1.37819789819124
1.50327144814751	1.40583963132688	1.37819789819124
1.15903226032547	0.908301186787456	1.6843098616385
1.15903226032547	0.908301186787456	1.6843098616385
1.15903226032547	0.908301186787456	1.6843098616385
1.15903226032547	0.908301186787456	1.6843098616385
1.15903226032547	0.908301186787456	1.6843098616385
1.15903226032547	0.908301186787456	1.6843098616385
0.870929856721204	0.216884577773131	2.14770780359434
1.66726556050767	0.127469973870347	1.56843635262983
1.66726556050767	0.127469973870347	1.56843635262983
1.66726556050767	0.127469973870347	1.56843635262983
0.785135642985842	0.5220957273991	1.63872684811098
0.785135642985842	0.5220957273991	1.63872684811098
0.785135642985842	0.5220957273991	1.63872684811098
0.785135642985842	0.5220957273991	1.63872684811098
0.785135642985842	0.5220957273991	1.63872684811098
0.785135642985842	0.5220957273991	1.63872684811098
0.785135642985842	0.5220957273991	1.63872684811098
0.507718231414421	0.29083636003689	1.76704818727427
0.507718231414421	0.29083636003689	1.76704818727427
0.352474533105525	-0.215446294655897	1.47692337229469
0.352474533105525	-0.215446294655897	1.47692337229469
0.352474533105525	-0.215446294655897	1.47692337229469
0.352474533105525	-0.215446294655897	1.47692337229469
0.503771805729469	-0.0662422416631462	1.62171219036256
0.503771805729469	-0.0662422416631462	1.62171219036256
0.503771805729469	-0.0662422416631462	1.62171219036256
0.635311867492049	-0.39828001836342	1.20963703561508
0.635311867492049	-0.39828001836342	1.20963703561508
0.635311867492049	-0.39828001836342	1.20963703561508
0.700276575328373	0.0394689196731616	0.756378201801288
1.43359382771573	0.22747204458557	0.990324963967029
1.43359382771573	0.22747204458557	0.990324963967029
1.43359382771573	0.22747204458557	0.990324963967029
1.43359382771573	0.22747204458557	0.990324963967029
0.844984927912142	0.892117617457691	1.01567168093533
0.844984927912142	0.892117617457691	1.01567168093533
0.67971858506976	0.702676280871018	0.651769641495902
0.67971858506976	0.702676280871018	0.651769641495902
0.67971858506976	0.702676280871018	0.651769641495902
0.67971858506976	0.702676280871018	0.651769641495902
0.67971858506976	0.702676280871018	0.651769641495902
-0.090454946487956	-0.746297464647404	1.12966025523043
-0.090454946487956	-0.746297464647404	1.12966025523043
0.34278057129716	-0.613445177791235	0.70073791839441
0.116253051819529	-0.462861390426342	0.929797366545703
0.116253051819529	-0.462861390426342	0.929797366545703
0.116253051819529	-0.462861390426342	0.929797366545703
0.981786471260512	-0.433401161003015	0.673418421971031
0.981786471260512	-0.433401161003015	0.673418421971031
0.354407994219771	0.103342972497056	0.216906726109152
0.354407994219771	0.103342972497056	0.216906726109152
0.354407994219771	0.103342972497056	0.216906726109152
-0.108255112349426	0.41176307698355	-0.294177190732915
-0.108255112349426	0.41176307698355	-0.294177190732915
-0.108255112349426	0.41176307698355	-0.294177190732915
-0.299419767534132	-0.0353730543796387	-0.330858379330177
-0.299419767534132	-0.0353730543796387	-0.330858379330177
-0.299419767534132	-0.0353730543796387	-0.330858379330177
-0.299419767534132	-0.0353730543796387	-0.330858379330177
-0.299419767534132	-0.0353730543796387	-0.330858379330177
-0.299419767534132	-0.0353730543796387	-0.330858379330177
-0.299419767534132	-0.0353730543796387	-0.330858379330177
-0.943246120979867	-0.300972031313234	-0.147532682155837
-0.943246120979867	-0.300972031313234	-0.147532682155837
-0.943246120979867	-0.300972031313234	-0.147532682155837
-0.943246120979867	-0.300972031313234	-0.147532682155837
-0.943246120979867	-0.300972031313234	-0.147532682155837
-0.943246120979867	-0.300972031313234	-0.147532682155837
-0.943246120979867	-0.300972031313234	-0.147532682155837
-0.943246120979867	-0.300972031313234	-0.147532682155837
-0.943246120979867	-0.300972031313234	-0.147532682155837
-0.943246120979867	-0.300972031313234	-0.147532682155837
-0.943246120979867	-0.300972031313234	-0.147532682155837
-0.62925119853064	-0.699722560219725	0.25299616476085
-0.659108526249224	-0.472889542200648	-0.155403878150794
-0.659108526249224	-0.472889542200648	-0.155403878150794
-0.659108526249224	-0.472889542200648	-0.155403878150794
-1.1583600647875	-0.0591525158453843	0.0584069608051109
-1.1583600647875	-0.0591525158453843	0.0584069608051109
-1.1583600647875	-0.0591525158453843	0.0584069608051109
-1.1583600647875	-0.0591525158453843	0.0584069608051109
-1.13421334493458	-0.0826167219738162	-0.1620386384748
-0.671496997879572	0.463450320027823	-0.674906581164919
-0.671496997879572	0.463450320027823	-0.674906581164919
-0.671496997879572	0.463450320027823	-0.674906581164919
-0.671496997879572	0.463450320027823	-0.674906581164919
-0.80031188410296	0.111608161532072	-0.766313841493563
-0.80031188410296	0.111608161532072	-0.766313841493563
-1.24932184528777	-0.575092579977014	-0.664641884792031
-1.24932184528777	-0.575092579977014	-0.664641884792031
-1.24932184528777	-0.575092579977014	-0.664641884792031
-1.24932184528777	-0.575092579977014	-0.664641884792031
-1.24932184528777	-0.575092579977014	-0.664641884792031
-1.00156199005855	-0.590793504844991	-0.500753765484828
-1.00156199005855	-0.590793504844991	-0.500753765484828
-0.0844538712020735	0.361781430477093	-0.611980600518857
-0.378622080335516	-0.140679544266575	-0.00965701753390424
-0.378622080335516	-0.140679544266575	-0.00965701753390424
-0.378622080335516	-0.140679544266575	-0.00965701753390424
-0.378622080335516	-0.140679544266575	-0.00965701753390424
-0.0694858916389974	-0.445994591392369	0.331180998128259
-0.432871181802836	-0.819842710488481	0.874940135779782
-0.432871181802836	-0.819842710488481	0.874940135779782
-0.432871181802836	-0.819842710488481	0.874940135779782
-0.432871181802836	-0.819842710488481	0.874940135779782
-0.432871181802836	-0.819842710488481	0.874940135779782
-0.432871181802836	-0.819842710488481	0.874940135779782
-0.432871181802836	-0.819842710488481	0.874940135779782
-0.144895829427205	-0.978109491014597	0.945224908068058
-0.077095160850504	-0.930953349255173	0.912374790586757
0.120336579537719	-1.03371066580603	0.614302061701636
0.120336579537719	-1.03371066580603	0.614302061701636
0.120336579537719	-1.03371066580603	0.614302061701636
0.120336579537719	-1.03371066580603	0.614302061701636
0.120336579537719	-1.03371066580603	0.614302061701636
0.120336579537719	-1.03371066580603	0.614302061701636
0.120336579537719	-1.03371066580603	0.614302061701636
0.120336579537719	-1.03371066580603	0.614302061701636
0.120336579537719	-1.03371066580603	0.614302061701636
0.120336579537719	-1.03371066580603	0.614302061701636
0.120336579537719	-1.03371066580603	0.614302061701636
0.120336579537719	-1.03371066580603	0.614302061701636
-0.0243340684786238	-1.48829345511692	1.12989742469975
-0.0243340684786238	-1.48829345511692	1.12989742469975
-0.0243340684786238	-1.48829345511692	1.12989742469975
-0.0243340684786238	-1.48829345511692	1.12989742469975
-0.0243340684786238	-1.48829345511692	1.12989742469975
-0.0243340684786238	-1.48829345511692	1.12989742469975
-0.0243340684786238	-1.48829345511692	1.12989742469975
-0.0243340684786238	-1.48829345511692	1.12989742469975
-0.540286475338623	-0.818680320692713	0.512880772508104
-0.540286475338623	-0.818680320692713	0.512880772508104
-0.37407576140821	-0.52096753617625	0.692394360164914
-0.37407576140821	-0.52096753617625	0.692394360164914
-0.37407576140821	-0.52096753617625	0.692394360164914
-0.37407576140821	-0.52096753617625	0.692394360164914
-0.37407576140821	-0.52096753617625	0.692394360164914
-0.0464415762060648	-0.323700522085478	0.420652082795788
-0.0464415762060648	-0.323700522085478	0.420652082795788
-0.0464415762060648	-0.323700522085478	0.420652082795788
-0.0464415762060648	-0.323700522085478	0.420652082795788
-0.0464415762060648	-0.323700522085478	0.420652082795788
-0.0464415762060648	-0.323700522085478	0.420652082795788
-0.485612277421349	0.0514539014866644	0.351492858617883
0.0479330236251021	-0.653591403381886	0.730838346269946
0.0479330236251021	-0.653591403381886	0.730838346269946
0.0479330236251021	-0.653591403381886	0.730838346269946
0.0479330236251021	-0.653591403381886	0.730838346269946
0.0479330236251021	-0.653591403381886	0.730838346269946
0.0479330236251021	-0.653591403381886	0.730838346269946
0.0479330236251021	-0.653591403381886	0.730838346269946
0.0479330236251021	-0.653591403381886	0.730838346269946
0.0479330236251021	-0.653591403381886	0.730838346269946
0.0479330236251021	-0.653591403381886	0.730838346269946
0.0479330236251021	-0.653591403381886	0.730838346269946
