1	1	1
1	1	1
-0.0602918514922488	1.49342392649379	2.1554853794389
0.750444476609388	0.822311308720763	2.12409879382131
1.91012412000051	0.944431249298035	2.20386294581704
0.779068754881788	1.212894586811	1.98450181334581
1.32333850147156	1.23719512143725	1.92184562648075
1.32333850147156	1.23719512143725	1.92184562648075
1.32333850147156	1.23719512143725	1.92184562648075
1.32333850147156	1.23719512143725	1.92184562648075
1.32333850147156	1.23719512143725	1.92184562648075
1.32333850147156	1.23719512143725	1.92184562648075
0.822106443902099	0.574555746247048	2.01243218316164
0.822106443902099	0.574555746247048	2.01243218316164
0.822106443902099	0.574555746247048	2.01243218316164
-0.320862839290168	0.285468175576964	1.64916328457771
-0.320862839290168	0.285468175576964	1.64916328457771
-0.320862839290168	0.285468175576964	1.64916328457771
-0.320862839290168	0.285468175576964	1.64916328457771
-0.320862839290168	0.285468175576964	1.64916328457771
-0.320862839290168	0.285468175576964	1.64916328457771
-0.320862839290168	0.285468175576964	1.64916328457771
-1.94870455427255	0.720229759441342	1.56361569324942
-1.70991351780768	0.698083699833212	1.38797689395876
-0.906398341032385	1.6004799787304	0.945240053601368
-0.906398341032385	1.6004799787304	0.945240053601368
-0.450949594579904	1.05624928052195	1.11151489691708
-0.450949594579904	1.05624928052195	1.11151489691708
-0.450949594579904	1.05624928052195	1.11151489691708
-0.450949594579904	1.05624928052195	1.11151489691708
-0.450949594579904	1.05624928052195	1.11151489691708
-0.450949594579904	1.05624928052195	1.11151489691708
-0.450949594579904	1.05624928052195	1.11151489691708
0.495496844225161	1.23706346429779	0.934396025040478
0.495496844225161	1.23706346429779	0.934396025040478
0.495496844225161	1.23706346429779	0.934396025040478
0.974806208858421	0.308790666329689	0.970340710499975
0.974806208858421	0.308790666329689	0.970340710499975
0.974806208858421	0.308790666329689	0.970340710499975
0.974806208858421	0.308790666329689	0.970340710499975
0.974806208858421	0.308790666329689	0.970340710499975
0.132378995097059	0.664776753979718	0.787200140052366
0.132378995097059	0.664776753979718	0.787200140052366
0.132378995097059	0.664776753979718	0.787200140052366
-1.06304499092089	0.420824560783879	1.08756466848648
-0.798752107240093	0.221942638338861	0.441872208178132
-0.798752107240093	0.221942638338861	0.441872208178132
-0.798752107240093	0.221942638338861	0.441872208178132
-0.798752107240093	0.221942638338861	0.441872208178132
-0.798752107240093	0.221942638338861	0.441872208178132
-0.798752107240093	0.221942638338861	0.441872208178132
-0.798752107240093	0.221942638338861	0.441872208178132
-0.660451835297033	0.10084886320808	1.4478740898158
-0.660451835297033	0.10084886320808	1.4478740898158
0.904435786324186	-0.364538016221964	2.04528294621498
0.904435786324186	-0.364538016221964	2.04528294621498
0.904435786324186	-0.364538016221964	2.04528294621498
-0.903290671957916	0.490439248866704	1.91431486669761
-0.903290671957916	0.490439248866704	1.91431486669761
-0.903290671957916	0.490439248866704	1.91431486669761
-0.903290671957916	0.490439248866704	1.91431486669761
-0.903290671957916	0.490439248866704	1.91431486669761
-1.4441118435079	1.22363118104554	1.39739589350259
-1.4441118435079	1.22363118104554	1.39739589350259
-1.4441118435079	1.22363118104554	1.39739589350259
-1.4441118435079	1.22363118104554	1.39739589350259
-1.4441118435079	1.22363118104554	1.39739589350259
-0.904289523924664	0.444574692934127	1.92204896057736
0.254254710094925	2.21207596699686	1.61789212191362
0.131128842530936	1.51535267865278	2.24944210960491
0.131128842530936	1.51535267865278	2.24944210960491
-0.45649360159872	1.26523489629589	1.83131024245227
-0.45649360159872	1.26523489629589	1.83131024245227
-0.45649360159872	1.26523489629589	1.83131024245227
-0.45649360159872	1.26523489629589	1.83131024245227
0.876637919241333	1.30301627884051	1.47279950548901
0.259780415006629	0.226492786218002	1.27354754019132
-0.599269776319546	0.155164697521705	0.492051314339645
-0.599269776319546	0.155164697521705	0.492051314339645
-0.645302868219994	0.163261047661529	0.569227197330754
-0.645302868219994	0.163261047661529	0.569227197330754
-0.483455209604221	-0.0342668220751903	1.47891638069383
-0.483455209604221	-0.0342668220751903	1.47891638069383
-0.814782824698909	0.881559491205279	1.15164226360229
-0.814782824698909	0.881559491205279	1.15164226360229
-1.28842215489355	0.15839631696951	1.42496712388744
-1.28842215489355	0.15839631696951	1.42496712388744
-2.28784391014106	-0.181630620678254	1.38401657623872
-2.28784391014106	-0.181630620678254	1.38401657623872
-2.22990160954356	1.28056487162267	1.4517095293836
-2.22990160954356	1.28056487162267	1.4517095293836
-2.02683046226071	0.864692357634213	0.805915748332168
-2.02683046226071	0.864692357634213	0.805915748332168
-2.02683046226071	0.864692357634213	0.805915748332168
-1.804035406317	-0.350427671098394	0.733065475523149
-1.804035406317	-0.350427671098394	0.733065475523149
-2.2963410696227	0.472221779441237	0.267444090885627
-2.2963410696227	0.472221779441237	0.267444090885627
-2.2963410696227	0.472221779441237	0.267444090885627
-2.10542634920503	0.451626561349969	0.299502838402066
-2.10542634920503	0.451626561349969	0.299502838402066
-1.60083455968015	0.854179175491255	0.558979799181009
-1.17110595413258	0.478826733417931	0.805478381347036
-1.17110595413258	0.478826733417931	0.805478381347036
-1.17110595413258	0.478826733417931	0.805478381347036
-1.17110595413258	0.478826733417931	0.805478381347036
0.470299578724508	1.26559466827821	0.443082471402758
0.418766598588977	1.47909883504175	1.05856173100027
0.418766598588977	1.47909883504175	1.05856173100027
-0.394543228503755	1.14318645591467	0.198253791039606
0.759338263643136	1.5812907963357	0.211893717177201
0.388006727459229	1.00691435535969	0.859277126625887
0.388006727459229	1.00691435535969	0.859277126625887
0.388006727459229	1.00691435535969	0.859277126625887
0.388006727459229	1.00691435535969	0.859277126625887
0.388006727459229	1.00691435535969	0.859277126625887
0.388006727459229	1.00691435535969	0.859277126625887
0.346829580499089	1.13058909700858	1.24984644812751
0.346829580499089	1.13058909700858	1.24984644812751
0.346829580499089	1.13058909700858	1.24984644812751
0.0557021158446976	0.529738068816666	1.48226611005514
-2.20987090170757	-0.0372122348533723	1.06128930013146
-2.20987090170757	-0.0372122348533723	1.06128930013146
-2.00876908516635	-0.0713092481608149	1.349756006535
-2.00876908516635	-0.0713092481608149	1.349756006535
-2.00876908516635	-0.0713092481608149	1.349756006535
-2.00876908516635	-0.0713092481608149	1.349756006535
-1.65249424720554	1.44412365039008	1.83013260805309
-0.350860712037856	0.657166766051674	2.13585343558819
-0.861179724724776	0.213888397715257	0.820313470912248
0.301907571849004	0.775367485451631	1.23009185165013
0.301907571849004	0.775367485451631	1.23009185165013
0.301907571849004	0.775367485451631	1.23009185165013
-0.354293393614507	0.533796376346934	1.3925660522347
-0.354293393614507	0.533796376346934	1.3925660522347
-0.354293393614507	0.533796376346934	1.3925660522347
0.158471058005173	1.78353574817892	1.63278541242089
0.158471058005173	1.78353574817892	1.63278541242089
1.37275269134312	0.516540536757086	1.2143449125579
-0.0950169047617377	0.299134200025565	2.39594514907417
0.616448492524074	0.587364614415236	1.77020255939815
-0.455264154772485	0.398000513115372	1.94620037507024
-0.537271730931718	0.246983121523466	0.848329459851107
-1.09102661084572	-1.16774770932691	0.778103748677956
-1.09102661084572	-1.16774770932691	0.778103748677956
-1.09102661084572	-1.16774770932691	0.778103748677956
-1.01776620771364	-1.62469102045527	0.650052100402429
-0.0695544816758493	-1.00252487418998	2.14330200583479
-0.0695544816758493	-1.00252487418998	2.14330200583479
-0.0695544816758493	-1.00252487418998	2.14330200583479
0.133887072945762	-1.34057786391623	1.35030572931746
-0.437695357875548	-0.999533865201481	1.15395685249319
-0.618885064041691	-0.848995660111376	0.394169532594842
-0.618885064041691	-0.848995660111376	0.394169532594842
-0.618885064041691	-0.848995660111376	0.394169532594842
-0.618885064041691	-0.848995660111376	0.394169532594842
-0.451077427457111	0.19915922369389	-0.528876371788547
-0.704362692287199	-1.90450403152607	0.542150393527709
0.852269735510676	-0.520713521281746	0.266507805214445
0.852269735510676	-0.520713521281746	0.266507805214445
-0.0188773324319741	-0.542493369857081	0.732088112833171
-0.0188773324319741	-0.542493369857081	0.732088112833171
0.428511482330506	-0.113807478470082	0.945983185824861
0.428511482330506	-0.113807478470082	0.945983185824861
0.0149222056497351	-0.353387190476192	0.923894226248466
-1.42853266766634	-0.582352691146755	0.865675452669183
-1.83324995511777	-0.296729450164303	2.5197954587671
-1.83324995511777	-0.296729450164303	2.5197954587671
-1.83324995511777	-0.296729450164303	2.5197954587671
-1.83324995511777	-0.296729450164303	2.5197954587671
-1.83324995511777	-0.296729450164303	2.5197954587671
-2.17619273539004	0.485397018537252	1.99939649512333
-1.90389438987766	0.312055322945797	1.14118545525575
-1.90389438987766	0.312055322945797	1.14118545525575
-0.780223184197501	0.705574192354458	1.047384194847
0.136309136906717	1.24338152275505	1.75135884456813
-0.273515303400271	0.989571117729809	1.49814627290079
-0.273515303400271	0.989571117729809	1.49814627290079
-1.61729183854502	-0.00908720319527867	2.60573264351222
-1.61729183854502	-0.00908720319527867	2.60573264351222
-0.469777379415195	-0.856034225309891	1.16840696101731
-0.94009279603575	0.938076761116512	1.57387406029433
0.0765521484860787	0.953786929248016	0.239484583214278
0.0765521484860787	0.953786929248016	0.239484583214278
-1.48022084751734	0.561476117733859	0.0460376191245919
-0.617514661129973	0.292233986997869	0.725177530342513
-0.617514661129973	0.292233986997869	0.725177530342513
-1.26053644175799	1.40926606749557	0.670915285124303
-1.19982912092425	0.413858749537446	0.842161105348303
-1.19982912092425	0.413858749537446	0.842161105348303
-1.19982912092425	0.413858749537446	0.842161105348303
-1.19982912092425	0.413858749537446	0.842161105348303
-1.95068886959979	0.497627739428696	1.66952243606092
-0.957704577661261	-0.0216283195111574	1.44454324313318
-0.763020906611849	0.187524972207518	1.43351988513524
-0.763020906611849	0.187524972207518	1.43351988513524
-1.33321121609084	0.452753836041014	1.12395935666342
-0.964439596767753	0.444362158514872	0.61648423396855
-1.55382152481319	1.31543017077984	0.998003967802059
-1.50169931794081	-0.176941483654543	0.936516571443029
