1	1	1
1.61379234415871	-0.0364722872349519	1.43495941665602
1.67179027767723	0.587987512273343	1.48217438961119
1.67179027767723	0.587987512273343	1.48217438961119
1.67179027767723	0.587987512273343	1.48217438961119
1.67179027767723	0.587987512273343	1.48217438961119
1.67179027767723	0.587987512273343	1.48217438961119
1.37040867270467	0.78159974805467	1.44626242878117
1.37040867270467	0.78159974805467	1.44626242878117
0.73164806066123	0.588037606912662	1.72805806251397
0.73164806066123	0.588037606912662	1.72805806251397
0.685032341599442	0.250182834284632	1.34758027271349
0.685032341599442	0.250182834284632	1.34758027271349
0.685032341599442	0.250182834284632	1.34758027271349
0.685032341599442	0.250182834284632	1.34758027271349
1.03924951833163	0.121439514660961	0.93908617376281
1.03924951833163	0.121439514660961	0.93908617376281
0.665550749439596	1.03566030232676	1.1125728569657
0.665550749439596	1.03566030232676	1.1125728569657
1.00817383299051	0.717743459253579	1.67439845140305
1.00817383299051	0.717743459253579	1.67439845140305
1.00817383299051	0.717743459253579	1.67439845140305
0.658255678829627	0.909132867460839	2.01612119939703
0.658255678829627	0.909132867460839	2.01612119939703
0.658255678829627	0.909132867460839	2.01612119939703
0.658255678829627	0.909132867460839	2.01612119939703
0.658255678829627	0.909132867460839	2.01612119939703
-0.442198299800351	0.553196133887661	1.65724178916529
-0.442198299800351	0.553196133887661	1.65724178916529
-0.442198299800351	0.553196133887661	1.65724178916529
0.170306260565608	0.87083234647073	1.96017303636851
0.170306260565608	0.87083234647073	1.96017303636851
0.144074975787965	-0.191093448636893	0.823759509720538
0.0490910312554817	0.69936763670213	1.47559240466053
0.0490910312554817	0.69936763670213	1.47559240466053
0.0490910312554817	0.69936763670213	1.47559240466053
0.418904813009685	-0.0508330437839751	0.471176861875834
0.418904813009685	-0.0508330437839751	0.471176861875834
0.418904813009685	-0.0508330437839751	0.471176861875834
0.418904813009685	-0.0508330437839751	0.471176861875834
-0.525140338325125	0.0462849806588205	1.82699775349832
-0.525140338325125	0.0462849806588205	1.82699775349832
-0.525140338325125	0.0462849806588205	1.82699775349832
-0.525140338325125	0.0462849806588205	1.82699775349832
-1.16799019222717	0.844391117554788	0.999247316743355
-1.16799019222717	0.844391117554788	0.999247316743355
-1.16799019222717	0.844391117554788	0.999247316743355
-1.16799019222717	0.844391117554788	0.999247316743355
-1.16799019222717	0.844391117554788	0.999247316743355
-1.16799019222717	0.844391117554788	0.999247316743355
-1.16799019222717	0.844391117554788	0.999247316743355
-1.16799019222717	0.844391117554788	0.999247316743355
-1.16799019222717	0.844391117554788	0.999247316743355
-1.16799019222717	0.844391117554788	0.999247316743355
-0.552458654211767	1.17242076650905	1.93660906186217
-0.552458654211767	1.17242076650905	1.93660906186217
-0.552458654211767	1.17242076650905	1.93660906186217
-1.16692920976735	1.04739618410065	1.66566625171554
-1.16692920976735	1.04739618410065	1.66566625171554
-1.16692920976735	1.04739618410065	1.66566625171554
-1.16692920976735	1.04739618410065	1.66566625171554
-1.16692920976735	1.04739618410065	1.66566625171554
-0.650410685239725	-0.555753557662365	1.31320811083013
-0.650410685239725	-0.555753557662365	1.31320811083013
-0.650410685239725	-0.555753557662365	1.31320811083013
-1.04315978626118	1.24524810734878	2.55367825973699
-0.950303024697036	1.28003739530217	2.1340013969183
-0.950303024697036	1.28003739530217	2.1340013969183
-1.00497177992958	1.25012036799469	2.26822479696782
-1.14844328317304	1.33754585081885	1.591293454813
-1.14844328317304	1.33754585081885	1.591293454813
-1.14844328317304	1.33754585081885	1.591293454813
-1.14844328317304	1.33754585081885	1.591293454813
-1.14844328317304	1.33754585081885	1.591293454813
-1.14844328317304	1.33754585081885	1.591293454813
-1.14844328317304	1.33754585081885	1.591293454813
-0.712827822644246	0.592847267480978	1.46381963664211
-0.354070375352165	0.514912445737875	0.865616813334733
-0.354070375352165	0.514912445737875	0.865616813334733
-0.354070375352165	0.514912445737875	0.865616813334733
-0.384224731548028	-0.999273023855704	1.11770697553263
-0.671883387536231	0.655971961698421	1.31594338951391
-0.671883387536231	0.655971961698421	1.31594338951391
-0.671883387536231	0.655971961698421	1.31594338951391
-0.671883387536231	0.655971961698421	1.31594338951391
-0.671883387536231	0.655971961698421	1.31594338951391
-0.671883387536231	0.655971961698421	1.31594338951391
-0.671883387536231	0.655971961698421	1.31594338951391
-0.671883387536231	0.655971961698421	1.31594338951391
-0.671883387536231	0.655971961698421	1.31594338951391
-0.671883387536231	0.655971961698421	1.31594338951391
-1.34145400379529	2.43767561869734	1.47112969255005
-1.06940303402439	2.00877281623452	1.25023021441926
0.00797619826862017	1.80782706831516	0.662176431819301
0.00797619826862017	1.80782706831516	0.662176431819301
0.00797619826862017	1.80782706831516	0.662176431819301
0.00797619826862017	1.80782706831516	0.662176431819301
0.00797619826862017	1.80782706831516	0.662176431819301
-0.894902174056517	0.838963765575359	1.55473200307833
-0.894902174056517	0.838963765575359	1.55473200307833
-1.19538620504233	1.75753315615142	0.98647150349893
-1.57239769836649	-0.108822838236745	0.259148368269069
-1.57239769836649	-0.108822838236745	0.259148368269069
-1.57239769836649	-0.108822838236745	0.259148368269069
-1.57239769836649	-0.108822838236745	0.259148368269069
-1.57239769836649	-0.108822838236745	0.259148368269069
-1.57239769836649	-0.108822838236745	0.259148368269069
-1.57239769836649	-0.108822838236745	0.259148368269069
-1.57239769836649	-0.108822838236745	0.259148368269069
-2.26694479806165	-0.23598113535509	1.59127829056819
-2.26694479806165	-0.23598113535509	1.59127829056819
-2.26694479806165	-0.23598113535509	1.59127829056819
-2.34556804714065	0.934338998564072	1.49267101743737
-2.34556804714065	0.934338998564072	1.49267101743737
-1.99605856067261	-0.201192504991012	1.60601651029132
-1.99605856067261	-0.201192504991012	1.60601651029132
-1.99605856067261	-0.201192504991012	1.60601651029132
-2.40746186623766	0.236186529934083	2.11770574165496
-2.02452824598274	0.91986403447108	2.35289996283498
-1.37161982425527	0.934410887928964	1.82637801212654
-1.37161982425527	0.934410887928964	1.82637801212654
-1.37161982425527	0.934410887928964	1.82637801212654
-1.37161982425527	0.934410887928964	1.82637801212654
-1.37161982425527	0.934410887928964	1.82637801212654
-1.37161982425527	0.934410887928964	1.82637801212654
-1.37161982425527	0.934410887928964	1.82637801212654
-1.12993671697363	0.736323376934962	2.46249531360193
-1.12993671697363	0.736323376934962	2.46249531360193
-1.12993671697363	0.736323376934962	2.46249531360193
-1.12993671697363	0.736323376934962	2.46249531360193
-1.12993671697363	0.736323376934962	2.46249531360193
-0.949830372558857	0.846966120479739	2.11962262545051
-0.949830372558857	0.846966120479739	2.11962262545051
-0.988271899884354	-0.0607229489955379	1.51899838786517
-0.988271899884354	-0.0607229489955379	1.51899838786517
-0.988271899884354	-0.0607229489955379	1.51899838786517
-1.58796390761209	0.00472481878556363	1.340378603664
-0.820721573063377	0.0114025829587397	0.204000471763198
-1.58097033379116	0.844044985401807	1.04211949417782
-1.25892444558794	0.202586296317156	1.57618779562496
-1.25892444558794	0.202586296317156	1.57618779562496
-1.25892444558794	0.202586296317156	1.57618779562496
-1.45471677526541	-0.792114906008147	1.88138719505705
-1.45471677526541	-0.792114906008147	1.88138719505705
-1.45471677526541	-0.792114906008147	1.88138719505705
-2.1158247479173	0.157942580701562	1.51267059108779
-2.1158247479173	0.157942580701562	1.51267059108779
-2.19136663195774	1.34278729654179	1.67410841165815
-2.19136663195774	1.34278729654179	1.67410841165815
-1.40623644176429	0.869670033734456	2.16362402672998
-1.40623644176429	0.869670033734456	2.16362402672998
-0.698368372662483	0.330077843700565	2.48305920065812
-0.698368372662483	0.330077843700565	2.48305920065812
-0.698368372662483	0.330077843700565	2.48305920065812
-0.698368372662483	0.330077843700565	2.48305920065812
-0.698368372662483	0.330077843700565	2.48305920065812
-1.2823775692213	1.89681732442827	2.99404615107008
-1.2823775692213	1.89681732442827	2.99404615107008
-1.2823775692213	1.89681732442827	2.99404615107008
-1.2823775692213	1.89681732442827	2.99404615107008
-1.47857881488014	2.29797272157242	1.70967059434679
-1.07465663525476	2.1456915041755	1.15494544156419
-0.632498730478567	1.50698012644446	1.12400534110932
-0.632498730478567	1.50698012644446	1.12400534110932
-0.632498730478567	1.50698012644446	1.12400534110932
-0.632498730478567	1.50698012644446	1.12400534110932
-0.671939938507249	1.16186768137199	1.31964410048674
-0.671939938507249	1.16186768137199	1.31964410048674
-0.822844214979881	1.04043770715273	0.578088849530917
-0.822844214979881	1.04043770715273	0.578088849530917
-0.822844214979881	1.04043770715273	0.578088849530917
-0.526718289474201	1.74205283301037	0.893341588432244
-1.20192204173704	2.1853915584999	0.775243561016166
-1.73076243697938	1.64194708546553	0.725674702387163
-1.73076243697938	1.64194708546553	0.725674702387163
-2.61297062283933	1.81086782283825	1.98881191305895
-2.61297062283933	1.81086782283825	1.98881191305895
-3.13132798076593	1.56315520482622	2.14085131545222
-3.13132798076593	1.56315520482622	2.14085131545222
-2.34680742521185	1.07532130797894	1.8143399117591
-1.56011869269961	1.9584863967771	2.00332720949693
-1.56011869269961	1.9584863967771	2.00332720949693
-1.56011869269961	1.9584863967771	2.00332720949693
-1.56011869269961	1.9584863967771	2.00332720949693
-1.77928526443114	1.50621424700139	2.06119970602558
-2.85539490361277	1.31181597879783	1.6469453288218
-2.85539490361277	1.31181597879783	1.6469453288218
-2.85539490361277	1.31181597879783	1.6469453288218
-2.85539490361277	1.31181597879783	1.6469453288218
-2.2915969093963	1.41478845758327	1.78423179421913
-2.2915969093963	1.41478845758327	1.78423179421913
-1.88913912461888	0.88837984224234	0.749237909236078
-1.88913912461888	0.88837984224234	0.749237909236078
-1.88913912461888	0.88837984224234	0.749237909236078
-1.88913912461888	0.88837984224234	0.749237909236078
-1.88913912461888	0.88837984224234	0.749237909236078
-1.94969231176898	0.340319610093692	1.79126365038112
-1.95704243824545	0.270564892021944	1.79210986764628
-1.18030982214859	0.27201350669386	1.72597877866199
-1.7466822641078	0.192011255818561	1.94875942838221
