1	1	1
1	1	1
1	1	1
1	1	1
1.43391577979528	1.04609966214765	1.2460977696851
1.43391577979528	1.04609966214765	1.2460977696851
1.43391577979528	1.04609966214765	1.2460977696851
1.30226130351355	1.3008398733581	1.94729409348313
1.30226130351355	1.3008398733581	1.94729409348313
1.30226130351355	1.3008398733581	1.94729409348313
1.30226130351355	1.3008398733581	1.94729409348313
1.30226130351355	1.3008398733581	1.94729409348313
0.628604598048663	0.979076685426212	2.88013087652841
0.531387450094845	1.52116431624591	2.72078000704507
0.531387450094845	1.52116431624591	2.72078000704507
0.531387450094845	1.52116431624591	2.72078000704507
0.945815057057709	1.15381788200035	2.08177976891801
0.945815057057709	1.15381788200035	2.08177976891801
0.945815057057709	1.15381788200035	2.08177976891801
0.945815057057709	1.15381788200035	2.08177976891801
0.945815057057709	1.15381788200035	2.08177976891801
0.426195440041363	1.36731507896695	1.89457628797307
0.426195440041363	1.36731507896695	1.89457628797307
0.426195440041363	1.36731507896695	1.89457628797307
0.426195440041363	1.36731507896695	1.89457628797307
0.336986972660908	0.733197974126321	2.00394945761244
0.336986972660908	0.733197974126321	2.00394945761244
0.093418499756304	1.24045866736712	0.745499987588508
0.093418499756304	1.24045866736712	0.745499987588508
0.093418499756304	1.24045866736712	0.745499987588508
0.172982890336514	1.15204496248696	1.14036046164889
0.172982890336514	1.15204496248696	1.14036046164889
0.172982890336514	1.15204496248696	1.14036046164889
0.172982890336514	1.15204496248696	1.14036046164889
0.172982890336514	1.15204496248696	1.14036046164889
0.172982890336514	1.15204496248696	1.14036046164889
0.172982890336514	1.15204496248696	1.14036046164889
0.172982890336514	1.15204496248696	1.14036046164889
0.425904212535442	1.18015666339855	0.526512281242728
-0.389609705676715	1.65033986479502	1.11820503429332
0.0415521706339624	1.8858764134642	0.876428207926685
0.0415521706339624	1.8858764134642	0.876428207926685
0.24872848619955	2.43976873099442	0.753610127070497
0.24872848619955	2.43976873099442	0.753610127070497
-1.12569167199534	1.58645658107386	0.831977341214241
-1.12569167199534	1.58645658107386	0.831977341214241
-0.491228929342361	1.17761680724769	-0.0383012914619066
-0.831926260247366	0.684462953244527	0.159405557152455
-0.383497482339751	0.693297766242841	1.30712108477035
-0.383497482339751	0.693297766242841	1.30712108477035
-0.383497482339751	0.693297766242841	1.30712108477035
-0.383497482339751	0.693297766242841	1.30712108477035
-0.383497482339751	0.693297766242841	1.30712108477035
-0.383497482339751	0.693297766242841	1.30712108477035
-0.383497482339751	0.693297766242841	1.30712108477035
-0.383497482339751	0.693297766242841	1.30712108477035
-0.605444154004564	0.750392537125433	1.59854541016476
0.167364442901841	0.712010158775191	1.44568521015661
0.167364442901841	0.712010158775191	1.44568521015661
0.167364442901841	0.712010158775191	1.44568521015661
0.167364442901841	0.712010158775191	1.44568521015661
0.167364442901841	0.712010158775191	1.44568521015661
0.50962717416322	0.681011031547987	1.09061856509393
0.50962717416322	0.681011031547987	1.09061856509393
0.50962717416322	0.681011031547987	1.09061856509393
0.0224194540024025	0.922165549039263	0.647550042168653
-0.127683556110176	-0.168932613546528	1.91504142498458
-0.127683556110176	-0.168932613546528	1.91504142498458
-0.047723453196725	-0.0617664938442064	1.22868200623103
0.0487499171816009	0.270708502908938	1.4252594546121
0.0487499171816009	0.270708502908938	1.4252594546121
0.0487499171816009	0.270708502908938	1.4252594546121
0.555922252660265	1.32986565428463	1.58295279384274
0.555922252660265	1.32986565428463	1.58295279384274
0.555922252660265	1.32986565428463	1.58295279384274
0.555922252660265	1.32986565428463	1.58295279384274
0.555922252660265	1.32986565428463	1.58295279384274
-0.448503007867854	0.879703405810686	1.41991849435663
-0.712552854819888	1.52120870863463	1.09171881829332
-0.712552854819888	1.52120870863463	1.09171881829332
-0.712552854819888	1.52120870863463	1.09171881829332
-0.706990776267148	1.48355626075578	1.76153826971336
-1.03781567423818	2.19242928400946	1.25422612929143
-1.03781567423818	2.19242928400946	1.25422612929143
-1.03781567423818	2.19242928400946	1.25422612929143
-1.83031908981082	2.04919802554296	1.19341711548382
-1.67549953576087	2.55266979391631	1.84463717470717
-1.13165392218138	2.64994884335422	1.50905157226379
-1.1948491183834	2.44348125235475	1.63191255960656
-1.1948491183834	2.44348125235475	1.63191255960656
-1.04880181976119	2.23045522644827	1.98664304636079
-0.448837704776934	2.29324495068075	2.15458473121898
-0.448837704776934	2.29324495068075	2.15458473121898
-1.27908920516569	2.16487875463113	1.88089247594393
-1.27908920516569	2.16487875463113	1.88089247594393
-0.978159297448477	2.6570420479252	1.00602051915459
-1.82393443641404	2.17139127641613	0.784364133263289
-1.57631871978034	2.20766063731164	0.97102840594165
-1.28549017864722	2.1368781600656	1.59857171133944
-0.956915462142699	1.84576274757145	1.34241164895453
-0.956915462142699	1.84576274757145	1.34241164895453
-0.956915462142699	1.84576274757145	1.34241164895453
-0.956915462142699	1.84576274757145	1.34241164895453
-1.27114758760686	1.69180660538086	0.682643414070898
-1.08817314738379	1.75328597365312	1.69746746731487
-1.66231633819055	1.40297286509571	1.21410023074205
-1.66231633819055	1.40297286509571	1.21410023074205
-0.911464448707655	2.14131828606072	1.14371648646956
-0.596523321740537	2.27516589216969	1.78678751620408
-0.458159978307584	1.44871330823489	2.23163771221966
0.227396320408236	2.8468496191507	1.78282821103088
0.227396320408236	2.8468496191507	1.78282821103088
0.227396320408236	2.8468496191507	1.78282821103088
-0.0570117239058924	2.23683347070838	2.47442784740222
0.15273964679421	1.87797219990937	1.99717202707144
0.331273884491521	1.73701716961944	2.09502681018088
0.331273884491521	1.73701716961944	2.09502681018088
-1.00579453310252	0.475303613031885	1.6012256986343
-0.361097589128939	-0.0316765060121645	2.64167129157612
-0.361097589128939	-0.0316765060121645	2.64167129157612
-0.361097589128939	-0.0316765060121645	2.64167129157612
-0.361097589128939	-0.0316765060121645	2.64167129157612
-0.980806975128247	-0.19633726952357	2.05128104003831
-0.980806975128247	-0.19633726952357	2.05128104003831
-0.980806975128247	-0.19633726952357	2.05128104003831
-0.651144181461598	-0.418059635383943	1.00385106928999
-0.651144181461598	-0.418059635383943	1.00385106928999
-0.651144181461598	-0.418059635383943	1.00385106928999
-0.620562134867217	0.613851340765884	1.36636696426822
-0.620562134867217	0.613851340765884	1.36636696426822
-0.611150847027891	1.17544198321541	0.702974969540855
-0.611150847027891	1.17544198321541	0.702974969540855
-0.776652886458266	0.894492867728162	1.30875148987215
-1.87187074480007	1.30464499815316	1.41555807035966
-1.22500332031677	1.40394109108277	1.67602220283683
-1.22500332031677	1.40394109108277	1.67602220283683
-1.22500332031677	1.40394109108277	1.67602220283683
-1.40886729133355	0.944531994779504	1.30516479466773
-1.79037686891039	-0.4723402292496	1.95790891624312
-1.755926094625	1.12910129729702	2.95305207797738
-2.09689110872981	0.730872848216183	1.98668435657656
-2.06452103549142	0.665660582155791	0.933829688396059
-2.06452103549142	0.665660582155791	0.933829688396059
-2.06452103549142	0.665660582155791	0.933829688396059
-2.06452103549142	0.665660582155791	0.933829688396059
-2.35259296731217	0.328931486360639	1.78651898857856
-2.35259296731217	0.328931486360639	1.78651898857856
-0.917462471238159	0.755699844838184	2.0249698390211
-1.12221158936634	0.654988042914301	2.51818707707029
-2.1546225993271	0.88180629318012	2.02436608143676
-2.1546225993271	0.88180629318012	2.02436608143676
-2.1546225993271	0.88180629318012	2.02436608143676
-0.856347864638317	0.635013869425482	2.18900135434865
-0.856347864638317	0.635013869425482	2.18900135434865
-0.856347864638317	0.635013869425482	2.18900135434865
-0.856347864638317	0.635013869425482	2.18900135434865
-0.856347864638317	0.635013869425482	2.18900135434865
-0.856347864638317	0.635013869425482	2.18900135434865
-0.926670742788346	0.662097597430347	0.998366086975322
-1.84332907698868	0.493920979581232	1.27550833036903
-1.84332907698868	0.493920979581232	1.27550833036903
-1.84332907698868	0.493920979581232	1.27550833036903
-1.58706838371349	0.0913088425750782	1.13207753064782
-1.30627326534495	0.662896114575302	1.39497114195015
-1.21102897060199	1.17523726920461	0.811617132060707
-1.21102897060199	1.17523726920461	0.811617132060707
-1.21102897060199	1.17523726920461	0.811617132060707
-1.21102897060199	1.17523726920461	0.811617132060707
-1.92234237155597	1.28194828802841	1.33245400567849
-1.92234237155597	1.28194828802841	1.33245400567849
-1.92234237155597	1.28194828802841	1.33245400567849
-1.92234237155597	1.28194828802841	1.33245400567849
-1.92234237155597	1.28194828802841	1.33245400567849
-2.34917435758986	1.08520799241748	1.88462513073709
-2.34917435758986	1.08520799241748	1.88462513073709
-2.39674716395553	1.50275965383236	1.79284154577323
-2.39674716395553	1.50275965383236	1.79284154577323
-2.39674716395553	1.50275965383236	1.79284154577323
-2.39674716395553	1.50275965383236	1.79284154577323
-2.39674716395553	1.50275965383236	1.79284154577323
-2.39674716395553	1.50275965383236	1.79284154577323
-1.59916931040769	0.99654924669321	2.383573786914
-1.59916931040769	0.99654924669321	2.383573786914
-1.59916931040769	0.99654924669321	2.383573786914
-3.01135176105165	0.775983387732953	2.35378485568819
-2.49055856871078	0.76026813025941	2.27793524867061
-3.71603077209719	-0.163903976779087	1.40650007426104
-3.71603077209719	-0.163903976779087	1.40650007426104
-2.61299850934032	-1.04883716104075	0.405756777874639
-2.61299850934032	-1.04883716104075	0.405756777874639
-2.61299850934032	-1.04883716104075	0.405756777874639
-2.61299850934032	-1.04883716104075	0.405756777874639
-1.48394402663987	-0.319652396336592	0.443899908304203
-1.48394402663987	-0.319652396336592	0.443899908304203
-1.38744982460012	0.594308327241054	0.323845929725093
-1.38744982460012	0.594308327241054	0.323845929725093
-1.80568831240904	0.0822802474660572	1.28912007215425
-1.80568831240904	0.0822802474660572	1.28912007215425
-1.80568831240904	0.0822802474660572	1.28912007215425
-1.80568831240904	0.0822802474660572	1.28912007215425
