1	1	1
1.06507451970453	1.52568449108131	0.862239868511029
1.06507451970453	1.52568449108131	0.862239868511029
1.05025853330901	0.990243497059085	0.733238119803716
1.05025853330901	0.990243497059085	0.733238119803716
1.88125042254512	0.720847387769369	1.75525963771072
1.68641895157663	1.225720472063	1.60786402990048
0.503032386322583	1.13928946029577	1.31118590934689
0.940685443567423	0.528087737205055	1.66107104980999
0.566124620113592	0.993125678497868	0.945917905482194
0.566124620113592	0.993125678497868	0.945917905482194
0.476132016809807	0.744146215458026	0.869849187980265
0.453112359581673	1.5315880159229	1.2082594657429
0.646089481789527	1.81505204318953	1.24308856038205
0.90988934079871	1.69321411264437	0.875773414810851
0.485168756285133	1.39884699338255	1.73746320623943
1.03105577415547	1.4271731271559	1.11121024770391
1.50669711691704	1.06690963234479	1.18422862097212
1.46144528319272	0.720138015513604	1.82640274454694
1.46144528319272	0.720138015513604	1.82640274454694
1.46144528319272	0.720138015513604	1.82640274454694
0.589282262295347	0.388084047074101	1.27675792225961
0.589282262295347	0.388084047074101	1.27675792225961
0.589282262295347	0.388084047074101	1.27675792225961
0.589282262295347	0.388084047074101	1.27675792225961
0.589282262295347	0.388084047074101	1.27675792225961
0.589282262295347	0.388084047074101	1.27675792225961
0.589282262295347	0.388084047074101	1.27675792225961
1.29657790475752	0.411128079076445	0.827865419959394
0.324675636376151	0.132218980650341	0.585660246444521
0.324675636376151	0.132218980650341	0.585660246444521
1.236651190376	0.0507006214968555	1.10116918545921
1.236651190376	0.0507006214968555	1.10116918545921
1.236651190376	0.0507006214968555	1.10116918545921
1.01646487355356	-0.105351761161417	1.08428673075552
1.01646487355356	-0.105351761161417	1.08428673075552
0.0830290995159044	0.585185422277986	1.19619094265652
0.123585285308442	0.343894476716091	1.26458123715417
0.123585285308442	0.343894476716091	1.26458123715417
-0.40508321980162	0.490710845381787	0.683375375591872
-0.320248840076211	0.44082017824899	1.11070233006704
-0.320248840076211	0.44082017824899	1.11070233006704
0.28723060136754	0.632951158024843	1.91335351278666
0.522338625275464	0.507630106410549	0.952887567477293
0.522338625275464	0.507630106410549	0.952887567477293
0.848314859030948	0.458833198692608	1.47927219476326
0.848314859030948	0.458833198692608	1.47927219476326
0.733044609268364	0.534433988556119	1.44711851285377
0.733044609268364	0.534433988556119	1.44711851285377
0.733044609268364	0.534433988556119	1.44711851285377
0.171829417864548	0.45440845732838	1.12868160941832
0.171829417864548	0.45440845732838	1.12868160941832
-0.0611535659685243	0.386740765282569	1.23571147105549
0.3098905423267	0.416065214902747	1.51778949953776
0.3098905423267	0.416065214902747	1.51778949953776
0.3098905423267	0.416065214902747	1.51778949953776
0.577155494553978	0.645159806032372	1.67659400545573
0.793784158405228	0.722259157246744	1.20555579515156
0.30410050844053	0.996057916847671	0.909612040195767
-0.687427443544028	1.27222223843399	0.429873368189828
-0.60084502984208	0.896433751312234	1.16442709163484
-0.910254501304299	0.795036156288184	1.02415808151851
-0.910254501304299	0.795036156288184	1.02415808151851
-0.910254501304299	0.795036156288184	1.02415808151851
-1.58559132204743	0.287313835902353	1.61090317793168
-1.58559132204743	0.287313835902353	1.61090317793168
-1.58559132204743	0.287313835902353	1.61090317793168
-1.58559132204743	0.287313835902353	1.61090317793168
-1.58559132204743	0.287313835902353	1.61090317793168
-1.25443315716596	0.204220358131977	1.56013894165449
-0.144437025686382	-0.0562587602658176	2.00602092359027
-0.27342818297484	0.3202176635749	2.26917998545195
-0.27342818297484	0.3202176635749	2.26917998545195
-0.496591765610988	0.0315459709615919	1.86092363866291
-0.496591765610988	0.0315459709615919	1.86092363866291
-0.496591765610988	0.0315459709615919	1.86092363866291
-0.179483741292683	-0.217208354836267	1.68343024936021
-1.77441225861298	0.135131573996255	1.23706324746271
-1.87493560653537	0.997945156848584	0.796410252900297
-1.87493560653537	0.997945156848584	0.796410252900297
-1.72754430518018	0.0705818758045901	0.659548625810125
-0.833569271511982	-0.318270736832518	1.71080295790747
-0.833569271511982	-0.318270736832518	1.71080295790747
-1.00966263189866	0.0431620982445217	1.52828734368838
-0.375724958804962	0.357382990194809	1.46167102670243
-0.607546861269835	0.351333340905818	1.80648818202155
-0.607546861269835	0.351333340905818	1.80648818202155
-0.607546861269835	0.351333340905818	1.80648818202155
-0.373589752259414	0.741323771826489	2.50836832850745
-0.373589752259414	0.741323771826489	2.50836832850745
-0.373589752259414	0.741323771826489	2.50836832850745
-1.60526211304349	0.0284197635003367	1.63714641722203
-1.37873072093369	0.151203048696366	1.70302476831217
-0.835693869717396	0.703875126310359	2.04595976743441
-1.27786316388689	-0.0112111776550744	1.35496714333269
-2.18427384391625	0.580477691638773	0.679672875368375
-2.18427384391625	0.580477691638773	0.679672875368375
-1.75708093530191	0.0117167555999763	1.42295668506946
-1.10499021978258	-0.097860425166324	1.80776115810595
-1.10499021978258	-0.097860425166324	1.80776115810595
-1.50288770000589	-0.106516670045241	1.90990784004024
-1.50288770000589	-0.106516670045241	1.90990784004024
-1.21200026336782	0.00407833865730361	2.03365227236962
-1.35112017271363	0.48674530273765	1.99504306727659
-0.91056203917817	0.0935706739296426	2.40832869254125
-0.91056203917817	0.0935706739296426	2.40832869254125
-0.91056203917817	0.0935706739296426	2.40832869254125
-0.88777089843342	0.026918392551966	2.04954648883784
-2.04347846282745	0.330558064192601	1.99334778964203
-0.497045575404027	0.361096182771556	2.58954040228721
-0.709703815180724	0.340431948056063	2.26049553161895
-0.404815016428044	0.153215651167159	2.55546444837081
-0.0336490786806666	0.449380475300316	2.85126094143841
-0.0336490786806666	0.449380475300316	2.85126094143841
-0.475485954609365	0.659477780493408	2.40165931291385
-0.475485954609365	0.659477780493408	2.40165931291385
-0.532454124180822	0.699313396191777	2.17094239975263
-0.332674238565472	0.747452746262211	2.25175325703032
-0.332674238565472	0.747452746262211	2.25175325703032
-0.839529997253941	0.47911111951067	2.12722173097933
-0.839529997253941	0.47911111951067	2.12722173097933
-0.839529997253941	0.47911111951067	2.12722173097933
-0.839529997253941	0.47911111951067	2.12722173097933
-0.842849053927665	0.594534655495117	2.57003471668055
-0.842849053927665	0.594534655495117	2.57003471668055
-0.748807185329075	0.757155011602174	2.08928773318793
-0.748807185329075	0.757155011602174	2.08928773318793
-0.700409543142249	0.725976188449507	2.21690020042855
-0.658195038957022	0.567365909279388	2.97033509421412
-0.658195038957022	0.567365909279388	2.97033509421412
-0.963901787699314	0.563779030866464	2.26942028165806
-0.963901787699314	0.563779030866464	2.26942028165806
-1.85359072498578	0.49385895312917	1.70831951876315
-1.85359072498578	0.49385895312917	1.70831951876315
-1.85359072498578	0.49385895312917	1.70831951876315
-1.41997641098172	0.70435570317603	1.13004896938406
-1.41997641098172	0.70435570317603	1.13004896938406
-0.847903446434498	1.0631635419126	1.56024148606826
-0.867217878233473	0.404345406954294	1.81226378961881
-0.867217878233473	0.404345406954294	1.81226378961881
-0.361213391406676	0.777407092326397	2.02927946470762
0.115864524555612	1.24571907226454	1.88941513608974
0.194800688383834	1.40297674949156	2.2863939956595
0.194800688383834	1.40297674949156	2.2863939956595
-1.24621566009496	1.36175940648	1.52757220375176
-1.25743798007601	0.956107955680079	2.43363087262932
-0.238310760783073	0.686917163398079	2.70081030765695
-0.238310760783073	0.686917163398079	2.70081030765695
-0.304714671766499	1.22461985963663	2.77632806023573
-0.925235592782892	1.56365915548113	2.57020692901004
-0.925235592782892	1.56365915548113	2.57020692901004
-0.390984230278267	0.789875093728742	2.83980244731286
-1.04472091735159	0.646816537424839	3.13099302534542
-1.04472091735159	0.646816537424839	3.13099302534542
-1.50395136473178	0.812606771929617	2.749226502333
-1.50395136473178	0.812606771929617	2.749226502333
-1.50395136473178	0.812606771929617	2.749226502333
-1.50395136473178	0.812606771929617	2.749226502333
-1.50395136473178	0.812606771929617	2.749226502333
-0.268074279868577	1.09024638110196	3.24296372189454
-0.268074279868577	1.09024638110196	3.24296372189454
-2.34476723847689	1.49930128660015	1.81045667346462
-1.32003196035754	1.23583835437982	2.54976471522725
-1.32003196035754	1.23583835437982	2.54976471522725
-1.32003196035754	1.23583835437982	2.54976471522725
-1.32003196035754	1.23583835437982	2.54976471522725
-0.999182027165871	0.0975343518820337	2.33217817869318
-0.765851902761311	-0.0837093329067243	1.99443938952953
-0.765851902761311	-0.0837093329067243	1.99443938952953
-0.602204096994998	0.0543245383393508	1.86948969145128
-0.667811928044113	0.870680748266602	1.74991104063598
-0.667811928044113	0.870680748266602	1.74991104063598
-1.04530764028188	0.210407139899986	1.61061910057563
-0.973507094271746	0.958039215655952	2.51763232565242
-0.973507094271746	0.958039215655952	2.51763232565242
-0.643463392504607	0.454841199824129	2.78764430556247
-0.643463392504607	0.454841199824129	2.78764430556247
-0.643463392504607	0.454841199824129	2.78764430556247
-0.643463392504607	0.454841199824129	2.78764430556247
-0.367055519281516	0.399821857774532	2.74553040291528
-0.177001745747106	0.639218634919524	1.57131080237089
-0.108583566632638	0.642294912217088	2.00436490302835
-1.07963982103444	1.16924519657424	1.68847279245362
-1.07963982103444	1.16924519657424	1.68847279245362
-1.07963982103444	1.16924519657424	1.68847279245362
-1.07963982103444	1.16924519657424	1.68847279245362
-1.07963982103444	1.16924519657424	1.68847279245362
-1.09721911108954	1.51352391582555	1.42252483829642
-0.680279424772903	0.877124718622083	1.59003611012811
-0.680279424772903	0.877124718622083	1.59003611012811
-0.680279424772903	0.877124718622083	1.59003611012811
-1.50321175955597	0.431722432416611	1.20148059051865
-1.50321175955597	0.431722432416611	1.20148059051865
-1.50321175955597	0.431722432416611	1.20148059051865
-1.58036786952008	0.736021801282585	1.56660798930264
-1.58036786952008	0.736021801282585	1.56660798930264
-1.58036786952008	0.736021801282585	1.56660798930264
-1.58036786952008	0.736021801282585	1.56660798930264
-1.58036786952008	0.736021801282585	1.56660798930264
-1.58036786952008	0.736021801282585	1.56660798930264
