1	1	1
1.23051074929937	0.935621397972514	1.26540399446217
1.23051074929937	0.935621397972514	1.26540399446217
1.23051074929937	0.935621397972514	1.26540399446217
1.6230229196546	0.615666003996776	1.12492487367813
0.655864691138983	-0.0731521279558581	0.795590337020402
0.655864691138983	-0.0731521279558581	0.795590337020402
0.655864691138983	-0.0731521279558581	0.795590337020402
0.655864691138983	-0.0731521279558581	0.795590337020402
0.658870376098977	0.355343560607234	0.536570152498754
1.2571119319827	-0.769796320395558	0.382436504136623
1.2571119319827	-0.769796320395558	0.382436504136623
1.2571119319827	-0.769796320395558	0.382436504136623
1.2571119319827	-0.769796320395558	0.382436504136623
1.53745424571277	0.0966578475038975	1.63888745315855
0.96290173696059	0.134884408802333	0.694388623132365
1.05933744662261	0.0192830503146196	0.704608012446919
1.05933744662261	0.0192830503146196	0.704608012446919
1.05933744662261	0.0192830503146196	0.704608012446919
0.812736087705089	0.0228447922096756	0.708850248236536
0.717781140208681	0.34316823599694	0.562662121637441
0.717781140208681	0.34316823599694	0.562662121637441
0.909912932116617	0.0506535476201691	0.989627912921385
0.909912932116617	0.0506535476201691	0.989627912921385
0.909912932116617	0.0506535476201691	0.989627912921385
0.909912932116617	0.0506535476201691	0.989627912921385
0.909912932116617	0.0506535476201691	0.989627912921385
0.909912932116617	0.0506535476201691	0.989627912921385
0.909912932116617	0.0506535476201691	0.989627912921385
0.909912932116617	0.0506535476201691	0.989627912921385
0.909912932116617	0.0506535476201691	0.989627912921385
0.909912932116617	0.0506535476201691	0.989627912921385
0.909912932116617	0.0506535476201691	0.989627912921385
0.909912932116617	0.0506535476201691	0.989627912921385
0.909912932116617	0.0506535476201691	0.989627912921385
0.909912932116617	0.0506535476201691	0.989627912921385
0.909912932116617	0.0506535476201691	0.989627912921385
0.909912932116617	0.0506535476201691	0.989627912921385
0.909912932116617	0.0506535476201691	0.989627912921385
0.909912932116617	0.0506535476201691	0.989627912921385
0.343175806612366	1.12501946829711	0.297539716239033
0.530901889487205	1.74348509538914	0.551533419931585
0.463806049064352	1.52300011023224	0.850707046080835
0.463806049064352	1.52300011023224	0.850707046080835
0.463806049064352	1.52300011023224	0.850707046080835
0.463806049064352	1.52300011023224	0.850707046080835
0.463806049064352	1.52300011023224	0.850707046080835
0.463806049064352	1.52300011023224	0.850707046080835
0.463806049064352	1.52300011023224	0.850707046080835
0.463806049064352	1.52300011023224	0.850707046080835
0.463806049064352	1.52300011023224	0.850707046080835
0.463806049064352	1.52300011023224	0.850707046080835
0.463806049064352	1.52300011023224	0.850707046080835
1.05556713884446	1.04203052176877	1.99766114466221
1.05556713884446	1.04203052176877	1.99766114466221
1.05556713884446	1.04203052176877	1.99766114466221
1.05556713884446	1.04203052176877	1.99766114466221
1.05556713884446	1.04203052176877	1.99766114466221
0.954678923328427	1.8405358751156	1.44923359046106
0.954678923328427	1.8405358751156	1.44923359046106
0.704473083771987	0.171692167374612	2.58302133989978
0.704473083771987	0.171692167374612	2.58302133989978
0.704473083771987	0.171692167374612	2.58302133989978
0.270895066455968	-1.38943165675335	2.55330439426997
0.270895066455968	-1.38943165675335	2.55330439426997
0.270895066455968	-1.38943165675335	2.55330439426997
0.270895066455968	-1.38943165675335	2.55330439426997
0.251401707105315	-0.35357317785546	1.39471541670783
0.251401707105315	-0.35357317785546	1.39471541670783
0.251401707105315	-0.35357317785546	1.39471541670783
0.187780702964252	-0.70258988957352	2.30737195803509
0.330974022707288	-1.30340777884108	2.00038587665508
0.330974022707288	-1.30340777884108	2.00038587665508
0.330974022707288	-1.30340777884108	2.00038587665508
0.330974022707288	-1.30340777884108	2.00038587665508
0.330974022707288	-1.30340777884108	2.00038587665508
-0.182198660120715	-0.651718963683688	1.37581111932464
-0.182198660120715	-0.651718963683688	1.37581111932464
-0.233431978706517	0.513143028382603	2.01984789665808
-0.44312540310264	0.560003640691695	1.22702535499678
-0.44312540310264	0.560003640691695	1.22702535499678
-0.879477905842591	0.827061969136337	1.8214868590798
-0.879477905842591	0.827061969136337	1.8214868590798
-0.879477905842591	0.827061969136337	1.8214868590798
-1.23381633458328	1.50047973222635	0.926096105620984
-1.23381633458328	1.50047973222635	0.926096105620984
-1.23381633458328	1.50047973222635	0.926096105620984
-0.82490749029838	1.05266843585339	1.44927257003984
-0.82490749029838	1.05266843585339	1.44927257003984
-0.82490749029838	1.05266843585339	1.44927257003984
-0.82490749029838	1.05266843585339	1.44927257003984
-0.82490749029838	1.05266843585339	1.44927257003984
-0.82490749029838	1.05266843585339	1.44927257003984
-0.82490749029838	1.05266843585339	1.44927257003984
-0.820904749467822	0.83404547564648	0.653568844690151
-0.7362247188738	-0.282948239648048	0.869310826689287
-0.7362247188738	-0.282948239648048	0.869310826689287
-0.7362247188738	-0.282948239648048	0.869310826689287
-0.870553453595876	-0.110727805875856	0.922114902127521
-0.870553453595876	-0.110727805875856	0.922114902127521
-0.870553453595876	-0.110727805875856	0.922114902127521
-1.11285359764166	0.351290155799172	1.06608645777569
-1.11285359764166	0.351290155799172	1.06608645777569
-1.29456222340468	-0.0095210831137989	0.906945793394925
-1.29456222340468	-0.0095210831137989	0.906945793394925
-1.29456222340468	-0.0095210831137989	0.906945793394925
-1.29456222340468	-0.0095210831137989	0.906945793394925
-1.29456222340468	-0.0095210831137989	0.906945793394925
-1.03273065398746	0.283857090153548	1.93705308613416
-0.890091077531412	1.12250405571789	1.37978086684753
-0.890091077531412	1.12250405571789	1.37978086684753
-1.61238365043825	1.66525930114019	0.516401045110456
-1.61238365043825	1.66525930114019	0.516401045110456
-1.61238365043825	1.66525930114019	0.516401045110456
-1.61238365043825	1.66525930114019	0.516401045110456
-1.61238365043825	1.66525930114019	0.516401045110456
-1.61238365043825	1.66525930114019	0.516401045110456
-1.61238365043825	1.66525930114019	0.516401045110456
-1.61238365043825	1.66525930114019	0.516401045110456
-0.942593274185516	0.632842329892816	1.65618074723473
-0.942593274185516	0.632842329892816	1.65618074723473
-1.20952334173756	1.35714528123945	1.80490422499296
-1.20952334173756	1.35714528123945	1.80490422499296
-1.20952334173756	1.35714528123945	1.80490422499296
-1.20952334173756	1.35714528123945	1.80490422499296
-1.20952334173756	1.35714528123945	1.80490422499296
-1.20952334173756	1.35714528123945	1.80490422499296
-1.02901535303279	1.61992261061476	1.35830034693762
-1.02901535303279	1.61992261061476	1.35830034693762
-0.885501678545847	0.704495572124866	0.997532934235968
-0.885501678545847	0.704495572124866	0.997532934235968
-0.885501678545847	0.704495572124866	0.997532934235968
-0.885501678545847	0.704495572124866	0.997532934235968
-0.859458502153037	1.36688919165391	1.59661160206703
-0.859458502153037	1.36688919165391	1.59661160206703
-0.859458502153037	1.36688919165391	1.59661160206703
-0.859458502153037	1.36688919165391	1.59661160206703
-0.859458502153037	1.36688919165391	1.59661160206703
-0.696548411080022	1.86143189676855	1.92550531488595
-0.696548411080022	1.86143189676855	1.92550531488595
-0.696548411080022	1.86143189676855	1.92550531488595
-0.696548411080022	1.86143189676855	1.92550531488595
-0.696548411080022	1.86143189676855	1.92550531488595
-0.696548411080022	1.86143189676855	1.92550531488595
-0.696548411080022	1.86143189676855	1.92550531488595
-0.696548411080022	1.86143189676855	1.92550531488595
-0.90669662512487	1.5718145398498	1.63953926600066
-0.449410182698589	1.78919040033907	1.98714324648895
-0.449410182698589	1.78919040033907	1.98714324648895
-0.785023813299887	1.88540640046801	1.36512128904434
-0.785023813299887	1.88540640046801	1.36512128904434
-0.785023813299887	1.88540640046801	1.36512128904434
-0.785023813299887	1.88540640046801	1.36512128904434
-0.785023813299887	1.88540640046801	1.36512128904434
-0.474008167350294	1.4975921755106	2.05171047957927
-0.471664494828757	1.87452208911004	1.35967225553134
-0.471664494828757	1.87452208911004	1.35967225553134
-0.471664494828757	1.87452208911004	1.35967225553134
-0.471664494828757	1.87452208911004	1.35967225553134
-0.471664494828757	1.87452208911004	1.35967225553134
-0.471664494828757	1.87452208911004	1.35967225553134
-0.792163515332747	1.839939244912	1.16546428767637
-0.922311772886108	1.97010507171214	1.04270627410086
-0.922311772886108	1.97010507171214	1.04270627410086
-0.922311772886108	1.97010507171214	1.04270627410086
-0.922311772886108	1.97010507171214	1.04270627410086
-0.898540589223978	0.798046122874365	1.44330667823205
-0.126441157237528	1.92317785302855	1.93671554784587
-0.126441157237528	1.92317785302855	1.93671554784587
-0.126441157237528	1.92317785302855	1.93671554784587
-1.07309160672205	1.99757146733715	1.03455277138876
-0.474256797225866	1.07125510448973	2.36710113694052
-0.849195773591368	0.684897693227805	1.17147963050493
-0.965182928876794	-0.0907274731921899	1.6631436207568
-0.965182928876794	-0.0907274731921899	1.6631436207568
-0.314304958830223	1.4396597329027	1.11619863678607
0.0378186994817659	1.06249081320378	1.44787609822566
-0.30966252529819	0.790546172704123	1.05767740500008
-0.30966252529819	0.790546172704123	1.05767740500008
-0.30966252529819	0.790546172704123	1.05767740500008
-0.30966252529819	0.790546172704123	1.05767740500008
-0.165844215373426	2.33403081753866	1.23194118315553
-0.165844215373426	2.33403081753866	1.23194118315553
-0.165844215373426	2.33403081753866	1.23194118315553
-0.165844215373426	2.33403081753866	1.23194118315553
-0.216953603151926	1.63038519092494	1.56848236553401
0.172000022070183	1.79704954623976	2.4641965947393
0.172000022070183	1.79704954623976	2.4641965947393
0.32270209012576	1.38943181310034	2.34619039124944
0.32270209012576	1.38943181310034	2.34619039124944
0.32270209012576	1.38943181310034	2.34619039124944
0.32270209012576	1.38943181310034	2.34619039124944
0.32270209012576	1.38943181310034	2.34619039124944
0.0347316909891323	2.36335930627992	1.07086115495095
-0.100721467192324	2.61093899298403	1.54873997492799
-0.160357877033363	2.38524391895707	2.62305273194882
-0.160357877033363	2.38524391895707	2.62305273194882
-0.354265037578136	1.85146266163192	1.69273785562667
-0.354265037578136	1.85146266163192	1.69273785562667
-0.354265037578136	1.85146266163192	1.69273785562667
