1	1	1
1	1	1
-0.12669614032392	0.246665306665611	1.61436235484262
0.901523860454865	-0.306588476600762	1.70568140436629
0.901523860454865	-0.306588476600762	1.70568140436629
0.901523860454865	-0.306588476600762	1.70568140436629
0.901523860454865	-0.306588476600762	1.70568140436629
0.901523860454865	-0.306588476600762	1.70568140436629
0.901523860454865	-0.306588476600762	1.70568140436629
0.313022998638669	-0.218537472033231	1.22864253384949
0.313022998638669	-0.218537472033231	1.22864253384949
0.313022998638669	-0.218537472033231	1.22864253384949
1.02568995048096	-0.180171784968872	0.594902276564604
1.42552940752889	-0.419255921496629	3.61223655767949
1.42552940752889	-0.419255921496629	3.61223655767949
1.6462511676211	-1.14926963287718	2.071758525876
1.6462511676211	-1.14926963287718	2.071758525876
1.6462511676211	-1.14926963287718	2.071758525876
0.852933961461553	0.609608599199482	1.26253331902279
0.852933961461553	0.609608599199482	1.26253331902279
0.852933961461553	0.609608599199482	1.26253331902279
0.852933961461553	0.609608599199482	1.26253331902279
0.852933961461553	0.609608599199482	1.26253331902279
0.0518780008938581	1.11810620215859	1.28954445607549
0.386170892988357	0.783148944229954	1.01830649917353
0.386170892988357	0.783148944229954	1.01830649917353
0.386170892988357	0.783148944229954	1.01830649917353
-0.426928223402864	0.865186346226347	1.43948068491575
-0.426928223402864	0.865186346226347	1.43948068491575
-0.426928223402864	0.865186346226347	1.43948068491575
-0.426928223402864	0.865186346226347	1.43948068491575
0.94032654169655	0.894079632682261	1.34396450498141
0.94032654169655	0.894079632682261	1.34396450498141
0.94032654169655	0.894079632682261	1.34396450498141
0.94032654169655	0.894079632682261	1.34396450498141
0.94032654169655	0.894079632682261	1.34396450498141
0.94032654169655	0.894079632682261	1.34396450498141
0.94032654169655	0.894079632682261	1.34396450498141
0.94032654169655	0.894079632682261	1.34396450498141
0.94032654169655	0.894079632682261	1.34396450498141
0.94032654169655	0.894079632682261	1.34396450498141
0.94032654169655	0.894079632682261	1.34396450498141
0.94032654169655	0.894079632682261	1.34396450498141
0.94032654169655	0.894079632682261	1.34396450498141
0.94032654169655	0.894079632682261	1.34396450498141
0.94032654169655	0.894079632682261	1.34396450498141
0.94032654169655	0.894079632682261	1.34396450498141
0.94032654169655	0.894079632682261	1.34396450498141
0.257631183593399	1.00848564697152	1.06377987575722
0.257631183593399	1.00848564697152	1.06377987575722
0.882119051341038	0.528614772147306	1.94630807740684
0.882119051341038	0.528614772147306	1.94630807740684
0.882119051341038	0.528614772147306	1.94630807740684
0.882119051341038	0.528614772147306	1.94630807740684
0.882119051341038	0.528614772147306	1.94630807740684
0.882119051341038	0.528614772147306	1.94630807740684
0.864089956576464	1.43696443251131	1.79406220967921
0.864089956576464	1.43696443251131	1.79406220967921
0.864089956576464	1.43696443251131	1.79406220967921
0.864089956576464	1.43696443251131	1.79406220967921
0.864089956576464	1.43696443251131	1.79406220967921
0.864089956576464	1.43696443251131	1.79406220967921
0.864089956576464	1.43696443251131	1.79406220967921
0.864089956576464	1.43696443251131	1.79406220967921
0.864089956576464	1.43696443251131	1.79406220967921
0.225508297396509	0.923637218049368	1.42985311344146
0.225508297396509	0.923637218049368	1.42985311344146
0.225508297396509	0.923637218049368	1.42985311344146
0.225508297396509	0.923637218049368	1.42985311344146
0.225508297396509	0.923637218049368	1.42985311344146
0.321239328406271	1.4146962553166	1.10121691628442
0.522670822323704	0.370306970683319	1.96995981196249
-0.154901829795318	-0.207891125985721	1.57627269263586
-0.154901829795318	-0.207891125985721	1.57627269263586
-0.154901829795318	-0.207891125985721	1.57627269263586
-0.154901829795318	-0.207891125985721	1.57627269263586
-0.700543062182143	0.648440457997535	2.18460793130277
-0.700543062182143	0.648440457997535	2.18460793130277
-0.700543062182143	0.648440457997535	2.18460793130277
0.235519579480261	0.102886337408029	2.43104196436837
0.235519579480261	0.102886337408029	2.43104196436837
0.132550995340239	-0.516035638558462	1.90418278217086
0.132550995340239	-0.516035638558462	1.90418278217086
-1.31199690278047	0.48294894489162	0.664997958415895
0.00352348034925853	0.313967398012401	1.442505301114
0.00892830744049595	0.410368265751829	1.58035124703522
0.00892830744049595	0.410368265751829	1.58035124703522
0.00892830744049595	0.410368265751829	1.58035124703522
0.238235839044323	0.248267298662107	2.19508276983854
0.238235839044323	0.248267298662107	2.19508276983854
-0.793293746644791	-0.129075356356724	1.54325164586825
-0.793293746644791	-0.129075356356724	1.54325164586825
-1.59349876985407	0.657622789598087	1.41148264871774
-1.59349876985407	0.657622789598087	1.41148264871774
-1.59349876985407	0.657622789598087	1.41148264871774
-1.17490902533374	1.44874892777924	2.50335213253893
-1.17490902533374	1.44874892777924	2.50335213253893
-1.17490902533374	1.44874892777924	2.50335213253893
-1.17490902533374	1.44874892777924	2.50335213253893
-1.17490902533374	1.44874892777924	2.50335213253893
-1.17490902533374	1.44874892777924	2.50335213253893
-1.17490902533374	1.44874892777924	2.50335213253893
-0.35666268032304	1.05409479906778	1.73363124815171
-0.35666268032304	1.05409479906778	1.73363124815171
-0.479523251785544	-0.331712211590915	1.5422772395001
-1.0076246562463	0.645867234551215	1.6006879635998
-1.0076246562463	0.645867234551215	1.6006879635998
-1.0076246562463	0.645867234551215	1.6006879635998
-1.0076246562463	0.645867234551215	1.6006879635998
-1.0076246562463	0.645867234551215	1.6006879635998
-1.0076246562463	0.645867234551215	1.6006879635998
-0.667979190619677	0.0713313261345664	2.04045280313914
-0.667979190619677	0.0713313261345664	2.04045280313914
-0.667979190619677	0.0713313261345664	2.04045280313914
-0.667979190619677	0.0713313261345664	2.04045280313914
-0.667979190619677	0.0713313261345664	2.04045280313914
-0.667979190619677	0.0713313261345664	2.04045280313914
-0.667979190619677	0.0713313261345664	2.04045280313914
-0.469408158076271	0.354300463083749	2.62582455960527
-0.469408158076271	0.354300463083749	2.62582455960527
-0.469408158076271	0.354300463083749	2.62582455960527
-0.469408158076271	0.354300463083749	2.62582455960527
-0.297302488954448	0.777222087401204	1.30729217010169
-0.297302488954448	0.777222087401204	1.30729217010169
-0.297302488954448	0.777222087401204	1.30729217010169
0.657582358442012	0.126489176004188	2.47312169761269
0.657582358442012	0.126489176004188	2.47312169761269
0.657582358442012	0.126489176004188	2.47312169761269
-1.51557184762854	-0.600664913095612	1.25284906063593
-1.18592201177242	-0.479709775477217	2.14860909573019
-1.18592201177242	-0.479709775477217	2.14860909573019
-1.60484766934192	-0.00579935079093463	2.70004436340332
-2.00743429681865	1.52200219192374	2.35916779482546
-2.00743429681865	1.52200219192374	2.35916779482546
0.253792311454879	0.980669453074946	2.19578754996565
0.253792311454879	0.980669453074946	2.19578754996565
0.253792311454879	0.980669453074946	2.19578754996565
0.253792311454879	0.980669453074946	2.19578754996565
0.253792311454879	0.980669453074946	2.19578754996565
0.253792311454879	0.980669453074946	2.19578754996565
-0.875651306137512	2.33795916835668	2.11497232273927
-0.875651306137512	2.33795916835668	2.11497232273927
-0.875651306137512	2.33795916835668	2.11497232273927
-0.875651306137512	2.33795916835668	2.11497232273927
-0.875651306137512	2.33795916835668	2.11497232273927
-0.875651306137512	2.33795916835668	2.11497232273927
-0.875651306137512	2.33795916835668	2.11497232273927
-2.37793814115225	0.951812037985892	1.4454519519857
-1.86116397840673	1.23105496497433	1.98710775359166
-1.86116397840673	1.23105496497433	1.98710775359166
-1.86116397840673	1.23105496497433	1.98710775359166
-1.52266290722636	0.68517937744205	2.40109152921122
-2.24238501816645	0.925133704718052	2.40208408676825
-1.68610565503947	1.54479272020922	2.22508520576067
-1.68610565503947	1.54479272020922	2.22508520576067
-1.68610565503947	1.54479272020922	2.22508520576067
-1.68610565503947	1.54479272020922	2.22508520576067
-1.68610565503947	1.54479272020922	2.22508520576067
-1.68610565503947	1.54479272020922	2.22508520576067
-1.68610565503947	1.54479272020922	2.22508520576067
-1.13290469496086	1.52426551741113	2.13961986501586
-1.13290469496086	1.52426551741113	2.13961986501586
-0.232660570538346	0.143769020372588	2.24748401504229
-0.232660570538346	0.143769020372588	2.24748401504229
-0.232660570538346	0.143769020372588	2.24748401504229
-0.232660570538346	0.143769020372588	2.24748401504229
-0.232660570538346	0.143769020372588	2.24748401504229
-0.232660570538346	0.143769020372588	2.24748401504229
-0.232660570538346	0.143769020372588	2.24748401504229
-0.232660570538346	0.143769020372588	2.24748401504229
-0.232660570538346	0.143769020372588	2.24748401504229
-0.232660570538346	0.143769020372588	2.24748401504229
-0.232660570538346	0.143769020372588	2.24748401504229
-0.232660570538346	0.143769020372588	2.24748401504229
0.173589926127984	0.699626125590413	2.3695781729653
0.0489841560648909	1.57607977367022	1.95893877527758
0.0489841560648909	1.57607977367022	1.95893877527758
0.0489841560648909	1.57607977367022	1.95893877527758
0.0489841560648909	1.57607977367022	1.95893877527758
0.0489841560648909	1.57607977367022	1.95893877527758
0.0489841560648909	1.57607977367022	1.95893877527758
0.0489841560648909	1.57607977367022	1.95893877527758
-0.460741855950765	1.96033216116042	1.78819335517575
-0.460741855950765	1.96033216116042	1.78819335517575
-0.782309548292108	0.97246933959103	0.904148720538373
-0.782309548292108	0.97246933959103	0.904148720538373
-0.751176638626998	0.815600238225487	0.811622429728338
-0.751176638626998	0.815600238225487	0.811622429728338
-0.619401428266819	1.80852921478832	1.81051077601537
-0.619401428266819	1.80852921478832	1.81051077601537
-0.619401428266819	1.80852921478832	1.81051077601537
-0.619401428266819	1.80852921478832	1.81051077601537
-1.92165874014877	1.21863858066822	1.3130625186715
-1.92165874014877	1.21863858066822	1.3130625186715
-1.92165874014877	1.21863858066822	1.3130625186715
-1.96285435982348	0.148142035659476	0.744427610822099
-1.96285435982348	0.148142035659476	0.744427610822099
-1.51640556477794	-0.59294523264738	1.60828717090683
-2.4921266010683	1.09724809590889	1.36682768497628
-2.4921266010683	1.09724809590889	1.36682768497628
