1	1	1
-1.89269632261882	0.121338280223852	1.61349545006116
-0.635246349223331	0.362111218846948	2.14900312932767
-0.635246349223331	0.362111218846948	2.14900312932767
-0.635246349223331	0.362111218846948	2.14900312932767
-0.752591171919349	0.109354781168692	2.03020147289353
-0.752591171919349	0.109354781168692	2.03020147289353
-0.752591171919349	0.109354781168692	2.03020147289353
-0.752591171919349	0.109354781168692	2.03020147289353
-0.725647208583763	0.11056999255405	2.26364378853983
-0.725647208583763	0.11056999255405	2.26364378853983
1.6298970779248	0.84316263102204	2.9282957150027
-0.0906580213434602	0.914774169099154	2.43752888796749
-0.0906580213434602	0.914774169099154	2.43752888796749
-0.0906580213434602	0.914774169099154	2.43752888796749
-0.0906580213434602	0.914774169099154	2.43752888796749
-0.0906580213434602	0.914774169099154	2.43752888796749
0.430210184976534	1.79387237980219	2.43184819476188
0.430210184976534	1.79387237980219	2.43184819476188
0.430210184976534	1.79387237980219	2.43184819476188
-0.475366740829561	0.651066730959251	1.91088467694157
-0.475366740829561	0.651066730959251	1.91088467694157
1.20484569929721	0.234669052642232	1.90084329884897
1.20484569929721	0.234669052642232	1.90084329884897
0.388676899921933	0.950674640342983	2.36989352603128
0.388676899921933	0.950674640342983	2.36989352603128
0.388676899921933	0.950674640342983	2.36989352603128
0.388676899921933	0.950674640342983	2.36989352603128
-0.348316910815961	0.49480569660804	1.58102027978426
-0.348316910815961	0.49480569660804	1.58102027978426
-0.348316910815961	0.49480569660804	1.58102027978426
-0.348316910815961	0.49480569660804	1.58102027978426
0.360359316895055	0.508218921351975	0.790427126673111
0.360359316895055	0.508218921351975	0.790427126673111
0.540541946524878	0.988806095158992	0.967873322019439
0.540541946524878	0.988806095158992	0.967873322019439
0.540541946524878	0.988806095158992	0.967873322019439
0.540541946524878	0.988806095158992	0.967873322019439
0.540541946524878	0.988806095158992	0.967873322019439
0.540541946524878	0.988806095158992	0.967873322019439
0.540541946524878	0.988806095158992	0.967873322019439
0.540541946524878	0.988806095158992	0.967873322019439
-1.02499981765496	0.907940235209681	0.774560994347664
-1.02499981765496	0.907940235209681	0.774560994347664
-1.02499981765496	0.907940235209681	0.774560994347664
-1.02499981765496	0.907940235209681	0.774560994347664
-1.44271167273929	0.352562713970542	0.158274886806229
0.561299426790187	1.39766042727042	0.864840984921487
1.19531948197957	1.67932504136914	1.5311145832818
1.19531948197957	1.67932504136914	1.5311145832818
1.18010564294787	1.82901246153676	1.73422748024949
1.18010564294787	1.82901246153676	1.73422748024949
1.18010564294787	1.82901246153676	1.73422748024949
-2.07624500879389	0.969104350775389	1.50954876348632
-2.07624500879389	0.969104350775389	1.50954876348632
-1.76510022588692	0.458435932592695	1.67048775338007
-1.76510022588692	0.458435932592695	1.67048775338007
-1.76510022588692	0.458435932592695	1.67048775338007
-0.891058075999662	1.04858186528465	2.21069545370931
-0.891058075999662	1.04858186528465	2.21069545370931
-0.891058075999662	1.04858186528465	2.21069545370931
-1.37481591265397	1.55541110968329	1.87033340731204
-1.37481591265397	1.55541110968329	1.87033340731204
-1.37481591265397	1.55541110968329	1.87033340731204
-1.37481591265397	1.55541110968329	1.87033340731204
-1.37481591265397	1.55541110968329	1.87033340731204
-1.37481591265397	1.55541110968329	1.87033340731204
-1.37481591265397	1.55541110968329	1.87033340731204
-1.40218902298204	1.68747333858112	1.393277733416
-2.45395745295356	1.6265450639825	1.27093917254464
-2.45395745295356	1.6265450639825	1.27093917254464
-1.03421309801146	1.29956628335923	1.7958870778108
-1.03421309801146	1.29956628335923	1.7958870778108
-1.03421309801146	1.29956628335923	1.7958870778108
-0.466431944915668	2.01294042440321	2.23790137401214
-0.466431944915668	2.01294042440321	2.23790137401214
-1.2259295171258	1.0797227442981	2.11143395421691
-1.2259295171258	1.0797227442981	2.11143395421691
-1.2259295171258	1.0797227442981	2.11143395421691
-1.1383216501613	0.373718544192934	1.64366213727335
-1.1383216501613	0.373718544192934	1.64366213727335
-1.1383216501613	0.373718544192934	1.64366213727335
-0.732023444543173	0.42004907000356	1.70167181633661
-0.732023444543173	0.42004907000356	1.70167181633661
-1.76764393858938	-0.284892742416081	1.61723457584551
-2.46655538152339	0.355262981792773	1.20629293003485
-2.46655538152339	0.355262981792773	1.20629293003485
-2.46655538152339	0.355262981792773	1.20629293003485
-2.46655538152339	0.355262981792773	1.20629293003485
-2.46655538152339	0.355262981792773	1.20629293003485
-2.9098327944687	0.463577244598237	1.29543142657596
-1.05666318670653	0.789181015509781	1.59696909126573
-1.05666318670653	0.789181015509781	1.59696909126573
-1.05666318670653	0.789181015509781	1.59696909126573
-1.05666318670653	0.789181015509781	1.59696909126573
-1.05666318670653	0.789181015509781	1.59696909126573
-1.18822836909621	0.8308865221505	1.52176777055291
-0.56106544493317	1.29300648869979	1.69145418306418
-0.56106544493317	1.29300648869979	1.69145418306418
-0.56106544493317	1.29300648869979	1.69145418306418
-0.56106544493317	1.29300648869979	1.69145418306418
-1.75253699775266	0.571330213582228	1.23655853639902
-1.75253699775266	0.571330213582228	1.23655853639902
-1.75253699775266	0.571330213582228	1.23655853639902
-1.75253699775266	0.571330213582228	1.23655853639902
-1.75253699775266	0.571330213582228	1.23655853639902
-0.781473954513717	1.0794056640804	1.92192452610192
-1.6627185751154	2.384430346228	2.54192761135381
-0.410164173907716	0.98195650520733	2.15266223111258
-1.43858564512275	0.367137196668212	2.10499620414468
-1.43858564512275	0.367137196668212	2.10499620414468
-1.43858564512275	0.367137196668212	2.10499620414468
-1.43858564512275	0.367137196668212	2.10499620414468
-1.43858564512275	0.367137196668212	2.10499620414468
-1.43858564512275	0.367137196668212	2.10499620414468
-1.43858564512275	0.367137196668212	2.10499620414468
-1.43858564512275	0.367137196668212	2.10499620414468
-2.021163214701	0.161331983212966	1.935639983184
-2.021163214701	0.161331983212966	1.935639983184
-2.021163214701	0.161331983212966	1.935639983184
-2.021163214701	0.161331983212966	1.935639983184
-2.49497058574075	1.28952197541473	1.38385009803468
-1.590302674591	0.151533368680686	1.47059568222123
-1.590302674591	0.151533368680686	1.47059568222123
-1.590302674591	0.151533368680686	1.47059568222123
-1.590302674591	0.151533368680686	1.47059568222123
-1.590302674591	0.151533368680686	1.47059568222123
-2.25436816415278	-0.425272324766465	1.93965254504992
-2.25436816415278	-0.425272324766465	1.93965254504992
-2.25436816415278	-0.425272324766465	1.93965254504992
-0.90263611551115	-0.144165991920616	2.02015725299562
-0.90263611551115	-0.144165991920616	2.02015725299562
-2.04472453316204	-0.652048177352092	1.49890203220691
-2.04472453316204	-0.652048177352092	1.49890203220691
-1.0635788084667	0.407944395235242	1.42375478958985
-1.0635788084667	0.407944395235242	1.42375478958985
-1.15306108433707	0.0216388102520763	2.05679361431099
-1.15306108433707	0.0216388102520763	2.05679361431099
-1.15306108433707	0.0216388102520763	2.05679361431099
-1.53110378110844	0.510368728913982	2.17494671871757
-2.65587734502974	0.999334477569584	1.91803306796613
-1.61590459908426	0.622009229549591	1.51154346860039
-1.4762077129802	1.30824576943018	1.86599783731076
-1.4762077129802	1.30824576943018	1.86599783731076
-1.4762077129802	1.30824576943018	1.86599783731076
-1.4762077129802	1.30824576943018	1.86599783731076
-1.4762077129802	1.30824576943018	1.86599783731076
-1.4762077129802	1.30824576943018	1.86599783731076
-1.4762077129802	1.30824576943018	1.86599783731076
-1.4762077129802	1.30824576943018	1.86599783731076
-0.613678115886042	0.93379662005943	2.56663113476126
-0.624830546400152	0.768852037126146	2.30610067742965
-2.43123404260169	0.965405823640324	2.46291621700002
-2.43123404260169	0.965405823640324	2.46291621700002
-2.43123404260169	0.965405823640324	2.46291621700002
-2.43123404260169	0.965405823640324	2.46291621700002
-2.43123404260169	0.965405823640324	2.46291621700002
-3.03399690331758	0.0987434254400433	2.15327923497687
-3.03399690331758	0.0987434254400433	2.15327923497687
-3.03399690331758	0.0987434254400433	2.15327923497687
-3.03399690331758	0.0987434254400433	2.15327923497687
-1.16921936207348	1.38781958824594	1.71598888036215
-1.16921936207348	1.38781958824594	1.71598888036215
-1.16921936207348	1.38781958824594	1.71598888036215
-1.16921936207348	1.38781958824594	1.71598888036215
-1.16921936207348	1.38781958824594	1.71598888036215
-1.16921936207348	1.38781958824594	1.71598888036215
-1.16921936207348	1.38781958824594	1.71598888036215
-1.75141263990784	0.828925117739282	1.34269384454955
-1.75141263990784	0.828925117739282	1.34269384454955
-1.75141263990784	0.828925117739282	1.34269384454955
-1.85630999859859	0.938242603081603	1.02657393095563
-2.35698049410488	0.138250790944569	1.4026902690467
-2.35698049410488	0.138250790944569	1.4026902690467
-2.35698049410488	0.138250790944569	1.4026902690467
-1.52392726476777	0.0912418550818399	1.70064166092968
-1.52392726476777	0.0912418550818399	1.70064166092968
-1.52392726476777	0.0912418550818399	1.70064166092968
-1.74360233484971	0.681552560065048	1.83892555458889
-1.07368975935493	1.41694034162337	1.93722274541681
-1.07368975935493	1.41694034162337	1.93722274541681
-1.54537714031189	0.0429800018037245	1.87051542085831
-1.54537714031189	0.0429800018037245	1.87051542085831
-2.62858825817454	0.924585152308039	1.6316550882474
-1.36593736954309	1.02774056316773	2.35737783542465
-1.36593736954309	1.02774056316773	2.35737783542465
-1.36593736954309	1.02774056316773	2.35737783542465
-1.36593736954309	1.02774056316773	2.35737783542465
-2.66600203083344	1.24354817895989	1.89088977130663
-2.66600203083344	1.24354817895989	1.89088977130663
-2.66600203083344	1.24354817895989	1.89088977130663
-2.66600203083344	1.24354817895989	1.89088977130663
-2.66600203083344	1.24354817895989	1.89088977130663
-2.66600203083344	1.24354817895989	1.89088977130663
-2.66600203083344	1.24354817895989	1.89088977130663
-2.95242488244683	-0.0185253537763272	1.31885607980943
-2.95242488244683	-0.0185253537763272	1.31885607980943
-2.95242488244683	-0.0185253537763272	1.31885607980943
-2.95438419253224	0.159460382937544	0.797374114935217
-2.95438419253224	0.159460382937544	0.797374114935217
