1	1	1
1	1	1
1	1	1
1	1	1
1	1	1
1	1	1
1.09894096090577	0.944558705106764	1.16528769659318
1.09894096090577	0.944558705106764	1.16528769659318
1.09894096090577	0.944558705106764	1.16528769659318
0.615685932700456	0.814645196879061	2.10603274047175
0.615685932700456	0.814645196879061	2.10603274047175
0.689470354689235	0.929369977932998	1.20292057599111
0.0762097065864758	0.890930608233642	0.781433413749079
0.0762097065864758	0.890930608233642	0.781433413749079
0.17498299803405	0.862244718215561	1.01480404717271
0.442939845682802	0.655654170694534	1.72174994781122
0.442939845682802	0.655654170694534	1.72174994781122
0.442939845682802	0.655654170694534	1.72174994781122
0.442939845682802	0.655654170694534	1.72174994781122
0.442939845682802	0.655654170694534	1.72174994781122
0.435970546129661	1.67514603941917	0.933865425626648
-0.305165090553582	1.13974905785845	0.847338589122302
-0.305165090553582	1.13974905785845	0.847338589122302
-0.305165090553582	1.13974905785845	0.847338589122302
0.0422766336297854	1.04322845801991	0.606932490051007
0.80371210807087	1.2937608798533	1.16341521916841
0.80371210807087	1.2937608798533	1.16341521916841
0.80371210807087	1.2937608798533	1.16341521916841
1.24347297197012	1.52289034614769	1.8242959328062
1.24347297197012	1.52289034614769	1.8242959328062
0.727302993648059	0.535252511391999	1.10408384743293
-0.0386355502446293	1.47072325424886	1.4754840385333
-0.0386355502446293	1.47072325424886	1.4754840385333
-0.759635267610048	1.20644439785286	1.2631002115078
-0.759635267610048	1.20644439785286	1.2631002115078
-0.759635267610048	1.20644439785286	1.2631002115078
-0.645711590788202	1.79182575817456	0.27130621740511
-1.25067897946826	1.56805533176145	0.51959636281864
-1.25067897946826	1.56805533176145	0.51959636281864
-0.768290026802208	1.50659011210448	0.485306096278579
-0.393299896093152	1.40864030613757	0.924804953131324
0.392479570634425	2.02743218705593	2.0577258715863
0.21942102795973	1.9474551975735	1.02623896458907
-0.127637058266449	1.66273124786497	0.669815857289298
0.479693317182927	0.917695882946933	1.26725839713671
0.680354936513838	1.2383296766454	0.898592535274976
0.966854998675976	1.51279838741007	1.01155746248381
0.640657605767707	1.06920052857288	1.61963453287977
0.640657605767707	1.06920052857288	1.61963453287977
0.640657605767707	1.06920052857288	1.61963453287977
0.640657605767707	1.06920052857288	1.61963453287977
0.633384490228023	0.953076029523829	1.61192726316455
0.726823096329579	0.797655964202775	1.6860304575068
0.726823096329579	0.797655964202775	1.6860304575068
0.726823096329579	0.797655964202775	1.6860304575068
0.726823096329579	0.797655964202775	1.6860304575068
0.726823096329579	0.797655964202775	1.6860304575068
0.726823096329579	0.797655964202775	1.6860304575068
0.726823096329579	0.797655964202775	1.6860304575068
0.726823096329579	0.797655964202775	1.6860304575068
0.670750631230725	-0.53461586590943	2.05690384714324
0.670750631230725	-0.53461586590943	2.05690384714324
0.670750631230725	-0.53461586590943	2.05690384714324
0.670750631230725	-0.53461586590943	2.05690384714324
0.670750631230725	-0.53461586590943	2.05690384714324
1.1624639037223	0.788908020829179	2.98352619322233
1.1624639037223	0.788908020829179	2.98352619322233
1.1624639037223	0.788908020829179	2.98352619322233
1.1624639037223	0.788908020829179	2.98352619322233
1.1624639037223	0.788908020829179	2.98352619322233
1.18386749661333	0.110792185986664	2.50298990239479
1.18386749661333	0.110792185986664	2.50298990239479
1.45073409452851	0.901652505469476	1.85166804368861
1.20125555095151	0.532157688677645	2.10750455828872
1.33963513264051	0.859295560098282	1.99413128748059
1.33963513264051	0.859295560098282	1.99413128748059
1.33963513264051	0.859295560098282	1.99413128748059
0.711116087073427	0.861847614309108	2.0234389555396
0.711116087073427	0.861847614309108	2.0234389555396
0.711116087073427	0.861847614309108	2.0234389555396
0.711116087073427	0.861847614309108	2.0234389555396
0.170858556311558	0.358351250098903	1.50797916763532
0.170858556311558	0.358351250098903	1.50797916763532
0.170858556311558	0.358351250098903	1.50797916763532
0.170858556311558	0.358351250098903	1.50797916763532
-0.414368271389475	0.0840515422703345	1.08817444957261
-1.03472485344184	-0.791261212475049	0.924372072891437
-0.859477656296015	-0.445348543596648	1.01031812732728
-0.859477656296015	-0.445348543596648	1.01031812732728
-1.26963673404462	0.16557132268678	1.04827954291776
-0.959228076210012	0.285556358038505	1.69198129860194
-1.30921587131146	1.39603101593216	1.095004159118
-1.55355093257009	1.5855355239069	1.16726941761361
-1.55355093257009	1.5855355239069	1.16726941761361
-0.994782699298445	1.22736234535033	1.26823821860675
-0.994782699298445	1.22736234535033	1.26823821860675
-1.00975910001186	0.239092388084009	1.3340176027723
-1.00975910001186	0.239092388084009	1.3340176027723
-1.28546257238493	-0.118321922645113	0.643491572908559
-1.28546257238493	-0.118321922645113	0.643491572908559
-1.28546257238493	-0.118321922645113	0.643491572908559
-1.28546257238493	-0.118321922645113	0.643491572908559
-1.28546257238493	-0.118321922645113	0.643491572908559
-0.462840507980929	0.781845367469679	1.30335857168773
-0.462840507980929	0.781845367469679	1.30335857168773
-0.462840507980929	0.781845367469679	1.30335857168773
-0.462840507980929	0.781845367469679	1.30335857168773
-0.462840507980929	0.781845367469679	1.30335857168773
-0.462840507980929	0.781845367469679	1.30335857168773
-0.606540087790859	0.597024588959923	1.24886165391744
0.728701074527338	1.92491387816479	1.57308191368758
0.728701074527338	1.92491387816479	1.57308191368758
0.728701074527338	1.92491387816479	1.57308191368758
0.728701074527338	1.92491387816479	1.57308191368758
0.728701074527338	1.92491387816479	1.57308191368758
0.728701074527338	1.92491387816479	1.57308191368758
0.728701074527338	1.92491387816479	1.57308191368758
0.728701074527338	1.92491387816479	1.57308191368758
0.373275416216891	1.11538112110609	1.31114691173341
0.138788555372986	1.27204361582933	2.58134244335848
0.138788555372986	1.27204361582933	2.58134244335848
0.138788555372986	1.27204361582933	2.58134244335848
0.138788555372986	1.27204361582933	2.58134244335848
0.138788555372986	1.27204361582933	2.58134244335848
0.506331864199902	0.688650089842409	3.02343499212685
0.506331864199902	0.688650089842409	3.02343499212685
0.819521317479422	0.29119968418456	2.78205981253552
0.819521317479422	0.29119968418456	2.78205981253552
0.819521317479422	0.29119968418456	2.78205981253552
0.945761212267381	-0.250556692892876	2.90286850788175
0.945761212267381	-0.250556692892876	2.90286850788175
0.995563969593483	-0.671050476989	2.87474029040737
0.515224572318717	-0.731292679094661	2.15668738666211
0.515224572318717	-0.731292679094661	2.15668738666211
0.26283139664623	-0.790611142967265	1.84919287383234
0.134352518197608	-0.250518908798564	2.02629762341926
0.134352518197608	-0.250518908798564	2.02629762341926
0.188196845769673	-0.300746312009202	1.90111482255118
0.188196845769673	-0.300746312009202	1.90111482255118
0.179533402770492	0.29342135979288	2.40010303020327
0.179533402770492	0.29342135979288	2.40010303020327
0.179533402770492	0.29342135979288	2.40010303020327
0.126303941330293	-0.13047633974553	1.7918499864014
0.126303941330293	-0.13047633974553	1.7918499864014
0.126303941330293	-0.13047633974553	1.7918499864014
0.126303941330293	-0.13047633974553	1.7918499864014
0.126303941330293	-0.13047633974553	1.7918499864014
-0.447735562407915	-1.03821244848378	1.42051407167407
-0.447735562407915	-1.03821244848378	1.42051407167407
-0.447735562407915	-1.03821244848378	1.42051407167407
-0.997376487164554	-0.871200597863242	1.55915601586229
-0.997376487164554	-0.871200597863242	1.55915601586229
-0.997376487164554	-0.871200597863242	1.55915601586229
-0.997376487164554	-0.871200597863242	1.55915601586229
-0.997376487164554	-0.871200597863242	1.55915601586229
-0.634209940634948	0.13176941811281	2.52346753903247
-0.634209940634948	0.13176941811281	2.52346753903247
-0.891808223832973	-0.904886868103411	2.39972385298584
-0.891808223832973	-0.904886868103411	2.39972385298584
-0.891808223832973	-0.904886868103411	2.39972385298584
-0.894242802872835	-0.838977508227819	1.26609362733338
-0.894242802872835	-0.838977508227819	1.26609362733338
-0.894242802872835	-0.838977508227819	1.26609362733338
-0.894242802872835	-0.838977508227819	1.26609362733338
-0.61962042392795	0.0478647451410913	1.69677245399048
-0.61962042392795	0.0478647451410913	1.69677245399048
-0.61962042392795	0.0478647451410913	1.69677245399048
-0.61962042392795	0.0478647451410913	1.69677245399048
-0.61962042392795	0.0478647451410913	1.69677245399048
-0.61962042392795	0.0478647451410913	1.69677245399048
-0.61962042392795	0.0478647451410913	1.69677245399048
-0.61962042392795	0.0478647451410913	1.69677245399048
-0.736705794015894	0.162353444084737	1.6133598673968
-1.0232863807577	0.466038410996934	0.599926254850778
-1.0232863807577	0.466038410996934	0.599926254850778
-1.0232863807577	0.466038410996934	0.599926254850778
-1.0232863807577	0.466038410996934	0.599926254850778
-1.0232863807577	0.466038410996934	0.599926254850778
-1.0232863807577	0.466038410996934	0.599926254850778
-1.0232863807577	0.466038410996934	0.599926254850778
-1.0232863807577	0.466038410996934	0.599926254850778
-1.0232863807577	0.466038410996934	0.599926254850778
-1.0232863807577	0.466038410996934	0.599926254850778
-1.0232863807577	0.466038410996934	0.599926254850778
-0.538162581953442	1.46912567063578	1.18371321547251
-0.538162581953442	1.46912567063578	1.18371321547251
-0.955211608413464	-0.361329165031294	1.09192327991475
-0.607176335997743	-0.0653003538371316	1.20869590611881
-0.607176335997743	-0.0653003538371316	1.20869590611881
-0.607176335997743	-0.0653003538371316	1.20869590611881
-0.607176335997743	-0.0653003538371316	1.20869590611881
-0.645540022729908	0.445637558647493	0.550103256896815
-0.645540022729908	0.445637558647493	0.550103256896815
-0.645540022729908	0.445637558647493	0.550103256896815
-0.645540022729908	0.445637558647493	0.550103256896815
-0.645540022729908	0.445637558647493	0.550103256896815
-0.645540022729908	0.445637558647493	0.550103256896815
-0.645540022729908	0.445637558647493	0.550103256896815
-0.645540022729908	0.445637558647493	0.550103256896815
-0.0307404172294317	1.93579170949084	1.76554907071126
