1	1	1
0.96535689515481	1.0633665865109	1.1024630920005
0.96535689515481	1.0633665865109	1.1024630920005
0.96535689515481	1.0633665865109	1.1024630920005
0.96535689515481	1.0633665865109	1.1024630920005
0.96535689515481	1.0633665865109	1.1024630920005
0.96535689515481	1.0633665865109	1.1024630920005
0.96535689515481	1.0633665865109	1.1024630920005
1.22620222675942	0.722087137609981	1.16163847807778
1.22620222675942	0.722087137609981	1.16163847807778
1.22620222675942	0.722087137609981	1.16163847807778
1.22620222675942	0.722087137609981	1.16163847807778
1.22620222675942	0.722087137609981	1.16163847807778
1.19458478903194	0.957462734246569	1.20914909828698
1.33101710355988	2.05162222759185	1.6448292997534
1.33101710355988	2.05162222759185	1.6448292997534
1.33101710355988	2.05162222759185	1.6448292997534
1.33101710355988	2.05162222759185	1.6448292997534
1.53366942173607	1.83972656787839	2.021286352074
1.10100624510246	1.14786757475049	1.91113894283417
1.10100624510246	1.14786757475049	1.91113894283417
-0.1393568414216	0.970595761587588	1.54659514458641
-0.1393568414216	0.970595761587588	1.54659514458641
-0.1393568414216	0.970595761587588	1.54659514458641
-0.1393568414216	0.970595761587588	1.54659514458641
-0.1393568414216	0.970595761587588	1.54659514458641
-0.1393568414216	0.970595761587588	1.54659514458641
-1.18256033069323	0.522147844849005	1.13779574160074
-1.18256033069323	0.522147844849005	1.13779574160074
-1.18256033069323	0.522147844849005	1.13779574160074
-1.18256033069323	0.522147844849005	1.13779574160074
-1.03156606457426	0.242326772087957	1.08726745140595
-1.03156606457426	0.242326772087957	1.08726745140595
0.0579007432723084	0.581644222886794	1.35795481303499
0.0579007432723084	0.581644222886794	1.35795481303499
0.0579007432723084	0.581644222886794	1.35795481303499
-0.272872993494616	0.0468834125928286	1.15458889112636
-0.272872993494616	0.0468834125928286	1.15458889112636
-1.07728468531856	0.173275040286717	0.406334416538849
-0.618615670535384	-0.313870633257704	1.52143473277079
-0.689711005755112	-0.168093796750842	1.53187411146333
0.624707699340291	1.58677380635379	1.86823411738263
0.624707699340291	1.58677380635379	1.86823411738263
0.624707699340291	1.58677380635379	1.86823411738263
0.624707699340291	1.58677380635379	1.86823411738263
-0.452889252053703	0.854464809426181	1.72411030517214
-0.150239716370401	0.887362748892664	2.38551019954428
-0.150239716370401	0.887362748892664	2.38551019954428
-0.897341010364185	0.128934102026283	1.66736950801224
-0.897341010364185	0.128934102026283	1.66736950801224
-0.382210262964595	1.58352350711319	1.0488537421103
-0.134536606207816	1.68118565208719	1.94899310467401
-0.333205869042429	0.817179846031996	0.730059389442133
-0.333205869042429	0.817179846031996	0.730059389442133
-0.333205869042429	0.817179846031996	0.730059389442133
-0.333205869042429	0.817179846031996	0.730059389442133
-0.333205869042429	0.817179846031996	0.730059389442133
-0.908219360866319	0.177356393264417	0.312433467075247
0.267937599869297	0.946682488318816	1.90481788213229
0.267937599869297	0.946682488318816	1.90481788213229
0.267937599869297	0.946682488318816	1.90481788213229
0.267937599869297	0.946682488318816	1.90481788213229
0.267937599869297	0.946682488318816	1.90481788213229
0.267937599869297	0.946682488318816	1.90481788213229
0.267937599869297	0.946682488318816	1.90481788213229
0.267937599869297	0.946682488318816	1.90481788213229
0.267937599869297	0.946682488318816	1.90481788213229
0.267937599869297	0.946682488318816	1.90481788213229
0.267937599869297	0.946682488318816	1.90481788213229
0.267937599869297	0.946682488318816	1.90481788213229
0.267937599869297	0.946682488318816	1.90481788213229
0.267937599869297	0.946682488318816	1.90481788213229
0.267937599869297	0.946682488318816	1.90481788213229
0.267937599869297	0.946682488318816	1.90481788213229
0.267937599869297	0.946682488318816	1.90481788213229
0.267937599869297	0.946682488318816	1.90481788213229
-0.357599153995452	0.979201350072914	1.74354781972951
-0.357599153995452	0.979201350072914	1.74354781972951
-0.357599153995452	0.979201350072914	1.74354781972951
0.191140897507367	1.17126812679988	1.16462694671339
0.959430724209641	1.32132002195547	1.77478730392938
0.959430724209641	1.32132002195547	1.77478730392938
0.959430724209641	1.32132002195547	1.77478730392938
0.422537269701093	1.06183451156401	1.31925231378083
0.0525658797763963	0.719942812802302	1.47517384097628
0.0525658797763963	0.719942812802302	1.47517384097628
0.0525658797763963	0.719942812802302	1.47517384097628
0.0525658797763963	0.719942812802302	1.47517384097628
0.0525658797763963	0.719942812802302	1.47517384097628
0.0525658797763963	0.719942812802302	1.47517384097628
0.0525658797763963	0.719942812802302	1.47517384097628
0.828908890454899	1.29138775925123	1.59230761202842
0.828908890454899	1.29138775925123	1.59230761202842
0.828908890454899	1.29138775925123	1.59230761202842
1.14146742424437	1.42985805610464	2.6323305640633
1.14146742424437	1.42985805610464	2.6323305640633
-0.177133710928133	0.47706733548577	1.75205441449639
-0.177133710928133	0.47706733548577	1.75205441449639
-0.177133710928133	0.47706733548577	1.75205441449639
0.0725629818008524	0.329310099139485	1.88235638451018
0.0725629818008524	0.329310099139485	1.88235638451018
0.0725629818008524	0.329310099139485	1.88235638451018
0.0725629818008524	0.329310099139485	1.88235638451018
0.0725629818008524	0.329310099139485	1.88235638451018
0.0725629818008524	0.329310099139485	1.88235638451018
0.0725629818008524	0.329310099139485	1.88235638451018
0.210930642026236	-0.0930045345421292	2.00541952091221
0.210930642026236	-0.0930045345421292	2.00541952091221
0.762608048163836	0.504356356293379	2.53500462636774
0.762608048163836	0.504356356293379	2.53500462636774
0.762608048163836	0.504356356293379	2.53500462636774
0.762608048163836	0.504356356293379	2.53500462636774
0.762608048163836	0.504356356293379	2.53500462636774
0.762608048163836	0.504356356293379	2.53500462636774
0.616616647148023	0.689016131290936	1.2537049809715
0.77464950309358	0.883250536904246	2.60621478032156
0.360423002529548	0.956743669408218	1.90748029045502
0.360423002529548	0.956743669408218	1.90748029045502
0.360423002529548	0.956743669408218	1.90748029045502
0.360423002529548	0.956743669408218	1.90748029045502
0.360423002529548	0.956743669408218	1.90748029045502
0.382051220462953	1.88599668950312	2.0952469277923
0.382051220462953	1.88599668950312	2.0952469277923
0.382051220462953	1.88599668950312	2.0952469277923
0.382051220462953	1.88599668950312	2.0952469277923
0.382051220462953	1.88599668950312	2.0952469277923
0.382051220462953	1.88599668950312	2.0952469277923
0.382051220462953	1.88599668950312	2.0952469277923
0.382051220462953	1.88599668950312	2.0952469277923
0.382051220462953	1.88599668950312	2.0952469277923
0.382051220462953	1.88599668950312	2.0952469277923
0.382051220462953	1.88599668950312	2.0952469277923
0.382051220462953	1.88599668950312	2.0952469277923
0.152838744472702	1.5278210649319	1.65961155240343
0.152838744472702	1.5278210649319	1.65961155240343
0.152838744472702	1.5278210649319	1.65961155240343
0.152838744472702	1.5278210649319	1.65961155240343
0.152838744472702	1.5278210649319	1.65961155240343
0.152838744472702	1.5278210649319	1.65961155240343
-0.373570963763479	0.769071751147107	1.76939578646075
-0.373570963763479	0.769071751147107	1.76939578646075
0.154441405774223	0.480261950102115	2.36281386344913
0.154441405774223	0.480261950102115	2.36281386344913
0.154441405774223	0.480261950102115	2.36281386344913
0.259369289835679	0.101660945813767	1.49518888711115
0.208357435111761	0.722820851379129	1.85004447478396
0.208357435111761	0.722820851379129	1.85004447478396
-0.370273868054999	-0.183065575869332	1.78767829587865
-0.370273868054999	-0.183065575869332	1.78767829587865
-0.370273868054999	-0.183065575869332	1.78767829587865
-0.370273868054999	-0.183065575869332	1.78767829587865
-0.370273868054999	-0.183065575869332	1.78767829587865
-0.370273868054999	-0.183065575869332	1.78767829587865
-0.370273868054999	-0.183065575869332	1.78767829587865
-0.370273868054999	-0.183065575869332	1.78767829587865
-0.370273868054999	-0.183065575869332	1.78767829587865
-0.471963822204408	1.25190290737355	2.22613803778605
-0.471963822204408	1.25190290737355	2.22613803778605
-0.332446243083272	1.84147969316084	1.44481105264849
-0.332446243083272	1.84147969316084	1.44481105264849
-0.332446243083272	1.84147969316084	1.44481105264849
-0.332446243083272	1.84147969316084	1.44481105264849
-0.340756273255451	1.60437552456225	2.11025311344562
-0.340756273255451	1.60437552456225	2.11025311344562
-0.340756273255451	1.60437552456225	2.11025311344562
-0.340756273255451	1.60437552456225	2.11025311344562
-0.90214366839752	-0.0531452422933456	1.77612620995244
-0.90214366839752	-0.0531452422933456	1.77612620995244
-0.51344691898412	0.208558304233527	2.02204487419234
-0.493526778039219	0.308892486909096	2.02003860681278
-0.570287017123177	0.0912294431893016	1.4549063616935
-0.769958223105252	-0.0792569785556875	1.81202289109872
-0.769958223105252	-0.0792569785556875	1.81202289109872
-0.769958223105252	-0.0792569785556875	1.81202289109872
-0.769958223105252	-0.0792569785556875	1.81202289109872
-0.769958223105252	-0.0792569785556875	1.81202289109872
-0.769958223105252	-0.0792569785556875	1.81202289109872
-0.179834966015592	1.15477687155255	2.32406615524098
-0.179834966015592	1.15477687155255	2.32406615524098
-0.179834966015592	1.15477687155255	2.32406615524098
0.197708007217017	0.41523545901038	1.96885860184593
0.402593196853671	0.600424320543227	1.84202866775249
0.402593196853671	0.600424320543227	1.84202866775249
0.249206904429028	0.603869775130104	1.80915522681743
0.249206904429028	0.603869775130104	1.80915522681743
0.249206904429028	0.603869775130104	1.80915522681743
0.0660868760383921	1.02288613783094	1.15341740536586
0.225622764345613	0.775597978395132	1.24018071520779
0.225622764345613	0.775597978395132	1.24018071520779
0.225622764345613	0.775597978395132	1.24018071520779
0.225622764345613	0.775597978395132	1.24018071520779
0.225622764345613	0.775597978395132	1.24018071520779
0.795591111823851	1.03877455313053	1.52061565562075
0.795591111823851	1.03877455313053	1.52061565562075
0.530410364196261	0.132616914411183	1.63094791950125
0.530410364196261	0.132616914411183	1.63094791950125
0.175464732400499	-0.862098894411062	2.26464198283087
0.175464732400499	-0.862098894411062	2.26464198283087
0.175464732400499	-0.862098894411062	2.26464198283087
0.175464732400499	-0.862098894411062	2.26464198283087
