1	1	1
1	1	1
1	1	1
1	1	1
1	1	1
1	1	1
1	1	1
1	1	1
1.10778021365687	0.885081359282135	0.985777965261885
1.10778021365687	0.885081359282135	0.985777965261885
1.28588040269312	1.60018305001087	2.12549266749211
1.98458978026912	1.23088033978661	1.85466387112553
1.98458978026912	1.23088033978661	1.85466387112553
1.18858520951298	0.815194627923319	1.83119135807463
1.18858520951298	0.815194627923319	1.83119135807463
1.18858520951298	0.815194627923319	1.83119135807463
2.0437042105601	0.932326503718658	2.0163956609321
2.0437042105601	0.932326503718658	2.0163956609321
1.02824682684992	0.421388802427889	1.85912437814041
1.02824682684992	0.421388802427889	1.85912437814041
1.02824682684992	0.421388802427889	1.85912437814041
1.02824682684992	0.421388802427889	1.85912437814041
1.02824682684992	0.421388802427889	1.85912437814041
1.02824682684992	0.421388802427889	1.85912437814041
1.02824682684992	0.421388802427889	1.85912437814041
0.211219021596078	0.680933961732504	0.711462623141901
0.257716095377924	0.543907076799908	0.514148325831143
0.661844790304835	1.45843735967224	0.959515938505851
2.10681219462086	1.25873369481463	1.5213814807686
2.10681219462086	1.25873369481463	1.5213814807686
2.10681219462086	1.25873369481463	1.5213814807686
2.10681219462086	1.25873369481463	1.5213814807686
2.10681219462086	1.25873369481463	1.5213814807686
2.17069791844281	0.861882124489769	2.21391181084003
1.78817584295208	-0.0234774987907291	1.93039870095673
1.89864944991458	0.334576903036354	1.99610105234584
1.51960192866182	0.594914815853183	1.40755600794469
1.6440094385398	-0.0583427332347729	2.28378600759896
1.6440094385398	-0.0583427332347729	2.28378600759896
1.6440094385398	-0.0583427332347729	2.28378600759896
2.08066456741015	0.00152203648347517	1.79102659207337
2.08066456741015	0.00152203648347517	1.79102659207337
0.241219094406619	-0.0502980375812746	2.75748076785092
0.241219094406619	-0.0502980375812746	2.75748076785092
-0.17139644230432	0.817281313987511	2.58075222981193
-0.17139644230432	0.817281313987511	2.58075222981193
-0.17139644230432	0.817281313987511	2.58075222981193
-1.44816438636436	1.40225695106723	1.1816912072738
-0.423238947668881	1.69524704955945	1.26163014794403
-0.423238947668881	1.69524704955945	1.26163014794403
0.0730502291658863	0.830131461913128	1.37166406612218
0.0730502291658863	0.830131461913128	1.37166406612218
0.446967975316008	1.48639300456486	1.36646028724755
-0.0478591125887002	1.534074883317	1.77172652268448
-0.129105431864109	2.27840972985191	1.59405487749493
-0.129105431864109	2.27840972985191	1.59405487749493
-0.129105431864109	2.27840972985191	1.59405487749493
-0.129105431864109	2.27840972985191	1.59405487749493
-0.129105431864109	2.27840972985191	1.59405487749493
-0.129105431864109	2.27840972985191	1.59405487749493
-0.129105431864109	2.27840972985191	1.59405487749493
-0.129105431864109	2.27840972985191	1.59405487749493
0.670890079615671	2.26367530664953	1.50682258428346
0.697723999666369	2.50676168674152	1.60272558823111
0.697723999666369	2.50676168674152	1.60272558823111
0.697723999666369	2.50676168674152	1.60272558823111
0.697723999666369	2.50676168674152	1.60272558823111
0.697723999666369	2.50676168674152	1.60272558823111
0.697723999666369	2.50676168674152	1.60272558823111
0.622480400887146	1.60617659435652	1.36450196394891
0.29225005952505	1.15486128327203	0.658777678958059
0.737555752114416	1.2711000500707	0.564599307075283
1.11842825353522	1.57601259306272	0.718416801809264
1.11842825353522	1.57601259306272	0.718416801809264
0.223523654620428	1.40384114666116	0.661700511528167
-0.242326004249855	0.498472038107217	0.873864394169484
-0.242326004249855	0.498472038107217	0.873864394169484
0.0379697354640656	0.652238939212865	0.60992942145731
0.0379697354640656	0.652238939212865	0.60992942145731
0.0379697354640656	0.652238939212865	0.60992942145731
0.0379697354640656	0.652238939212865	0.60992942145731
0.0379697354640656	0.652238939212865	0.60992942145731
0.0379697354640656	0.652238939212865	0.60992942145731
0.0379697354640656	0.652238939212865	0.60992942145731
0.0379697354640656	0.652238939212865	0.60992942145731
-0.369261503116	1.22696125587991	1.76182742299842
-0.369261503116	1.22696125587991	1.76182742299842
-0.369261503116	1.22696125587991	1.76182742299842
-0.369261503116	1.22696125587991	1.76182742299842
-0.369261503116	1.22696125587991	1.76182742299842
-0.369261503116	1.22696125587991	1.76182742299842
0.219348416726958	1.63260242581735	1.83038953305376
0.219348416726958	1.63260242581735	1.83038953305376
0.219348416726958	1.63260242581735	1.83038953305376
-0.353036991744849	1.3916523481121	2.53632852758065
0.110124245897918	1.285221537926	2.17790919918965
-0.677802418244278	1.58971496716276	1.64491364570878
-0.677802418244278	1.58971496716276	1.64491364570878
-0.677802418244278	1.58971496716276	1.64491364570878
-0.677802418244278	1.58971496716276	1.64491364570878
-0.677802418244278	1.58971496716276	1.64491364570878
-0.677802418244278	1.58971496716276	1.64491364570878
-0.677802418244278	1.58971496716276	1.64491364570878
-0.677802418244278	1.58971496716276	1.64491364570878
-0.677802418244278	1.58971496716276	1.64491364570878
-0.677802418244278	1.58971496716276	1.64491364570878
-0.677802418244278	1.58971496716276	1.64491364570878
-0.677802418244278	1.58971496716276	1.64491364570878
-0.118761858759362	1.62984347632284	0.622909850553684
-0.118761858759362	1.62984347632284	0.622909850553684
-0.118761858759362	1.62984347632284	0.622909850553684
-0.118761858759362	1.62984347632284	0.622909850553684
-0.118761858759362	1.62984347632284	0.622909850553684
-0.243127380757498	0.817447076144384	1.57367152788179
-0.833321071314962	0.697766205439921	0.89321889183664
-0.875244820443429	0.182568083567127	0.837709857086858
-0.875244820443429	0.182568083567127	0.837709857086858
-0.875244820443429	0.182568083567127	0.837709857086858
-0.875244820443429	0.182568083567127	0.837709857086858
-0.831638278185331	0.86181966296091	2.00861984113766
-0.831638278185331	0.86181966296091	2.00861984113766
-0.740808952938136	0.995858149525428	1.99540737884898
-0.740808952938136	0.995858149525428	1.99540737884898
-0.740808952938136	0.995858149525428	1.99540737884898
-0.740808952938136	0.995858149525428	1.99540737884898
-0.740808952938136	0.995858149525428	1.99540737884898
-0.740808952938136	0.995858149525428	1.99540737884898
-0.740808952938136	0.995858149525428	1.99540737884898
-0.740808952938136	0.995858149525428	1.99540737884898
-0.740808952938136	0.995858149525428	1.99540737884898
-0.740808952938136	0.995858149525428	1.99540737884898
-0.740808952938136	0.995858149525428	1.99540737884898
-0.740808952938136	0.995858149525428	1.99540737884898
-0.740808952938136	0.995858149525428	1.99540737884898
-0.740808952938136	0.995858149525428	1.99540737884898
-0.926760295249735	1.15122042824203	1.75627625574379
-0.926760295249735	1.15122042824203	1.75627625574379
-0.926760295249735	1.15122042824203	1.75627625574379
-0.926760295249735	1.15122042824203	1.75627625574379
-0.926760295249735	1.15122042824203	1.75627625574379
-0.926760295249735	1.15122042824203	1.75627625574379
-0.926760295249735	1.15122042824203	1.75627625574379
-0.930014402397507	1.1405206226381	1.86525252856932
-0.930014402397507	1.1405206226381	1.86525252856932
-0.930014402397507	1.1405206226381	1.86525252856932
-1.32169093153434	0.789408032010046	0.983825930428854
-1.32169093153434	0.789408032010046	0.983825930428854
-1.32169093153434	0.789408032010046	0.983825930428854
-2.04612749377257	-0.00522131922107272	0.861393497727708
-2.04612749377257	-0.00522131922107272	0.861393497727708
-0.759825315389182	0.581557105024999	1.92073430923666
-0.759825315389182	0.581557105024999	1.92073430923666
-0.83425410039476	0.702844825773407	1.25231478664131
-1.72472119461868	1.02491108852396	1.34777823385271
-1.72472119461868	1.02491108852396	1.34777823385271
-1.72472119461868	1.02491108852396	1.34777823385271
-1.72472119461868	1.02491108852396	1.34777823385271
-1.72472119461868	1.02491108852396	1.34777823385271
-1.72472119461868	1.02491108852396	1.34777823385271
-1.72472119461868	1.02491108852396	1.34777823385271
-1.47906873456766	0.634581141992527	0.520716304292411
-1.47906873456766	0.634581141992527	0.520716304292411
-1.47906873456766	0.634581141992527	0.520716304292411
-1.47906873456766	0.634581141992527	0.520716304292411
-1.47906873456766	0.634581141992527	0.520716304292411
-1.47906873456766	0.634581141992527	0.520716304292411
-1.47906873456766	0.634581141992527	0.520716304292411
-1.26564283504434	1.07658234716908	2.00691420547426
-0.416357954559673	1.12117932777858	2.26047089226361
-0.416357954559673	1.12117932777858	2.26047089226361
-0.301560825513721	1.83888595404572	2.42819323395826
-0.301560825513721	1.83888595404572	2.42819323395826
-0.301560825513721	1.83888595404572	2.42819323395826
-0.301560825513721	1.83888595404572	2.42819323395826
-0.659573737378071	1.41674214031522	1.83850293019931
0.311077607782049	1.59403223879219	1.49764192256444
0.280762054778169	0.471129483341347	1.45816156371252
-0.788441119844666	1.13342149656402	2.07399111202017
-0.788441119844666	1.13342149656402	2.07399111202017
-0.788441119844666	1.13342149656402	2.07399111202017
-0.788441119844666	1.13342149656402	2.07399111202017
-0.660660559858734	1.79648935648845	0.835815727418731
-0.660660559858734	1.79648935648845	0.835815727418731
-0.13730024685104	1.54099094610068	0.743399078013899
-0.309685464027698	0.975034569756174	1.54530290833167
-1.16319635885944	0.524935112873076	1.26545853105646
-1.16319635885944	0.524935112873076	1.26545853105646
-1.16319635885944	0.524935112873076	1.26545853105646
-1.16319635885944	0.524935112873076	1.26545853105646
-1.16319635885944	0.524935112873076	1.26545853105646
-1.16319635885944	0.524935112873076	1.26545853105646
-1.16319635885944	0.524935112873076	1.26545853105646
-1.16319635885944	0.524935112873076	1.26545853105646
-1.16319635885944	0.524935112873076	1.26545853105646
-0.231803035481478	0.414812993825541	1.54102204227296
-0.952715358934337	0.324000165690183	2.00106495470702
-0.952715358934337	0.324000165690183	2.00106495470702
-0.952715358934337	0.324000165690183	2.00106495470702
-0.952715358934337	0.324000165690183	2.00106495470702
-0.952715358934337	0.324000165690183	2.00106495470702
