1	1	1
0.17514193781457	0.723532964103448	1.15838745737477
0.489642262992205	1.462966796628	1.45130735405762
0.489642262992205	1.462966796628	1.45130735405762
0.489642262992205	1.462966796628	1.45130735405762
0.489642262992205	1.462966796628	1.45130735405762
0.489642262992205	1.462966796628	1.45130735405762
0.489642262992205	1.462966796628	1.45130735405762
0.489642262992205	1.462966796628	1.45130735405762
-0.29514023189224	1.44531552941037	1.65219211765019
-0.29514023189224	1.44531552941037	1.65219211765019
0.325713606681551	0.597451595367224	0.699311648138468
0.325713606681551	0.597451595367224	0.699311648138468
0.571627157162637	0.756902122408092	0.509498713011088
0.571627157162637	0.756902122408092	0.509498713011088
1.92651958355251	1.12996706989967	1.02403974993258
1.92651958355251	1.12996706989967	1.02403974993258
1.92651958355251	1.12996706989967	1.02403974993258
1.92651958355251	1.12996706989967	1.02403974993258
1.92651958355251	1.12996706989967	1.02403974993258
1.92651958355251	1.12996706989967	1.02403974993258
1.92651958355251	1.12996706989967	1.02403974993258
1.92651958355251	1.12996706989967	1.02403974993258
1.92651958355251	1.12996706989967	1.02403974993258
2.22803369379105	1.03078374730251	1.61142679236675
1.29009712151763	1.05435056692028	1.18363143693006
1.05915218283012	1.6545283707461	1.22209169625197
1.05915218283012	1.6545283707461	1.22209169625197
0.499704854829172	1.34283909400718	1.70671299596011
0.499704854829172	1.34283909400718	1.70671299596011
0.499704854829172	1.34283909400718	1.70671299596011
0.621787049044896	-0.103536098228335	1.92425419711591
0.621787049044896	-0.103536098228335	1.92425419711591
0.621787049044896	-0.103536098228335	1.92425419711591
0.621787049044896	-0.103536098228335	1.92425419711591
0.428053819329485	0.066881869801425	0.766129456990015
0.338054142868949	0.371790536135671	1.13205449078674
-0.140516258958807	1.16784205358263	0.990930987250023
-0.140516258958807	1.16784205358263	0.990930987250023
-0.140516258958807	1.16784205358263	0.990930987250023
-0.140516258958807	1.16784205358263	0.990930987250023
-0.140516258958807	1.16784205358263	0.990930987250023
-0.658493159617372	-0.318114621371627	1.18155845464563
1.35759819953744	0.521203669053071	1.32863784496336
1.35759819953744	0.521203669053071	1.32863784496336
0.546929304977504	1.17983376494948	0.705075032117829
0.546929304977504	1.17983376494948	0.705075032117829
0.546929304977504	1.17983376494948	0.705075032117829
0.532777799457559	2.0053858923803	1.10396142303728
1.18805871341654	1.42354389894076	1.10271878712354
1.18805871341654	1.42354389894076	1.10271878712354
1.01631833893317	0.810051106250369	1.04761450103482
0.89711158386496	0.649498879353609	1.28176191497648
0.89711158386496	0.649498879353609	1.28176191497648
0.89711158386496	0.649498879353609	1.28176191497648
0.89711158386496	0.649498879353609	1.28176191497648
0.89711158386496	0.649498879353609	1.28176191497648
0.89711158386496	0.649498879353609	1.28176191497648
0.89711158386496	0.649498879353609	1.28176191497648
0.89711158386496	0.649498879353609	1.28176191497648
0.89711158386496	0.649498879353609	1.28176191497648
0.89711158386496	0.649498879353609	1.28176191497648
0.89711158386496	0.649498879353609	1.28176191497648
0.89711158386496	0.649498879353609	1.28176191497648
0.89711158386496	0.649498879353609	1.28176191497648
0.89711158386496	0.649498879353609	1.28176191497648
0.89711158386496	0.649498879353609	1.28176191497648
0.89711158386496	0.649498879353609	1.28176191497648
0.89711158386496	0.649498879353609	1.28176191497648
1.08579773517046	1.46975587481193	1.06950103653011
1.08579773517046	1.46975587481193	1.06950103653011
1.08579773517046	1.46975587481193	1.06950103653011
1.08579773517046	1.46975587481193	1.06950103653011
1.08579773517046	1.46975587481193	1.06950103653011
1.08579773517046	1.46975587481193	1.06950103653011
1.08579773517046	1.46975587481193	1.06950103653011
1.08579773517046	1.46975587481193	1.06950103653011
0.84537656295286	1.85134097471049	1.02336756718997
0.84537656295286	1.85134097471049	1.02336756718997
0.84537656295286	1.85134097471049	1.02336756718997
1.4378431471616	1.52009107212987	0.54299554945101
0.819356101952323	1.53525109256572	-0.0614219699547588
0.402778867450463	1.20560606906661	-0.0914733374386985
0.430711830326364	1.7537967353039	0.675131119841447
-0.0639025365622883	0.174838800999286	0.843112499285195
-0.0639025365622883	0.174838800999286	0.843112499285195
-0.0639025365622883	0.174838800999286	0.843112499285195
-0.0639025365622883	0.174838800999286	0.843112499285195
0.13352310575402	0.104770537905742	1.48757786406741
0.13352310575402	0.104770537905742	1.48757786406741
0.13352310575402	0.104770537905742	1.48757786406741
0.13352310575402	0.104770537905742	1.48757786406741
0.13352310575402	0.104770537905742	1.48757786406741
0.13352310575402	0.104770537905742	1.48757786406741
-0.209482906640463	0.256522312783505	1.68590603951276
-0.209482906640463	0.256522312783505	1.68590603951276
-0.209482906640463	0.256522312783505	1.68590603951276
-0.209482906640463	0.256522312783505	1.68590603951276
-0.209482906640463	0.256522312783505	1.68590603951276
-0.209482906640463	0.256522312783505	1.68590603951276
-0.209482906640463	0.256522312783505	1.68590603951276
-0.209482906640463	0.256522312783505	1.68590603951276
-0.209482906640463	0.256522312783505	1.68590603951276
0.0517996249431381	0.603213636060933	1.89366780730727
0.0517996249431381	0.603213636060933	1.89366780730727
0.0517996249431381	0.603213636060933	1.89366780730727
0.0517996249431381	0.603213636060933	1.89366780730727
0.0517996249431381	0.603213636060933	1.89366780730727
0.0517996249431381	0.603213636060933	1.89366780730727
0.0517996249431381	0.603213636060933	1.89366780730727
0.0517996249431381	0.603213636060933	1.89366780730727
0.0517996249431381	0.603213636060933	1.89366780730727
0.0517996249431381	0.603213636060933	1.89366780730727
0.0517996249431381	0.603213636060933	1.89366780730727
0.0517996249431381	0.603213636060933	1.89366780730727
0.0517996249431381	0.603213636060933	1.89366780730727
0.0517996249431381	0.603213636060933	1.89366780730727
0.41255794243372	0.838812866879048	1.49325797703721
0.41255794243372	0.838812866879048	1.49325797703721
0.520220887857884	1.04656395806479	2.15969530962499
0.520220887857884	1.04656395806479	2.15969530962499
0.520220887857884	1.04656395806479	2.15969530962499
0.520220887857884	1.04656395806479	2.15969530962499
0.520220887857884	1.04656395806479	2.15969530962499
0.520220887857884	1.04656395806479	2.15969530962499
0.520220887857884	1.04656395806479	2.15969530962499
0.520220887857884	1.04656395806479	2.15969530962499
0.234601773662753	0.16342695008184	1.93634651652749
0.234601773662753	0.16342695008184	1.93634651652749
0.364398888513052	-0.633814061002282	1.69457389498123
0.364398888513052	-0.633814061002282	1.69457389498123
0.364398888513052	-0.633814061002282	1.69457389498123
0.569935639929492	-0.779573376470552	2.05317750017215
0.569935639929492	-0.779573376470552	2.05317750017215
1.5280116244526	0.338454480687758	2.28987079399623
1.4853165083079	0.541103123077076	1.59511797734381
1.4853165083079	0.541103123077076	1.59511797734381
1.4853165083079	0.541103123077076	1.59511797734381
1.4853165083079	0.541103123077076	1.59511797734381
1.69914492524762	0.967970685818182	1.84413394303573
1.30628596056179	1.08969998109846	1.13968574003803
1.30628596056179	1.08969998109846	1.13968574003803
0.651404463200488	1.3870064187275	1.61088801872727
0.651404463200488	1.3870064187275	1.61088801872727
0.651404463200488	1.3870064187275	1.61088801872727
0.651404463200488	1.3870064187275	1.61088801872727
-0.640729527832507	0.48757380147571	0.352246937516983
-0.640729527832507	0.48757380147571	0.352246937516983
-0.640729527832507	0.48757380147571	0.352246937516983
-0.640729527832507	0.48757380147571	0.352246937516983
-0.383735032997325	0.706186719561527	0.665989358310179
-0.786280386141701	0.560288379678062	0.617200310499389
-0.786280386141701	0.560288379678062	0.617200310499389
-0.500214373204393	0.115674957979488	0.504454609520389
-0.500214373204393	0.115674957979488	0.504454609520389
-0.500214373204393	0.115674957979488	0.504454609520389
-1.12896279964461	-0.442833632291866	0.246941760171767
-1.12896279964461	-0.442833632291866	0.246941760171767
-1.12896279964461	-0.442833632291866	0.246941760171767
-1.12896279964461	-0.442833632291866	0.246941760171767
-0.532405374271452	0.168171278561408	0.426028590764928
-1.543476506214	-0.100347203100303	0.448898823387825
-1.543476506214	-0.100347203100303	0.448898823387825
-1.70681651651419	-0.826310141041881	0.30827390996304
-1.70681651651419	-0.826310141041881	0.30827390996304
-0.540560167464021	0.573728398556286	1.33772505615749
-0.540560167464021	0.573728398556286	1.33772505615749
-0.276897002795129	1.05009706547361	0.768473685864406
-0.276897002795129	1.05009706547361	0.768473685864406
0.197540399691243	1.84026770004281	1.21906453284205
0.388507511264094	1.94110069484906	1.49406073936403
0.388507511264094	1.94110069484906	1.49406073936403
0.388507511264094	1.94110069484906	1.49406073936403
0.388507511264094	1.94110069484906	1.49406073936403
0.388507511264094	1.94110069484906	1.49406073936403
0.567296661918805	1.53492094266602	1.63875373583184
0.567296661918805	1.53492094266602	1.63875373583184
0.567296661918805	1.53492094266602	1.63875373583184
0.567296661918805	1.53492094266602	1.63875373583184
0.61457436161114	2.08793739731519	1.14312146591019
0.61457436161114	2.08793739731519	1.14312146591019
0.61457436161114	2.08793739731519	1.14312146591019
0.61457436161114	2.08793739731519	1.14312146591019
0.790833802904145	1.68423747205921	1.48448290729818
0.790833802904145	1.68423747205921	1.48448290729818
0.108705287395791	0.649195401477837	1.29656056863046
0.108705287395791	0.649195401477837	1.29656056863046
0.108705287395791	0.649195401477837	1.29656056863046
0.3125342328804	1.54409903997242	1.48225187150771
0.3125342328804	1.54409903997242	1.48225187150771
-0.455532979576798	1.21689257328165	1.76599923943032
-0.455532979576798	1.21689257328165	1.76599923943032
-0.455532979576798	1.21689257328165	1.76599923943032
-0.455532979576798	1.21689257328165	1.76599923943032
-0.559880501192823	1.06522294269097	1.69007106700029
-0.559880501192823	1.06522294269097	1.69007106700029
-0.559880501192823	1.06522294269097	1.69007106700029
-0.559880501192823	1.06522294269097	1.69007106700029
-0.884109424592826	0.218904897632175	1.00665466020489
-0.884109424592826	0.218904897632175	1.00665466020489
