1	1	1
1	1	1
1	1	1
0.818465843916138	-0.438141756123129	1.1306717094498
0.592582697969679	0.0755071714838912	1.33498326338172
0.592582697969679	0.0755071714838912	1.33498326338172
0.592582697969679	0.0755071714838912	1.33498326338172
0.592582697969679	0.0755071714838912	1.33498326338172
0.631051837223718	0.306390494710503	1.36246884407023
1.00867259861809	1.62797644346628	2.04731440529692
1.00867259861809	1.62797644346628	2.04731440529692
2.20366616598206	2.12422058237587	2.57770529658041
2.33482774319766	1.66223172628862	2.12830568909076
1.30431970089561	1.00887248040814	1.90842310431717
1.10495708641511	0.792728811357336	1.8715240816908
1.10495708641511	0.792728811357336	1.8715240816908
1.10495708641511	0.792728811357336	1.8715240816908
1.10495708641511	0.792728811357336	1.8715240816908
1.10495708641511	0.792728811357336	1.8715240816908
1.68044906301542	1.4204133942776	1.5440913408436
1.68044906301542	1.4204133942776	1.5440913408436
1.68044906301542	1.4204133942776	1.5440913408436
1.68044906301542	1.4204133942776	1.5440913408436
1.68044906301542	1.4204133942776	1.5440913408436
1.68044906301542	1.4204133942776	1.5440913408436
1.68044906301542	1.4204133942776	1.5440913408436
0.746141861463178	1.15741721790276	0.538978485307581
0.746141861463178	1.15741721790276	0.538978485307581
0.64952559613538	1.31635487721619	1.31765129707823
0.976966547026533	1.1256408704076	2.36540577889483
0.976966547026533	1.1256408704076	2.36540577889483
0.210558346469659	0.898463364776484	1.87127989814437
0.210558346469659	0.898463364776484	1.87127989814437
0.210558346469659	0.898463364776484	1.87127989814437
0.210558346469659	0.898463364776484	1.87127989814437
-0.0936256122910337	0.839149722068981	1.65411596470277
-0.0936256122910337	0.839149722068981	1.65411596470277
-0.0936256122910337	0.839149722068981	1.65411596470277
-0.0936256122910337	0.839149722068981	1.65411596470277
-0.0936256122910337	0.839149722068981	1.65411596470277
-0.0936256122910337	0.839149722068981	1.65411596470277
-0.0936256122910337	0.839149722068981	1.65411596470277
-0.0936256122910337	0.839149722068981	1.65411596470277
0.106190181121163	0.284918430229062	2.28378887927336
0.106190181121163	0.284918430229062	2.28378887927336
0.106190181121163	0.284918430229062	2.28378887927336
0.106190181121163	0.284918430229062	2.28378887927336
0.106190181121163	0.284918430229062	2.28378887927336
0.106190181121163	0.284918430229062	2.28378887927336
0.106190181121163	0.284918430229062	2.28378887927336
0.106190181121163	0.284918430229062	2.28378887927336
0.106190181121163	0.284918430229062	2.28378887927336
0.106190181121163	0.284918430229062	2.28378887927336
1.43293302580619	-0.0295024468325294	1.44991962666994
-0.391994786421531	0.287890655431329	1.34056626468878
-0.391994786421531	0.287890655431329	1.34056626468878
-0.391994786421531	0.287890655431329	1.34056626468878
-0.391994786421531	0.287890655431329	1.34056626468878
-0.391994786421531	0.287890655431329	1.34056626468878
-1.22555171872679	-0.0122157901156699	1.3295698998987
-1.22555171872679	-0.0122157901156699	1.3295698998987
-1.22555171872679	-0.0122157901156699	1.3295698998987
-1.22555171872679	-0.0122157901156699	1.3295698998987
-1.22555171872679	-0.0122157901156699	1.3295698998987
-1.22555171872679	-0.0122157901156699	1.3295698998987
-1.22555171872679	-0.0122157901156699	1.3295698998987
-1.22555171872679	-0.0122157901156699	1.3295698998987
-1.22555171872679	-0.0122157901156699	1.3295698998987
-1.22555171872679	-0.0122157901156699	1.3295698998987
-1.22555171872679	-0.0122157901156699	1.3295698998987
-1.22555171872679	-0.0122157901156699	1.3295698998987
-1.22555171872679	-0.0122157901156699	1.3295698998987
-1.22555171872679	-0.0122157901156699	1.3295698998987
-1.22555171872679	-0.0122157901156699	1.3295698998987
-1.22555171872679	-0.0122157901156699	1.3295698998987
-1.22555171872679	-0.0122157901156699	1.3295698998987
-1.22555171872679	-0.0122157901156699	1.3295698998987
-1.22555171872679	-0.0122157901156699	1.3295698998987
-1.22555171872679	-0.0122157901156699	1.3295698998987
-1.22555171872679	-0.0122157901156699	1.3295698998987
-1.22555171872679	-0.0122157901156699	1.3295698998987
-1.22555171872679	-0.0122157901156699	1.3295698998987
-1.22555171872679	-0.0122157901156699	1.3295698998987
-1.22555171872679	-0.0122157901156699	1.3295698998987
-1.22555171872679	-0.0122157901156699	1.3295698998987
-1.22555171872679	-0.0122157901156699	1.3295698998987
-1.22555171872679	-0.0122157901156699	1.3295698998987
-0.408949739698823	0.0104495215063274	1.35410918762629
-0.408949739698823	0.0104495215063274	1.35410918762629
-0.408949739698823	0.0104495215063274	1.35410918762629
-0.408949739698823	0.0104495215063274	1.35410918762629
-0.408949739698823	0.0104495215063274	1.35410918762629
-0.408949739698823	0.0104495215063274	1.35410918762629
-1.03453799539287	-0.194692975254228	1.34625704311928
-1.03453799539287	-0.194692975254228	1.34625704311928
-1.61439579010521	-0.814680564893918	2.16295037895767
-2.63364420560822	0.354569827217465	2.85126001393514
-2.63364420560822	0.354569827217465	2.85126001393514
-2.63364420560822	0.354569827217465	2.85126001393514
-2.63364420560822	0.354569827217465	2.85126001393514
-2.32886467229983	0.683145490645709	3.35963396884775
-2.32886467229983	0.683145490645709	3.35963396884775
-2.32886467229983	0.683145490645709	3.35963396884775
-2.32886467229983	0.683145490645709	3.35963396884775
-2.32886467229983	0.683145490645709	3.35963396884775
-2.36031548336705	0.0415471253080532	3.72536809943241
-1.33813852133929	0.0755377441619292	4.52777320727989
-1.33813852133929	0.0755377441619292	4.52777320727989
-1.33813852133929	0.0755377441619292	4.52777320727989
-1.64074135290586	0.460562111638322	4.25970801998661
-1.64074135290586	0.460562111638322	4.25970801998661
-1.64074135290586	0.460562111638322	4.25970801998661
-1.31075151944954	1.27567290737088	3.85277551523642
-1.31075151944954	1.27567290737088	3.85277551523642
-1.8484423412137	0.585292517695044	2.98116867457521
-0.998732331004575	1.78626802423241	2.84856613779991
-0.998732331004575	1.78626802423241	2.84856613779991
-0.998732331004575	1.78626802423241	2.84856613779991
-0.998732331004575	1.78626802423241	2.84856613779991
-1.42686387213358	-0.643349176619878	2.80702954296799
-1.42686387213358	-0.643349176619878	2.80702954296799
-1.42686387213358	-0.643349176619878	2.80702954296799
-1.42686387213358	-0.643349176619878	2.80702954296799
0.0286709771784093	-1.01315964045396	2.62266759621332
-0.341824786183141	-0.658169077618068	3.50191529825995
-0.341824786183141	-0.658169077618068	3.50191529825995
-0.267030524503199	-0.52116055888911	3.41940037493876
-0.910057252148152	-0.49737317260811	2.45440581974099
-1.65363757264639	-0.264671049368264	1.53833946782461
-1.65363757264639	-0.264671049368264	1.53833946782461
-1.65363757264639	-0.264671049368264	1.53833946782461
-1.65363757264639	-0.264671049368264	1.53833946782461
-1.65363757264639	-0.264671049368264	1.53833946782461
-1.65363757264639	-0.264671049368264	1.53833946782461
-1.65363757264639	-0.264671049368264	1.53833946782461
-1.65363757264639	-0.264671049368264	1.53833946782461
-1.65363757264639	-0.264671049368264	1.53833946782461
-1.65363757264639	-0.264671049368264	1.53833946782461
-1.65363757264639	-0.264671049368264	1.53833946782461
-1.11608455072099	-0.558905742701518	1.4678954308588
-1.11608455072099	-0.558905742701518	1.4678954308588
-1.11608455072099	-0.558905742701518	1.4678954308588
-1.11608455072099	-0.558905742701518	1.4678954308588
-1.61265532814665	0.0489167641580057	1.59816488465458
-1.61265532814665	0.0489167641580057	1.59816488465458
-1.79123857309367	0.274885723344734	2.80007269939166
-1.55582059966085	0.462846709187886	1.94410111782938
-0.62326605411912	1.91250059628351	2.94444016371087
-0.0406835340120173	1.69308599653753	3.10480226242162
-0.0406835340120173	1.69308599653753	3.10480226242162
-0.321577054811906	1.11276953256337	1.5505587176116
-0.321577054811906	1.11276953256337	1.5505587176116
-0.321577054811906	1.11276953256337	1.5505587176116
-0.321577054811906	1.11276953256337	1.5505587176116
-0.321577054811906	1.11276953256337	1.5505587176116
-0.321577054811906	1.11276953256337	1.5505587176116
-2.22143950569083	1.16077388069436	1.24158688108454
-2.22143950569083	1.16077388069436	1.24158688108454
-2.22143950569083	1.16077388069436	1.24158688108454
-3.07768761030098	1.01451964905049	2.03111223485123
-3.07768761030098	1.01451964905049	2.03111223485123
-2.03079060667054	1.71280592844669	1.34748670790487
-2.03079060667054	1.71280592844669	1.34748670790487
-2.03079060667054	1.71280592844669	1.34748670790487
-2.03079060667054	1.71280592844669	1.34748670790487
-2.03079060667054	1.71280592844669	1.34748670790487
-2.03079060667054	1.71280592844669	1.34748670790487
-2.03079060667054	1.71280592844669	1.34748670790487
-2.03079060667054	1.71280592844669	1.34748670790487
-1.31723097780987	1.75751246879162	0.442563522318469
-2.82687838868887	1.72392856774784	1.82428049738401
-2.82687838868887	1.72392856774784	1.82428049738401
-2.82687838868887	1.72392856774784	1.82428049738401
-2.82687838868887	1.72392856774784	1.82428049738401
-2.82687838868887	1.72392856774784	1.82428049738401
-2.82687838868887	1.72392856774784	1.82428049738401
-2.82687838868887	1.72392856774784	1.82428049738401
-2.67748936488755	0.623881030636943	2.36147319223288
-2.67748936488755	0.623881030636943	2.36147319223288
-2.67748936488755	0.623881030636943	2.36147319223288
-2.67748936488755	0.623881030636943	2.36147319223288
-2.67748936488755	0.623881030636943	2.36147319223288
-2.67748936488755	0.623881030636943	2.36147319223288
-2.37936756960244	-0.392405485451937	1.31992054806147
-2.37936756960244	-0.392405485451937	1.31992054806147
-2.37936756960244	-0.392405485451937	1.31992054806147
-2.37936756960244	-0.392405485451937	1.31992054806147
-2.37936756960244	-0.392405485451937	1.31992054806147
-2.78749210768846	0.906475735600083	1.31051731688531
-2.03546885519124	1.30854976419825	0.979161065814161
-1.64809708985984	0.92382333747943	1.93855288049767
-1.64809708985984	0.92382333747943	1.93855288049767
-1.64809708985984	0.92382333747943	1.93855288049767
-1.64809708985984	0.92382333747943	1.93855288049767
-1.64809708985984	0.92382333747943	1.93855288049767
-1.64809708985984	0.92382333747943	1.93855288049767
-1.64809708985984	0.92382333747943	1.93855288049767
-2.52083287113792	1.03496399338907	2.29886753964282
-2.32198615705174	1.66094248824804	2.05250647206806
-0.408521680866755	1.89654033809506	2.62720144728345
