1	1	1
-0.0250650196737146	0.299218223079983	1.61663398439823
-0.110792585508151	0.645192737313509	1.70079757182724
-0.110792585508151	0.645192737313509	1.70079757182724
-0.110792585508151	0.645192737313509	1.70079757182724
-0.114941843398383	1.14464421578895	2.09923112645759
-0.117505074791004	1.36425865250998	2.61664441023048
-0.117505074791004	1.36425865250998	2.61664441023048
0.0597791990593595	2.35073852476869	2.02706179719578
0.0597791990593595	2.35073852476869	2.02706179719578
0.0597791990593595	2.35073852476869	2.02706179719578
0.0597791990593595	2.35073852476869	2.02706179719578
0.0597791990593595	2.35073852476869	2.02706179719578
0.127128072325197	2.45122862225783	2.80068165507844
0.663791761515909	2.83782424570281	2.38655087131373
1.72226560209294	2.14062649303148	2.1928108656268
1.72226560209294	2.14062649303148	2.1928108656268
1.68700616843587	2.22819908726488	1.96334466244581
1.68700616843587	2.22819908726488	1.96334466244581
1.68700616843587	2.22819908726488	1.96334466244581
1.68700616843587	2.22819908726488	1.96334466244581
1.68700616843587	2.22819908726488	1.96334466244581
1.01460690280042	2.44346233734484	2.66659639484374
1.01460690280042	2.44346233734484	2.66659639484374
2.0165670154006	2.61206905094406	2.1488346851082
2.0165670154006	2.61206905094406	2.1488346851082
1.43743196737319	2.9697162160723	0.571497938450244
1.43743196737319	2.9697162160723	0.571497938450244
2.30857852133323	0.839347312910118	1.21589435336699
0.786179140072351	1.78741404495741	0.816171103643006
0.786179140072351	1.78741404495741	0.816171103643006
-0.0315837950075321	1.17428319141334	1.31175885809037
-0.0315837950075321	1.17428319141334	1.31175885809037
-0.0315837950075321	1.17428319141334	1.31175885809037
-0.0315837950075321	1.17428319141334	1.31175885809037
-0.0315837950075321	1.17428319141334	1.31175885809037
-0.0315837950075321	1.17428319141334	1.31175885809037
-0.0315837950075321	1.17428319141334	1.31175885809037
-0.806239617234859	-0.0989707711903933	1.66779472385203
-0.806239617234859	-0.0989707711903933	1.66779472385203
-0.806239617234859	-0.0989707711903933	1.66779472385203
-0.806239617234859	-0.0989707711903933	1.66779472385203
-0.806239617234859	-0.0989707711903933	1.66779472385203
-1.96011612056004	-0.306353910275034	1.34140003230618
-1.96011612056004	-0.306353910275034	1.34140003230618
-1.62982668825793	-0.532377279591904	1.73480330943866
-1.62982668825793	-0.532377279591904	1.73480330943866
-1.62982668825793	-0.532377279591904	1.73480330943866
-0.240643294847122	-0.446263204071351	2.37064042356048
-0.436301469743479	-0.162550228953563	1.91230739976571
-0.436301469743479	-0.162550228953563	1.91230739976571
-0.436301469743479	-0.162550228953563	1.91230739976571
-0.436301469743479	-0.162550228953563	1.91230739976571
-0.436301469743479	-0.162550228953563	1.91230739976571
-0.436301469743479	-0.162550228953563	1.91230739976571
-0.436301469743479	-0.162550228953563	1.91230739976571
-0.436301469743479	-0.162550228953563	1.91230739976571
-0.436301469743479	-0.162550228953563	1.91230739976571
-0.436301469743479	-0.162550228953563	1.91230739976571
-0.436301469743479	-0.162550228953563	1.91230739976571
-0.436301469743479	-0.162550228953563	1.91230739976571
-2.08427965101642	0.473778848175788	2.06767036061053
-2.08427965101642	0.473778848175788	2.06767036061053
-2.08427965101642	0.473778848175788	2.06767036061053
-1.27357406220569	0.354543335459506	0.55171548925386
-0.0125727028849238	-0.323796646685082	1.56019718308744
0.221077160430816	-0.931641149552233	2.35057949359626
0.221077160430816	-0.931641149552233	2.35057949359626
0.221077160430816	-0.931641149552233	2.35057949359626
-1.24698859411919	-0.425477400344682	2.57136496921849
-0.912293279085755	-0.602007707612731	2.04409033847057
-0.0818661282423104	-0.340321201640747	2.33504217444818
-0.0818661282423104	-0.340321201640747	2.33504217444818
-0.0818661282423104	-0.340321201640747	2.33504217444818
-0.0818661282423104	-0.340321201640747	2.33504217444818
-0.0818661282423104	-0.340321201640747	2.33504217444818
-1.87497570083439	-0.271475634371894	2.32929016706299
-1.87497570083439	-0.271475634371894	2.32929016706299
-1.42173432739099	-0.108353814633159	1.99585688479741
-1.70566572473108	1.05092411908414	2.19584869915426
-1.70566572473108	1.05092411908414	2.19584869915426
-1.70566572473108	1.05092411908414	2.19584869915426
-1.70566572473108	1.05092411908414	2.19584869915426
-1.70566572473108	1.05092411908414	2.19584869915426
-1.70566572473108	1.05092411908414	2.19584869915426
-1.77642202916663	1.7259120896329	2.69234822580099
-0.957935179185793	0.780489233794695	2.61235385277961
-0.957935179185793	0.780489233794695	2.61235385277961
-0.957935179185793	0.780489233794695	2.61235385277961
-0.957935179185793	0.780489233794695	2.61235385277961
-1.20809828561534	0.0209039267848979	1.41441377153752
-1.20809828561534	0.0209039267848979	1.41441377153752
-1.20809828561534	0.0209039267848979	1.41441377153752
-1.20809828561534	0.0209039267848979	1.41441377153752
-1.20809828561534	0.0209039267848979	1.41441377153752
-1.20809828561534	0.0209039267848979	1.41441377153752
-1.87968589107344	-0.0153527026504574	2.30770944796455
-1.87968589107344	-0.0153527026504574	2.30770944796455
-1.04557267401602	-0.315087482834604	2.14111543131754
-1.04557267401602	-0.315087482834604	2.14111543131754
-1.04557267401602	-0.315087482834604	2.14111543131754
-1.04557267401602	-0.315087482834604	2.14111543131754
-1.04557267401602	-0.315087482834604	2.14111543131754
-1.04557267401602	-0.315087482834604	2.14111543131754
-1.08917670845769	-0.44770295507016	1.94955852234916
-1.23011007650383	0.686120995261421	2.06460132174435
-1.23011007650383	0.686120995261421	2.06460132174435
-1.23011007650383	0.686120995261421	2.06460132174435
-1.23011007650383	0.686120995261421	2.06460132174435
-1.23011007650383	0.686120995261421	2.06460132174435
-1.23011007650383	0.686120995261421	2.06460132174435
-1.23011007650383	0.686120995261421	2.06460132174435
-1.23011007650383	0.686120995261421	2.06460132174435
-1.23011007650383	0.686120995261421	2.06460132174435
-1.23011007650383	0.686120995261421	2.06460132174435
-1.23011007650383	0.686120995261421	2.06460132174435
-1.23011007650383	0.686120995261421	2.06460132174435
-1.23011007650383	0.686120995261421	2.06460132174435
-1.23011007650383	0.686120995261421	2.06460132174435
-1.23011007650383	0.686120995261421	2.06460132174435
-1.23011007650383	0.686120995261421	2.06460132174435
-0.603058809789511	-0.123076991217647	2.22117401242678
-1.68143982049095	0.301554609709192	1.82422930591545
-1.68143982049095	0.301554609709192	1.82422930591545
-1.68143982049095	0.301554609709192	1.82422930591545
-1.68143982049095	0.301554609709192	1.82422930591545
-1.68143982049095	0.301554609709192	1.82422930591545
-1.68143982049095	0.301554609709192	1.82422930591545
-1.68143982049095	0.301554609709192	1.82422930591545
-2.12966351435347	0.831535099514171	2.0311627269315
-1.76885553402417	0.755550816811231	1.93283519148625
-1.76885553402417	0.755550816811231	1.93283519148625
-1.76885553402417	0.755550816811231	1.93283519148625
-1.76885553402417	0.755550816811231	1.93283519148625
-1.76885553402417	0.755550816811231	1.93283519148625
-1.76885553402417	0.755550816811231	1.93283519148625
-1.76885553402417	0.755550816811231	1.93283519148625
-1.4081470200245	-0.0153997562581951	1.62225885781349
-1.4081470200245	-0.0153997562581951	1.62225885781349
-1.4081470200245	-0.0153997562581951	1.62225885781349
-1.4081470200245	-0.0153997562581951	1.62225885781349
-1.4081470200245	-0.0153997562581951	1.62225885781349
-1.4081470200245	-0.0153997562581951	1.62225885781349
-1.4081470200245	-0.0153997562581951	1.62225885781349
-1.11088973999308	-0.248370489715995	2.49791539585589
-1.11088973999308	-0.248370489715995	2.49791539585589
-1.11088973999308	-0.248370489715995	2.49791539585589
-1.05023612299603	-0.317501268547135	2.51276624897829
-1.05023612299603	-0.317501268547135	2.51276624897829
0.325731307012978	-0.318962923991848	2.54527957960669
0.325731307012978	-0.318962923991848	2.54527957960669
0.325731307012978	-0.318962923991848	2.54527957960669
0.946277865993314	-0.232558487585736	2.22728318295203
0.946277865993314	-0.232558487585736	2.22728318295203
0.946277865993314	-0.232558487585736	2.22728318295203
0.946277865993314	-0.232558487585736	2.22728318295203
-2.0292885118844	0.411211914790474	1.37379787430246
-2.0292885118844	0.411211914790474	1.37379787430246
-2.0292885118844	0.411211914790474	1.37379787430246
-2.0292885118844	0.411211914790474	1.37379787430246
-2.0292885118844	0.411211914790474	1.37379787430246
-2.0292885118844	0.411211914790474	1.37379787430246
-1.0231807219472	0.0177609712531061	1.82670769301533
-1.0231807219472	0.0177609712531061	1.82670769301533
-1.0231807219472	0.0177609712531061	1.82670769301533
0.240887867440077	-0.286622402967445	1.55082892927914
0.124749699892491	-0.0151856664383878	2.29806583266562
0.124749699892491	-0.0151856664383878	2.29806583266562
0.124749699892491	-0.0151856664383878	2.29806583266562
0.124749699892491	-0.0151856664383878	2.29806583266562
0.124749699892491	-0.0151856664383878	2.29806583266562
0.124749699892491	-0.0151856664383878	2.29806583266562
0.124749699892491	-0.0151856664383878	2.29806583266562
0.124749699892491	-0.0151856664383878	2.29806583266562
0.124749699892491	-0.0151856664383878	2.29806583266562
-0.144785555748947	-0.168541277589222	2.22090321907181
0.0883563723130082	-0.322023151565303	2.42524060793256
0.0883563723130082	-0.322023151565303	2.42524060793256
0.0883563723130082	-0.322023151565303	2.42524060793256
0.0883563723130082	-0.322023151565303	2.42524060793256
-0.648060926318462	0.283245989896224	1.51352073441256
-0.648060926318462	0.283245989896224	1.51352073441256
-0.648060926318462	0.283245989896224	1.51352073441256
-0.648060926318462	0.283245989896224	1.51352073441256
-0.648060926318462	0.283245989896224	1.51352073441256
-0.28437497313624	0.0552937170288857	1.56491563976997
-0.28437497313624	0.0552937170288857	1.56491563976997
-0.28437497313624	0.0552937170288857	1.56491563976997
-0.234363704746671	-0.00812267942839184	1.91453650391213
-0.234363704746671	-0.00812267942839184	1.91453650391213
-0.630177014600437	-0.759237092465918	1.25338831096606
-0.630177014600437	-0.759237092465918	1.25338831096606
-0.630177014600437	-0.759237092465918	1.25338831096606
-0.630177014600437	-0.759237092465918	1.25338831096606
-0.630177014600437	-0.759237092465918	1.25338831096606
0.40075489020642	-0.358747440748889	2.01015349474015
0.40075489020642	-0.358747440748889	2.01015349474015
0.40075489020642	-0.358747440748889	2.01015349474015
0.40075489020642	-0.358747440748889	2.01015349474015
0.40075489020642	-0.358747440748889	2.01015349474015
