1	1	1
1.26960216945315	0.541356821986224	2.07966064889945
1.26960216945315	0.541356821986224	2.07966064889945
1.26960216945315	0.541356821986224	2.07966064889945
1.26960216945315	0.541356821986224	2.07966064889945
1.26960216945315	0.541356821986224	2.07966064889945
1.26960216945315	0.541356821986224	2.07966064889945
0.426563830032916	0.347381795964333	1.93504198952995
0.426563830032916	0.347381795964333	1.93504198952995
0.426563830032916	0.347381795964333	1.93504198952995
0.426563830032916	0.347381795964333	1.93504198952995
0.426563830032916	0.347381795964333	1.93504198952995
0.426563830032916	0.347381795964333	1.93504198952995
0.426563830032916	0.347381795964333	1.93504198952995
0.426563830032916	0.347381795964333	1.93504198952995
0.426563830032916	0.347381795964333	1.93504198952995
0.426563830032916	0.347381795964333	1.93504198952995
-0.0410953493902902	0.667012769495027	2.46738377205845
-0.0410953493902902	0.667012769495027	2.46738377205845
-0.0410953493902902	0.667012769495027	2.46738377205845
-0.0410953493902902	0.667012769495027	2.46738377205845
-0.0410953493902902	0.667012769495027	2.46738377205845
-0.0410953493902902	0.667012769495027	2.46738377205845
-0.0410953493902902	0.667012769495027	2.46738377205845
-0.0410953493902902	0.667012769495027	2.46738377205845
-0.0410953493902902	0.667012769495027	2.46738377205845
-0.0410953493902902	0.667012769495027	2.46738377205845
-0.0410953493902902	0.667012769495027	2.46738377205845
-0.0410953493902902	0.667012769495027	2.46738377205845
-0.0410953493902902	0.667012769495027	2.46738377205845
-0.0410953493902902	0.667012769495027	2.46738377205845
-0.0410953493902902	0.667012769495027	2.46738377205845
0.992410892644427	1.25816052236834	2.33179350219615
0.992410892644427	1.25816052236834	2.33179350219615
-0.102518188390632	1.06348636716594	2.17708158240804
-0.102518188390632	1.06348636716594	2.17708158240804
-0.102518188390632	1.06348636716594	2.17708158240804
-0.102518188390632	1.06348636716594	2.17708158240804
-1.01123019741164	0.65739613101464	1.88152770963219
-1.01123019741164	0.65739613101464	1.88152770963219
-1.01123019741164	0.65739613101464	1.88152770963219
-1.01123019741164	0.65739613101464	1.88152770963219
-1.01123019741164	0.65739613101464	1.88152770963219
-1.01123019741164	0.65739613101464	1.88152770963219
-1.01123019741164	0.65739613101464	1.88152770963219
-1.01123019741164	0.65739613101464	1.88152770963219
-0.0396247602948829	0.505474544779663	1.00137215031085
-0.0396247602948829	0.505474544779663	1.00137215031085
-0.0396247602948829	0.505474544779663	1.00137215031085
-0.0396247602948829	0.505474544779663	1.00137215031085
-0.0396247602948829	0.505474544779663	1.00137215031085
-0.0396247602948829	0.505474544779663	1.00137215031085
-1.78052833984657	0.310955098603808	1.35253537366852
-1.78052833984657	0.310955098603808	1.35253537366852
-1.78052833984657	0.310955098603808	1.35253537366852
-1.91440867877109	0.633336107582684	1.94985266229299
-1.91440867877109	0.633336107582684	1.94985266229299
-1.91440867877109	0.633336107582684	1.94985266229299
-1.91440867877109	0.633336107582684	1.94985266229299
-1.91440867877109	0.633336107582684	1.94985266229299
-1.91440867877109	0.633336107582684	1.94985266229299
-1.91440867877109	0.633336107582684	1.94985266229299
-0.902856118634073	0.522671290491998	2.11481568396611
-0.365465456335591	0.717307755976756	1.50967533080905
-0.365465456335591	0.717307755976756	1.50967533080905
-0.365465456335591	0.717307755976756	1.50967533080905
-0.365465456335591	0.717307755976756	1.50967533080905
-0.365465456335591	0.717307755976756	1.50967533080905
-0.365465456335591	0.717307755976756	1.50967533080905
-0.365465456335591	0.717307755976756	1.50967533080905
-0.365465456335591	0.717307755976756	1.50967533080905
-0.153708152890781	0.903530610988668	1.90970115243459
-0.153708152890781	0.903530610988668	1.90970115243459
-0.153708152890781	0.903530610988668	1.90970115243459
-0.153708152890781	0.903530610988668	1.90970115243459
-0.153708152890781	0.903530610988668	1.90970115243459
-0.153708152890781	0.903530610988668	1.90970115243459
-0.509583059045576	1.0978339132999	1.32959827373402
-0.509583059045576	1.0978339132999	1.32959827373402
-0.509583059045576	1.0978339132999	1.32959827373402
-0.509583059045576	1.0978339132999	1.32959827373402
-0.509583059045576	1.0978339132999	1.32959827373402
-0.509583059045576	1.0978339132999	1.32959827373402
-0.509583059045576	1.0978339132999	1.32959827373402
-0.509583059045576	1.0978339132999	1.32959827373402
-0.509583059045576	1.0978339132999	1.32959827373402
-0.509583059045576	1.0978339132999	1.32959827373402
-0.509583059045576	1.0978339132999	1.32959827373402
-0.509583059045576	1.0978339132999	1.32959827373402
-0.509583059045576	1.0978339132999	1.32959827373402
-0.509583059045576	1.0978339132999	1.32959827373402
-0.0820727439562355	0.335914630142375	1.74313243907543
-0.0820727439562355	0.335914630142375	1.74313243907543
-0.0820727439562355	0.335914630142375	1.74313243907543
-0.0820727439562355	0.335914630142375	1.74313243907543
0.171657914754296	0.838555398390778	1.65793448246953
0.171657914754296	0.838555398390778	1.65793448246953
0.171657914754296	0.838555398390778	1.65793448246953
0.171657914754296	0.838555398390778	1.65793448246953
0.171657914754296	0.838555398390778	1.65793448246953
0.171657914754296	0.838555398390778	1.65793448246953
0.171657914754296	0.838555398390778	1.65793448246953
0.171657914754296	0.838555398390778	1.65793448246953
0.171657914754296	0.838555398390778	1.65793448246953
0.171657914754296	0.838555398390778	1.65793448246953
0.131449185027425	1.06033408883744	1.364444878058
0.131449185027425	1.06033408883744	1.364444878058
0.131449185027425	1.06033408883744	1.364444878058
0.131449185027425	1.06033408883744	1.364444878058
0.131449185027425	1.06033408883744	1.364444878058
0.131449185027425	1.06033408883744	1.364444878058
0.131449185027425	1.06033408883744	1.364444878058
-1.31995717293721	1.73213856593354	3.6064796409675
-1.31995717293721	1.73213856593354	3.6064796409675
-1.31995717293721	1.73213856593354	3.6064796409675
-1.31995717293721	1.73213856593354	3.6064796409675
-1.31995717293721	1.73213856593354	3.6064796409675
-0.0663956256116847	2.5301969126212	3.11892211591706
-0.0663956256116847	2.5301969126212	3.11892211591706
0.300098876799997	2.29910365775299	2.0949398263568
-1.35323876283975	2.35943504318936	2.04725151771876
-1.35323876283975	2.35943504318936	2.04725151771876
-1.35323876283975	2.35943504318936	2.04725151771876
-2.57596845987512	1.12162396538777	2.12350973162761
-2.34973350286449	1.09808957261637	1.37177533720714
-2.34973350286449	1.09808957261637	1.37177533720714
-2.34973350286449	1.09808957261637	1.37177533720714
-2.34973350286449	1.09808957261637	1.37177533720714
-2.34973350286449	1.09808957261637	1.37177533720714
-2.34973350286449	1.09808957261637	1.37177533720714
-2.34973350286449	1.09808957261637	1.37177533720714
-2.34973350286449	1.09808957261637	1.37177533720714
-2.34973350286449	1.09808957261637	1.37177533720714
-2.34973350286449	1.09808957261637	1.37177533720714
-2.34973350286449	1.09808957261637	1.37177533720714
-2.34973350286449	1.09808957261637	1.37177533720714
-2.34973350286449	1.09808957261637	1.37177533720714
-2.34973350286449	1.09808957261637	1.37177533720714
-2.34973350286449	1.09808957261637	1.37177533720714
-2.34973350286449	1.09808957261637	1.37177533720714
-2.34973350286449	1.09808957261637	1.37177533720714
-2.34973350286449	1.09808957261637	1.37177533720714
-1.53977864214374	0.689552536885851	2.12415928744488
-2.09970947276742	0.330901608950353	1.41896519467718
-2.09970947276742	0.330901608950353	1.41896519467718
-1.51851541192453	-0.307534575903509	1.65237185195999
-1.51851541192453	-0.307534575903509	1.65237185195999
-1.51851541192453	-0.307534575903509	1.65237185195999
-1.51851541192453	-0.307534575903509	1.65237185195999
-1.51851541192453	-0.307534575903509	1.65237185195999
-1.51851541192453	-0.307534575903509	1.65237185195999
-1.51851541192453	-0.307534575903509	1.65237185195999
-1.51851541192453	-0.307534575903509	1.65237185195999
-1.51851541192453	-0.307534575903509	1.65237185195999
-1.51851541192453	-0.307534575903509	1.65237185195999
-1.69974365464111	0.144600279183744	1.51444415760269
-1.67241064548543	0.664397382539885	1.29617220924679
-1.67241064548543	0.664397382539885	1.29617220924679
-1.67241064548543	0.664397382539885	1.29617220924679
-1.67241064548543	0.664397382539885	1.29617220924679
-2.95438079859727	0.376410601935783	2.0208697851392
-2.95438079859727	0.376410601935783	2.0208697851392
-2.95438079859727	0.376410601935783	2.0208697851392
-2.95438079859727	0.376410601935783	2.0208697851392
-2.26289262587193	0.365100924069253	2.42486927314192
-2.26289262587193	0.365100924069253	2.42486927314192
-2.26289262587193	0.365100924069253	2.42486927314192
-1.70329829868754	-0.423416156210108	1.03923153061241
-1.70329829868754	-0.423416156210108	1.03923153061241
-1.70329829868754	-0.423416156210108	1.03923153061241
-1.70329829868754	-0.423416156210108	1.03923153061241
-1.70329829868754	-0.423416156210108	1.03923153061241
-1.70329829868754	-0.423416156210108	1.03923153061241
-1.70329829868754	-0.423416156210108	1.03923153061241
-1.70329829868754	-0.423416156210108	1.03923153061241
-1.70329829868754	-0.423416156210108	1.03923153061241
-1.70329829868754	-0.423416156210108	1.03923153061241
-1.70329829868754	-0.423416156210108	1.03923153061241
-1.70329829868754	-0.423416156210108	1.03923153061241
-1.70329829868754	-0.423416156210108	1.03923153061241
-1.70329829868754	-0.423416156210108	1.03923153061241
-1.70329829868754	-0.423416156210108	1.03923153061241
-1.70329829868754	-0.423416156210108	1.03923153061241
-3.33166669820147	-0.383500022244885	1.34731297796594
-3.33166669820147	-0.383500022244885	1.34731297796594
-3.33166669820147	-0.383500022244885	1.34731297796594
-3.33166669820147	-0.383500022244885	1.34731297796594
-3.33166669820147	-0.383500022244885	1.34731297796594
-2.89006350693548	-0.111063440340419	1.7200290031869
-2.89006350693548	-0.111063440340419	1.7200290031869
-2.89006350693548	-0.111063440340419	1.7200290031869
-2.89006350693548	-0.111063440340419	1.7200290031869
-2.89006350693548	-0.111063440340419	1.7200290031869
-2.89006350693548	-0.111063440340419	1.7200290031869
-2.89006350693548	-0.111063440340419	1.7200290031869
-2.89006350693548	-0.111063440340419	1.7200290031869
-1.25716998225284	-0.0570110903193683	1.95985736509358
-0.757538846711259	0.451712491698592	1.71961184493208
-0.757538846711259	0.451712491698592	1.71961184493208
-0.757538846711259	0.451712491698592	1.71961184493208
