1.295
1.41340348141231
1.39072154464825
1.47091261450333
1.53942249544838
1.30045466939414
1.31880209312497
1.34876972799421
1.7475219525525
2.11672899057577
1.835426144954
2.01944754797686
2.0620702983742
1.83057475014143
1.92914878353871
2.04804754916924
1.57998617071444
1.53776533392718
1.56880360562036
1.36275292094114
1.502269073358
1.51677489147038
2.01537759993246
1.62926888598333
1.48855340693393
1.67173438506172
1.78962858513103
1.44999768910074
1.55407614393624
1.64193053915767
1.61144659629174
1.75028067819943
1.87174458284373
2.29428614695282
2.31423777581963
2.27062099110221
2.20609699107175
2.17926079320038
1.80772065775913
1.50596831946608
1.68792731961536
1.64649409372321
1.71134789051134
1.75677982949389
1.78480211162279
1.90637218376303
1.9294826192352
1.67047018755515
1.81911088100098
1.52991347759967
1.60792346974391
1.69056568123169
1.62259336428172
1.60461072819863
1.55602378432412
1.64432290852343
1.73160285226976
1.41976174572994
1.7846753489809
1.74683338209731
1.73533071992932
1.81411008730452
1.92913898668581
1.57797172103084
1.81539892448168
1.62557467221259
1.36001829919618
1.33535490403431
1.25797495094334
1.46566722185119
1.52675710056471
1.64612340815226
1.75990717946562
1.81449376214309
1.8133386931108
1.41028777750275
1.4203751408847
1.11996097418405
1.159795500398
1.14191736854484
1.24376542478477
1.16954847612578
1.31933617629181
1.29809224657451
1.40668268846519
1.73999994628451
1.67446125625293
1.73335244792227
1.53159258460187
1.47030345115573
1.29266214860454
1.38001827811863
1.23099961034358
1.22948699498069
1.08073368003549
1.04170133671052
1.04625028226003
1.06174369997462
1.2174327638218
1.63130263060111
1.44853191851045
1.22937737032855
1.11545200646168
1.06597405922389
1.20332507187362
1.20966311536463
1.37257453467088
1.41105769593289
1.41997322548204
1.44359721110939
1.53396017094071
1.50395797710141
1.19904937869594
1.18254112081244
1.16458103996187
1.46480406131547
1.15071095602182
1.08473951376886
1.07157474165056
1.07410641085007
1.10592677995768
1.20968380032094
1.08254056946361
1.09832807075202
1.05779580364633
1.02304927122412
1.01439680323014
1.0109760060304
1.01389227779391
1.02917755723467
1.0286377572712
1.05139772480869
1.11205673615612
1.49207959932513
1.70574175863412
1.56854436817483
1.94399088448698
1.86015458843401
1.94149272709579
2.03511366028454
2.01816312224416
1.75491942586274
1.7522517203836
1.94994706066161
1.72122505183772
1.54534710562332
1.46048039961508
1.44793179969526
1.29104074008372
1.26224158312568
1.45614727313564
1.31599122421912
1.34093390604161
1.21059062436282
1.30651996220783
1.25233486365762
1.42786216684017
1.67482679943345
1.65479144692073
1.71916203140071
2.09484945350195
2.11147990773002
1.91579778529685
1.55999279103025
1.47602134945535
1.3229518778682
1.19592530479782
1.07986932492225
1.10109766240723
1.02008656209765
1.03835183258925
1.01289462176816
1.03878109367294
1.12035942799421
1.25765968569278
1.29193711827361
1.42297057176023
1.84397533444629
1.6247037095365
1.38998980123221
1.92870835593399
2.32005149036131
2.34818485448854
2.405862933939
2.38278142438375
2.44292882963443
2.32606408949226
2.18963528553473
2.0939713427167
2.22948219191481
2.21765133445919
1.66116608303654
1.20422156615233
1.37608297575455
1.38936913485972
1.28086883032291
1.74065485247578
1.59393187854654
1.83029331590506
1.29649078015477
