1.2205
1.23089064883806
1.31836858526253
1.51921328883812
1.51822120702283
1.45259575628516
1.20630154210172
1.19359217305266
1.04703952604632
1.03633257843039
1.02624086980784
1.05887472217615
1.16066407592178
1.143354586755
1.04088141869059
1.14434909329472
1.46055456633001
1.52092385189149
1.55465335669373
1.28538199112523
1.226570880659
1.17449222295312
1.18799702444569
1.08184956256626
1.02581010899261
1.03481837782295
1.02743620013894
1.02713104376034
1.07265748082339
1.02542285296938
1.0217128168611
1.02452618319768
1.0103200934607
1.00909866996174
1.00180996908855
1.00157532468181
1.00201527746725
1.00223476922997
1.00669844082346
1.00230752233021
1.00617236444744
1.00351360701241
1.00868919042321
1.0100219349237
1.01291685778029
1.01204153643003
1.00679053714049
1.01991618199317
1.01458699722039
1.01076330166847
1.00972544561242
1.00668359090481
1.00654541126811
1.00122584129954
1.0009225692747
1.00097420687923
1.00117730985328
1.00159183634507
1.00226237514433
1.00244148792628
1.00111099464225
1.00125013960492
1.00116756764573
1.00063508680416
1.00064591996093
1.00015042152347
1.00013418175352
1.00017879520483
1.00035700219335
1.00046113603918
1.00036344266118
1.0000755689258
1.00005469463001
1.00019722422488
1.00007843376019
1.00021594260569
1.00080793187655
1.00175913304598
1.00124968849136
1.00095787851588
1.00053699236757
1.0004236969327
1.00033542918431
1.00013391353404
1.00039040646051
1.00021979382941
1.00007985668363
1.00006012758098
1.00003337854223
1.00001191706022
1.00000721367784
1.00000648867828
1.00002546464548
1.0000693010994
1.00010486192526
1.00007491167948
1.00004282866197
1.00008497757884
1.00011635797021
1.0001923578705
1.00018261666963
1.00007540980849
1.00010524569941
1.00022653268674
1.00036450426258
1.00050539787727
1.00035327784559
1.000267565511
1.00162732939703
1.00146631143194
1.00127988735553
1.0037026824357
1.00474572514137
1.00185176403998
1.00172312639129
1.00600981727494
1.00286124968032
1.00254538283713
1.00129690063562
1.00077228801546
1.00059843903709
1.00068293610263
1.00043558926837
1.00024812385004
1.00021314875618
1.00009079826949
1.00008481626624
1.00007920564779
1.00010978060942
1.00015296394107
1.00025263992972
1.0003890748367
1.00051579775532
1.00039346401172
1.0009164961521
1.00438754812314
1.00405030670367
1.00127089553668
1.00358374781966
1.00327404107675
1.00357418606261
1.01736291610369
1.03616449848726
1.04201153270773
1.08495846200095
1.14173697883903
1.09552990632168
1.08421918314051
1.25561965726285
1.39254913421629
1.37271633996781
1.61015182072598
1.57976255353913
1.40911391079342
1.17760521476083
1.1855104205139
1.4036839983844
1.3589078048658
1.43122400160449
1.49053567469521
1.82429065213267
1.44285570671206
1.37838380611617
1.28878978402033
1.18312980516125
1.0488593149119
1.03171646451856
1.01342788096911
1.00863677347484
1.00790494941075
1.01429009425471
1.0077844004467
1.00643948927582
1.00536282778631
1.00602411792928
1.00255979181746
1.00306918483882
1.00381427976052
1.00275630625276
1.0021760369865
1.00375925051002
1.00161139147638
1.00401492122614
1.00302776402996
1.00101725320538
1.00081455406292
1.00069271692304
1.00175259259937
1.00071314716458
1.00094306536756
1.00078985567172
1.00082307415603
1.00095144794768
1.00121662450917
1.00074016352587
1.00041123891992
1.00057420074623
1.00017624898275
1.00059347218086
1.00130325312373
