2.4999
2.49958362988089
2.49968749127561
2.49984084901722
2.49966399813629
2.49967875160196
2.4996427000192
2.49952044654059
2.49884510294163
2.49890993836069
2.49628021879134
2.4981828105686
2.49736702396245
2.49470821316854
2.49331212653664
2.49511104698378
2.48793809201692
2.49393568112842
2.49347535699121
2.49340942548018
2.49152762621596
2.49256098909809
2.49236380567997
2.49844404928186
2.49825286705813
2.49806097031165
2.49838881759514
2.49834162359677
2.49788200374995
2.49923599281246
2.49918880100726
2.4988014187005
2.49875539972719
2.49927855195517
2.49908789823026
2.49757967970289
2.49821257790742
2.4983263260808
2.49886377355014
2.49748956237994
2.49688409707374
2.49263485797624
2.48590380976558
2.48453774833064
2.48547974497969
2.48740409862973
2.48994947979381
2.49208725517743
2.47642041406992
2.42081189187357
2.43118401675354
2.34344415285151
2.38338559183052
2.39902963033004
2.35618898926323
2.39166066873986
2.11508523971229
2.00215999690747
2.03647259345075
2.29667568085423
2.01463560978629
2.14677816874523
1.94753429907304
1.96250005233589
1.64105139346226
2.16278306122749
2.20850934288427
2.06572364244188
1.94804438291364
1.77328775114008
1.35864284193452
1.45546627173914
1.78217777553359
1.95188137453609
1.95560401223212
1.61516045120263
1.34345251205781
1.49937701239012
1.63884966517045
1.86967134856682
1.88263922802706
1.35030648527443
1.27986522196435
1.8157562535091
2.22596507088646
2.11269326311737
2.11102509117208
2.16859726697661
2.04144698505739
1.57386247085795
1.73440423516026
1.89702005888036
1.61618662676422
1.59178485464537
1.49962629320825
1.34437656565457
1.2978907116061
1.10750984766329
1.11491500828597
1.12351234261414
1.11728127843317
1.15756193385314
1.05811041199758
1.18127443127681
1.46441119394709
1.1599902565419
1.21742016932441
1.20431194617674
1.51398437212788
1.43518589167016
1.73181350416844
1.87072056427178
1.86008654157762
2.15071358603932
2.11689596790678
2.25586817109947
1.80615259436409
1.46079773629381
1.6495087078288
1.66051820289574
1.86228757083788
1.91833459644363
2.05462201160361
2.114332852451
2.09324854214958
2.26473135583186
1.86697156369468
1.3800766570879
1.22775722546448
1.45916930242844
1.4359973142819
1.24947924264132
1.22864725221231
1.60696086478305
1.31714132692155
1.81220981222659
2.09809015426559
1.68033243249704
2.15510859682854
2.16885529462179
1.55441642975944
1.53897877167428
1.8131046962793
1.95803548449096
1.8207889124042
1.82358722324069
1.83129052148515
1.78893984048063
2.22685154055225
2.24811077234841
2.26975984429182
2.26001563737922
2.39344660911753
2.28567484799056
2.30390409576879
2.26922235791326
2.38065442512616
2.33522303595844
2.08857560806328
2.19223308461662
2.42609743852707
2.48123699288563
2.49289362750646
2.49079649279642
2.49234192835799
2.48871157907305
2.49441869082183
2.49142998921987
2.48024513954801
2.45743139561268
2.34217911627628
2.18199201738497
2.14875302868937
2.23644191577504
2.38291884080485
2.37643139528785
2.43956716266482
2.35964061377589
2.44442120068738
2.39477743711345
2.45277236471325
2.46065289545715
2.4755291876585
2.47472516970581
2.48660170758445
2.49245031987448
2.47583782733228
2.45417711902214
2.46595311464958
2.46370612684785
2.46043221460949
2.47815280721992
2.47008018530861
2.48752541785363
2.48814963459283
2.48072727388746
2.49287679863061
2.47595671620369
2.49315674603462
2.48895766419422
