2.4999
2.4999120294975
2.49990395881614
2.4999537000738
2.49979239764277
2.49995063197112
2.49993838276226
2.49994348573781
2.49993468561162
2.49998375021134
2.49997905154283
2.49997618365036
2.49997257186351
2.49993383096937
2.49994233474456
2.49993313512522
2.49998103489043
2.49998485145275
2.49999326738239
2.49999306864967
2.49998926012184
2.49999417669905
2.49999193730359
2.49998681918411
2.49997918835359
2.49994740050281
2.49984132898637
2.49987887770703
2.49959114545654
2.49957194354635
2.49949473820551
2.49899911283619
2.49866612693966
2.49835438603473
2.49958599814955
2.49972677323266
2.49985672310368
2.4999006948956
2.4999319251022
2.49994580167503
2.49998326063824
2.49998783649295
2.4999943191189
2.49999050717434
2.49998615266729
2.49997080382033
2.49995439780728
2.49995933853012
2.49997739489254
2.49998709814856
2.49995860657635
2.49992271418147
2.49987277205814
2.49990275932228
2.49988139870222
2.49992947693749
2.49993024651794
2.49984789492759
2.49962681760164
2.49986176152392
2.49984907512875
2.49963216075102
2.49984285793598
2.4999206225921
2.49972651366922
2.49959838118642
2.49894851652084
2.49906765070251
2.49922576265462
2.49966801509819
2.49976919487798
2.49979952681976
2.4989601928708
2.49876966421808
2.49834344534728
2.49808560434099
2.49894161894238
2.49908628574996
2.49908512073641
2.49945279412839
2.49963771927965
2.49988653387997
2.49988060261489
2.49992885313959
2.49992350450344
2.49990863706249
2.49983505592454
2.49944346331753
2.49915277617864
2.49781276930347
2.49608345150792
2.49825040927975
2.49864189342682
2.49648084994073
2.49254961863257
2.48685072205727
2.48612981595325
2.48044782867294
2.46148793794353
2.48084741890982
2.49061229352969
2.49485818270787
2.49187862395213
2.46046585334066
2.43402425976123
2.38772604148134
2.34789426219283
2.29704540144451
2.36867842784452
2.26791571948213
2.24759811839288
2.25936722103135
2.04975078153258
1.82473298618328
2.07945808602841
1.94260927125056
1.68114972206636
1.65320725989987
1.90214610402746
2.10894489676936
2.21170540309581
2.29749955812699
2.4143364922745
2.46882145985167
2.47817072795168
2.48831766193121
2.46528932310694
2.42769670069624
2.39646806416863
2.47418138742218
2.45470160897519
2.47082775799371
2.47922544217523
2.47354807760459
2.43019293581946
2.40687441697273
2.40056045585815
2.37297699694797
2.28345644839187
2.31287481469592
2.16504608238979
2.37277425449995
2.47298753494123
2.43554015548731
2.41720597907376
2.30259134251961
2.38397623380778
2.22356798144169
2.10020665932003
1.8315781689906
1.71535677561016
1.99133247675909
1.83437385565923
1.41930663269865
1.70731739940758
1.68577514240015
1.91934749128323
2.36853008395737
2.39718658453325
2.46402512924018
2.42436329601667
2.45276080123882
2.37439448664641
2.41538275054513
2.38962278397207
2.42347470666745
2.3726602245507
2.29601686538829
1.88374034950118
2.16009819438658
1.67044559086022
1.5752084394033
1.19284669035898
1.18255652596882
1.26604205418929
1.19239806941486
1.12771531815973
1.03994108871369
1.0485473778071
1.02786570222121
1.03346782331085
1.10381410485591
1.22517851253248
1.34126968793497
1.58938806124502
1.98067130970945
1.60358207508088
2.08226441527078
2.12121511847399
2.17516643913086
2.19996664821516
2.28188717327892
2.21386701808949
2.16032924293241
1.98622052920697
1.95837935201166
2.06739489412708
2.16693463461176
2.10515847446916
2.22986275039755
