2.4999
2.49989896161512
2.4997702832219
2.49981847820676
2.49978243314549
2.49946312021792
2.49989460077056
2.49974942452148
2.49982875120299
2.49979620410981
2.49984873203382
2.4999557225265
2.49995791149255
2.49995831586349
2.4999253740231
2.49993668995272
2.49960054468853
2.49896900528421
2.4996016583846
2.49933759295223
2.49969442655194
2.49975655719478
2.49958455594227
2.499914573039
2.49997444698622
2.49992856418163
2.49971999551552
2.49992477756239
2.49965121308342
2.49916800207802
2.49799922459221
2.49857322852685
2.49858651099248
2.49865755466699
2.4985855255225
2.49862520863085
2.49937722235363
2.49937429942985
2.49844459185455
2.49868822607988
2.49915033880318
2.49863291327869
2.49862238967794
2.49955536331246
2.49893636542416
2.4989433034193
2.49825939126032
2.49843280921728
2.49830176562279
2.49820950368591
2.4993885922703
2.49836043698524
2.49518029607887
2.49872808947042
2.49928201525774
2.49937161210778
2.49674137352476
2.49929557519132
2.4990645138733
2.49635442099592
2.49499888844782
2.49821010932519
2.49739291048753
2.49582473057673
2.49791267404744
2.49750468205872
2.49694279508127
2.49725995463583
2.49887935955884
2.49772357103095
2.4944887666851
2.4924128764449
2.49075837377627
2.4921451121258
2.47456279610066
2.48364312718701
2.46255882293061
2.48701630382165
2.49485368586661
2.48582709278508
2.49505812989846
2.48271638968308
2.47065919721116
2.35333488772645
2.3510754398039
2.23815238168099
2.05293202934598
2.24187207097005
2.4425952631245
2.41001461389774
2.413968850094
2.47520248835263
2.4585295880656
2.44153515018757
2.42360307101191
2.42283700119577
2.35700673313134
2.25859588726951
2.23686163007063
2.29147002565161
2.4515827293318
2.35411610104241
2.29884584437574
1.99686924777576
1.98478978241556
2.28453773528973
2.41497090715802
2.48188493955181
2.47854457238772
2.47595287094813
2.42943053733642
2.42134541540017
2.38480489670523
2.35888212147278
2.4120727832897
2.36468725265833
2.22627527290777
2.05786774053596
1.73355531495384
1.77644398085306
1.6868346773681
1.72049206929087
1.43233748594942
1.2419937330529
1.53309706191748
1.20000292679026
1.26530862422121
1.22652377613409
1.22560663126134
1.15113342215424
1.06360230692924
1.0409416747127
1.02685573004661
1.04472106037983
1.0357241311728
1.03498618656282
1.04275156317083
1.01186414645091
1.01697860394373
1.01338313253048
1.01186302615339
1.01393536619043
1.0054503135408
1.0058361913044
1.00820725763813
1.00169369696569
1.00337312181103
1.01320339925979
1.00561351564348
1.00273210073197
1.00601957627014
1.0065292080831
1.00557085627661
1.00506631764021
1.00360313923166
1.00436568690208
1.00216168203345
1.0011296141845
1.00077159730672
1.00060230178605
1.00059193784571
1.00337055252242
1.00149474248872
1.00165777998272
1.00121754962927
1.00026303296137
1.00014608366481
1.00022758613377
1.00011288972064
1.00020041872587
1.0001172568415
1.00043748153172
1.00123479243673
1.00071160660369
1.00460436944575
1.00522898217454
1.00140895974221
1.00244793414688
1.00188673739222
1.00595639095716
1.02043520901099
1.00813314543823
1.00934769515092
1.00699835228373
1.00910658764895
1.00914590080075
1.02150292218136
1.04009176463868
1.06687294312577
1.13221921399964
1.16384901473897
1.11836561202751
1.05304357618507
1.21402983366008
1.08322481475684
1.12903636419091
1.11085373317279
1.04310953713639
1.03939498732445
1.05196551375791
