1.3796
1.62100774361171
1.77499030408863
2.04082053920834
2.02531238739114
1.91820655587852
1.70638741335824
1.51328695733438
1.55315116996935
1.31847246417236
1.24832433292598
1.37315256900625
1.41793450404634
1.49754972499462
1.20497831159283
1.53597235820381
1.47962157384706
1.50844542227371
1.64450654923625
1.88106205852926
1.87283778755825
1.9207360588841
2.14605935141769
2.1861878413345
2.36645636639448
2.31436762771565
2.30506312069638
2.42558702060056
2.45374421204441
2.32171778998705
2.44311106210628
2.45628494987614
2.43522034965878
2.43181560969443
2.44681040536939
2.47685974804327
2.46852855234517
2.49343761788038
2.4946691980677
2.49400352910232
2.49725403197504
2.4972408712168
2.49695445936955
2.49234348603303
2.49214137785231
2.49709923102441
2.49688027024262
2.4993066779172
2.49872475125646
2.49908866237236
2.49839545880135
2.4990424609863
2.49869517164377
2.49846327626826
2.49948906558155
2.49921103584565
2.49916655127506
2.49930994236213
2.49741294344203
2.49838943088894
2.49421265654657
2.48834301901837
2.48110948857759
2.4599332024851
2.39158976836148
2.3062446600957
2.24512044435264
2.11096020024931
2.10200822850926
2.21828745351315
2.11398961323976
2.14739397850481
2.41683804708417
2.46705641637255
2.48764200571454
2.49552154869912
2.49832253086619
2.49941952288999
2.49961888159015
2.49984497086576
2.49989242442803
2.49987371251312
2.49993749887018
2.499974785956
2.49997263491875
2.49999486481764
2.49998828077165
2.49998978920423
2.49998727551372
2.49998732321584
2.49999340018827
2.49999156227056
2.49998121025402
2.49998638205511
2.49997154919676
2.49994359297421
2.49994414472228
2.49998341213787
2.49995272630423
2.49994399997284
2.49995985067095
2.49994916626457
2.49992558769822
2.49997854252156
2.49997835516537
2.4999648928107
2.49986488302925
2.49991996323497
2.49994367162657
2.49992683938739
2.49978962137994
2.4999533765584
2.4998060436264
2.49990486960307
2.49997073832273
2.49997183076255
2.49991950816098
2.49990522795587
2.49974069339826
2.49982954963673
2.49994582479172
2.49996483258661
2.49994161050887
2.49994745316365
2.49994999138574
2.49990258708427
2.49992236971478
2.49982831352335
2.49959866539736
2.4995602118887
2.49963106365724
2.4999061996811
2.49998190818989
2.49993782347527
2.49963165658132
2.49988258335711
2.49987874649045
2.49993988871805
2.49993171247053
2.4999532656248
2.49996933312852
2.49990495815837
2.49996985102717
2.49999381898243
2.4999772545369
2.49996796731003
2.49997073830312
2.49994128206285
2.4999550897698
2.49998517982932
2.49998130748934
2.49997896522495
2.49998474630848
2.49999260133969
2.49998834744099
2.4999902264815
2.49998308395787
2.49996034346389
2.49999059637281
2.4999938318393
2.49999579301465
2.49999442273778
2.49999823370632
2.49999841847237
2.49999944161724
2.49999934881105
2.49999819234696
2.49999800073986
2.49999796203355
2.49999418572139
2.4999925717206
2.49997891450276
2.49986222935487
2.49986970267403
2.49974508888196
2.49966554272676
2.4997432841426
2.4997627300884
2.49949124118622
2.4992431705041
2.49985257784986
2.49993242355859
2.49996973473761
2.49997554535217
2.49993484809913
2.49995640312357
2.49991815440491
2.49996980514915
2.49991891457126
2.49993297802094
2.4999767468846
2.49995517334617
2.49992886197292
2.49996061561262
2.49997537739681
2.49995555111724
2.49990667344624
2.49991612798596
2.49988528023542
2.49985731850356
