1.3375
1.42468441788046
1.75123362525271
2.17081986845053
2.12686621095187
2.13718433948893
2.11482902851821
2.06057000416148
1.86300782299833
1.85919530496168
1.9274173566211
1.93922099607643
2.05070734806982
2.25858620267384
2.10264346457266
2.04024833013283
1.57306584481746
1.58712737184391
1.31355987058009
1.3812055192891
1.75922126947824
1.73887364248542
1.53792251321299
1.60405339341082
1.59064689077253
2.02918437328637
1.70823349501046
1.2445116491668
1.55495840334021
1.40191423863668
1.88921985721944
1.50168069048949
2.09139680620924
2.18421426896672
2.343107435829
2.36451248336257
2.20105045960292
1.94875595439269
1.76689494231112
1.48987072507628
1.58679264804492
1.42162317177924
1.26811516777882
1.476000551946
1.5479791695439
1.66677559626582
1.58862217101378
1.58287356678094
1.41720680839394
1.11470353462947
1.24960990173077
1.53575872661663
1.86356719290424
1.65319793960528
1.35939160617094
1.21569684677088
1.29203781274655
1.44175224805324
1.68098376787368
1.88998228438541
1.88527136276761
1.7583828230026
1.464674667567
1.55860719118717
1.64861765575476
1.69028845238972
1.44463898503207
1.65379687217571
1.97755772264173
1.94905229110515
1.40831979000664
1.6324745937513
1.87659021336314
1.42383444333012
1.25930853689314
1.14151248556588
1.18452793513986
1.07405451861108
1.0463638130736
1.08834440688841
1.16943475947335
1.12371697102324
1.23100708092837
1.45616815266902
1.34117635642771
1.59898094614047
1.52738099388236
1.26959584368303
1.4617822806164
1.78833706371937
1.93056545771215
1.38632894772982
1.74160793109687
1.46580683914795
1.50564317332491
1.77393615780115
1.74720103269028
2.05216696751627
2.18138895522575
2.23321725644659
2.11437036616283
2.13692206944963
2.26403476451953
2.12225280147899
2.11810146906942
2.10355479371006
1.65089054229943
1.66955689159644
1.40987112904199
1.38303106747535
1.21309667792468
1.12998339552492
1.07472202012271
1.02452031361078
1.01657979455346
1.02260655843248
1.05884206969831
1.1565803025266
1.2471389841187
1.40994642172453
1.78380055219681
1.68334123818607
2.21042489626238
2.27983715233624
1.95663703537376
1.91244430592102
1.90940576559993
1.94452582268893
1.94529060772867
1.89417226351422
1.76800049089721
1.68685132202205
1.42458163634937
1.21019358485975
1.16525104607077
1.37312924706705
1.66429254824506
1.6663047782368
1.27400798722634
1.58731979775053
1.60852971837067
1.57254690426486
1.69385862446042
1.18097944326749
1.18199222851636
1.39405043011005
1.264676859168
1.34951854694701
1.23873311437579
1.36910470985331
1.11072103387842
1.02849137525084
1.05651717611974
1.10150772358847
1.09931365100022
1.07905818153662
1.13615818964659
1.1472917665022
1.23913204348632
1.36582044011701
1.50098514817944
1.37948841278035
1.33420846223391
1.51115280968987
1.65588283593197
1.95609669148865
1.44167657215399
1.41054175652045
1.22395731203546
1.22385114113051
1.11515951558877
1.34940335088045
1.25623984763707
1.48257910054113
1.86511253719808
1.86075944260232
1.7049693013895
2.21039929443658
1.82883735464785
1.56139034291704
1.43304369657127
1.34689553739926
1.92352839214278
1.57388829587104
1.46226106665932
1.34177544856895
1.74806842588904
1.49222495435573
1.74907617987554
2.19268112460218
1.8933105252858
1.78234365353318
1.24324572998786
1.23361017383849
1.21939182893495
1.57817932718239
1.33452177487052
1.36053754923211
1.74086059255825
1.93980605748182
