1.5388
2.03352888942741
1.89793680600486
2.1580167981929
2.09581641188047
2.12555547461264
1.5148800624545
1.52603776130717
1.44889746726181
1.50406262130136
1.53533889916591
1.80477631898106
2.12159285182455
2.04182545427623
2.06968785644398
2.3386166107012
2.22774845353602
2.22168909805563
1.77049047647298
1.30283421814192
1.45354891758617
2.06566683826873
1.6389035183792
1.27502786490506
1.43593415253067
1.38929627686138
1.32755440889527
1.46397107508681
1.22408328155519
1.29587848985336
1.90063570036097
1.67893814234529
1.85018847121552
1.37660950280123
1.39605115389585
1.41661335839491
1.40171598862416
2.00981864563841
2.04251531935443
2.03291664263727
2.05219895013761
1.94810190376252
1.76608937424485
1.82904338314989
1.7694486312477
1.49920244482697
1.38288829866988
1.35951958213133
1.23237789711368
1.58069047119841
1.91332994341954
1.93885439514408
2.28454811335269
2.40050446722812
2.43500434271904
2.44341754635678
2.43951036141461
2.19948180160018
1.88233169905353
2.09834227083279
1.89434308323642
2.03093745109184
1.98467538164971
2.18735333145928
2.36962403980451
2.27441547563775
2.33681669289411
2.30281862251093
2.30298118142804
2.35245316061907
2.42185598725348
2.33553367710307
2.22857445421318
1.81471077647644
2.16724724944173
2.18927596311621
1.86987967017125
2.02546540875574
2.13943991646348
1.82353034128235
2.2009911684004
2.3864535572526
2.41401879369888
2.41225800190564
2.41370459473186
2.47898823419834
2.45899642417264
2.47749739308627
2.49133414063543
2.49551122520596
2.49764292121601
2.49918249445849
2.49783090754461
2.49949927760734
2.4997962532161
2.49986070384323
2.49994448331402
2.49997546829515
2.49996632370608
2.49995860717319
2.49999057528354
2.49999657428443
2.4999973807245
2.49999867303545
2.49999569751711
2.49998676081656
2.49998294406658
2.49999099153669
2.49999261407037
2.49998862796418
2.49997952066376
2.49998201796684
2.49998927826623
2.49998932720245
2.49998922533451
2.499984998998
2.49999190017643
2.49998984392299
2.49999270654635
2.49999621508236
2.49999644317758
2.49999086376076
2.49999118359668
2.49998732880695
2.49998673654688
2.49997724901362
2.49995299868461
2.49995864787843
2.49995896671035
2.49998106260025
2.49997900975137
2.49996880217789
2.49998141967788
2.49998469949735
2.49998646857057
2.49999052761169
2.49999663252743
2.4999861447856
2.4999897630028
2.49996289645371
2.49988574308265
2.49963878769308
2.49943778797689
2.49977887194784
2.499830612401
2.49973752618725
2.49987144621474
2.49964142642372
2.49948687449089
2.49926731447393
2.49945977486276
2.49963873394566
2.49964579012548
2.49957787451384
2.49912421702328
2.49789665314232
2.49795589983915
2.49895601623857
2.49975826740037
2.49986501603593
2.49974351151379
2.49955052884533
2.49935595352343
2.49934504288398
2.49959374782958
2.49881192102862
2.49793765744945
2.49747036768037
2.49529880601035
2.49818078624036
2.49701388337494
2.49543623985723
2.4900509993567
2.49082567912639
2.49438160976618
2.4927144123158
2.48072616703216
2.48258543869712
2.4793481515226
2.48600853895627
2.48945053500271
2.49020589575373
2.48626196660488
2.4858902531732
2.4962524826214
2.4921545502858
2.47671030613347
2.4861698995127
2.49645915650536
2.49589063003259
2.49347540521862
2.4948031680406
2.49464388950122
2.49893061479781
2.49893685360943
2.49803033263701
2.49476012496036
2.48910551562145
2.48968902625608
2.49143255870837
