1.7718
1.78735459714876
2.03141515736543
1.85535869832146
1.74431679078992
1.67545484100131
1.55021118646533
1.58650070111526
1.49573229529335
1.95257623694733
2.22674904980344
1.92578054308205
1.94492492858508
1.88957848412411
2.03567900788695
1.49019401614242
1.62717134043059
2.03648223811569
2.08429288365328
1.92775335710745
2.30184976680306
2.32049203393147
2.37500728477647
2.35571475898186
2.3306900572174
2.39669507780953
2.39339034356059
2.46112727889876
2.48895148606932
2.4776366779655
2.47782370015759
2.47531965002128
2.43205142626393
2.25180094883625
1.75329616961878
1.45966740296152
1.34175485978131
1.47370752917902
1.58210628118071
1.65758445712217
1.4166149841946
1.47244152045635
1.74197287753695
1.95205321296191
1.95219513376851
2.29340137687651
2.34334605830228
2.3761850472817
2.18555522870737
2.3851601078202
2.28760263309739
2.37654090510286
2.03848602333225
2.22956813765805
1.93583005362316
2.2774253531486
1.97039023999846
1.83291686171749
2.26143191370232
2.39569599856824
2.43553167927352
2.48762649511711
2.45917664091547
2.48744385067982
2.49792794627037
2.4967432135841
2.48360150310294
2.49217917802651
2.47692071443196
2.47704142094836
2.44416685708088
2.47244462843427
2.41827900231016
2.47619861584083
2.42463642168275
2.46471653369847
2.45841332738867
2.46047524119276
2.4795451827189
2.46276897193633
2.467060724624
2.45381203813681
2.481235705559
2.4923669346561
2.49372572699664
2.49893048710355
2.49588018657688
2.49363357472829
2.48875900474631
2.4707237920836
2.47030594866821
2.4914563800326
2.48705873860978
2.48561460403331
2.4940229203894
2.49626631782416
2.49931697895937
2.49863019711885
2.49949688954137
2.49948134487112
2.49972525405821
2.49991937527356
2.49994377292812
2.49989007055956
2.49980621114605
2.49993081594497
2.4999353171516
2.49992978096847
2.49997445855699
2.49990523909054
2.49994917046126
2.49995157202134
2.49987591678045
2.49974870165376
2.49989866816148
2.49993031555775
2.49995288398209
2.49996637565151
2.49990193315346
2.49997434208593
2.49994542616183
2.49993469447167
2.49988306323216
2.49985607499655
2.49985439575224
2.49994033541555
2.49988288918857
2.4999431855421
2.49991626202766
2.49992685954246
2.4999313131002
2.49984757340373
2.49975109479069
2.4993579131009
2.49942334200537
2.49955945641599
2.49929945188747
2.49943525386963
2.49980607157256
2.49990896757744
2.49975492592985
2.49969265606213
2.4997748707275
2.49973089221366
2.49976677215242
2.49982014873914
2.49995992913646
2.49995822409122
2.4999555976016
2.49997731643989
2.49990419258523
2.49990335595996
2.49968171554042
2.49983268292448
2.4998879538623
2.49992889554043
2.49994146691211
2.49993861333485
2.49997240660744
2.49997275634136
2.4998954364424
2.49989032458368
2.49996997055503
2.49996939914117
2.49999005203714
2.49998364672211
2.49999156456667
2.49999512045169
2.49999787052242
2.49999448987728
2.49999244623474
2.49999211435315
2.49999204447677
2.49999286047154
2.49998793691542
2.49998650593086
2.49998807546356
2.4999847434005
2.49997641958603
2.49999396419808
2.49999256753887
2.49999054283479
2.49998940653631
2.49997437258183
2.49997755087601
2.49997290506259
2.49998498344205
2.4999933395565
2.49999370906031
2.49998925368919
2.49998754089063
2.4999856526196
2.49998851056984
2.49997979118295
2.49997239327412
2.49997170412935
2.49998638018114
2.49997729377937
2.49998582258021
2.49998622403683
