2.4999
2.49991710867479
2.49957351368761
2.49940314162024
2.49923711432017
2.49882703483057
2.49879290850577
2.49934681256253
2.49897190240672
2.49955978148813
2.4997882678472
2.49994051178961
2.49996790939642
2.49986521899906
2.49986007541227
2.49981903599103
2.49989647758635
2.4998894564874
2.49990526165559
2.49992297221948
2.49981402948374
2.49995213815916
2.49995089376781
2.49994322087729
2.49995607048702
2.49980498775312
2.49993961967365
2.49983915504402
2.49992381233166
2.4999427912469
2.4999475569152
2.4999759129086
2.49998157037081
2.49998065004667
2.49996332813932
2.49996174893985
2.4999471597961
2.49994678859516
2.49991130881718
2.49961771179606
2.49840211481113
2.49839162127098
2.49355728102078
2.4916605129775
2.4919008904282
2.49628498604713
2.48935247573646
2.48111188989852
2.49074316241499
2.4765600159941
2.45579592519868
2.44716048973654
2.4740717963774
2.47956840935231
2.48779311180762
2.46961442572287
2.49550250108745
2.49640594196438
2.49379751494961
2.49662857038883
2.49652072455738
2.49718903291132
2.49597241362026
2.49215279269068
2.49156406787313
2.4612083855211
2.42720066212834
2.41298465318051
2.47271378742199
2.45755884410359
2.49255499203928
2.4932718244896
2.49300036127755
2.47453685703547
2.48669743136065
2.48820683513195
2.46269316019628
2.47248054187278
2.47020834786735
2.4746230977581
2.48267405849875
2.48010734964565
2.49025165387293
2.49322703482851
2.49690469836357
2.49531448656071
2.48481212449809
2.44705876852143
2.47125871491757
2.48780745013437
2.48852513042686
2.48642788051051
2.48485320019336
2.48409032774345
2.48392795754132
2.44830517728923
2.35170492734327
2.27951616911983
2.26746096744393
1.99255244233362
2.10549069912456
1.90567667905688
1.87652504313657
1.54882712846823
1.5122453922977
1.27649809452887
1.1472791780328
1.27778135995718
1.74095142878469
2.08088857771964
2.10504257322474
2.15129814669204
2.3392354223936
2.08668689684583
2.14920478597363
2.0370777203778
1.79756972377494
1.9866829853179
1.56167315563682
2.03698510053397
1.78219819526461
2.29931461033179
1.99598986661308
1.78071377079173
1.24407112821852
1.35889963564539
1.18865659929158
1.20646224139921
1.05569549378987
1.09434566331924
1.14330921603368
1.15905165704012
1.27172995448942
1.72550133199555
2.05479283457231
2.1420425799293
1.88606839290628
2.13740440008749
1.9879273646402
2.29033852335851
2.36509586320356
2.29783945167108
2.29844609078423
2.41920167002982
2.37333084018642
2.30851885277732
2.40301688209387
2.37620142509215
2.38834157058591
2.38392143467828
2.43412983480152
2.45910434358992
2.45413037766341
2.45971742666378
2.48690362749437
2.49249142146039
2.48939518191675
2.48704260142913
2.47527355782755
2.48309185079516
2.49172619302601
2.49181961208009
2.47000900358013
2.42239535997108
2.45856752994701
2.45963142179462
2.43634057467922
2.46483492838262
2.38023901444644
2.32991146707525
2.4478482941167
2.48364874004795
2.47763563016944
2.48105410848823
2.48872868341581
2.49386911711372
2.49733377056998
2.49940071991606
2.49878252321242
2.49636715893871
2.49801733608517
2.4941508599327
2.49484106682787
2.4981567577977
2.49754243473778
2.49896072527796
2.49871251987439
2.49688860782398
2.49924794840818
2.49940660898026
2.49721499115633
2.49746531764689
2.4936685183177
2.48089213460479
2.47202902289359
2.41884723673363
2.427885889104
2.43714195226392
2.41438467671299
2.45561007124659
