1.11
1.18000367681505
1.20237078847472
1.22381490544602
1.27187669035941
1.40095374713019
1.41075331508594
1.3546489337734
1.48765715992997
1.3966496250633
1.37621414929796
1.7112303028174
1.83378046000337
1.75858211821061
1.42437115433983
1.52420434797636
1.51223414173208
1.49390246697329
1.51019328212493
1.58621118838299
1.57126319392709
1.60064806176791
1.6233490922694
1.54213013818895
1.50768518413471
1.39154995716327
1.20563832885654
1.16852366928809
1.26745750287081
1.07192184453857
1.38456069923877
1.22044161745956
1.09946377522152
1.31037316858713
1.26467334271812
1.20700015159206
1.06094244764287
1.23261554633152
1.24455841796627
1.16912923690398
1.17012079312849
1.1023852219743
1.08140958632178
1.08448417553174
1.03230748634023
1.07346105284525
1.2539245104772
1.2548848534053
1.31254244162944
1.23166133286689
1.39407838646637
1.16057732435625
1.24246282321928
1.23115584737289
1.18806059394786
1.06284837377863
1.06991330386916
1.01888040671323
1.00282725637024
1.01341963359473
1.01119842208679
1.01313014114176
1.00455045266732
1.00137613582691
1.00591816854648
1.00997447949486
1.01242105893614
1.01870606094434
1.0463319914674
1.08277048498031
1.05837421214746
1.21925465105016
1.42250458523185
1.32959307789493
1.27006869580397
1.34136163161332
1.60379087209055
1.64582868507494
1.67426818156434
1.56448141116991
1.37995252057233
1.43724028772681
1.29333682544543
1.46161845006508
1.36046372029797
1.47124034138875
1.45330325809466
1.64990394547015
1.63853427246465
1.72311004638197
1.72040194153899
1.7220350021326
1.61183562260584
1.55308674752744
1.51402450075643
1.49981050551433
1.40317744706568
1.4379505801063
1.30315446003667
1.23992511797418
1.20091552430126
1.23952048091402
1.20445215227696
1.21787577987978
1.10635958385252
1.05413362520858
1.11074369453057
1.18319964378059
1.20100691889477
1.19072780541291
1.68019432111634
1.64931800984141
1.77547061665621
1.81445457269739
1.75198944693847
1.64681393102585
1.77726573934557
1.39364675764041
1.39402137639295
1.32086379113529
1.62752561663334
1.97437892811985
1.40804927649982
1.3913388237261
1.44793748288613
1.63067295839233
1.62956091229398
1.65291249165978
1.55155212610103
1.47822025994988
1.5798711793631
1.40383031722087
1.44729970966926
1.77516704255588
1.64615983572653
1.64115041661258
1.6537933366319
1.36518474061899
1.40870011832567
1.33759036378735
1.36171567296
1.29345597773849
1.21110308075184
1.4344039636324
1.64623664485097
1.41120474634669
1.42235094268809
1.63935068724721
1.6121850399787
1.61250628290854
1.72503156765863
1.64992471749637
1.35797807808896
1.31505775165634
1.31743604523581
1.37626957540013
1.40600057041156
1.45944238129054
1.62479023747367
1.67459888956254
1.80479038429373
1.76051036517446
1.37700320155111
1.42762211949537
1.35581508557343
1.42319191551235
1.47537763375599
1.44451101906395
1.28106788307889
1.49470770456396
1.52724118070684
1.50577243850919
1.41969899490863
1.64579499656151
1.39936542565847
1.35789298869528
1.43880662256848
1.70957267779223
1.66000033378312
1.57919845505259
1.38710620378509
1.60564228760434
1.8271308040951
1.73483925918556
1.68814139490676
1.48280121601796
1.53733309216793
1.63469690161749
1.6442031945327
1.59611585166714
1.51572155767152
1.29368578448167
1.29082652203532
1.2943780919116
1.16511144432527
1.1414862549368
1.14333305470918
1.12866319872592
1.11690176507141
1.05908194287451
