1.2239
1.2355324326508
1.316479969639
1.42309551513678
1.41815579617305
1.41917519277498
1.4899921574474
1.41434995000716
1.12644554135158
1.24238358906933
1.38302486802885
1.37540643242584
1.57849768148414
1.30325142708237
1.31334707360024
1.2413806144127
1.09444067748311
1.1687810544576
1.22695224118367
1.27607963712615
1.37720794843626
1.40092007428705
1.94853408821748
2.2700150522344
1.99083449308635
1.83948524881702
1.67785211160203
1.97656015306655
1.80310969044463
2.05083635795526
2.05685732374823
2.22859865649141
2.06444288690127
2.04476011276113
2.22162238907766
1.7753838851003
1.78819143690546
1.56618886974489
1.7209581801649
1.26564510744367
1.23107685622
1.06978019542832
1.10925737567975
1.17825006639723
1.46955248456456
1.4712101670319
1.39649661046836
1.26304701155724
1.18934673816459
1.48003427001497
1.94808784691668
2.16633354124298
2.16202868902022
2.32664052970823
2.38766507265343
2.28752286543149
2.41186297953623
2.40262113329257
2.40948446815238
2.09029213602137
1.99775338670782
1.64014080359662
1.84862508994853
1.8959663378206
2.31239268600047
2.25014534991699
2.32573490197711
2.44621293996277
2.4511706644885
2.34952766246542
2.32639218390113
2.42382446093415
2.44838136538703
2.36532122588784
2.2139484339613
2.14767072534299
2.06137377058955
2.01081404730282
1.67802087757696
1.74468844734664
2.1627986346589
2.07720494812544
2.14674132542555
1.7323147109628
2.20129546585701
2.21217874661437
2.16069800967
2.0435638307445
1.81171120649599
1.93230267942609
1.4259191493965
1.53998318271972
1.57344646147231
1.30197922601811
1.23190713349301
1.27310080836684
1.15187490890326
1.48214660958126
1.65809495938517
1.69456027499748
1.95720490967733
1.92179753145204
1.92532052471596
2.05388919970795
1.57783292657696
1.91528162448869
1.94668676302589
2.08467184181068
2.05548089775596
1.61012792219441
1.51577334429997
1.67038200198792
1.41200319255643
1.09598108781743
1.17601263301376
1.26300396703411
1.1766183785254
1.08329714534789
1.06434592050194
1.08854168149642
1.01887058565303
1.04464414003148
1.03469890466162
1.01004601792411
1.01943274513347
1.10967222835415
1.09532885210725
1.02578659537153
1.05833112809419
1.04763351968487
1.11344426817922
1.05770272515966
1.06289628512262
1.02505739264046
1.05020585260141
1.02564343973402
1.04433126896845
1.188886137841
1.17260591388242
1.13706635961294
1.21974364456868
1.31205808585448
1.2279661676078
1.10444069080683
1.2047097386925
1.13984722074785
1.20428349071263
1.15803725431325
1.1896559361164
1.33884894584637
1.38994480223793
1.39109713821108
1.15808629616276
1.15553905999498
1.09638030301083
1.41305899978057
1.65788393448429
1.98122096629739
1.79727256233708
1.84456571369774
1.83475670352047
1.58282371368181
1.26992223923712
1.18311015447918
1.28605957123216
1.46822890968598
1.94327036872055
1.71468196684694
1.40061395073418
1.45061475055089
2.10730131381575
2.23873081417735
2.42850946193679
2.48655774366909
2.46843834473772
2.45104180856256
2.40933145176096
2.41233294935966
2.45925609615096
2.45872361817384
2.45693466497838
2.46500832482679
2.37545730660256
2.39142769771015
2.42142293295976
2.21120107176718
2.21839059121931
2.08251503125976
1.6756731376223
1.63588299179661
1.52073841569606
1.61246953923433
1.51279749679836
1.56922520791871
1.29528821608695
1.19690747329524
1.09943552992967
1.1041595937563
1.09973488490186
1.05136811458404
