2.42
2.47502738177467
2.45794947371067
2.45106385348708
2.46572722322157
2.46059604780234
2.45867116465299
2.46603912158124
2.47076028119959
2.49187952311979
2.48463430595445
2.43461780424919
2.32750052465373
2.35002773511205
2.34390513532566
2.46139580578897
2.47041362305422
2.49238938156896
2.49258612993339
2.49054261540813
2.4925106256741
2.45929300852005
2.47753334853414
2.48326164167834
2.39582704815225
2.45946026076798
2.4158528254852
2.39026919882364
2.45785434137002
2.46483778804457
2.49050922414299
2.49549436419668
2.4802103539422
2.46395692400711
2.48503798270967
2.49068593450706
2.49342507864156
2.46526466714165
2.43515408845496
2.42971887372056
2.43369079342542
2.47438355984692
2.47767816537711
2.479836827095
2.49650920964112
2.49733851969693
2.49556828500887
2.49714808459202
2.49582181732659
2.49531099504121
2.48927091303379
2.48271599996747
2.47809235060149
2.49503145641288
2.49715462807648
2.49531028919891
2.49795751858576
2.49959389797718
2.49944385302393
2.49889634341484
2.49725026595165
2.49823029222125
2.49770257380382
2.4985985831394
2.49930753999082
2.4987931469898
2.49968532452694
2.49977858637436
2.49958456516615
2.4986819408644
2.4972939226808
2.49696508421096
2.49508962186243
2.49135866224485
2.49770752302112
2.49224536761402
2.48928312914654
2.48002482196603
2.47556834100345
2.49010115469187
2.45346400720584
2.41229459733607
2.42486764524365
2.38877319379754
2.45364347276511
2.44815487102034
2.34338329279299
2.40782036261726
2.45613609570218
2.38807729831719
2.40790809583869
2.38246687612525
2.4007910116291
2.43146149650754
2.32773199569165
2.29887121801833
2.08395178151527
2.25966016879784
2.22692866693289
2.23530002936296
2.43713767003918
2.24542067236384
2.16074047092708
2.39066376041966
2.2714672417553
2.4084911792848
2.3778419046628
2.20809419617317
2.12308391885675
2.03282008954042
2.10423590395406
2.22814319282417
2.39229559204449
2.2874603565914
2.33206775822568
2.37314312336413
2.1990455049189
2.23516914425688
1.99497779322555
1.97114749203874
2.12540134724088
2.1453146675316
1.87398937895277
2.04511801517317
1.94240335689176
1.71742038479383
1.55305485356399
1.77830112081608
1.77559422418894
1.89397135946109
2.1312713989521
2.22621953685676
2.03526072195107
2.30758641230963
2.24055445764575
2.24907523283909
2.22716015785998
2.20443725344194
2.27934715188151
2.22165591111498
2.41812154486878
2.42899437730037
2.39096255434278
2.34574910634128
2.24018096759935
2.38960333065316
2.4270925093213
2.45398067865817
2.40931818869285
2.44803334235514
2.41760416508828
2.44817298417778
2.42144396588041
2.43356630857832
2.31594295052598
2.16413047641034
1.94178659869094
2.26838465146764
2.05399208553958
1.94373478822283
1.6615777249148
1.68197308392048
1.56509752901233
1.55009945215936
1.53141453152561
1.35167361455387
1.66488042393445
1.89036358112414
1.81988129992763
1.84328964108381
1.88622438356265
1.69803190061354
1.76073181647738
1.73252895238038
1.83733482227171
2.30989049124741
2.31177431343906
2.11883715225951
2.19998749052586
2.32124318294935
2.43072300848068
2.39564506006286
2.44524520148778
2.48688461650348
2.47412288189147
2.46333655213362
2.42709511377968
2.41760379498341
2.32938623331478
2.32751260684483
2.27652100243238
2.22380195957397
2.22612579052851
2.29927063845976
2.32585875233124
2.01176944468888
2.00305488591671
1.90911280918222
1.67021713262739
1.78242858999909
