2.1
2.10142683801541
2.17932827957829
2.18849201283273
2.26609226336497
2.17137315522969
2.370634472656
2.33264129352331
2.30670601595821
2.29593655793966
2.02698643933904
2.20971451859147
2.42836014386422
2.32028388219
2.30169429755085
2.30771093307131
2.44619864368624
2.48635529952069
2.49405210363515
2.48113125754242
2.48963904557824
2.49185487665707
2.48083454262736
2.49208737751355
2.49667539483685
2.49838960614857
2.49853809430648
2.4985316245826
2.4985266758807
2.49723569876461
2.49714515832206
2.49612092652521
2.47510623495768
2.48539036578282
2.49345320261935
2.49672522958272
2.49747528414253
2.49608997309158
2.49689134823624
2.49421123669134
2.49734416655062
2.49517075339228
2.49318439693588
2.49736566881286
2.49055781234446
2.48838928532931
2.49789973736153
2.49657937588317
2.49601810909156
2.48551059164569
2.46260718172663
2.4106322590746
2.43598935578113
2.32212020139156
2.38473672764864
2.43444818047007
2.38616708763998
2.38551424680556
2.43561162491927
2.41515120856534
2.4546256727188
2.44263554949441
2.42187427379832
2.39215918749156
2.42742216767657
2.37966440117306
2.43980051931407
2.3791923819221
2.39214880161688
2.3310512818961
2.38164852470496
2.37354240409169
2.40070923558615
2.4745249329564
2.48607970579452
2.48621208589684
2.47999305281546
2.44417742154256
2.42020751054999
2.23375202730853
2.1729323436288
2.20485934460164
2.10919605322026
2.22125756604525
2.23929867193692
2.11750064959043
2.25283014027752
2.36578739489859
2.34649685872906
2.46145048968333
2.45953393334502
2.48909393613127
2.49033404673387
2.48730344946246
2.4855318702162
2.4843024140754
2.45456670356447
2.40198548085468
2.39872022043531
2.41662279761445
2.4652616756318
2.46161958301045
2.38866621470907
2.41487503459086
2.42185203595516
2.17231771694942
2.05134418002697
2.14469566001873
1.99296309950821
2.09154198336951
2.03305420528679
1.87939838639317
2.08367962370091
1.97837000624201
1.95161747101198
2.13030452504697
2.10971813253052
2.08648818101386
2.26491996055411
2.2535107120025
2.35491535982529
2.34979453601648
2.37633597163299
2.45385896498547
2.4150156545814
2.41603912478593
2.43622208813309
2.35779812592783
2.45361087125811
2.46349021519472
2.46666407286716
2.46723271039875
2.45116968715546
2.45067735313542
2.41806455816755
2.33175276597573
2.29439271129014
2.2810329914772
1.99077311350894
1.98980576070399
2.12550142983316
2.11165281396784
2.30267362604287
2.2714103704876
2.4281456793772
2.44653357434253
2.47535498949185
2.47906184800253
2.46877597664734
2.48509857843648
2.48817577046614
2.47572019974015
2.49493815227592
2.49858498564649
2.49945572534213
2.49961943411124
2.49835587597634
2.4988935248513
2.49902797385971
2.49896870372453
2.49922043955136
2.49885387647271
2.49782096108763
2.49749242590818
2.49861928412313
2.49959495305144
2.49982059972122
2.49981034179389
2.49987427680023
2.49994263205013
2.49980922382319
2.49995548544408
2.49998485689631
2.49998901464383
2.49997254477763
2.49998210605227
2.49998298029733
2.49999483625887
2.49999560293727
2.49999582363024
2.49999431650698
2.4999859482546
2.49999339584168
2.499995044324
2.4999983513379
2.4999936575223
2.49998863428294
2.49999003764409
2.49999448040902
2.49998940273883
2.4999845389208
2.49996747471978
2.49991462599518
2.4998206570544
2.49988892663608
2.49997157473855
2.49994052914315
2.4999325147992
2.49992179763929
2.49998348737743
