2.4999
2.49994368035052
2.49991087771974
2.49993466759278
2.49998193486824
2.49997305698232
2.49997126612543
2.49996643596174
2.49994971780084
2.49994949346596
2.49989814803611
2.49981444916454
2.4996756493076
2.49961585988653
2.49923375352705
2.49973393757744
2.49976890738771
2.49968998111658
2.49921301001169
2.49639257514256
2.49319905170955
2.49381280160893
2.49388908887952
2.49894415193874
2.49959895235723
2.49881556078673
2.49585536304011
2.49601727758694
2.49542679035088
2.49910115605533
2.49804759185055
2.49951960764787
2.49968158501978
2.49965179648882
2.4995020789297
2.49961246711826
2.49938087881206
2.49939294782856
2.49724129177788
2.49867891570224
2.49870158508625
2.49900596033182
2.49866620907138
2.4984688640742
2.49675374436764
2.49494973539192
2.48507150049555
2.49365242784063
2.49172536070289
2.48755235473598
2.46738779179293
2.47863777727338
2.45827879191277
2.48505611377145
2.48911315180113
2.48317037350561
2.47637964280789
2.45817858058175
2.48733957198303
2.48070575677973
2.48832885247464
2.4839462652943
2.47792233231932
2.48731244810837
2.47360409989084
2.45696291051011
2.44493465605027
2.46385159668716
2.47231535639191
2.47307668813298
2.47331211916129
2.35730046610292
2.37386841073741
2.30692684237684
2.39361681554395
2.4141641436103
2.46577945027933
2.44734641277584
2.39823162274267
2.13222438003991
1.84282911534111
1.55710065095626
1.50851278760704
1.13768749654309
1.11638860213632
1.09522255597365
1.0258943762294
1.04319155718599
1.00853727988365
1.01897224342142
1.02853125465382
1.00920350016579
1.00394912307475
1.00781927034585
1.01670118412509
1.01425986932778
1.02787607529849
1.0338434709258
1.06285929298351
1.03075577381127
1.11357869810534
1.05344147187632
1.06567812141535
1.11011828344414
1.10700934601817
1.09002819661256
1.0384733431292
1.07542587587196
1.19577474608783
1.34504057545455
1.42546853740275
1.5341288258716
1.24810057618789
1.16781650099457
1.08399107578526
1.03892964799059
1.13469212117676
1.11147278725144
1.16580924872626
1.24562524061004
1.35629570938027
1.40284199365421
1.09452760602889
1.1674287634657
1.02585953518022
1.03280495672216
1.02012266592038
1.01120968347067
1.00980721759181
1.02712680531518
1.04049765794581
1.23454419762287
1.16296076356736
1.07821164973675
1.05678738360081
1.03062284702615
1.14412673446325
1.17178868787167
1.16482255518305
1.54004192742713
1.5442411824724
1.58164790918478
1.70047660872572
2.00993852430567
2.24328329623629
2.29753091799856
2.01389193408013
2.08814321807506
2.07058014571447
1.94934528511277
1.79188338772929
1.63480795967865
1.34879563632749
1.46618061793623
1.39351094572725
1.32853744738917
1.27919209710388
1.29992056350988
1.08694406794391
1.19783641540347
1.1834708946426
1.24438629443788
1.26278800935752
1.20605274718059
1.3098423379593
1.52133839333169
1.53078791127396
1.93473817408286
2.07344209548336
2.0890259182496
1.94460980778732
2.11046461557328
1.83758376324291
1.85691816793508
1.86435391329218
2.03221755725395
1.72379554748712
1.73159041164477
1.82383804849906
1.5982415769262
1.35136937971718
1.10241037308124
1.06748402944988
1.02798456006507
1.11911437090322
1.06784551984204
1.14300551514912
1.09347215676861
1.09283443944983
1.20053473929829
1.17836963456777
1.0954188712478
1.37116753307443
1.57171357897234
1.81445837255492
1.81066196040213
1.52962555744678
1.12218397854895
1.30856893329185
1.14491945059199
