1.76
1.78055703821669
2.11509221832017
2.05967593931415
2.01097238122617
2.10587480758753
2.16152998289395
2.16752637414919
2.37014299238776
2.27487270976339
2.21843493667787
1.83791410761677
1.43465500113681
1.52763289122428
1.34393001952555
1.50730586564821
1.39202720229355
1.82081019160738
2.11604036088802
2.30195050889015
2.31619401368522
2.05931215430145
2.25333102847899
2.39319373958129
2.44074809274521
2.46322352895366
2.45727718573166
2.47961970962763
2.44887295225096
2.40364331768061
2.22475670388435
2.18061210839275
2.1534724941153
2.06124451256881
2.32658382043067
2.39464330304315
2.38793059088844
2.44778345585954
2.45771860914854
2.45799514832761
2.45250781813717
2.46654703336019
2.49306374187301
2.48854798274724
2.4924323612187
2.48245602133838
2.48503769399236
2.42337972089176
2.47960397425625
2.44126021422432
2.38182207715334
2.13717701444519
2.24344870416354
2.44192028364617
2.45063961424423
2.33664566031954
1.87511609707193
1.56837059564105
2.01151447191951
2.04924170492806
2.06655827150727
2.07735424210596
2.13233731075861
2.12704715655011
2.39514743643506
2.39017397160783
2.44604961811234
2.41612396402703
2.42921709722144
2.42337814654211
2.43905063389382
2.47567982674136
2.47157707140754
2.48335239473408
2.48129340819
2.46040217832384
2.45521610399365
2.45945490908327
2.46429185905224
2.46873982908124
2.47932322371001
2.47020262966912
2.47721711414348
2.42373386876379
2.48147151389803
2.48773800272099
2.44900905492346
2.4651377249748
2.47238996243758
2.43801331809216
2.48308250058313
2.47517821268479
2.48159283820406
2.44882894162677
2.43964487619
2.35570920398328
2.33744395499979
2.40242305349932
2.45778042262519
2.40343789609879
2.46126259771486
2.35430002031455
2.36408567906916
2.47151073353994
2.46462507831216
2.4712667948056
2.44898891943061
2.4564053447039
2.49336895578193
2.48564841365
2.45876934667042
2.45834065449576
2.40666169618374
2.366783357583
2.3868580655311
2.4299222366895
2.42692404426355
2.47095466346738
2.47155558051659
2.41754928332783
2.45619126825734
2.44758320338036
2.27261187354682
2.2823434822279
2.2828471100751
1.98994668669568
2.12230424302915
2.07360215369089
2.14502097264074
2.10938151952431
2.29759870850145
2.38740820045586
2.41446783873823
2.48136765978229
2.46382909241295
2.44596970962547
2.43803764198483
2.44662235677754
2.4459709296618
2.43514200873842
2.40923255510449
2.44123802893278
2.48313742978397
2.48738444935573
2.49728339282426
2.49900871250173
2.49892904367859
2.49937221341186
2.49861421467656
2.49819969687971
2.4932586766838
2.49738524643382
2.49366857430987
2.48393882208411
2.44462615019943
2.47530581589695
2.415082392535
2.38857338313206
2.41110343311539
2.46503070935775
2.44361565561565
2.47052539432954
2.47026688066899
2.48335165761762
2.49514962868586
2.48503000635343
2.48382493836878
2.44615638485018
2.40434547472601
2.43244121608542
2.4036752053922
2.46892449572455
2.47889111563255
2.48649878295503
2.49293649666153
2.49322328197085
2.49322866745431
2.49457816371933
2.4967940311192
2.49540656463631
2.49624596948427
2.49648234441585
2.4948480506038
2.49250947214571
2.49764127062597
2.49379970618362
2.48496753230635
2.49592042980458
2.48240531442759
2.494386620072
2.4952952583571
2.48799815447051
2.46329648613364
2.39994666448049
2.32779586049685
2.36003074802645
2.45057839495353
2.40349679689545
2.43295172710096
2.44798410347903
