2.36
2.45611093788145
2.4432230397804
2.46642958975361
2.46602845274593
2.41501723460581
2.37617519786023
2.41020876370083
2.42921980034901
2.4723570546025
2.47887008490187
2.44655383896713
2.44476910344695
2.39681929128313
2.47210746297543
2.40921498505812
2.44350608076293
2.48038730359241
2.48601861123659
2.47952953563215
2.49312005745368
2.49394700676205
2.4989074821474
2.49904180657655
2.49959128094239
2.49901363093859
2.49936069874086
2.49849578120906
2.49964345293396
2.4999007101997
2.49962338837413
2.49942449291665
2.49834761081123
2.49915718162591
2.49956135987404
2.49910324347623
2.49799140501365
2.49222123733423
2.48976164908044
2.4863485614417
2.49218200925207
2.49335865462169
2.49713313180631
2.49939407309249
2.49948803029987
2.49920959361808
2.49565658513189
2.49789066211038
2.49858397669704
2.49928062622263
2.49945873938916
2.49962538295793
2.49955826127106
2.4997047191441
2.49986618675009
2.49984585977996
2.499842530429
2.4999445917257
2.49995198004251
2.49997670344707
2.49992104782129
2.49996804917859
2.49997979489864
2.49995383026075
2.49996713619189
2.49999005623181
2.4999852357952
2.49998966653822
2.49994997167562
2.49994932173087
2.49996761511025
2.49998130463229
2.49997000290928
2.49996400595714
2.49995986234259
2.49994131782666
2.49996463586869
2.4999786975733
2.49996454661601
2.49996794632194
2.49998125561295
2.49999547737558
2.49998828276345
2.4999620446477
2.49998246862972
2.49995267409564
2.49995371437533
2.49993733062217
2.49993576684954
2.49995320863393
2.49995053173685
2.49998116993414
2.49998360780628
2.49994030676282
2.49993649883793
2.499938005501
2.49981944552584
2.49970866059544
2.49975381032791
2.49929586771555
2.49952959556088
2.49973308284314
2.49962535906822
2.49972786755013
2.49989664383885
2.49967747323112
2.49988293771592
2.49970102769561
2.49958932130004
2.49948156805124
2.49965478416209
2.49875374445703
2.49912879468595
2.49934762410256
2.49982267204644
2.49975260658889
2.49931633147744
2.49944711366663
2.49967122841639
2.49916293771673
2.49916920784375
2.49926093045099
2.49987238501893
2.49984245284904
2.49987213246311
2.49976498451567
2.49953040922171
2.49965506019565
2.49969250721544
2.49962793647805
2.49964532098493
2.49951612334478
2.49962576587566
2.49936776283541
2.49971069892341
2.49976879175555
2.49980046960998
2.49978003218571
2.49986233878635
2.49991261016273
2.4996046510656
2.4998117084589
2.49947793039521
2.49941921906537
2.49909820634493
2.49916085242435
2.49872741153663
2.49530460786014
2.49598646046216
2.49593435608895
2.49680791491528
2.49797723399645
2.49630442698314
2.49756146342102
2.48589145459801
2.48801028541781
2.47208568939613
2.48465203872896
2.49462100841707
2.49406905256247
2.4973234964702
2.49882749489062
2.49896111940919
2.49902070987528
2.49896280385353
2.4974880029085
2.49514304322701
2.49705644068079
2.49867529594907
2.49943218508486
2.49813142761417
2.49811334224975
2.49837749537236
2.49952352770659
2.49973002892899
2.49975014173053
2.49882013984631
2.49868086771636
2.49945962482255
2.49970434908322
2.49925685528964
2.49886219107725
2.49936341198283
2.49929217207843
2.49987629453002
2.49955271711706
2.49939490783647
2.49847474306995
2.49886851624889
2.49862522809517
2.4985522466547
2.4982801727534
2.49607836685595
2.49650092442362
2.49714087201398
2.49672364180796
2.4951925581544
2.4932925247199
2.47543304803856
2.45451621090679
