0.3
3.58942577965376
3.51922696972147
3.35484095133684
3.25980378081053
3.3606552998164
3.22759873894832
3.60062768389974
3.30020849700808
3.51481030619983
3.64339249011805
3.5543209698879
3.96607268590534
3.60946521796361
3.85124590741514
3.15502852610793
3.1179708074618
3.69146489399159
3.75875683609506
3.97443433992974
3.96065866675769
3.58675131417745
3.68482928917171
3.3409922616085
3.08658197876053
3.495028999509
3.25524751448051
2.55588732515205
2.99567462650223
3.35738370748115
3.09847665866195
3.43133932287771
3.22970050043521
4.00073627627384
3.94563403115295
3.19809032573396
3.51839808831379
3.5338091665513
3.39588960442381
2.83537072645206
3.16461110381184
2.67200450932569
3.3546017107931
2.84469870395002
3.70779637046571
2.83281645591032
3.18503164980421
3.45237604733244
3.23533881621903
3.61938447770611
3.50214438731671
3.48660721626666
3.6344580284713
2.99032671417503
3.28685920905927
3.39764761518669
2.93177787484287
2.70733063953609
2.91419421614669
3.82022525767438
3.00756416458462
2.62802749197686
2.79280856642347
2.70329066278664
1.98475684197299
2.95618904009525
2.8176230321774
2.32470047072748
2.90612528786345
3.02663709537331
2.28725007768389
2.69143979209889
2.9888873903252
2.63994020974544
2.1541498463184
3.04656008764064
2.70518718676547
3.04104027415311
2.93139662960211
2.74448810399289
1.83757651733061
3.09014489039362
2.69456359061713
3.04646236314426
2.28416693765131
2.68843226033785
2.26342049385212
2.79315042608235
2.58215222246541
2.80606326850941
2.68017898618383
2.43051176341784
1.96384702561212
2.70639536931494
2.16811342812932
1.91715126871187
3.1035368134477
2.68583330354014
2.531585268185
2.35909366956418
2.6254461716583
2.50916225923144
3.30517992319746
2.78695526550246
2.48850417366043
3.35349512997816
2.88159439609241
2.92858166513139
2.33303142031978
2.67031613733549
2.99986986425379
2.92594296121804
2.66035144847938
2.54792950126761
2.88077720950991
1.95869073041822
2.52398359817907
2.74564935724837
2.37984662384221
2.40081569955242
2.08432650865644
1.88863313395018
2.15242080776456
1.83328163793373
2.43902360423477
1.82423786862148
2.00042893324533
1.98281036432236
1.66169899488405
2.0743322622195
2.43119596613762
1.90574730306927
2.12791144940021
2.22220174163204
1.95989554455157
1.82797765913248
2.27755829064951
1.90083451962301
2.14015993743754
1.55427962386159
1.98301798565525
2.15465419229162
1.74012983425641
1.57150983562139
1.59189265552923
1.88360289988944
2.30741017692017
1.92221908754521
2.21115598620196
1.8019569267556
2.0395345600732
1.97436981616553
2.10403626643721
2.24334319355448
1.30218342079764
2.27793458048316
1.5386533367765
1.47217334980362
2.03154898916815
1.75558626944413
2.1425808111374
2.07054574099778
1.63073689130884
2.00475510068546
1.64979296238275
2.15476098831271
1.89039996667144
1.89930138965802
1.77162524490267
1.56210771614286
1.72928775070001
1.65523321342491
1.86819761337467
1.28715205732121
1.62864630696559
1.72648219234815
1.29887141222285
1.55225951164661
1.44932396862178
1.87219437028402
1.9404116154956
1.839400372629
1.64505687140383
1.42765471866178
1.67086153781771
2.14690145701819
1.66390867077535
1.20270114079965
1.72798113703226
1.8972059549422
1.71526712451407
1.54195234294143
1.56910262349134
1.46565486608559
2.08368443971991
1.35416962737489
1.09202929499831
2.10011333979795
1.30543079346125
1.65109918574236
