2
2.16017853426159
2.13501985204232
2.25326060676522
2.2455688222107
2.27196322464527
2.07437489075853
2.28783580776624
2.27631644467229
2.46311227767165
2.42331684786454
2.40105976401725
2.27201452348196
2.22030362067528
2.41893009141402
2.36614621869971
2.29737067425731
2.37639568671195
2.33952152701622
2.42703076960909
2.42732708736853
2.46661149548916
2.49189678061367
2.4695390213318
2.45696875182741
2.39887940875675
2.29810216802251
2.16734101638639
2.21786041426532
2.32216928606375
2.10065507865702
1.78968100601514
1.75311023501651
1.82425979553505
2.10306786164237
2.0981983293576
2.00579351835715
1.9265648156164
1.57216409832545
1.40183141674355
1.34831292268455
1.15810753285092
1.13708732437219
1.20819404462575
1.23019635971219
1.61566622554748
1.73607007885277
1.7557595698008
1.95996124455288
1.7723491207281
1.88058966881404
1.73920851726874
1.43990777786523
1.57142175635731
1.70763273067231
1.83677126819658
2.13567897703292
2.01692632678297
1.9271031951625
1.81469104287245
1.44797487667477
1.4639345536894
1.77401189183417
1.75364976526615
1.66871819136489
1.27106643097232
1.38018534301217
1.26677672270296
1.27006885402039
1.23031748624579
1.24303914723515
1.15490688168281
1.33359236918965
1.241842916032
1.23712933028436
1.16758116030514
1.07182142645232
1.04917554904076
1.12309040994658
1.05693424268844
1.02192839714976
1.0184560631598
1.02240584853637
1.02647770791637
1.0286597560527
1.02983920060604
1.05874704933076
1.19266281519697
1.4256685901506
1.1388032247223
1.1753940957244
1.22849338844345
1.1059012171943
1.12968346166659
1.33959773475055
1.3159186295691
1.51173010427131
1.71286163632581
1.5140813403404
1.64982797582696
1.52963444407034
1.65582308462176
1.58381278962837
1.77178594832594
1.83315618613261
1.73938010516419
1.7243303131162
2.15033863385858
2.12833150354091
2.0653105691289
2.06451380395239
2.18453708290253
2.18978137097188
1.87398373495909
1.94072034662506
1.57992483661824
1.30060314734028
1.1977942506119
1.25317835097793
1.19625911783813
1.21506551175587
1.16894849592897
1.14180458382281
1.14099996499742
1.05994419664668
1.02064654103783
1.04307570721327
1.12757042296387
1.11918425831326
1.09066296313407
1.03678338874342
1.03139919286159
1.02836158042397
1.0123811797848
1.00962903117225
1.0145273299141
1.02080383879758
1.02428394345891
1.01883789657141
1.02617482997691
1.02879324601446
1.03445636520556
1.00807718907264
1.00795648560593
1.00541870508115
1.00481218274265
1.0026844463656
1.00060968787282
1.00024513660704
1.00122063870937
1.00467872426929
1.00953725562019
1.00735537887228
1.00233065681041
1.00282637942273
1.00139109485311
1.00093968188394
1.00144297831761
1.00079672263917
1.00078805637964
1.00057247017506
1.00094977995107
1.00171810911493
1.00219986519663
1.00098414559863
1.00230570144451
1.00109398206632
1.00426116817004
1.00437684240972
1.00167023328303
1.00195736350024
1.00311868597511
1.00136539216064
1.00050729671673
1.00200473030229
1.00370675370896
1.00293229933638
1.00245104161883
1.00107915822062
1.00073919739857
1.00351989027814
1.00201312628952
1.00296646408103
1.00464942220776
1.00150233321491
1.00149353501105
1.00706368521418
1.00429415886329
1.00492018306499
1.00472764616571
1.0107605122221
1.00600330325532
1.00885778815137
1.01353300826725
1.01258425773694
1.01102743896109
1.00942242171984
1.0053298275078
1.00098127433643
1.00374187460782
