1.934
1.79480568780079
1.79495479702746
1.78870553672202
1.7373444628065
1.55311826840261
1.49745689243062
1.3048653743345
1.62465901664966
2.01185563567326
1.63979623510483
1.67573287784419
1.44299071891935
1.72062708626312
1.46748086223741
1.88365231008179
2.21005683269093
1.88084893907371
1.87688288302317
1.84085866336823
1.80981403869239
1.49154614443848
1.16762363376611
1.15169743936791
1.27516842311709
1.25858760338762
1.43256293387546
2.05368704248589
1.98616820486618
1.91225192371095
1.87909152763502
1.68879114616567
1.34096995503987
1.35175193592932
1.07652643572468
1.0165254406787
1.02297941682535
1.06794271453788
1.05160943154054
1.04656153993584
1.02040355093282
1.01911892634318
1.07002374561319
1.25242518653883
1.83218944564823
1.72704234208618
1.28764555384897
1.30570094885259
1.15821492452926
1.14204093352947
1.18778621731988
1.07767447361481
1.23440392270834
1.43091279757478
1.42548660989766
1.53052923166273
1.4045755685037
1.32367323900641
1.33234612523389
1.2059512973497
1.08649157274941
1.31153400667239
1.64132231907003
1.85960742811884
1.66813458803086
1.38921722783997
1.104851833382
1.30873030138862
1.28830623962077
1.13010044655088
1.32506068195223
1.15525996112605
1.16932978066388
1.34454176165459
1.44771493063193
1.36853770643313
1.4553469020178
1.37865752255723
1.54778504458916
1.92404092558732
1.98448768489828
1.76619724570842
1.89996918970512
2.08159619292392
2.01092028807417
1.70103009698079
1.80271861220637
1.57964151465153
1.76213522250186
1.973377970175
2.00115348922652
1.98091251428561
1.87804068935635
2.17105901512191
2.03965983726123
2.13680563348297
1.93547101285761
1.8446935418512
1.82809888802247
2.02251462886091
2.36372620716783
2.19242711349519
1.92859268918238
1.88280419048392
1.91302524190774
1.85084236334815
1.90732512651474
1.80391000928466
1.99422852701876
1.36015812095147
1.56557320077205
1.46292777369217
1.45288593216404
1.42041294816355
1.43301848637821
1.51986969880788
1.42401211777292
1.22858005710433
1.72330946752515
1.98010191359013
2.10107780183059
1.93129604348877
1.9585130518078
1.50779377751763
1.21303906516699
1.62128377906812
1.79480076341468
1.66786270689653
1.87636098456459
1.9709622893944
1.94521796529525
1.82976672303567
1.3081841537393
1.46674434321709
1.29686863697393
1.10389125330767
1.05975012141057
1.14778994400517
1.12920719095579
1.28461889932004
1.30098417490472
1.34707173346559
1.32273776291152
1.35960566797916
1.08576658538587
1.0677602265786
1.08992959636945
1.26649149642701
1.14249440627678
1.14399711984797
1.45323043476551
1.36935088918126
1.85230285588855
1.78178780317596
1.81307181222975
1.66827760503161
1.4687200793932
1.42980845499018
1.34409327683793
1.37605683448134
1.50585811608439
1.17384411263737
1.10895584900292
1.08124218150897
1.0340081976708
1.09795372615934
1.3210319971762
1.12652329188551
1.03720903639194
1.02541560889307
1.03720780718141
1.01913451250878
1.02466463748462
1.03535485124201
1.08384478526663
1.07115080663906
1.20461041566565
1.1913334116104
1.17163891211871
1.17821469093221
1.1801658293296
1.47362337169033
1.88435869153005
1.86557073046808
1.43054999373733
1.50826216463997
1.14849851985632
1.06035151330501
1.09001349932172
1.05701196386987
1.063113447053
1.12561651564083
1.31642778335094
1.28157744824308
1.38501198946716
1.37787362998779
1.51580282850373
1.5587409353854
1.36636293495828
1.20957854271758
