1.3885
1.51799533876
1.92009456955575
2.02701703486102
1.9364417154693
1.96696155891186
1.83450956019882
1.70126127549028
1.77937782357658
1.73049477019272
1.9391788304335
2.14137751392985
2.40603913965893
2.40543022353946
2.32051217318135
2.24935580967189
2.20305764558336
2.13201821181905
2.15950667818063
2.02821152614119
2.29672407025302
2.25115288759082
2.04983737425142
1.92450012363543
1.9430502904562
2.15193691668982
2.06567352081901
2.16306431803079
2.40357642907298
2.44398556903635
2.4861567657876
2.48907693636907
2.49214615617988
2.49675779075188
2.49411963863549
2.48754639623049
2.49564583369798
2.49512817709499
2.48100832307289
2.49227538761812
2.49539398893031
2.49882294025254
2.49815596738554
2.4947670937014
2.49905178493022
2.49957015973361
2.49975707859829
2.49976324236122
2.49971873574398
2.49990896863805
2.49997196001468
2.49998113857012
2.4999775730073
2.49999144787282
2.49999170626904
2.49997683352437
2.4999070108187
2.49993053087426
2.49997179353472
2.4999844446756
2.49998658455434
2.49998502427466
2.49998999122936
2.49999014261589
2.49999490574716
2.49998672667021
2.49997814293408
2.49997910996157
2.49998347785759
2.49997761083662
2.49996660815105
2.49998356837444
2.49996040863036
2.49994490457495
2.4999695586181
2.49997475636379
2.49997058795499
2.49997191643319
2.49992463843961
2.49998037913704
2.49999192484646
2.49997657414046
2.49998432515037
2.49999089902538
2.49997825405566
2.49998896501006
2.49999368236121
2.49999158195212
2.49999716827821
2.49999903572023
2.4999983120414
2.49999917378053
2.49999890170439
2.49999669520833
2.499985339205
2.49998670772803
2.49999719916523
2.49999666193554
2.49999784303074
2.49999800877924
2.49999242015696
2.4999929533409
2.4999978494127
2.49999696916695
2.4999960571112
2.49999880856703
2.49999969480451
2.49999928277867
2.49999961864583
2.49999983302083
2.49999962112697
2.49999941870923
2.49999941572211
2.49999932138823
2.4999996716176
2.49999947052273
2.49999947458847
2.49999954225352
2.4999993652719
2.49999887851878
2.49999878532282
2.49999970850448
2.49999864357039
2.49999631178648
2.49999428897795
2.49998921887443
2.49994894042062
2.4997757583808
2.49981823000687
2.4997919623425
2.49995252074647
2.49990520850991
2.49991778055865
2.49982786783688
2.4999329329493
2.49993839907213
2.49968502872713
2.49910592276121
2.49613487420224
2.49450264805154
2.49264006461395
2.49033233265939
2.49031675693037
2.49053426579812
2.47812379274958
2.43391867029838
2.39249569765639
2.3442145072269
2.25218038647083
2.38161666766404
2.36460680239023
2.31442508299686
2.23481925248936
2.20726812500772
2.16137158425207
2.24262706549907
2.19789048182893
1.96247535291536
2.10829771058922
2.20601946253209
2.18567678999133
2.22155803370132
2.24132245224584
2.330207117879
2.38304998470257
2.23363257925753
2.11924634114015
2.10301906729811
2.16209557030819
2.17574792516002
2.26525695588774
2.05444333668478
2.05245710071862
2.14657516615577
2.03718134993989
2.03064089102159
1.71973927044916
1.71615277608444
1.79312070484681
2.07605048206523
1.64623875681737
1.66709716556646
2.12694524733489
2.20500001800811
2.11234253881666
2.33867066386649
2.35853241348986
2.2967741847668
2.34693847004403
2.42707844806725
2.46045496337387
2.38456362179145
2.27940477498661
2.31818624717205
2.44025514514262
2.4810472060015
2.47624905783294
2.47758656736245
2.48483283262361
2.4639859028429
