2.052
2.3074331377892
2.40337498043387
2.14600262389193
2.06757710310493
2.10373410203171
2.12615513375641
1.84916812970126
1.91244883404916
1.47825909611512
1.17268290581027
1.19745228020555
1.47892290379018
1.30653774338989
1.18070556675961
1.49602208191839
1.6021089051251
1.98476941336437
1.84974849306161
1.88741087076499
2.29267096280274
2.14805980062179
2.39712841297467
2.2744978938855
1.90059460441366
1.80408794458341
1.98548465251052
1.75645926900027
1.3514124856249
1.5039245480596
1.60319798861989
2.21816663626189
2.25902977386488
2.03759061038638
2.34132218334674
2.27785025712929
1.98697589264127
2.09046157350058
1.51642595893164
1.37997841374812
1.51519737012502
1.72876938924425
2.02829327941677
1.67498103527327
1.72472749625831
1.72666725636638
1.71735675569554
1.60139026540935
1.2645496387114
1.23985180333492
1.25536679490095
1.17150842046645
1.12333414750125
1.12883561751978
1.0362628741494
1.06216405553152
1.07289347798577
1.06199457219304
1.10934092571394
1.35171235124899
1.41161242377885
1.43887826586956
1.40260700014475
1.32382128106867
1.4702015119904
1.55730195165954
1.1499495995777
1.26411570942478
1.07733362225809
1.2308972408448
1.09202850487256
1.09110157651167
1.12979687276779
1.19735897219878
1.21504343707881
1.21947910395374
1.33619023278107
1.393699093471
1.73541103095371
1.4116092752867
1.63623131836736
1.89039796784005
1.80936193263051
1.4507990572062
1.28782634185041
1.12131022270185
1.41661166614735
1.28853024225107
1.26288417694355
1.18378509784675
1.09393212053561
1.04376818707393
1.05825115134493
1.03070001158141
1.02391289782098
1.03459831290398
1.01822192704162
1.05837917023097
1.08113387284823
1.23715764538106
1.21976950410832
1.56914314313239
1.6037585598905
1.9075209752839
1.93217146453978
2.22723821204477
2.28004381157992
2.03671700778672
2.0513463531982
2.10244585557185
1.97444910784409
1.65920969579511
1.90640691924934
2.24027394961053
2.26496542405593
2.24828193475101
2.06880603138832
1.93276983479653
1.73396545886572
1.80551185311126
1.26501606460537
1.30710682569122
1.74321911298264
1.81859492068221
1.553760530787
1.50470642334024
1.69940957247906
1.57499116923214
1.66234364857727
2.00874775816426
1.97601129322576
1.67087330804523
1.74887535686431
1.26828699617562
1.51009784822356
1.24823524409116
1.4375694417851
1.50111329467908
1.54654676672004
1.89001357176083
1.898580288719
2.00269408417379
1.98025585577577
1.39950295878132
1.30547763868323
1.13898743041766
1.15676775426268
1.10708091941209
1.01793494119601
1.0157043995469
1.01799332693654
1.03208297092367
1.05186719466984
1.08262807739342
1.16353707148599
1.27392471819729
1.09496346224332
1.06680345803981
1.2419292493579
1.43867923886035
1.30080008106325
1.06330379889074
1.0409504613934
1.16491712397558
1.16136593257436
1.05670250555803
1.04010023348818
1.01643461902435
1.00839341123305
1.03904127104482
1.03461834717291
1.02641885481737
1.02015256429028
1.02919168031674
1.05731188795897
1.11696696974319
1.03318706605169
1.0353749076142
1.0277378578033
1.0523272440304
1.01987424443544
1.01751767856852
1.00635728830166
1.00571779185667
1.00464390257613
1.00150449730318
1.00340670212119
1.00577741784821
1.00753148361207
1.00927332874861
1.00645801795445
1.01339683800251
1.00777209592405
1.00552335124435
1.00924132200009
1.02043065441977
1.02135242750242
1.02433667350196
1.02894475357347
1.02387655316693
