1.577
1.58209567077184
1.70147099206516
1.77528224578537
1.75664466619799
1.77729249145013
1.75529287104703
1.75650869250852
1.73595068068197
2.04862619345434
2.03985367733777
2.11900697215337
2.13193904934621
1.92694254003108
2.28359060673973
2.38012131642301
2.2740880405327
2.11834381271307
2.22223197163386
1.70343682453693
1.53719872133568
1.6126247984133
1.61541091739109
1.74271408457364
1.65533076503778
1.74794326145614
1.80634066971329
1.97119666459315
2.06957056564367
2.04371027824683
2.2949597829202
2.31188303150135
2.20989213513917
2.37516362244035
2.13167409920664
2.0045743212799
1.83297439196453
1.99508842029925
1.7565280202736
1.79794942942929
1.84696273430745
2.06815114834257
2.25899773368994
2.2624744392371
2.25617839058033
2.30018166753955
2.36138311978502
2.4090742937378
2.38641233463357
2.41079551041959
2.41544477015889
2.42133413787608
2.44028662558074
2.47641881765076
2.44116229487694
2.448470112823
2.45571720728546
2.45097390368656
2.4215793762386
2.30650794082439
2.23989783309632
2.18432633425633
2.07221743708342
1.84079647028337
2.20867838796648
2.12064420827632
1.94607264988905
2.0689562410026
1.87345055281814
1.9344724845172
1.72783376556815
2.28795745455786
2.22898534164074
1.89344451509001
1.60345658992764
1.17429071178648
1.10433292327732
1.09940524415921
1.18995729617893
1.13443368115607
1.09454098219672
1.08045274083898
1.14099759450331
1.22436578083118
1.2171545055507
1.30808554339248
1.15825204493783
1.0362684877677
1.06219534000482
1.01052321622042
1.02167534361765
1.03071296327588
1.06909010035437
1.03228500490548
1.03061032462198
1.04201298803885
1.04257964389512
1.03520718183028
1.1365601826
1.32450372438717
1.5548444101233
1.46510174841143
1.54387196586498
2.07362747809443
2.33240668977163
2.32805291887131
2.3351514152169
2.23760530995268
2.33678563616397
2.16125538958308
2.28652109776052
2.39399132013623
2.44833057653759
2.46436736717106
2.48770199642479
2.48354761090327
2.40635565563862
2.43722590085038
2.36058677882706
2.42255177630734
2.45107802547462
2.42887503903253
2.43999013567216
2.41384322278614
2.26378776130937
2.20353036161465
1.97689406701798
1.99371223948593
1.73511593143117
1.53272025500778
1.79210651010966
1.36306740888389
1.47772992468051
1.35366620603514
1.44983490830448
1.50304915961038
1.40264562440738
1.46288671250706
1.41454667322957
1.63964416327123
1.58722784171717
1.94323755822045
1.97713661415586
2.11593587423204
1.93278120300353
1.97211788830545
2.05246956242117
1.73041104394603
1.76580672683761
2.10456204829213
1.76578341872537
1.46589032856976
1.860846949278
1.92261016422616
1.83563669825006
1.67413714326377
1.82361311311645
1.42893983774738
1.44775107072118
1.38346296104679
1.25191949357308
1.65252243125551
1.50132815927732
1.43108370397818
1.5079231936114
1.74963889742878
1.67742369470227
2.19972707250407
2.39939469661934
2.37551750920236
2.45905644658772
2.44958403390406
2.29632658138463
2.38702772524651
2.41970785542362
2.35840843259236
2.45178868613391
2.45296298342669
2.46740219399133
2.49177387149613
2.48707395910132
2.49600045559617
2.49802070934929
2.49875471063234
2.4991417233453
2.49910956399498
2.49924017646145
2.49962325542978
2.49965272934205
2.49994475181946
2.49986442881485
2.4997763217418
2.49994173621279
2.49993590013937
2.49981347999348
2.49956819010487
2.49958637099223
2.49950838364084
2.49906733706822
2.49916257298385
