2.32
2.15205156121634
2.20348934212372
2.0622614735189
2.06955175710595
2.13629247958368
2.12912831694372
2.09051041874785
2.04043401913456
2.24852466102199
2.03204883320105
1.88842166556516
1.97849332336018
2.30760274320836
2.4283891206638
2.40331418523509
2.36474691419143
2.03829560213637
2.31357418774965
2.42638087224395
2.40095794690993
2.34155741021612
2.40378370896693
2.37455019409999
2.47822766576358
2.46336032466248
2.47193172107429
2.46377488660027
2.46512104037272
2.45959614446155
2.48143290681799
2.49047912853729
2.48947137151294
2.491713956212
2.49175107616217
2.4871600444418
2.48602341358683
2.47269715060327
2.39010450487234
2.41875048430573
2.47530348180182
2.48463765594519
2.4739330167899
2.46645688568978
2.46657808702867
2.44775452747063
2.38848956169987
2.37976657470256
2.43882849760957
2.46559687563577
2.48600795323349
2.48729783818623
2.48875821964708
2.48336946516459
2.45910230522004
2.44398361685056
2.41226119714466
2.12259923805605
1.89772628538419
1.59396090913186
1.59865560044986
1.68231476281448
1.80005737044702
1.78162032306282
1.43725653760304
1.52849892613999
1.45208417781206
1.61602203963876
1.45881913482343
1.47348207959937
1.32370071075126
1.41711373494322
1.37135400958657
1.23383725498893
1.10659411883044
1.07682667195039
1.05459793909597
1.04430145137874
1.08850385807361
1.04784438685471
1.16478100106573
1.04688527549661
1.1181067695474
1.31002746275598
1.36533527565152
1.66609178552711
1.28712926995362
1.16676686771022
1.16434084137898
1.33592922727539
1.41189286853198
1.38315052186498
1.22747031912609
1.56186860261361
1.68247709893527
1.40800514296895
1.25533971440213
1.31516292994213
1.19734229086238
1.31456392048648
1.30553589742631
1.34810735996488
1.37876747356069
1.66978808586518
1.77811915269544
1.89404303542498
1.70804010216774
1.750559625237
1.79487657423312
2.25855588508949
2.31565941711101
2.35376922559972
2.3591239052421
2.31687130137373
2.26646640811448
1.75128442913284
1.62566165614939
1.41723209663517
1.18539932438535
1.1026610817379
1.11146328965476
1.14240248618744
1.06155695866971
1.16408457106397
1.2124940673287
1.16997306230175
1.14744783895021
1.47333184120967
1.4386447540745
1.49771312607616
1.46977464385815
1.68180630105941
1.5187471592956
1.34433412784574
1.4213792574098
1.55890000578845
1.2681022078401
1.11026388379872
1.0831169279295
1.06046687060928
1.03370706398685
1.03932717022031
1.07152987451679
1.146610020217
1.05582358149355
1.03025314797914
1.01723840559988
1.01554741983795
1.01742885329964
1.03518580234518
1.04398210664239
1.02857155968072
1.02221100984878
1.04590492898349
1.04218759234178
1.04083559504857
1.03273082713657
1.02310133600918
1.02227146241915
1.05008023976094
1.08049161174157
1.07635657364705
1.07672590410122
1.1380731058159
1.12224639293883
1.1767494132936
1.08158712839401
1.18843453163868
1.15555136227057
1.23680259920106
1.18448500886711
1.08794471692153
1.25040150341159
1.45903027101282
1.17195543500045
1.17710388131221
1.17946320216504
1.11870119226539
1.1057647325843
1.13901103203993
1.04637816887993
1.11761163570552
1.35525875763493
1.51608527031963
2.03001315120496
1.74148443170375
1.82239904045296
2.00571096769142
2.02616460175171
1.97742715586616
2.07253991922729
1.95056136934131
2.04246087172129
2.16632809595807
1.93806870746094
2.04759210185544
1.92983589139418
1.62384312151752
1.95560557161463
1.54478147569589
