1.0508
1.02179131706903
1.03415698568545
1.08299669091192
1.15809677490678
1.04989211163514
1.03781572756699
1.0416337645174
1.04902047377267
1.16191592241805
1.08845396031273
1.07879805297706
1.11920936438485
1.3831872061951
1.36159363730942
1.18601240912723
1.20947820711913
1.26274890114806
1.18987205345724
1.29242817113696
1.27783629967907
1.11955933994597
1.2224671803326
1.41828857932432
1.41991322041977
1.30479267574516
1.41189983411109
1.14475707857108
1.0434948373235
1.01123612944798
1.01595831522329
1.01636105932691
1.01106832610091
1.01046940037973
1.02145822473033
1.0602407065568
1.14901074111632
1.09891078672372
1.1089822333822
1.06208169151729
1.02398703891547
1.01799964574677
1.02028773411494
1.0034202983475
1.00375311661735
1.00602642606502
1.00292176923707
1.00211430953935
1.00413368379318
1.00524283261523
1.01958027500247
1.02953009608617
1.02422170018636
1.03787323122459
1.02659475724544
1.03500049916212
1.04233623089742
1.04135202406022
1.04276300791603
1.03293502730178
1.05736009732034
1.10799819497989
1.03258450878497
1.07114535905462
1.05510469137738
1.1573856293149
1.17631488359703
1.19454890355876
1.19745023454514
1.32028666297305
1.08917692221838
1.22706974484176
1.21691471538872
1.20550154688021
1.14491311450048
1.04426770957593
1.01693870824764
1.02539479733312
1.01817290237897
1.01355103676174
1.03307387187596
1.03824020237923
1.03039253837309
1.03680162280399
1.06954065255453
1.05403232234975
1.11351141079411
1.13244554075871
1.12969437047226
1.30530529344361
1.31835875198859
1.28446880135229
1.24562847410743
1.38126830439288
1.38891689080626
1.2405530199788
1.06811782702564
1.17281050519735
1.18191524852827
1.18755259982564
1.24563133279896
1.15780774566687
1.19182281996546
1.21170575045317
1.09512405217675
1.09151767343659
1.27543524886483
1.18809375225277
1.21071678746684
1.1999063504022
1.07061487170636
1.15379989008332
1.0674261722267
1.12774737996384
1.17913366947761
1.21085162347683
1.29199258326435
1.20773372769593
1.11382974957601
1.06629095686725
1.06011893922869
1.05220439898017
1.06907541144428
1.04777674240798
1.11386635974975
1.09998825450488
1.0947710369897
1.0708159651796
1.07830848158524
1.14506534645157
1.04867122299068
1.13356806737126
1.04597086142732
1.02978153949581
1.02959506604215
1.01164251136135
1.00678125544984
1.00141610967941
1.00150747764146
1.00196144708286
1.00198405561896
1.00064729276779
1.00098619797473
1.00186604019959
1.00199410983913
1.00206958829296
1.00495030435122
1.00116005308208
1.00117770242933
1.00035077349256
1.00020534039598
1.00018651366775
1.00034190212917
1.00046897131578
1.00021159091081
1.00020990385661
1.00014571036052
1.00069160606217
1.00045158237448
1.00022851622847
1.00033364053235
1.00029453670217
1.00070324256575
1.00026859329892
1.00013571057347
1.00009202571763
1.00012091962955
1.00013840866343
1.00034793317018
1.00021527237997
1.00012696723044
1.00016336133955
1.00019381810832
1.00020678276239
1.00017370516564
1.00026229367776
1.00024537955207
1.00023928388459
1.00019115820715
1.00023578644124
1.00023616256975
1.00020182789101
1.00016002752313
1.00031856678131
1.00036905357
1.00148772538834
1.00281077055573
1.00108985802413
1.00411397641623
1.00797158464429
1.02643907307371
1.09152474039781
1.13665698939269
1.22058696029848
1.36639814284902
1.48215011061584
1.41310777910281
1.41975196269237
1.44188236476964
1.65904936955733
