1.7103
1.87037214646787
2.15330829003864
1.99553464592042
2.01668561593507
2.15092855789878
2.14606363546414
2.2221666036214
2.11797524639099
1.62982421142342
1.8144751234576
1.35525459670132
1.12272821951563
1.31647841970198
1.28545093847253
1.23396219743284
1.19841574191201
1.15781237024031
1.1936442653711
1.14999731573513
1.55090199165968
1.84334664616092
2.01569519244623
2.00810264782683
2.2292499525089
1.93285225765574
2.00171475440046
2.08881112865841
2.38381438383602
2.44801119669328
2.47998147049051
2.48924816837217
2.48396971417824
2.49087882264232
2.47547136023335
2.48051654102385
2.47757077157897
2.4740400922403
2.48219672026581
2.47930784887758
2.49545531106031
2.49187299628471
2.48554204561053
2.48219572035911
2.49402872089899
2.48713494952803
2.49735072914927
2.49573741554371
2.49406270680267
2.49401831451563
2.49656048539511
2.49711292730773
2.48839401438587
2.49066769426285
2.49004605773718
2.47865719756506
2.49568002798769
2.49859922650805
2.49946583059743
2.4995338384431
2.49979636260027
2.49979682741967
2.49996567237217
2.4999264832487
2.49997160781528
2.49994285243072
2.49993782590002
2.49967711208209
2.49970519044332
2.49960683116833
2.49961414026798
2.49970588438126
2.49966325296784
2.49971441651917
2.49906848765953
2.49725953165681
2.49707971035791
2.49798948255923
2.49827414924371
2.49748346493238
2.49788213640116
2.49795580663509
2.49941747618746
2.49934964770192
2.49941154066627
2.49953964710222
2.49946181119581
2.4971807811336
2.49886254614133
2.49926808485556
2.49828515605864
2.49833540275998
2.49889300316291
2.4974309933454
2.49854351532845
2.49370104514608
2.49193503756346
2.49342786466037
2.49344808278605
2.48747920003073
2.4976570081614
2.49705569887273
2.48942422184423
2.48965361211816
2.49381678892325
2.47363388145954
2.40876551993962
2.44906847104988
2.46277144300026
2.40410642454406
2.38992761232142
2.41166357250685
2.4187068816335
2.46792603114808
2.47881830619264
2.47461023249229
2.44585429097872
2.48266761482233
2.47214328330545
2.47921516527525
2.47829570296003
2.48133571788512
2.48504491469451
2.48402996929381
2.49099585163774
2.49230404133927
2.49697481236948
2.49438807546863
2.49329754685848
2.49362829943878
2.4958244792877
2.4975854229848
2.49093584787648
2.48256038763011
2.49218329772615
2.49214450544701
2.49611074565385
2.49158744942467
2.47946040787129
2.49282094702837
2.49658121070529
2.49772772501253
2.48512006024698
2.48916789451557
2.49188108917869
2.48525064037269
2.48623924499151
2.49777425687677
2.49818200347001
2.49726675724737
2.49926698130826
2.49971779785025
2.4996826175984
2.49974803368075
2.49851375908058
2.49702368429557
2.49270235882762
2.49301012521989
2.48983890254483
2.48465727664184
2.47437797006959
2.43773677026217
2.3806895017288
2.3941873948308
2.46943071435998
2.45248127978381
2.48890422476412
2.49028955236452
2.45092513205448
2.4100584959715
2.48292690286094
2.49045597231874
2.49226217620556
2.48521637947354
2.49039776232162
2.49758858097262
2.49194362879987
2.46688198389186
2.42210012303054
2.27346815164513
1.85881326138536
1.52950324391856
2.11630486469417
1.79339205369919
1.7300824196368
1.7440582187268
2.04302010151742
1.42235366397426
2.08735696153061
2.21068775871962
2.05812588095731
2.11730291517549
2.26212893463208
2.39687023852588
2.33220933310119
2.4338955344183
2.40208577272875
2.48012950706742
2.48853414466291
2.48668599338484
