2.2102
2.26279749809504
2.26415826905387
2.23415028330432
2.35940802291412
2.39192392942313
2.35178918023454
2.26286625417673
2.11201856755156
1.8147896809896
2.29837995462397
2.36443150625464
2.22093016457484
2.09457917493749
2.07466436594012
2.32461080116528
2.22625151284864
2.2849933343997
2.05971451090039
1.67619602074335
1.60281862161323
1.48291366666591
1.47150493678054
1.39818741720623
1.93743607052295
1.85084308914227
1.86098538151261
2.14271082747265
2.19187211771875
2.36095819851664
2.36684937702031
2.35468155426914
2.26092298652667
2.17193430668312
2.29256288263442
2.28643563614635
2.36633221260891
2.45465977871138
2.2946211893335
2.38551532068295
2.39692313862834
2.45627147369895
2.41245739600818
2.44949650717983
2.46851238140866
2.45433354809011
2.49088157320757
2.49665233546225
2.49658026005961
2.48997380467639
2.48994230756849
2.48975467158509
2.49503082951104
2.49591494678661
2.49645785079241
2.49042315322738
2.48493651729397
2.49338420663654
2.49162725937819
2.49211776675813
2.49350011122303
2.48468362009842
2.48939789109012
2.49658306671572
2.49676878314425
2.4961929680679
2.4911704915076
2.49673793455499
2.496924413169
2.49876383303691
2.49887268962977
2.49863363314416
2.49975237082897
2.49988897310771
2.49995889358478
2.49998241024119
2.49998692602853
2.49995245588283
2.49996193561297
2.49997958048128
2.4999825710208
2.49998228393127
2.49999365955197
2.49999413337208
2.49999155076863
2.49999573004594
2.49999730051868
2.49999658563399
2.49999605036428
2.49998967195938
2.49999575000065
2.49999269704427
2.49998520614222
2.4999955573325
2.49998856736462
2.49998850294663
2.49997929117619
2.49998055098272
2.49997917165115
2.49996443189414
2.49993727093272
2.4999198947336
2.49995057184829
2.49995417771005
2.49997506134922
2.49995513231222
2.49988632265371
2.49994655960677
2.49992417963003
2.49984739230984
2.49989189768631
2.4999219750175
2.49982625241457
2.49980774700642
2.49949303654809
2.49959865718785
2.49930230355181
2.49935161096072
2.49805828225855
2.49889675172651
2.49719372918166
2.4956682206917
2.49385419036927
2.49746116839365
2.49386220126655
2.49746071057603
2.49738293263977
2.49938287666003
2.49794869267596
2.49911338960614
2.49555368216109
2.4964012214059
2.49705681922926
2.49162095368587
2.48710654418534
2.48754828585093
2.48232553495099
2.46820944574379
2.39887201728409
2.19620175823912
2.27816762724022
2.40821144074692
2.44948812338594
2.46272212699526
2.40104981137096
2.39597712598496
2.31350930073709
2.12828830827538
2.34004355892384
2.1238916577377
2.3284838324542
2.34060827384339
2.05235946874623
2.15119940359419
2.04770747319307
2.25204807980789
2.11074439644768
2.14425074689914
2.31436281480748
2.41091554545913
2.42388834010009
2.39446023467239
2.20825915232742
2.40480472128155
2.39488223448643
2.43988685971593
2.35214742020463
2.10929288093039
2.20619233397997
1.94073187936075
1.9197599782301
1.94842909854884
2.07209378849337
1.65923892007312
2.0541702267046
1.93521418065265
2.35458604535781
2.21849633278891
2.31266829762733
2.35148002161715
2.30994503198685
2.44779386968182
2.47329182667661
2.47923841857821
2.39771785478818
2.39312158339706
2.3977726758107
2.37240479089353
2.42312175550709
2.42625459355073
2.48784815250697
2.49018201530211
2.4886113438304
2.49687244933088
2.49717183509586
2.49678758387241
2.49725871312516
2.49201722616758
2.48946004702673
2.49096210911962
