1.7145
1.96890860187443
1.95506248106507
1.86530702570743
1.93519648548976
1.83141101330696
1.88868139194712
2.32682418893028
2.36616841718084
2.35381602168151
2.36246837321605
2.35977854205184
2.29848930147522
2.34502776085365
2.40450845966569
2.41327993885712
2.42323883208022
2.47208276659318
2.46156064419228
2.40197300510088
2.42607508191144
2.40396914873513
2.45842720704675
2.43514975823584
2.2169721800276
2.07633101910628
1.78965583146524
1.87656228714757
2.09876583774036
2.11069859252335
1.85828310567767
2.04869545019191
1.9211206265434
2.18034997810414
2.17171031311093
2.06867754189347
1.65788729744819
1.67191137904922
1.83599261639017
2.24911074210358
2.24661769957412
2.38538567595624
2.43214133998598
2.39175408677763
2.21826445404703
2.31260387162679
2.30837628976522
2.43328481001009
2.48401472950725
2.42483064662153
2.35197149906288
2.36155478841492
2.03870218854378
1.87443252206764
2.20774548720253
2.31940753286385
2.36539169740881
2.16151596900416
2.27797781414615
2.10030085830376
2.20640205012647
2.06896246823493
1.64450684784281
2.13710322003563
1.9584851873789
1.48548842970453
1.28052787626722
1.12765094499085
1.12988786766277
1.26584681427325
1.42668540659126
1.49900941974198
1.50097090002392
1.26645270246356
1.34573925999977
1.47162790473827
1.58452991462875
1.5019517185035
1.46154417384057
1.53295983605304
1.45779174909645
1.42071908875375
1.55174415813151
1.63960545085709
1.56794658103705
1.61073918947183
1.29752740811353
1.30363577430769
1.28439324928818
1.18470695476802
1.56602748881212
1.41595298179388
1.37785537904551
1.24417038716853
1.10294203713392
1.03346368054746
1.04078293663714
1.0090016078024
1.0079016592104
1.02099266988578
1.01228012170151
1.01492719840335
1.01827627682824
1.05204350080256
1.04955384112815
1.04863509861935
1.11376103423977
1.06091756633557
1.10297388359373
1.20685588431766
1.42095368858142
1.64031568194577
1.80180536007833
2.09230417645675
2.17676751506922
1.54783239433173
1.64784163861014
1.66068975301135
1.91355810162268
2.01935565465326
2.08763099443471
2.36415673888646
2.42999051163381
2.4109942212797
2.40613158503105
2.19268301586507
2.40190748370733
2.40789798935336
2.29515610388084
2.42207242163595
2.18869181477096
1.99640497832368
2.05697943407905
2.14778960499257
2.30294230964726
2.21663782243295
1.91323486322988
2.35427638777177
1.9981108800534
2.30957998253871
1.93193354017984
1.48608149432186
1.12203370090773
1.03028372383835
1.01568388387543
1.01409675549951
1.01279866981317
1.00192081522456
1.00114994908042
1.0003522581102
1.00012752952074
1.00012294221274
1.00015188457051
1.00024426377707
1.00008423774334
1.00011676013681
1.00009428871718
1.00006246368349
1.00004914472801
1.00006107300198
1.00001663356106
1.00002731942901
1.00001774358093
1.00002404792514
1.00002532749274
1.00002335082034
1.00005967142225
1.00012157870423
1.00050965189432
1.00099766335506
1.00151619665099
1.00141073242522
1.00235998680566
1.00096187719513
1.00117898969326
1.00074041045613
1.0014939575242
1.00113311930488
1.00193720061764
1.00431380246513
1.00463780110404
1.00344017051401
1.00299574181854
1.00238804632998
1.00260378630022
1.00550226799632
1.00315447186615
1.00744220121443
1.03791177333765
1.0447205884947
1.09522900386063
1.11086388832096
1.08888628956208
1.17833005043106
1.17150496163735
1.32717187820747
1.27694050834094
1.63873236588598
1.88758865107647
1.30491407856297
