1.694
1.67118994181905
1.66544416826679
1.61167208634277
1.79091266417457
1.93134311242168
1.81299962393237
1.8506049309332
2.06372635515522
1.68080930972171
1.94200829042092
1.90819645360811
1.90766728097376
2.23055360010432
2.13013833600444
2.04731993386721
1.58729332095313
1.69945712835136
1.74600313062077
1.81353738919277
1.43512797562885
1.49558294881241
1.50023181190244
1.24471750404784
1.34200219696508
1.46788937673958
1.61419496014049
1.69231090001081
1.74730842675029
1.72183039997455
1.22480502791363
1.25483401872862
1.17954762644021
1.16305647943502
1.48517685117713
1.62989791704473
1.54310381225653
2.03696277440095
1.3995881504585
1.1339097488417
1.15123508206686
1.15575305641363
1.02768879086953
1.03683135711049
1.14786462614512
1.11497943110903
1.23441665686691
1.3728819139701
1.40286433862261
1.40964661864416
1.41696836208607
1.22696542618501
1.2654948630617
1.28491607377514
1.35614264623502
1.92319576958923
1.61384333804021
1.39662187335466
1.52301342987751
1.35768804331903
1.31402214465108
1.46708784303605
1.55815913430189
1.93856067239393
2.21270664242806
2.35204079220852
2.28381050315445
2.23510817772973
2.13291024094047
2.32987269777743
2.30557611812465
1.89681912562168
1.97300620957674
1.65692521887161
1.71207833550325
1.6972230735367
1.75347015800798
1.5823233487945
1.55934268698477
1.71221988115163
1.66842088902061
1.79059266643973
1.45815065596939
1.64512306789813
1.8742860702534
1.95614338282384
2.01830632430065
1.66291471556153
1.69349147958386
1.45240694751307
1.62490465319992
1.68771945009979
1.86714443531174
1.80008138510103
2.29940256751416
2.11636826525041
2.06780810976166
2.09078292981775
1.95408625809136
1.72241847869968
1.61475247500223
1.55552928817495
1.3941037315243
1.33492552770247
1.3428671318536
1.45875728767121
1.46103997704439
1.52160165131473
1.48479292674073
1.42201654764038
1.44181366339068
1.52441696784329
1.50808097830852
1.82724394692924
1.8804896063876
1.72531523511069
1.67041477956295
2.05138646012096
1.5605075724824
1.61256338340588
1.57395645743412
1.62127991042009
2.00426173524213
2.30394346493139
2.42883338855021
2.45403977292903
2.47102112668741
2.48526106929165
2.4702521650258
2.39207088454296
2.38223400179552
2.42212585785059
2.40476563042275
2.42594353309737
2.4451261583319
2.40772422389563
2.47169714735553
2.49149265069819
2.49676046717212
2.49567592477803
2.49361266093132
2.49801027475159
2.49908613461945
2.49887439295356
2.49908609114356
2.4995408886276
2.49955335568226
2.49919988392817
2.49898618907101
2.49903028519426
2.49875444282243
2.4964710489016
2.4967309899133
2.49841490368906
2.49899775040621
2.49969201124942
2.49988364115244
2.49990136403791
2.49958830519858
2.49897173063245
2.49889747343691
2.49826871503746
2.49771200974094
2.49861723751877
2.49911062317235
2.49981412881804
2.49952877382543
2.49906626475838
2.49890488759082
2.49960086189551
2.49881098999219
2.49928163849623
2.49971421814489
2.4998649131513
2.49974451661847
2.49979237573205
2.49972936547657
2.49901597233983
2.49899167006433
2.49981958072716
2.49975323252663
2.49968287787565
2.49979267339649
2.49992945933479
2.49985435722546
2.49974872523875
2.49985696384371
2.49969804473303
2.49976085782707
2.49894839744819
2.49909962407819
2.49889761657443
2.4993740480699
2.49845942815812
2.49842420546878
2.49679946934457
2.49580079542089
2.49832362938643
2.49921907888867
2.4982903527858
