2.4999
2.49991458613467
2.4999142599815
2.49985813785097
2.49965235949729
2.49976760248854
2.49974932467984
2.49958036468393
2.49955612957373
2.49972059442859
2.49939929139379
2.49931814769174
2.49935959623486
2.49950210071929
2.49868265241623
2.49301815721582
2.4683439589872
2.47593754945351
2.48947664473112
2.47990692575311
2.47031915089
2.47135209198428
2.46477603438057
2.48261283119685
2.48591521559205
2.49245306604445
2.49269241098487
2.46594157769569
2.45468964140741
2.44647430947214
2.42793926843313
2.47930912022401
2.48764976463043
2.49037949087126
2.45061180642473
2.41977876883388
2.41394683105832
2.47396496383543
2.47338266426576
2.48276782652547
2.48863846712253
2.49290686966933
2.49881858568205
2.4985514437675
2.49880865287103
2.49434884916404
2.49242563453443
2.49554153598698
2.49747314283186
2.49893727039186
2.49821440409699
2.4983045991874
2.4984161763381
2.49887972233912
2.49881550320038
2.49960475910114
2.49870866515653
2.49522221376969
2.49841971837184
2.49836262514298
2.49902346376311
2.49939452823726
2.4995250369152
2.49946563149776
2.49949977486646
2.49984406202857
2.49960513115284
2.49914763240236
2.49933868833488
2.49971046528103
2.49983024382713
2.49986053628647
2.49986407906754
2.49981289994632
2.49984403544106
2.49984876833904
2.49933286575206
2.49945723920495
2.49955621694671
2.49986076458137
2.49988844598369
2.49996659811648
2.4999872613852
2.49998098493267
2.49993667643494
2.49995039908628
2.49989935421376
2.49988176540736
2.4998639900772
2.49993185326262
2.4999671506725
2.49994539873234
2.49983137432418
2.49951579384148
2.49948657616575
2.49973064549939
2.49989364196583
2.49978182850114
2.49976067425259
2.49959774344811
2.4995978751855
2.49990415641077
2.49949583492116
2.49984726169726
2.49973679629565
2.49981548351887
2.49991640096419
2.49985201729971
2.49990312553259
2.49989856711134
2.49993985525049
2.49994405573181
2.49994817764924
2.4998803998633
2.49995042288172
2.49995658359402
2.49992211651451
2.49997424812135
2.49991464299648
2.49970448449229
2.49907213518802
2.49903646032566
2.49896201574337
2.49844588502377
2.49706681196821
2.49679245153473
2.49579473172037
2.49298159954715
2.46420410214807
2.44054934100479
2.47891863645466
2.47971866675651
2.47621780930761
2.47715630084181
2.48226523538033
2.43778178601518
2.32568516255635
2.41662541441488
2.42340549873467
2.41038445798243
2.38460530341266
2.37734816394075
2.47673360829391
2.45787683747678
2.47510551327643
2.47841074078383
2.47189182709122
2.48322259813096
2.49421387020282
2.4878649209102
2.49047253548051
2.49395847377007
2.49603968822833
2.49255255876775
2.49295697359295
2.49793060914841
2.49465985919237
2.49385326143535
2.49215322231814
2.49267316508546
2.4952991803319
2.47600381526474
2.37715700526575
2.03192438208341
1.95472976381824
2.22762776664142
2.25851074223254
2.45766569452557
2.45002396454226
2.42510914526151
2.34715630337962
2.4147111354242
2.42715130131075
2.24756049489389
2.09344194374719
2.07172844346065
2.04479366614149
2.35023064787683
2.36608324625249
2.17708205343102
2.0011455906463
1.92617148947501
1.81109464735872
1.90442329973578
1.86100762614409
1.58126222414848
1.7319916614566
1.90617124353966
1.97682830218138
1.71955423773925
1.72514503788192
1.25326973367151
1.2184863658442
1.30719004041294
1.70218827929032
1.46572484362144
1.39401214771482
1.33281091008879
1.84347278724831
1.40606594476694
