2.4999
2.49987316250221
2.49977991298877
2.4994204694152
2.49820360162927
2.49896089893393
2.49920823918646
2.49946014939634
2.49888473509488
2.49761005074829
2.49955515856877
2.49952352011231
2.49956196524698
2.49844225644574
2.49530380667644
2.49562496723313
2.49790533540215
2.49875219607764
2.4940818304615
2.48603121754548
2.48469572407764
2.47773647761047
2.43595288933228
2.3798096724971
2.46641149526684
2.46888226102516
2.49266662913943
2.49381718069803
2.49724335033646
2.49610555356855
2.49736859594555
2.49932077127276
2.49906419892765
2.49811116165271
2.49726109588682
2.4943135900637
2.4972598886732
2.49916537624669
2.49738128312779
2.49772351676687
2.49917913884626
2.49908082246026
2.4997061723353
2.49987248805339
2.49974986045184
2.49985560487857
2.49975013637463
2.49978355856136
2.4997803990839
2.49973843215401
2.49988063868374
2.49983934956249
2.49923094116129
2.49817914460395
2.49827986677022
2.48919483625437
2.48904075599562
2.49506784892495
2.49632482763554
2.49630520714602
2.49121400089872
2.4849029903875
2.48586670693201
2.48388994765062
2.49063539876771
2.48211010818275
2.46296574559916
2.47107224792977
2.48574670975146
2.49679544471996
2.49736734226412
2.49190808589438
2.49637136583617
2.4839913567543
2.49240928332079
2.49407746284234
2.49809420000043
2.49535717560629
2.49432332086449
2.49359529346948
2.4957385187874
2.49078277546095
2.49632104859557
2.49439712347308
2.49851561022431
2.49857831185199
2.49964231226012
2.49984742028286
2.49991244859212
2.49966798553524
2.49914770587648
2.49754443253839
2.49807636662934
2.49621547326829
2.49764181665614
2.49869828482239
2.49930451012653
2.49933186929912
2.4994763800183
2.49978140945334
2.49941188745875
2.49964091226684
2.4999022543407
2.49968913754788
2.49990148955108
2.49987283144109
2.49985563654386
2.49995031921208
2.49993022701568
2.49989347080739
2.49992361493311
2.49994252479669
2.49988517765673
2.49985160683403
2.49992611555637
2.499881691672
2.49950718332075
2.49867034910002
2.49811806784157
2.4980896170293
2.49745902773385
2.49750899662311
2.49742448417222
2.49896550392075
2.49804836710186
2.49649379825581
2.49833144980528
2.49624336238755
2.49105992390115
2.48557834981527
2.48963164092673
2.46208438370077
2.47859467178132
2.47479841422675
2.45299065071555
2.47970465304193
2.41117684456685
2.3505872837756
2.31797280993026
2.38148296365682
2.44826682761395
2.4611688427433
2.42659531652217
2.16075946777795
2.3705184000142
2.46218408506709
2.48516201812626
2.47055475997028
2.47603026846451
2.41665817068845
2.48252067207665
2.48182040925605
2.45481484716089
2.48425069486765
2.45955433951484
2.45137349299029
2.4544666765164
2.48046816139468
2.46934393635145
2.47427117595775
2.47567475385331
2.49386944012483
2.49469703687653
2.49458786148446
2.4988204903425
2.49933590467257
2.49787452360817
2.49759150359975
2.49738978176457
2.49750537254578
2.49849144367546
2.49639728125854
2.49757655348193
2.49699351950067
2.49768361503751
2.49497730505856
2.48750362043324
2.48705590202772
2.49527765541991
2.48498519778206
2.48999779303476
2.48674944279113
2.48436200560719
2.48512923677311
2.48503365224471
2.48579515629339
2.48238975588129
2.47442043523577
2.47393782446858
2.46311093326389
2.44739470273757
2.46638720508766
2.42138246005548
2.35717954945728
2.39468650638198
2.3833398966154
2.29579035692065
2.17268361326787
2.16577436765928
2.23265062494323
