2.4999
2.49990655056937
2.49995586185499
2.49993749419075
2.49990386279708
2.49988510812388
2.49988498446478
2.49955906787618
2.49972683208906
2.49981088980062
2.49994447649411
2.49989101415816
2.4998878046259
2.49995353919009
2.49995050872382
2.49994581670425
2.49998455645531
2.49998376818057
2.49999205906729
2.49999513584228
2.49999675364194
2.49999538525658
2.49999649222583
2.49999800586696
2.49999701993951
2.49999561360225
2.49999198744905
2.49999559642248
2.49999160897607
2.49998547681819
2.49999160195579
2.49999398953144
2.4999869148777
2.4999741806502
2.49998286335568
2.49999148194201
2.49996675941763
2.49998178988481
2.49997961152031
2.49992098080302
2.49993700625271
2.49976910653599
2.49985308781245
2.4998075716881
2.49986454094963
2.49980976034904
2.4999410361836
2.49998311163908
2.49998298395365
2.49997493721844
2.49998182657475
2.49997994599016
2.49990580825847
2.49989629055599
2.49990504347289
2.49989445802452
2.49987783658921
2.49965942898231
2.49991244272688
2.49981563024066
2.49980313600268
2.49979739339344
2.49895737482096
2.49879960290133
2.49846078744068
2.49849917294365
2.49348357164271
2.486393622174
2.486173258147
2.48375617003414
2.48267441136944
2.47381766165094
2.47352163832487
2.4238321318233
2.34123996568296
2.24326745057381
2.17956510208278
2.33813155098368
2.4614632244365
2.46563513225768
2.48590345095675
2.47945103183644
2.4939803538556
2.48905280721526
2.46059454249943
2.47579224936773
2.49445472102584
2.49638179213531
2.49710071027528
2.49404674104068
2.49272149655153
2.49200571450288
2.47509999702978
2.49462466916345
2.49598223258741
2.49346704989398
2.49191105459821
2.48616318571198
2.49329577707307
2.4886902580315
2.48033383518203
2.47118440076253
2.45794920709989
2.48531331757409
2.46466529736644
2.47850280912239
2.47434987597669
2.46425491267415
2.48514832040317
2.48673102658433
2.48287297118583
2.43548300008045
2.48018337621014
2.48523824572592
2.48479602668099
2.49723507702951
2.49372740261596
2.49545354748885
2.49339744167253
2.49324915566209
2.48315974848948
2.49733638274356
2.49569022558497
2.49820978247615
2.49350369657372
2.49306628956814
2.4921807772383
2.49193424652663
2.47253527999365
2.45055983790894
2.47932032082119
2.49128136198355
2.48101789817516
2.48570050163123
2.48448460185706
2.49472293905038
2.49754558695206
2.49884971654695
2.4984844639805
2.49892100085798
2.49920062992092
2.49907563916844
2.49975448782931
2.49991996230711
2.49998275580218
2.49999586103959
2.49999369026828
2.49999639883849
2.49999769734405
2.49999818122514
2.49999823500707
2.49999944277574
2.49999888767129
2.49999950130683
2.49999972084105
2.49999992706131
2.49999997213755
2.49999998388327
2.49999996931466
2.49999997374374
2.49999997376188
2.49999999122731
2.49999999239184
2.49999998664933
2.49999998396809
2.49999994189287
2.49999994890207
2.49999991395702
2.49999988053723
2.49999989497801
2.49999986534267
2.49999995137287
2.49999995021823
2.49999979628078
2.49999953877221
2.49999955005922
2.49999942034382
2.49999985310115
2.49999970847409
2.49999948944433
2.49999975449956
2.4999995463421
2.49999902574054
2.4999987709705
2.49999817372628
2.49999914389903
2.49999874107555
2.49999885150995
2.49999735464567
2.49999852560302
2.49999796424755
2.49999673113469
2.49999485335357
2.49998826133083
2.49996507399105
2.49988472134324
2.49963419758206
2.49984534788891
2.49995529973318
2.49983003537853
