1.62
1.88032275357569
1.71769099005111
1.72893689430811
1.67732085306954
1.65063243271651
1.63407086529889
1.80239388665411
1.33219681589796
1.34283785619068
1.21164775757868
1.58169315692624
1.71445346339986
1.54081361186526
1.47764499447041
1.49027060966115
1.54852335841038
2.09263766647107
1.98463084390774
1.96079557221599
1.9545595378916
1.4226183655003
1.57212614706309
1.73915142634077
1.82330467043246
1.67022110645117
1.98062281106014
2.10539792521102
2.34726426684646
2.19260700304517
2.32392148469554
2.43077601077326
2.3934259715699
2.25831023318588
1.75451399596236
1.35565096081801
1.35985182117422
1.13070339602902
1.09964687175853
1.08591527606005
1.20426284112504
1.23900361130209
1.11089608296025
1.12875720972342
1.07692170765225
1.04234809327453
1.16178819100633
1.06704534905603
1.15073050488146
1.08792766732202
1.09699862622141
1.14392361355037
1.07267736470121
1.05648427623991
1.03232258629327
1.06023079878875
1.20692672508421
1.42967204528176
1.58390605481306
1.59377713667106
1.25602241991257
1.31779115367603
1.23358156824501
1.15717221958273
1.11447592873472
1.08333488537456
1.11180333291724
1.13978629319796
1.08855018567017
1.11087280502139
1.35219577451687
1.38720972126298
1.37671575589856
1.49260927562042
1.33546203976466
1.29952400570642
1.36463383243309
1.90463995087802
1.59369844366392
1.39505298822125
1.1701247249563
1.36092604655947
1.30096821888122
1.42676215313881
1.4378346293343
1.76448956013453
1.76224349805502
1.73015802820705
1.73704885263991
2.02111449465283
1.96394417809693
2.12139102864291
2.19531845046234
2.25255843418148
2.01981933844021
1.74219900179481
1.62832215971703
1.88760585326561
1.81354852820467
1.65143545041408
1.22177172336336
1.24040775119993
1.14161160295075
1.31892637485674
1.3394426490724
1.19371622727477
1.18004897751377
1.10097885318267
1.11808665195126
1.13457623932466
1.14352753999174
1.10808094402723
1.12280757049325
1.14510866012131
1.08913405580143
1.09400675881076
1.13650368760359
1.11599343324203
1.11665025912894
1.04538251258072
1.07137257221886
1.02809986635688
1.03299937500698
1.01427571835072
1.04043342978785
1.02059542162849
1.00787478425248
1.01892304534044
1.00307096720693
1.01082930179026
1.04044458267091
1.0348974361652
1.01821301511483
1.0190935679121
1.02037540964648
1.01907959101745
1.00649876606944
1.00547540288226
1.00785047149412
1.01478938435341
1.00746471461438
1.01373347934306
1.021621913553
1.02609239736837
1.02723956373005
1.10742232437612
1.14472794357345
1.15077539876167
1.26204785847131
1.27126439562157
1.1676226601071
1.17681391810328
1.32606808631982
1.38118805715725
1.24039847582285
1.10260040308434
1.24002618055092
1.40319800803833
1.18550753765779
1.12046466351901
1.17033473061251
1.10409843988919
1.09119691823784
1.11544739607675
1.02199024766415
1.02890840997981
1.1238635338118
1.10045293333751
1.07417538818292
1.13384673930025
1.02214300335783
1.01457724152812
1.00371552708427
1.00830540124824
1.01555295336841
1.01584251105806
1.05032649645213
1.03256728237039
1.0257750869516
1.03217482380438
1.02040438309381
1.02269428225
1.07788984149589
1.05379950846224
1.03674158710146
1.02519740459455
1.04242070092237
1.03403158072077
1.04868887007593
1.03045825546454
1.02259377952772
1.03491555876598
1.03710132364727
1.08640329420821
1.06865449622378
1.1935516791567
1.07269022926741
1.03787447049221
1.04066045284288
1.0215600033947
