5.57630966196302
6.07252578280146
5.65872838821297
5.80515503978695
6.00797132114726
5.87735890688437
7.88004848774004
7.37388730550725
7.76285485281266
8.29073263717384
7.23804262647099
8.13159600220315
7.82627863804279
8.2839066909853
8.2645320095941
8.41968578043243
8.59053448219922
8.78804548233214
8.30400251655893
7.21124626293747
6.803173994542
6.71977514716654
7.72492576426684
6.71317775886955
6.48353035608333
5.68664117558849
5.98295522115934
5.94994723818071
6.56172167154271
8.00738794363154
6.35106991372559
6.92058441641101
7.11772586541801
6.09834589619741
5.79366334784382
5.71471200173337
6.46007846154578
5.9291221952666
6.59188719990748
5.72190790925065
5.61729977412056
5.70190207962019
6.46476552027412
5.55570820864977
5.73580069380513
6.97212700887536
6.05682887943839
6.66466586092405
7.47803034853109
5.79302364285762
7.65566217216358
6.47173390953909
6.01827122034207
5.72571304480476
7.05792632309459
7.05475559487571
6.49398907322782
5.6145895585702
6.36445999260344
6.3311283074374
6.37774841430708
5.70032062218186
5.78251538612844
6.21335160194897
6.79942745023251
5.87651722863493
5.7655671298166
5.88964221083876
6.46908894822509
6.11925953759209
5.70844082807259
6.26163278294152
6.28593167468371
6.20271883611499
6.23893779478899
6.48939757588931
5.54290677975779
5.87122884362804
7.16243054617746
8.66663338624442
8.46244669781586
7.06122160615919
6.10131818983966
5.90266173756653
6.13878918569043
5.88548310149156
5.63039027242008
6.94377390198996
8.05733129406336
7.12377666770864
7.97383573539364
7.31552540816368
5.5936390094278
5.51300263082692
5.94272049249133
6.04230995740814
5.88423580123316
5.85208738742478
5.8303436793803
6.0863135330509
6.31065667622798
6.88869464436687
6.90920902102742
8.43471802867096
7.07285417388214
7.49340658753967
8.76071635380133
8.75184415570247
7.1930363667156
7.88235826020329
6.71552184302497
5.55684111715778
7.7801398143795
8.71488313930742
8.17948233811465
8.77829057639682
7.50164737348302
7.91785333264476
7.34734637225835
8.63686985933021
7.89218091442033
8.39935072771641
8.46676315544238
6.99383667545374
6.69552144516114
5.59088058903159
7.4089255330904
7.79074800133766
7.30403178229348
7.66575031407862
7.06658668505585
6.58547362353472
6.48734459994211
6.49114078194819
6.25686311940081
7.03614918979996
7.01117904588855
6.94982819611361
7.89059227684667
7.9116305670692
7.27309453408144
7.96842812373692
7.19926902186214
5.67131374271566
6.87106054469849
7.44355921337499
5.83129384510213
5.81507847589841
5.65335277728472
5.9634130616759
5.69529163093409
5.77082517425734
6.24576352295846
6.93542607850025
7.56627642008457
7.336999899186
7.11654602937839
7.48740606569971
7.72385241539977
7.25120056606839
7.52848986826157
8.37780268623267
7.54029166982597
7.98128963885842
8.61407398206156
8.19270230447091
7.74046381868069
5.6854491830205
5.78357176481022
5.92052922305366
5.8770416444089
5.82672157398538
6.2835893466652
7.75454211034814
8.33710488713738
8.21659966569476
7.54667705473633
8.26562202013272
8.39474740790557
8.09364367206454
6.97102456598632
7.31953188731401
5.90000418575165
6.84002503889389
7.49888951736765
6.64501542876496
6.43062997189429
6.53548093791199
6.04313746184794
6.79525200673158
6.51891346731284
8.06235916746791
6.36374140411627
8.24622997937783
7.25869288907365
7.00393940825849
6.62876636696241
5.80094658468173
6.20882335394424
8.47020070599533
