8.01199603234418
8.39126317095639
8.62742596838435
8.33626595035939
8.60484596608491
8.76891082772194
8.65144743325959
7.96236902813503
8.18194734369232
8.35373498593773
7.59674569343658
7.45824685524744
8.09594645299769
7.03335315347998
7.74567919169886
7.17816986285736
5.84938789581827
5.67117511517197
5.63374052779065
6.26558250080902
6.99585238908443
7.30207471334401
6.8511799315763
7.14501121910065
8.50980744558114
7.94275638868165
6.70105154462108
8.10215799295043
7.72438305088553
5.77959649784725
5.66946213436987
5.51373595512691
6.89577659077732
6.54851395976628
8.09862318363087
7.53234907020893
6.01273106976974
6.78531557451724
6.44584483270896
8.10012945088241
6.78891482065682
6.41886806023558
5.99073466254831
6.12067222168502
7.25511264209569
7.979970116515
8.10765332772245
6.91186937518908
6.77178039370595
6.74161346571953
6.33894434500135
6.89700379748076
6.02629901827885
6.39776939516006
6.13212015043965
6.90019372284956
8.72662851072462
8.46343026576442
7.88242981709419
8.55551012960199
8.1434810404097
7.69247434420056
7.67447013750166
8.44314731952668
7.80976023949525
6.56620196644762
6.71778809662539
7.89060154329191
7.58125198522297
6.61069504516472
6.2291627654231
7.36469419821152
7.31351553220081
6.8073354608343
6.09604751131465
6.5189962447819
8.2887209445761
8.74366786806643
8.04829083336076
6.05304942535727
6.60949211722096
5.57611316449565
6.07936257795903
6.27859652710817
6.00870637266244
5.70176958016563
6.06887193930941
6.07982216344439
6.39817462795365
6.58677655132319
6.33225132910715
7.33785163880506
7.29764866851677
6.09186879345672
5.91248860297463
5.84363201824448
6.22712420320784
5.98422679623241
7.50129497887408
6.65131216023442
6.63595493323006
6.51062419731207
6.31580537173958
7.80104032085302
7.45422633163342
7.11467712729239
7.13940092478992
6.95492903000409
7.10255718427422
5.90256690787097
5.80846846108409
6.07268682274431
5.99892952792489
6.03472157810957
7.60194943729662
8.24028865736363
6.93826884097998
7.48342064904627
8.47388094776888
7.93342575806339
7.21464485318326
7.30294258962904
8.10950605008499
7.64404857877821
8.55161414333144
7.15157684421036
7.9023277879959
7.48461646807219
7.30587943568335
8.57486663474905
8.50734421193278
7.96973900353578
6.96285427986673
7.16108625916428
8.48858067326241
7.95649802014724
7.21719652033324
6.25088740994624
7.59180365667227
8.08201166099851
6.76730275897918
6.08391687342574
8.11120162363431
7.81450680416412
7.99469614942893
8.05641381654941
8.36218921443632
8.41098459907681
8.68296118520981
8.76673927718701
8.5482146798697
7.96326317598927
8.5403007649153
8.0762945686956
7.29692234551824
7.83326783283713
6.07214615175874
6.19077476321634
5.50728141497455
5.72289707511879
6.07388743254746
6.82019972152979
8.11308810980031
8.50261121833712
8.5210137813527
8.76587245537562
8.34240802031669
8.16844319156387
8.26044520301626
8.17223831917532
8.17354019878117
8.30459620831325
7.27244603195247
7.3089193578029
7.54418727496111
7.83958177103016
7.85395125607454
7.47362149765162
6.12336788381527
5.73355766896934
6.00305373433978
6.41786444374487
6.31766021196303
5.87889462433404
7.55326982385906
5.77943916114474
6.69395655417151
7.17592367286984
6.87067795422401
5.64244807065853
5.52277701761125
6.37546752882757
7.52366884514503
7.14613871179335
6.87527709895131
5.91570115100755
5.96127312766465
5.86711369358349
6.22400241258606
6.85131802700175
