8.21823185337708
8.13549460366898
7.72084865787806
7.19522660952053
5.54095887724499
5.68650574898078
7.31290796332889
7.73355232187497
7.09532637461552
8.12476033629823
8.3784545168484
8.42410806794834
8.61990851458511
8.78189685329462
8.78303540821956
7.12619838895201
6.4643826933643
7.25536347828528
7.60303522848819
7.79125609117002
8.06801572177565
7.62583203758559
6.26622921250929
6.93261021679444
8.08271306868937
8.53532201095913
6.21569494039249
7.20731747934281
7.26970303790791
7.37516666895482
8.5787462325567
8.03203203885764
8.5028169730578
8.25149887766101
8.688619338658
8.16666609969965
8.7730135437442
8.25952613603722
8.35249933728284
8.69937383060206
8.6456446321588
7.4202193416852
7.29000339946509
7.44205646140697
7.71388802880091
8.70074293429633
7.08426319337585
8.1532086948295
7.79774851508201
8.24829047886724
8.25875849624379
8.28158581795793
7.18831307589718
6.71320307404715
7.28576781610939
6.99983462945276
7.15697941852747
6.37622687338068
7.74759690272491
6.89956719511205
6.35184711554582
6.36512036594877
7.77966063675786
8.20902507516788
7.10171296762005
7.20249855684051
7.0792877103536
6.22263995832461
7.28327546007628
6.30613049890097
6.98598982183066
7.91823977017453
7.38222867959323
8.22247245475794
7.31550553182844
7.54780171249786
7.96427453949176
6.40841189268197
5.77082388036893
5.8332259806593
5.78136581456975
6.32658224854744
5.88155371554709
5.55627611681243
7.49624794805469
7.10255469605373
7.16243380694146
7.45812288439764
6.43603209588214
6.83311673854946
5.92787210276417
5.90325908424699
7.56043714183627
7.3728584391525
6.83475961790655
7.77429642358642
6.05332866997537
6.0421384463446
5.79765824156982
6.94427937682305
8.11253797047359
6.78009328058147
7.93118365133858
8.42549728287936
7.29373659182305
7.99302540920051
7.71219375678208
7.33187079831124
7.78138723200162
6.9535698493926
6.59024112158444
7.33935789642021
6.6083239555176
6.07338763911659
6.46077877832307
5.52108254890381
7.56498954026668
5.94333086549145
6.45683781210816
7.07701564345321
5.8389738643094
5.95279504653649
5.83560852121785
7.00037748588372
7.29893677340137
7.91611667124803
8.64380452705668
8.46566589008584
6.70994565551449
7.6706374982426
7.78146770083247
8.26805183097335
7.9493922730734
6.55940295755174
6.28012070714135
6.86119119511842
6.44672676765107
5.64200870699931
6.39141217046254
6.55484787264347
6.58884244862725
8.27426060879385
8.62919738340926
8.6435489320291
7.75871679623471
7.62984356425743
6.31753579090524
6.28550090724079
6.8128935956643
5.67863115877349
5.96047367030232
5.51020576296088
7.97925721365454
6.88160337568054
8.14631691076586
6.46342935395233
7.0391680030909
7.0519996545482
6.2971736895427
7.48004455976597
6.50604160703267
5.76859418547941
6.19034414354261
6.51988674690093
6.71009962839057
6.63512961496874
8.04922831530554
8.34113062986485
6.64442357778067
5.88213588392745
6.82642133881458
7.12922274618266
6.72856488098312
5.81451557200323
5.68554981210601
6.58701938132163
6.06818845951678
6.72954523375563
7.45739541590143
6.78767426963766
7.34009921983755
8.23720465617181
7.58016742365008
7.13404226074746
8.72675845649701
7.32998603125955
7.00629407690016
6.56260714693897
6.15744265034774
6.93312024475125
8.763246277178
6.98656331591196
5.81249759166223
5.51277605161764
7.53791964604096
7.22598884129473
6.70358337497901
7.9205800091743
8.6942632411198
7.86586330217082
