7.58236099493224
7.90038127075415
7.94500220814129
8.36534331386151
8.35406871101048
7.37554176262427
7.08241013397742
7.05749748981539
8.53832716434773
6.36784581372204
7.25405723401582
7.46832079389395
6.85716226761094
7.15136533108672
6.89981740258939
6.50948126060138
5.91306349948973
5.78975074669479
5.54620859654644
6.75377632834053
7.17504574299487
7.53890088797891
7.21653666163407
6.89478847656234
7.29739972184693
7.56038744896306
7.30216621946337
7.36731964422932
8.42082377863415
8.78338714618982
7.56963197259172
7.12873932692376
7.22100708206972
7.45359055712238
7.58882073748329
8.38563812720432
8.73443260331893
8.29011676437988
7.60308073723524
6.43260253922139
7.66323543536668
6.18297276046397
6.64536871162666
7.29240244791737
8.14245556576072
6.7064086406256
7.4585347090233
7.52337118693257
8.53814427018981
7.64323153276812
7.37158432649333
6.39891642965413
5.88500261722882
5.5550775771335
7.2986914533434
7.40565096619913
8.62755860306243
7.90875694237793
6.05473625652185
7.06633436808908
7.73272080481691
7.35254446935936
7.31743377360611
7.44554933310757
8.66094238120542
8.68552869016085
8.45639955065193
8.73177185026639
7.77016273425997
7.80283123403367
7.91018954450808
6.74361675329636
7.81138898830403
7.88474184302925
7.8067280259109
7.77086670742215
7.85417811819817
6.98995190825275
8.11723626674115
7.73947365293894
7.60682950138946
7.56528959173819
8.70800959957425
8.42763535539953
6.74419592613824
8.07780442758922
7.53637769602755
6.33950884919881
6.10329924771923
7.39451703662504
8.52740336979089
8.50795315121368
8.42895563359409
7.3796511961662
7.26223820937321
8.61698051190449
8.2705182432682
7.40023070803226
8.23555067980055
8.23822363312544
8.1060895974301
8.10332284905552
8.62484843924929
8.0298713933381
7.47273860374848
7.47413274451974
8.69783965521108
8.16291270998083
8.30479173226494
7.817665707193
5.55446074036232
6.10818187764804
6.85317414174689
6.97025600980544
7.22267485705341
8.75741469076028
8.33075463103511
5.75414262109744
7.92605869358713
8.68816679607663
8.60238141446214
7.9156414038005
8.54679170853122
8.60373312893859
8.20252286743362
7.92452410683468
8.36726486990661
7.88258126602415
6.35948902765477
6.17929873011962
5.99887763154712
7.98363626333904
7.85811832119233
7.56643610686604
8.39713658203943
8.68826394596769
8.26055404889258
8.47407031006694
6.73038993828445
7.11151204738212
7.30107363042067
7.79238360505877
7.88223864515931
8.57080269879683
7.77082498924455
7.30410403863888
7.86075478428851
7.70866546123054
8.19561017782929
7.45971743640273
8.62495303533805
7.70241810024016
6.82771234528821
6.98185624073218
6.65377125994149
6.36114145150077
5.83945764749768
6.53476135225007
6.96776727643453
7.00451906476942
7.26785510098529
7.03965807771277
7.70779162437355
8.76402259823611
8.15655995885362
7.45335322502272
6.04205107962032
5.63423961062284
6.14817666627517
7.0223961311418
6.9369107576743
7.42085338077926
5.76874028593859
6.27325480995055
7.2326890522921
5.79507497627715
6.2668683939552
6.31108241340628
6.19344323975255
8.39297178054455
8.38926455805352
8.58881678818997
7.93004992754666
7.37153244058411
8.57844381216955
8.43516760873907
8.39620684543577
7.66335698821814
6.06817923776511
5.78149666410427
6.92803944113302
6.72778334730892
6.62552607120201
8.03539365241491
8.70855100235244
8.0954287074025
7.94762589333051
5.82818108301082
6.71758511836528
6.24594624364556
