5.55515307947062
6.76054997455338
6.82674701981356
6.98270350230888
7.2654041673977
7.68588052780889
7.32609551546682
6.62276327221241
5.96775453280276
7.53238536139376
7.53810676513261
7.82891072589272
7.37843687444976
8.25032757400521
8.57932949234547
7.12901096160627
7.15842970727262
6.84964707999433
7.32435093703709
8.37911676567945
8.19873643192538
7.40135186280949
5.71795537695293
6.90256364108068
6.68409688228031
6.32768061749346
6.87539370676211
6.28582203578179
5.76063999676052
6.8127785965647
6.97497430788541
6.70488945204021
5.56150729700253
6.27586876700506
5.70452476116507
6.26908211919639
6.68096226690621
5.74193514658712
5.85142642619049
7.45211890629077
6.81036917323305
6.62655606861651
5.64799475148814
5.96983849463942
6.02481638703634
5.80779364676014
6.28441585091285
5.75955329220771
6.93934961821447
6.40819833072397
5.73113081568632
5.5290041744309
7.0394718742537
8.55097231722477
7.75682980231675
7.61258210674594
7.6051707015264
7.11262670367746
6.38690587361441
5.5957150822947
7.69821911110019
5.88235202854987
6.91259342314422
7.33790018755479
8.61352443084626
8.69336588446506
7.14047527396689
8.69342562941148
8.30233127542305
6.60249450293941
5.7880988347279
5.84080926282234
6.14702120655582
7.09132575359561
6.57218034558616
6.75727730758987
6.40064295916486
5.95747850357387
5.63865504840012
5.89519557234102
6.09088756488055
7.0620985736081
7.21251572461092
6.7041803721261
6.51860416103144
8.13872426956688
8.48306754732327
8.51563269235353
8.0863978254702
6.48236963399209
6.12459824614273
7.10021156652334
7.4831874766646
8.22738367530345
7.1657479026729
7.70836800121556
7.60828118677316
7.66532318622475
7.49125867317389
6.49045755576218
6.88744804427453
6.95692519040979
6.6809803100074
6.24089109355158
8.15893227879463
8.6729817206972
8.71480456096811
7.03118301801121
7.92971738929598
8.13830654985718
7.2844371480312
8.79044354926378
8.76622296650465
8.52116430396811
8.6701664522487
8.61117559383946
7.29546955191985
7.691226873421
5.55948616779225
5.72358967226168
5.74591246062202
5.93961529457189
6.91859221864308
7.23068700490465
6.72736929722076
6.40332908292246
8.14090005859678
5.62752215370481
6.15720499410762
8.22760882439582
7.66413551124502
6.05248761240515
6.3783188921748
5.68467945624653
5.8560303147986
5.55471468681406
6.45809246147669
6.89128750110663
6.16072261368251
5.67779937199653
5.75866231113053
6.04552202691309
7.31059847015592
7.58546891685903
6.93030520870911
7.0157971962255
6.08979082727608
7.23326935281948
8.17645592654358
6.98586110852805
6.8511343411361
6.68166045322989
5.5641598800534
5.55853334430288
5.85074806472072
5.66546025915193
8.56375648333812
8.63568136780465
8.77130875888423
8.38362997780152
7.91303101513878
7.79506856959416
7.30336351408979
7.72994194320393
7.32346571307452
7.46483210352133
7.35011916809433
8.62842464614374
8.25553676097957
7.98335261317994
8.13397326746157
7.90326870922908
8.70433663714461
8.44695623701076
8.63702299564688
8.36405505225913
7.49816283380898
8.21460168872174
8.19051008223265
8.22379311397727
8.29753861005342
8.56447072618574
6.57078603097236
7.3403982846139
7.99365679807132
7.40349586093344
7.07379688264113
6.65718818738051
5.70278556859784
6.530611204092
6.89844965812714
8.33553112842879
8.35850776645584
6.69420277849378
5.61726671388047
5.97409474894244
5.88834082922357
5.8857320570828
5.99029912155383
5.96288746169072
