6.50927086991724
7.01219341643455
7.23751313560942
7.27717473513854
8.35229018076254
8.21689351179486
8.30906621218839
8.61463573404682
8.21869727469942
8.12954776056276
7.59975515929338
7.2741003665876
8.61947342322545
8.27841209534996
7.89306149388239
8.5757670426536
8.0171766358895
6.92593635744431
7.70611810914113
8.66889917289121
8.71719010596119
8.45297556307677
8.07071611351011
8.51062756097553
7.91168678501299
7.261960217661
8.54701110152684
7.71402442262033
7.50157638120382
7.72057257329962
7.15756670350574
7.40173703468061
7.35532404823748
7.76393746395176
7.8760119186133
7.62919556344141
7.08526968819515
7.5618250765663
7.90054533069086
8.41060135375837
7.82126203421124
7.15191548415289
8.43124835337342
8.69373388240269
7.7448702068412
7.7211741390982
6.07775779923298
8.21546335051073
8.37659303817219
7.0619894965198
6.9536339500989
6.43909175791488
6.66846816686981
6.37055631492352
5.75448172374796
7.51297368189124
7.33258098458819
6.21481047841302
5.97735565062438
6.9854109534622
6.38950205453318
7.73669939936978
7.59675895769203
7.85779251731092
8.02599284901047
6.27082062169807
7.47576955615982
7.75246581836968
7.19573226195474
7.88348998066079
5.97553633506064
7.30481774487351
7.89958086354361
6.75327767338262
7.13691551574397
7.02848306976999
7.31833719469017
7.17335652408618
7.35878385451445
8.00130842450829
8.16242991149971
7.86228932614704
8.60849296892718
7.98451570152034
8.27526839904667
8.10323788196402
7.09142511987585
7.1737097273527
6.22913062403673
8.6812565140827
8.53818919063116
6.39050840087262
8.12048035337854
7.32797973006432
6.82243643212075
5.86901300583396
7.21722718425349
8.2316300146048
8.03938296716424
8.35977311440187
8.78292918439544
8.51194936109284
8.017703466972
6.05684027493351
5.8099392478975
6.37128825124041
5.60775029344581
6.4763752149776
6.35353520386205
7.53934677855919
7.53295113741709
8.42132509004133
8.538721088595
8.317614630019
7.77847111490006
8.46319847795456
5.70795867414489
6.43279625623332
6.82435425783462
7.54348123688968
6.66971848313721
6.97673692773376
5.53315036787754
6.46203288718253
7.34940213826092
7.28620548626246
7.23761898510583
5.65084250993229
6.7198238115247
6.36984686764187
6.77354209228686
6.01669772195366
7.07885671284652
6.18753510763544
5.84027107256229
6.05436849705055
5.90378014237534
6.45819057821842
6.59739515925372
6.82119290000731
7.50622679727133
7.35397031198957
8.31831750835058
7.99531883356831
8.27759616448349
8.39922447760866
8.45003624482059
8.52515230833915
7.9954910499476
7.82142250133606
8.64491270102733
7.66011709308401
7.51911745164636
7.65047707803179
7.15405746352773
6.00869565576934
6.03670164415017
6.22386080751305
8.06366949010325
8.69058733747899
8.71008605587263
7.64734498504742
6.58765935751134
6.51291588526797
5.91660638249608
5.68775975686737
5.55983510956428
5.78757280305179
7.74059175108951
7.35756452017861
6.30510188912481
6.96508462178347
7.02710029438245
7.91028932430178
5.81327361794517
6.58165520822756
7.12740515380749
6.0851531830847
6.13094218205173
7.55818640108943
6.02523495267791
5.66732973599757
5.96831661598871
6.33845338870663
6.74691067256351
7.10864472393558
7.94944888833687
8.4815158476728
8.77032953891641
8.02543168148416
7.44108970515035
7.24124223453094
7.20008880587105
6.64045715342383
6.86328489886526
8.45633619780754
8.10162197990658
5.90273090021995
7.25390684197967
8.16197790577043
