7.89999576574192
8.09254067637206
8.30699595680039
8.51397412034607
7.71474907613959
7.60984809431351
8.31255390604008
7.3855195523549
7.71509389105069
7.71235894311204
8.08131435249916
7.96674705944461
8.30964595345904
8.67304697582556
8.48634571753107
8.60173622454504
7.32628849001695
5.92951914387338
6.45722890987874
7.21800957403959
5.69100385930481
6.18176744731319
6.00031271800278
5.86157915664154
6.05861040257161
7.52542649644146
7.3881114569384
5.52906862175489
5.95623047727351
6.37433791936566
6.51349424782831
7.39929237591724
6.11525679228456
5.96840471674433
8.1099548024845
8.36350922200169
7.69398746107005
6.74881972841813
6.99189031802944
5.82892496084983
8.35367031887175
7.95149993054843
7.20773400279837
5.56638761026786
6.27786833863903
6.32942459124363
6.60226056699631
6.71266717526944
6.61347704114517
7.16411947324367
6.88165871641094
6.52200722161641
5.5923764499145
5.54658962516578
5.59100523866503
5.79454624621665
8.55526452410502
8.50008050265793
8.70092746612382
8.13795943800283
8.66079959352424
7.89478023848399
6.47317582090458
7.43988680373404
8.01322579725713
7.30010466928056
6.39935131343176
5.83029264035458
6.58125486158938
7.88741572027807
7.50826161759381
7.06363386216966
8.67369970258718
7.3788557420784
7.37377725332826
6.94318056183169
6.03551344065482
6.69375201170439
7.8417691975808
8.48772940901566
8.08832476075601
8.4775011641767
8.55596364026543
8.42212948634717
5.82089871902447
6.03079651295738
5.54713353027155
5.68909674398061
6.11199031385539
5.92016028310121
5.83154677081256
6.18452203876803
5.89119630635325
6.61348500823671
8.00769927937542
8.15336014295949
6.98753151950222
5.75856300823251
6.07561315526284
6.86389523670412
6.53235313572705
6.64552554904267
7.12839656785846
6.11465836646184
5.91809294887618
5.75234477139239
6.24645084549086
5.59102479389316
6.04366611036346
5.63701915775611
5.62480483925776
6.50992582288209
6.19981513358504
6.57071261383136
7.61092129861554
6.29905823196312
6.25877072156756
7.37016212271876
8.08220532544046
7.23153194600355
6.23799461430509
7.29029660294229
6.58520350553492
7.90786962465939
7.60673819810156
7.04861265157658
6.85692326177553
7.21741189071661
8.64887178572735
7.54198464329387
7.99699882271694
6.99615206689756
7.9453930038473
6.90234263366818
7.7470302858381
7.52239770222611
6.9670023697057
5.84419147972801
7.5368291603832
7.77776480665225
7.65846478187059
7.08090336879373
7.98978956814745
6.57212385664693
6.94507036595256
6.77702780868706
6.60595643679899
7.92091121817406
8.18119977432472
7.7470317656785
7.45479904218797
8.30999918896451
7.752838298773
6.60776956158421
7.15523225412018
7.01361040983196
7.90880760943633
7.30128285429682
6.75804864473213
6.69261028301511
8.57892980759707
8.69826718163468
7.72204253748661
8.68355354001232
8.43185600814341
7.12138417649832
7.85784423983165
7.84017531402886
7.62932535249248
6.52428750655818
6.11136682554853
5.72493176581669
6.68669317584336
6.55490177305399
7.37897793842858
6.66990982207476
6.67994821025519
7.92845499585321
8.39726663966537
8.52551199895203
7.87644107994516
6.62286338482932
6.25098938119409
5.72567644664705
5.84591172091287
7.70994298732461
6.44939023595856
6.97171654690745
5.59910116344755
7.27403240029265
6.17974178323152
5.78248770386562
6.03126123821079
7.76742672309993
8.63204521793381
8.44375448558163
8.07283625250988
7.72580334088875
8.3369743058676
7.55202527443662
