7.45147919391748
7.60033251165861
7.87238692624497
8.10932377015483
6.95145092518076
6.04516033615992
5.63274567267488
5.51214613202449
6.51433158153934
6.59739596667219
6.20858894982849
5.67414025025282
8.43562431499338
7.91818208012234
8.33696848790825
7.79543349396424
7.75068061956505
7.75050977664689
7.7515015690985
7.34759933058603
5.79345325405546
7.06340273285121
7.76710127926158
8.48605862845393
8.06030534015468
8.35330371100348
8.11866559872191
8.56074857238467
7.87948518718917
7.33989879104074
8.78814098070004
6.46619906204369
6.3942087544127
7.74175805073112
7.82045642565729
7.44637636397758
8.08619253253747
7.84026691094223
6.54037441553101
6.55224089886371
6.74274622467907
7.98066210029106
8.52480278146177
8.28311369350326
8.32565650391003
7.99028635430446
7.99155019280878
6.62073040740941
7.46441731274008
7.39947323161088
8.71442132634647
8.77983353508207
8.03976018497912
7.33045418946291
6.6096626535139
6.0893029686454
6.30331528658517
6.39711294924563
6.37879331079966
5.9332758408888
6.29904564990644
6.2845381811278
6.00262517215487
5.90612526394877
7.05290788175007
8.27213924218921
7.84021345816201
5.89023314730893
5.75020005712764
6.01147803950584
6.37128600840071
7.10321736422276
8.61068252301418
7.96113050281141
8.10811852758508
8.08960967764975
8.1358267576226
5.9256241031744
8.15686389808848
8.61332960153356
8.74665782659772
8.58004536777875
7.68981167358788
7.39630449458292
8.70636485544012
6.77585362413992
6.89983743607961
8.11514653937587
7.21120693950894
7.71117067774712
6.46986790171076
5.81803295895676
5.89016649129493
7.73812604491314
7.8896668984727
8.46068178807015
8.75642390905868
7.69836224938392
7.65254552590625
8.67128995827751
8.53911250922048
8.06841701021958
8.7840131516677
8.68781353685438
8.44832009162551
7.94294921367301
8.6618520648696
8.48306313477021
7.57662544228477
7.77677682420266
7.24773840364446
7.19176644569939
7.27523698995177
7.09114600969918
8.63279340135306
7.79761976549797
6.1999661856387
5.7391859764755
5.55571113400087
5.5587464213064
5.7562071673064
8.01386266781539
8.65966359636485
8.53746792721921
6.61410651054593
5.89002970816722
6.02933134494279
7.77417140041408
7.85131895127095
6.71572730176112
6.29789232987567
7.31323927449469
6.56953112077375
8.37559023109592
6.88009010839813
5.91127226452968
6.60618079217413
5.96316018386262
5.67658265273398
6.36700613383626
6.66808013515975
5.87174655456456
6.04392417997102
7.3283253650546
8.2776247238174
8.52838274406433
7.98802966966651
7.80150824230508
7.40865354568699
7.64137401725787
8.06924074505433
6.91462188483193
6.81493712633575
6.69173568270458
6.8381798395807
6.93654759736145
8.27762461654281
8.32570657817466
6.91208466887199
8.27059140188973
7.60394356779891
7.73416878351421
6.22319838674156
6.44178780966322
6.20053441596101
8.09742386226426
8.59371684477889
6.33838173652667
6.96735767212306
6.80347328554751
7.68290795517066
6.93118478053033
8.70066669211494
7.22962005595302
7.67550593254943
8.28916573560894
7.14779614379525
7.1539497845205
6.2914042007632
6.6386716915899
7.2416847558105
7.24590067449095
8.46162183311593
8.49943143589701
8.16206584113463
7.42904555342904
8.01313447082762
8.47087089476869
8.39241438595433
8.54071006471309
8.03899789402583
7.58303889009614
7.35905278999595
6.27301961005301
7.08319031081693
6.88415535317557
5.71440488774953
6.68854094441619
8.7603212064714
7.3041761866697
