8.38006906565279
8.7252647319225
8.63824607363317
8.73577767225489
8.65216211170278
7.94469641931147
8.66257478710259
8.4670508379599
8.52738612527761
8.79694606307433
8.16841941771508
7.35434460830183
6.43593239571196
6.27345020787151
5.80537243445017
7.40142217082669
7.31401897025993
7.8639524903488
7.26288463359625
8.62190085692745
7.87621143665666
8.53006052321089
8.65027378255677
7.27788198416567
7.50397307948779
6.89484996039982
5.58568422169213
5.54205782680117
6.6562045213279
6.36877402688571
7.33138251722503
7.78582933090695
7.94453277683668
6.95309117797613
7.42883198179363
7.59461577992897
7.45372254397441
6.89535866883304
7.21668088932763
7.20303970408928
6.09531258302897
6.4349679405907
6.67463352641168
6.8847838428595
6.87474363018279
7.14420454140546
7.37927308521958
6.62136260605006
5.71079125985655
6.26660531509793
6.18434941628721
6.31364287031857
6.09308277942737
6.7236303693251
6.23854806202623
5.72197620752328
6.06175555791926
6.04933307827493
5.97378550263497
6.23567123228017
6.25477892144256
5.57530206679279
5.6551263428716
5.62703129658047
5.6932479647412
6.25611854796751
6.40906333625264
6.14948346094667
6.45389624374398
6.17350015298607
6.44473970631981
5.93973667957007
5.72277030527483
7.37482611864249
8.48125466499323
8.6696391457084
7.45610188887758
7.36228451520756
7.71309486945185
7.73663317154816
8.23390237183157
7.03704996203356
7.10100599337653
8.20150996903283
8.18715838897182
8.62797961960559
8.63665612420989
8.69759182286543
8.46068119335543
7.66565035767892
8.13930899404857
6.5235633893104
6.73820519116733
8.17864069159119
8.52827410820703
8.57025906033216
7.2436516320806
6.25277782214795
6.61210921133858
6.71228240096782
7.97635389301033
5.51961776660525
6.4566337710832
6.41896664857475
7.25312259717455
6.50975654892807
7.21995724522314
5.97481556161112
5.87701501843938
6.54715388095673
6.85273725705428
8.24800222672729
7.93199941619896
8.29153450065635
7.69118429544262
5.92037425200335
5.74813786715549
5.90287165361956
5.97580755686324
5.52903404043416
5.50818754211243
6.12813340418272
5.52572920457816
5.6067160029777
7.6834053771069
8.67786457589774
8.43959895688175
7.15352850256672
6.05099599704948
5.99587734219489
5.94745484723193
5.91686779993294
5.78817999560062
7.13939878032328
6.62132356612177
6.48541917522187
7.89810539326803
8.25101800203496
6.66069919902349
6.22352009486858
5.63683365170955
5.84497191676878
7.94078233107243
6.51246609852554
6.68342821064098
6.51153902123235
6.44814817317234
6.48406058563162
5.5583202309541
5.54128036506124
7.70483533754663
5.79378069791548
6.78004024203798
6.70184398149034
5.63989935316408
5.5300323053007
6.41855483974175
5.83460168631847
5.71447839222702
6.01590239198039
6.31002487943163
5.82050372983581
6.65619240592378
7.2304230220359
7.21675410889259
6.33022746557931
6.30373337637834
8.43300497100406
7.81156261683421
7.30793614579694
8.0586424409946
6.70927607629329
6.52428723726879
6.63277074017312
6.62171470674436
8.65039175377697
8.64033070571436
7.96352323812148
7.96703642918881
7.23541662519558
7.82514597074868
6.95731792780202
7.68869407567056
6.62057992977882
8.21711734296518
8.65193942002149
8.64236919052507
8.60748259045602
8.70353646780982
8.77539063075718
7.06376401027858
7.45737493053763
8.57358053423227
7.772261016163
7.52233285209998
7.95952171380112
7.76573131460653
7.94033134461234
7.61363485693799
6.12853576166404
