6.70352798390668
8.74932281606996
8.69589353368159
8.70409642228954
6.50091224651017
6.6635470052876
6.5435718578151
5.84743994319388
5.74566458585384
6.44498625608025
7.06881791387704
7.1712822620113
6.75465781336947
5.61473738496166
6.75145163547555
7.0696607021108
7.16970576295613
6.30686500752573
6.0290445436524
5.66694873656751
6.27450219211676
7.75637072503875
7.99581916606737
8.77554021582647
7.80093322911012
8.3425486690276
8.18880799455126
8.4636588347555
6.40557524107597
6.67423931542986
6.30963362376794
8.52950806519407
8.75499830979854
8.42279422291417
5.88957598720539
6.98610152057337
6.03810166314523
7.83129777029177
6.59685525011778
5.83521023478894
7.1905163824004
6.70451123038532
7.61540334823413
8.50083513546607
7.39178004002312
8.65015342213728
7.29660565547929
6.99883720668969
5.98520384066885
5.59419044711848
6.8120873763041
5.79108072210389
5.61993441389427
5.62126616762964
6.74600162614062
5.75627487889634
6.89415838660929
6.30151831584247
6.07419769772865
7.18760800673474
7.05783339226466
6.14476254475151
6.15908219393093
7.29554163229402
7.51805523314626
6.01791464150494
6.5093922438604
7.14028962476133
7.1932304586093
7.74224471718901
7.14392160715414
7.13106762353275
7.40659829997544
8.27236986497325
8.36320133627882
8.16981263724192
7.83228078421425
7.9200361959926
8.73119937701421
8.50678552986228
8.36561993272544
7.41831702106201
7.33767881106212
6.55684243826215
7.24280089934108
6.67767235938309
6.69528385214904
7.0026319337906
7.37882732963627
5.8320428905761
7.0383918385299
6.27300441148379
6.3216549409953
6.70353158463706
6.53957863252966
7.64936246111024
8.79934226483886
8.65346697389081
7.33461001980803
7.53372575587586
8.08445933709571
7.71309848541694
7.14494099393956
6.6463604628685
7.05768178826981
8.21426466401197
6.85671135112784
6.77190112513631
5.58400987845036
5.89865141897294
6.33569708567877
7.75332861114732
8.06244379208444
8.55744461435605
8.32124192673187
8.68971238063493
8.00388315218794
8.3851184224114
8.1924894752994
6.54162423225006
6.07776356375879
5.86175542153792
6.25022171943265
6.84700502946911
6.88746929866153
6.6564659536076
7.8818655922018
6.7778714134993
7.23033418974765
6.73290434444078
8.07532067786134
8.2085184086558
8.61220417713856
8.16889238661117
7.34089553591596
6.96644550647978
5.83023147069206
6.16053366089774
7.77110237376151
7.22196386172101
6.12401536470355
6.49249645498608
7.71884039849069
8.39220411008246
8.66214592927586
7.36942787790739
8.07172310915181
8.68613112946627
8.7332495301206
7.1910975249829
5.85883803441161
5.86956574664734
6.52422267023222
6.04471390622981
6.25169285455083
6.0465117543779
5.63039692233757
5.60110715752012
6.65911973737791
5.73830936832999
6.75188461245454
7.7543346289025
7.85048795383809
6.15043861812204
7.60696938514932
8.34956411608858
8.04483026126352
6.48186362400214
6.67810974703345
7.50419725986603
7.20535923740692
7.43536003247396
7.49933417298975
6.90759049479933
6.60563350291812
8.75737281653176
8.43822019875057
8.47868223435007
8.67384572318387
7.91382812291432
8.34245427584019
8.56434822449548
7.74601965914657
7.46278814314944
8.61628831714069
8.41779819686372
7.77087415351159
6.89475429469346
7.20165662625228
5.79930082352264
7.23112407790219
6.2134050112713
5.62499966056732
5.68782781606023
5.57035349137713
5.56637501840435
7.7173026640884
8.14309301171297
8.12495370671237
8.51150345321124
