6.96444310606457
7.63300909213785
7.02918572442772
6.7437532230991
7.71478002483612
7.63023896176392
8.34219479168421
8.72147603613864
8.79995649578353
8.18644699787807
8.21934475080689
8.00847570500412
8.0804809338037
7.44292009962686
7.73197040913838
7.00240120620016
7.55411388141654
8.26163597842034
7.1712820611684
6.93271751311391
5.5460000883305
7.44653757342068
7.79700366563758
7.10767859006644
6.44198293298639
6.66005646538498
6.50841804748663
7.44075518264223
7.98512378986712
7.51070371930704
7.88724247456101
7.74040459209626
8.43706519696377
8.68619126973836
7.5860340947069
8.20307913370517
5.72599264957248
6.67545000758346
6.26516320117154
6.33639360129238
6.41536104312664
7.07303857627569
6.92457629699117
6.02052305014078
6.09031343857668
6.74940440747344
5.809735900739
5.9718319620884
7.89360970296094
7.01125676358264
7.15784293458282
7.29711045676844
6.81343542669088
7.7212767518473
7.97161633953202
8.57201709231397
8.44518439607939
7.61369207616114
7.55205599426442
7.71377511497998
7.87423614366455
8.66991406056717
8.49643179191573
8.44180107412964
8.76954000717469
8.4639376722202
8.03277202925302
8.19679366537958
8.41406413050288
5.89049858948136
5.65038011624863
5.71219557092626
7.99969306845491
6.87637345422771
5.54436505779025
6.19662348099569
6.02763832310707
5.81245499398644
5.7328881904044
5.74233748659092
5.5446949914301
6.31120403839512
8.0319390218901
7.66752381383833
7.45169483539647
8.48226689203363
8.3389593306667
7.76527009835247
7.75616840104253
8.71366654915046
8.69125391510209
8.78940000405246
8.25374805674077
7.62955405116131
8.77222881944552
8.20897276685009
6.21443288870002
6.98218962321758
6.50345152220364
5.59352120031156
6.28846152358804
6.54008251898059
5.66724053353706
5.59290035639205
6.25686208353574
6.2050810128037
5.83989388371331
5.70602464617333
6.09334912761391
6.00781593628568
6.21324308948822
6.19528104258932
8.25141911433003
7.43128720278859
6.2472356769758
6.70569107759005
6.73930016307353
5.56962216898428
5.86326413668835
6.72121032311442
6.51925147658074
7.3343201703027
5.75403040317894
7.19260033309536
6.84791056828673
6.82630519865181
7.94835614808539
7.92468789194354
8.56518870866479
8.15714827020263
6.40519121687061
6.5014946382959
6.13828205029422
6.90134298001596
7.71567725606553
7.00814578188141
6.87881520728651
6.23321877916296
7.12216278380957
6.88475606951247
7.16667388415137
7.37644715600147
8.14833451675745
8.27811534530852
7.04420814696649
8.76968921266515
8.51270779537515
8.59666493834172
7.22752960042835
8.29041326065851
7.55473525792031
7.40663121940679
7.19153064633896
7.74384996854462
8.52507672027692
8.18811221688061
8.23105568799197
7.89546580397262
7.59315455195922
6.76423617595303
5.89647228659737
6.40357761559028
6.02915060106731
6.68765469999225
6.58775229836903
6.63299232434759
5.67901126197724
6.65749438037022
6.39959498238608
6.55358175914582
7.87220997684906
8.43231492983474
8.18704074082172
6.96081677766018
7.11401291911043
8.09009445415838
7.7398938748803
8.32212209942377
7.67278477029705
6.59901349548823
6.50320109378938
7.81163106203537
7.93549311562947
7.83257648092622
7.69741398937109
7.67614041227126
7.32824455552077
7.09013205705289
8.6822233682787
8.40671328562604
5.98343502907374
5.71064700482008
6.10338701507096
7.16694887194756
6.1960137710252
6.43466753285874
5.54321166833578
5.54550474831607
7.50221242019135
7.86773427654218
