6.01354209713172
6.45813079407441
6.61863500383523
6.99843233506177
6.47035209866223
7.81733419777808
7.62616353522081
7.6471859540989
6.03950037974808
5.57051572929774
7.16749480479101
8.05563774863894
7.89038256338033
6.43395469401577
6.72368242609397
7.60771285907042
6.39603073625757
6.13429254099639
6.98326007386988
7.75643202768672
7.75638977023534
8.16383546810263
8.15148142131737
7.7623591240418
6.35614537807942
6.58038856728393
5.6814588432189
6.34531450165457
7.63160026966544
7.96028496132344
6.11151702589898
6.4705146843594
8.34261682434272
7.50392391933933
7.45481676110738
7.26455956264024
7.07716485120741
7.53113680930411
8.35215748340122
7.19488621360016
8.36798523914824
8.78905896471779
8.74258088528459
8.62692067767858
8.40684194625498
8.039342589205
8.22957922234746
8.19194310237537
7.29226978761027
7.79362420351537
6.58638796411924
7.32071463988362
8.11673575233548
6.59188153520383
6.59248265342293
6.21663770858266
6.08028208581373
6.28686315029465
7.38653688045091
6.40172171119458
6.82407758173635
8.43751346029771
6.59923601908108
8.79425405970096
7.09894164471242
6.39436976684384
6.20054983746253
7.17214386961788
6.90311657445001
8.68987233525325
8.65894531445903
8.76228253324215
8.21313665380726
8.34649018329518
8.18881225275656
8.73913501496119
7.64021205386097
6.94185665800921
6.6343890940077
5.99083341253751
5.61797423692857
5.68589902618716
6.08719851225441
5.87395989141137
6.69508529717203
8.44772058924824
7.97640301135516
7.41520033305244
7.47409993450822
7.74995014234273
8.76772943537496
8.4766796777946
8.64577097146048
7.46346448687633
6.03456266308184
5.90979701745505
5.66749218132762
5.85242331472811
5.59930941932074
6.84019453844232
7.80609130165147
7.97529099550641
7.76792651870842
7.73163090408817
7.69882913719964
8.74751747480961
8.20913977955781
6.60176551560207
6.34940890518491
6.79825164524615
5.79395973963446
5.71709114282997
6.11488641770971
5.57649933163413
6.52896668648423
6.7063127644647
5.99647202649122
7.60946747058971
7.92785603880658
7.58320210567097
8.06853393752559
7.4782403666383
7.57059976311418
7.00996084755357
7.59463413739554
7.17898650713389
7.28826736002916
6.91161978534223
7.47235649838142
6.64553701872745
7.79904815463505
8.17209843227992
8.32441204826753
8.66620768010217
7.8275549771561
7.08202364119722
8.10641874336659
8.42507223569534
7.82719889098225
7.79685224480972
6.75463519230935
8.10296978565739
8.48973452674101
8.07942806088905
6.68583714706851
7.28270975738914
8.59404267925227
8.38781602401568
8.79024708933522
8.74467729188416
8.34956896793854
8.33042242035213
7.44226238527971
7.93789548599504
8.06512554090419
7.73897213635916
7.46507770831646
8.3080178163598
8.75843462820475
7.82373138150669
8.32069931336929
8.33541615623198
8.35398033744706
7.1349313870014
6.90977511977703
5.55589068049915
5.97277361845904
6.84884430473868
7.3325808428329
7.65770561337537
6.37603047709671
7.38121070648094
8.18653523339082
8.07893362043366
7.03746904549564
6.88999421941491
6.98872419777125
7.08368546343369
6.83800325415553
6.27473794281059
7.19605545622726
7.5967518294604
6.34889992628191
7.80603822487943
6.33779442827151
7.17457048961892
7.56216989383931
7.99274494885795
7.87115877099885
8.15247852429608
8.04010853921611
7.79806969974309
7.63630092466726
7.7978044047381
8.28357500860112
8.45298837471758
7.60804372388665
7.00914793197425
6.05248282863056
5.99077192215806
