7.65041763749905
8.5023572752667
8.62057066371459
8.78180653493656
8.60710499911424
8.43331074304805
8.48247677048554
8.56334694105216
8.56237785800115
7.87459837005142
7.93276226576568
7.67687710915882
8.03175670285852
8.09832429482242
8.3357363358756
7.70572012718738
7.76390849431259
8.31528607644552
8.41331395128966
8.63998455547897
7.32672037210218
6.65650288670226
8.64037459160103
8.23478562536505
8.24072770970882
7.63213371499136
7.59227492713008
8.20777629121835
7.98763449899248
8.49136890634365
8.33212272259993
8.60799966087227
8.45070052486611
8.26110815517899
8.62843117250576
7.5773927832222
5.94924672154844
6.21056164026458
6.82222843570287
7.63813329242241
5.84064834480498
5.50500246507759
6.23663105479016
5.94287720584043
6.74674595946599
7.76227612522858
7.96206860075711
8.07251943330564
8.49855656421628
7.41178378126889
6.17077027787026
6.54293124782328
6.00766356592864
6.59133445441343
6.43102124825555
6.05232372575037
6.17693236602266
6.79321176148803
6.50903185326458
5.92759121558994
5.67590870173082
5.69652324879148
8.15569386735165
6.11075228436273
6.36808091136401
5.66806034053503
6.47498619613869
8.5032804834297
7.05296726052606
6.95335880625291
7.84595805191078
7.91423920883916
7.93602795282797
7.16190692399115
6.28254424992626
5.81052165690828
6.13202862215097
6.43166491734914
7.00622186496431
6.84985791591104
5.68143137385458
6.29641256974701
8.53096890102452
7.42841224604766
7.76686504166896
7.2859533578728
6.44624289771258
6.55239962724764
7.46843028668723
8.40966788067512
7.66124312949935
7.70527179745733
8.05176050457137
8.50377145863712
8.50613155460559
7.62056008557309
8.18664028690126
8.46456520267692
7.62254838787208
8.78376412279796
8.55144617389075
8.37773163966865
8.23050969119094
8.70507693541849
8.47620855566944
7.57354050457357
5.89684655022017
7.88972022634141
7.47659804033353
7.26022706748914
7.24948915874986
6.17089194664855
5.69746897107514
7.33482010201553
5.66178673156
5.65868386283079
5.79995901391708
6.06923034788226
6.71455142286923
7.36477512636325
8.16768139353129
8.72824163041164
7.52544229537436
7.70615012679516
7.09912143996392
7.27797848339164
7.27779770950176
8.10803414725507
8.01044191618106
8.35578561721454
8.28690324314078
6.42943226248955
6.15177905652502
7.4326920597797
8.78850923134606
8.51067445406384
7.38217854102288
7.70902288284869
7.10186030369907
6.14038965956963
6.60523816926371
5.7004313097303
6.63011907829462
8.29628760148691
8.1680769207014
8.51316533602575
7.81868023750057
6.98854049250596
7.20768748892103
7.01295820404672
6.60771699449875
6.12862396130048
7.33458897174977
8.74030413703144
8.72814505010777
7.32249170488058
7.69159156602804
7.73335060904043
8.34146235536916
8.14305941881458
8.24706341701058
8.08331879660583
7.31902894759639
8.41077046350336
6.16039673833298
6.14634459457916
6.49458315727857
6.60911683871712
6.15211318488646
6.30189402560472
6.7166591600585
6.32807048065009
6.07909466917904
5.65630632494789
6.39491296111131
5.59769008927458
6.05023017645636
6.7558182098059
6.14872155807376
6.13955502949413
5.57165079227122
5.97076213696178
6.63793480260448
5.77527641752359
5.91395884087263
5.59879903985779
6.11259459242094
5.94054547380939
7.17449626296526
8.53377846966207
7.9624552611732
8.78401632090635
8.40722001259611
6.99418226513987
7.13105885485345
5.68465493249826
6.10667235350705
5.66730557636612
5.87265810890334
6.34910203684483
