5.54145187532995
6.4554778231291
6.4931473190259
6.74472250241641
6.96348111814001
7.39745318497683
7.66984867950562
6.43994752530585
6.76445135654455
8.73376027568665
8.77824254970027
8.68828895096664
8.04718143463734
7.54716353156636
7.79951874947716
7.93644567679454
5.99830966984472
6.25267214414303
7.18812290502352
7.86622804455253
7.2901893173387
6.46274621974124
6.98108468648091
6.91298483243158
6.32895621577119
6.32955213901311
5.63732593879881
6.11349741405196
6.89614527754806
6.53622523075766
7.12455957474215
8.20970282560197
7.57150702223674
5.70035256446756
5.85816790329519
5.66918136322293
6.93062792651709
7.69633578419108
7.57344600331077
7.88150108296637
8.14295699870513
8.56402331884465
8.32509797499969
7.87768068666093
8.70972623519749
8.49639348017342
8.612154401166
7.92841692007956
8.76217444697504
7.21294836621777
8.33122252088345
6.7149324127828
7.16778022072594
7.35676872865721
7.21295286422488
7.39316295053795
6.84110778576569
5.6122567341738
5.50944559867373
5.61327842415163
5.68498380696139
6.40683801017266
6.77697774174352
7.34009828650593
6.86688123756365
7.03587050310461
7.67844556165512
7.46365185759206
8.03072769486892
7.51879806442937
8.68383164629757
6.8117651029102
7.65704238737638
7.33287980951118
7.1990764732761
8.18143139220523
6.81693977410563
6.76870852738538
8.13021714502865
7.75591532708878
7.97072988548117
8.58554623580038
8.14331290907272
7.94156602504275
8.46996188715803
7.82259494887389
7.43040023377821
7.14487124608307
8.00956347166969
7.64785801326225
5.92986474412064
5.53452202589841
6.22227667067237
6.55639877215605
6.75697572081965
7.30811637613133
6.54052178043902
7.54057289025776
7.54348756099586
7.80418190457138
7.91154539841557
6.92669790683864
7.73488063554829
8.17121965215123
7.16757715376879
5.987402796797
6.79483681294926
8.13855880505264
7.789468003534
8.63053879970536
8.03004607789833
7.73356178364194
8.11445308950207
7.46887839534223
6.95993030715252
7.62214205103444
7.34797296509202
7.09602076837489
7.28065627563078
8.32603431638595
8.66888464187498
7.18781159919673
7.3684475853195
6.83323646335557
6.98926795319348
7.88659125864478
7.73593745960629
6.93034343202201
6.60371308753179
7.06479237264651
6.78662296156081
7.47234672098639
7.6011491379009
7.54193662388422
7.12129198815778
7.23607704872955
8.28313175045782
8.47721556404478
7.66747955500755
5.66486079253754
5.59499110955839
5.60783317611045
7.42886634147337
7.87151356398565
8.40798431174152
8.55032833480971
8.34169887760492
8.70539665637031
6.81406772094986
8.51620051437773
8.57781123571589
8.64447214580164
8.55462004217132
8.65407580065249
8.22670441181532
8.2353994817351
7.3999357518718
8.60488156690042
8.38667655625454
7.12089573972911
6.85069816545565
6.07666030354652
5.60215810653437
5.63104451768732
5.63527145503427
6.58788934406048
8.0512772448924
8.60520732786907
8.44260193450726
8.06446353631517
8.19155284230705
8.61559650612395
8.65187396027322
7.78711553170841
5.68092498582941
6.59701839602047
7.99670217676936
8.14642272861017
8.30124807899963
8.66991638047663
7.94716908564725
7.22619352909252
7.53692603324619
7.90512625233813
7.07176116569534
6.34733226932337
7.50988645429095
7.67712681826835
7.35815140887026
5.64937785694503
6.25899143054605
5.52987864373654
5.81602664232078
5.78809210528481
5.89999230864025
6.84828689073543
6.91763142341147
6.69770409092077
7.42653721968298
7.95619943015327
