0.649262995879401
0.601349163284696
5.57400165632943
4.51303296764026
4.59096092306653
4.47042354155923
4.29635053341553
4.17858274246471
3.35263510619195
3.38413373391694
3.7025234807867
3.78407958837628
4.08844718512549
4.11539558882633
4.5461485698148
2.09577040534066
4.24176463597985
3.35684141438922
3.39828701647083
3.35381714091662
3.44332088320542
3.43783631575288
3.59858250028376
3.49046506616993
2.78446772959131
4.07306809923098
3.75212796106221
3.8214625059117
4.26230189525079
3.30851896702601
3.51302872357551
3.03352171304714
3.16142818990524
3.24600073901424
2.86288593124086
3.00135632454269
4.35821397079937
3.50147298713066
4.12457157381661
3.12969389919974
3.77109512164109
2.39657000628151
4.39127562535036
3.76608677915199
4.41014986670183
3.48465125748266
3.4777958321235
3.4625487137432
4.50700239193019
3.33739951959204
3.3426131585041
2.78617455180604
3.28687032344258
3.29823100273004
3.40659716617754
4.06314212127994
3.29746745575042
3.8394258363307
3.63852231820528
3.39380242738414
3.24914955800763
3.20908204531108
3.42940223878257
3.27265031720333
2.82848365689449
3.16755458111045
3.33593238661167
3.46508467340943
3.28804763876003
3.23394646592539
3.78542154990751
4.39858086603377
2.94784928542245
4.14669853877891
3.73556004288289
3.44773611326476
3.61927013501806
3.74715587666539
2.99090083966937
3.094953704115
2.69225086874505
5.10218793287014
5.04689871088291
3.63481867394099
2.65849631183485
3.68169821516315
3.43046044549789
3.9971397023482
4.17644332001437
3.59628629276026
3.77343698598884
4.3074287889383
3.74472592685811
3.47810680676417
3.78666242556095
3.35508641711816
4.276991316781
3.4742103500409
3.37192193640433
3.2290580604037
3.85059684812453
3.69578596319543
3.08438465179841
3.64955455811272
3.82137804014186
3.7955890102456
3.95971914793226
3.81677611444938
3.08036755437824
3.03130577282316
3.14439225394667
3.30738284286774
3.44947423344178
4.39436376258431
3.17821350065692
3.41945367707344
3.27069105698469
3.93405832980502
4.1177772336402
3.43692283674562
3.14260747579345
3.01332788092503
2.54421154461889
3.71355125732808
3.13279464393604
2.86205515796069
3.07078358921904
2.73559572437512
4.01098207736755
4.40593232892821
3.56840866375408
3.30887083001128
2.97362061642667
3.26424445264598
3.61794685345699
4.0523636729195
3.24527403169491
3.08597961130732
2.82685668318661
3.230667172173
3.43294634028285
2.66057180431304
2.53267625444201
2.93425629525078
2.93103821390889
3.74480387337155
4.33014371666707
4.25561539359376
4.54318751311534
3.35932626259187
3.42033770677581
3.47521844922512
3.39501945718139
3.85698271496273
3.85090476337853
3.96915684983579
3.29336211640666
3.36213983824755
3.33247763566951
3.20667985400651
3.55562669962682
3.32710226664357
3.2081129872779
3.2461972972917
3.35454332554514
4.04055036656359
2.8568911157156
3.35937048637963
2.96997431916778
2.83677745731518
2.91831384712959
3.14499355547259
3.85091036652271
3.10993487048495
3.03742118358576
3.85098432602325
3.20373864929309
3.12752350652669
3.07495582117066
3.70343013027981
3.28400392005518
3.44974166446465
3.59751323902148
2.72257590859744
3.70590810671065
4.28535635916132
2.68878165546421
3.28881881532806
3.44964933808701
3.56465290806996
4.0183599870074
3.64959452347378
3.23799061195749
3.08633564817603
2.80024040041301
3.51053937913659
3.67038183722454
3.2455628036316
3.50764425627697
4.09906284062001
2.17255532212402
2.3611588861743
3.14015436853166
3.91751572984155
3.9924706768326
3.38658049218183
3.14274097561645
3.98748349446612
4.06479751855805
4.47153288578541
3.90273338044418
3.30490587080509
3.46504388719889
3.14968371565602
3.53867000579413
3.85443338520147
3.11476811488412
3.99238172873176
3.92025458516844
4.27280646010015
4.16862619633329
3.76371080101236
2.86630867270469
2.65599140271415
2.9758574709097
2.80408936019857
2.89021480676833
4.2937600192346
3.88857108201795
3.36135498557366
3.50268592668823
3.60129374202467
3.62867397069215
3.71081034186512
3.4033361920084
3.0947411759653
3.10925124772534
3.25679253694311
3.4667957867646
3.50437455402537
