4.17533201917335
4.30740453385141
4.29106975460787
4.87857351553483
4.86582968823706
3.36469124883508
2.96661211105158
3.12974703213245
2.41122438433686
2.22000187496761
2.60930299247721
3.56939626346448
4.11214233749652
3.53397598429586
3.45401735217313
3.08725859955887
3.03324293524812
3.36961963182003
2.86023684186548
2.85416815239189
3.25911277202142
2.67065824982894
2.83722502653291
2.45234954691296
4.54034402648723
4.53422134907345
3.59284914166549
3.27221204721523
4.4507869399075
4.38178941290048
3.76782439716653
4.1826290887289
2.57798475618216
4.60311647024679
3.39594485549929
3.4751213965331
3.65501033974334
3.04339262279879
3.0555194005837
2.67247448853436
3.46797591050512
3.60686497458613
3.67552503918654
3.40398185582256
3.71838740374318
2.57221710141149
2.81366560346779
2.83786229461521
3.25395600833954
3.31352171870904
3.06691412451701
3.04616341470764
2.95681803916605
3.17724443516718
2.99413382542745
3.0882653461091
3.3068639354102
2.80513596276489
2.91513552305025
2.5960028955966
3.90878005981086
4.14033246742202
4.90677774654342
4.26515300883062
3.98652336824767
3.68298127394251
3.42455857579426
3.10335419698004
2.80930644531775
3.87274807437363
3.81473237132151
3.7445044414539
2.46714050525908
3.19433558935408
3.0206147279402
3.16771492416018
3.55038828748002
3.04678769708334
3.41294200225457
3.43672335870062
2.661467207784
2.65895595327223
3.33476001043076
2.76116926614398
2.88798042398448
2.64871265695989
3.02596903456002
1.96040108058229
1.97341205415875
2.89876717658341
4.50210849152505
3.4379233089404
3.68050083014402
3.27043987353551
4.29561802008408
2.20448134481284
3.34799655244587
3.3721448725346
2.3551410490512
2.61417323081904
3.14683076563441
3.33351626255585
3.92014084578527
3.29217317848502
2.83594404961018
3.70701739945484
3.39050690325944
3.59078630340919
3.38325137810338
3.19890839864988
3.83672114521447
3.77321529474478
2.72976086039208
3.48720261315471
2.26424255227984
2.81713244837092
3.04209525405547
3.57061239629958
3.18042768877844
3.40707863289898
2.73837528754516
3.19276727414249
3.88481138092025
2.43327261325462
2.98351690875856
3.08952591790736
3.24430578191683
3.59280591123226
2.71774564234073
3.23579622388308
3.09154239900739
2.61004868743759
2.99658714656957
2.70924262436268
3.04593596930108
2.6350339262733
2.91528241994264
3.1529012155387
3.37725622259485
3.51587948625695
3.03356426077697
2.86728345828116
2.89967353867352
3.35316245943804
3.18054334294547
2.67624189412717
2.20044668658201
2.57582468806331
4.0979393426006
2.88929932714566
3.9354967392169
4.18907435202301
2.95354890042246
3.8541836603193
2.88824892737232
3.18100099073983
2.88945011463277
3.60726818530149
2.4424881167605
2.37460137158451
2.34748469712031
2.84500689657432
3.15900198362795
2.80191535037378
2.93278555944929
2.54614277370642
2.92158305785055
2.60991908256431
3.41658101436217
2.72051351144781
2.37560788029676
2.63915512193117
3.05310090832806
3.27288132805709
3.4067698781598
2.98784529852828
2.89498353950118
3.57203777569156
3.30556147235256
3.38417626839872
3.95887521719979
3.80850594928907
3.859983219286
3.33086322946945
2.6864027073654
3.34761129913407
3.13897305735246
3.38024747937425
3.22927997175111
3.38165199530749
2.91269071735065
2.766337132894
3.65785441596841
3.22957667385077
3.56915259204815
3.55862588092694
3.53563695639994
3.50108811427462
3.65025747642476
2.79084435419464
3.25959100841829
3.56324457924166
3.51157403073558
2.3637401835889
2.83718993252967
3.15760930975755
3.02691583730136
2.38265793188315
2.31283046256105
4.03275676022569
2.65094511115278
2.99044830628956
3.34758479786417
3.09231179088041
2.8626805191158
4.17043637458057
3.48965344272376
4.07441269746792
2.71576239613056
4.48621050886379
3.08265362604743
3.79302154016859
3.96310470689131
4.0251550677567
3.45494320740543
3.12532517906958
2.37555036122659
2.47641834790567
3.19539470539177
3.2754212388286
3.15427421505929
2.7741091556317
2.93259000382561
5.03270849904472
5.10564731695627
2.92180201766019
3.61024057055761
3.64109311002245
4.19843785726403
3.46337665413444
