3.77595045710437
4.659490403489
5.73432497065001
2.75192901775722
4.06895284917687
2.78942283712809
3.22196370174714
3.05524480516599
3.1657462300411
3.27021887047724
4.2394492880874
4.92496465225375
3.77826564837849
4.71613211071281
4.49530490188091
2.7778093887323
4.13529147280543
5.22225587192107
3.23604448334706
2.78138815666941
2.63413825910346
2.54073637947758
3.87981917281021
3.85801596558039
3.27086670268645
2.96133675394238
3.83324484149991
3.74227447477235
3.75873286374486
4.27542165398838
3.74374913470533
3.58941926615107
3.44424872746486
2.51458821546609
3.21149384983207
3.66503385325016
3.69330090039703
3.13520565756889
4.66291932004797
3.10580378665882
4.55531169131474
4.63523410049001
4.17445654206473
3.11771303246293
3.23215383215371
3.41352205228555
4.00248930265673
6.13697447962872
4.66591211231238
3.85739911729283
4.00508645376703
4.49669463480404
3.77065385193146
5.20941441799096
4.21560486178531
4.28252658186363
3.36255396468447
3.00692234312998
2.84771935059241
3.35954957331143
3.74762487591006
4.13169935911947
3.59275142583538
3.1639664268547
3.67130015667814
3.70781058869479
3.67785503796412
3.79901362384779
3.03198385552613
4.51709934842313
4.05165363435174
2.8355688471953
3.62706151610712
4.45718127579583
4.29941788447474
3.96496361984813
4.776746256613
5.18421838373022
5.56581103136839
4.42869830180601
3.44846104413912
4.2877015352777
4.21418529353727
5.54287843080036
5.09851596929412
6.91348521670502
4.08173568852421
5.13622519645474
4.49424245822634
5.42076912197024
4.57375114784315
5.27585552773178
5.19865224466118
4.08044826986658
4.02854028346407
3.30545113284531
4.26704493306967
3.70239192808437
4.0915477943669
5.35911257165176
5.18403885113698
4.71875699861598
4.50373987166747
4.81679537810921
4.73734705208834
5.07326744917498
5.18831775565843
5.22131990565521
4.60111833707032
3.78467813546487
2.8699767439766
3.66214400475381
3.58984204412002
3.31558136035483
2.55387359791813
2.12230222001118
3.30098134865431
3.15962734125558
2.57091887487102
2.65424996372433
4.30521032298105
3.51124569345387
2.60922387401321
3.04854897615248
3.39507904761219
3.41786089512268
4.27268089745873
4.21548737092623
4.37354702903036
4.63972052322005
4.03349787784045
3.93604994700526
4.9253741212676
3.17672446682329
3.30208658040712
2.88356112820035
3.63264497085268
3.53058203398044
3.65923098702709
3.17267923052216
2.21589007068022
2.31705012847753
3.17088550166311
5.448018129683
4.52608958142893
4.68975310730762
4.17256011588508
4.17299778768891
3.69863409139196
3.55232461704449
4.49006437737671
3.7631561308558
3.51468445494947
3.79617003834813
3.9055876165536
5.52434898697778
4.89622201015504
4.02576160089351
4.64543213681319
2.82690524016508
4.53970168372127
5.17295717520894
5.60215932436543
5.65852832458172
5.45105672990162
4.90673027438913
3.32653583278749
3.10390034336467
3.25942521656711
3.77380393988017
3.52201144893218
3.3992160156605
5.11527728763813
4.8646515999868
4.36366186160067
4.3131589865061
4.02531676378169
5.18500648350411
3.45280269817405
3.86438993462317
4.64675876504147
3.13890475180337
3.52258516855441
3.69288759965352
3.15563237708431
2.56065578695181
2.84876776137379
4.21591085544777
4.93433941877437
4.57572067454711
4.24733822345987
3.21182673828673
3.66875067058948
4.09122676015561
3.2386757506416
5.86547056291111
4.02077349725969
5.20122277069695
4.34421882064872
3.64224520450316
4.05302490372069
3.66600089738004
3.80469340201932
3.39536815625149
4.14635373674798
4.35130405169445
3.84296690229791
3.72338371700141
3.68122918505059
3.32694889627407
4.59773920076164
4.27547989525097
6.12640870560887
4.58174750034693
5.60347344598728
6.09729691737513
5.04839025627072
5.74300350152272
3.92543346124127
4.25995982732981
3.77675251445159
3.33325120577297
4.13422944245644
3.42616680998139
3.68882205708904
3.05926094816133
2.87438919941074
3.53008213544711
3.98990617644488
3.81719153000488
2.87607145075201
2.87306392142126
4.21361026693767
3.03174105812496
2.94703138400501
3.22219178557052
3.17273101545035
2.6520564384675
5.26838657082155
6.03227660521847
