5.7168412903185
3.21504885711251
3.12513125498865
3.10366151665423
4.50035732273024
2.23068120281776
3.39919810600212
2.5857914313451
3.3254710030519
2.95366363457968
3.28564737943239
2.89994565184466
3.08686801350577
3.24864205743088
2.79845175971613
3.3278094086364
3.05449437615797
3.00459385830454
2.68748442995838
2.99060779871086
2.93246335335625
3.31846705716652
2.43650762536181
2.64565422278447
2.52612550821349
3.04974817578586
3.24752325721605
3.55115316359846
2.18358253704904
3.17585610604883
3.40586378085476
2.45480188958146
2.58716837733783
3.28206626674874
3.07911251368714
3.04628201537358
3.00387516175458
2.60452200309434
3.91810264228904
3.93657213073702
3.54833013633822
3.56067362597751
4.06978832374833
4.07791801126248
3.51145077872596
3.54614156047698
2.40145342794533
2.75779731336783
2.71442358404241
2.58450005668037
2.96829328737075
2.77227550119199
3.10952997606285
3.07480493303288
2.8327421801524
3.31780805017529
3.56281729069926
3.12533856111703
3.52046809623523
3.33658673088038
3.03035404337192
2.95758213539551
3.16461821288048
2.6102475998418
2.90217937698871
3.81932693503701
3.15604960727566
2.48190319812918
2.64387055807808
1.74063438545042
4.02769733588272
2.63318974707485
2.61920554661034
3.76508804787723
3.54788533344097
3.14309621255077
3.1565641164782
2.73827982053737
2.76766719392441
2.44285409946866
2.82377965136828
3.2198486348064
3.52027687097677
3.90896638655429
2.30942008030442
2.78494461514741
3.60201755008414
3.58817026327118
3.18032807996592
3.47929101674627
2.89621614808958
3.59119118847694
3.43670900470959
3.22288624452467
3.63498663548346
2.46470714963193
2.84277568541213
3.01869141441565
3.50170333581771
3.85656021604416
2.75186660163206
3.19127072323215
3.28498296555233
3.09701544359615
2.97302727165931
3.51592514280332
3.52668064962792
3.83583986823095
2.99634298599057
3.29999567391286
3.6428701017168
2.26703321089163
3.01221955933734
3.7239442815887
3.04163518388656
3.02320672784833
2.97662599504826
2.46667465873894
2.87655138277166
2.43918064103179
3.21054973954571
2.94362594597307
3.3539514025539
3.02267172815861
3.23293002027729
3.12310171205261
2.76494905996513
2.61561187721235
3.44936612036555
2.79382523788466
3.03354846498381
3.26087397192911
3.44460286205806
2.16205248521812
2.13376101546949
2.17328077655748
4.11649690199776
2.68224968067926
2.57485146109477
3.20440446112901
2.61756221384406
3.08354937789776
3.12229494739169
3.56645431875888
2.8960949736059
2.41368219450622
2.33874642856925
3.1979800468175
2.32306543885304
2.3781654630652
3.49879898231982
3.12189932454883
3.03218106793745
3.27834117979317
3.31750669610563
3.35772562877276
3.17984173493705
2.49747649487353
2.67988496925927
3.28461150984456
2.35427276601657
3.2548367101477
2.83515963301283
3.19856315225556
3.75719585445141
3.48877822868682
2.65637821596392
3.41727084931262
2.61646047732137
3.12690153656803
2.55536444237732
2.25864655277036
2.49731045367743
3.65258869455792
2.63150295309387
2.76779320064597
2.95087407161293
3.2011781488992
3.50249604326484
3.63166086035828
3.61412997440028
3.65954662569392
3.74493516906753
3.59099304880604
2.78337677586481
2.34789965542504
2.66690805863732
2.83471224766368
2.41458643024931
2.53065263304832
3.21062620624476
2.8953129797014
2.9411367495385
2.90500025884486
2.97411481674245
2.18449000170686
4.02745334519305
2.74463858077534
3.1213100520016
3.11747930627078
3.14476536875353
3.95314939049766
3.49770138188959
2.96693117816
3.47943388604769
2.63882867978026
3.89423184627078
3.22204255330719
3.58150628302173
3.49627586340007
4.10024450139549
3.77954294325259
2.88590669967906
3.01158163354492
2.94990422560593
2.93186940891328
3.09582911378175
3.17944035765186
2.91505872917893
3.21126194664809
3.40217839176152
2.90680079670448
2.74169293668846
3.29641635314355
3.3964486887032
4.09660137596595
3.54024403228479
3.01142864267396
3.02415092487874
3.24719793780761
2.71628236596527
2.93602154695484
3.04860077467934
1.97991525237635
3.91667060156258
3.81410402546542
2.80774481709148
3.40171979699476
3.45346114045115
3.07478961913021
