6.5920307341123
4.53937861086352
5.24412169442994
5.57735067415534
4.85416104377929
5.4062343927519
5.21245842333666
5.24822861235372
5.49774483544535
3.52283911546475
3.51071661968977
3.85354189181031
3.97326771567837
3.72944067769945
5.03686546068421
4.47525587398341
4.20695135990464
4.53993571617221
5.95986796284606
6.45450843565677
6.15750113755976
4.15338280492042
5.14393949000016
5.12166245424971
5.32367065428073
5.10168233535657
5.40271512898433
4.45276375268403
3.74468909310925
3.14962557810175
3.06230780076984
3.75301098604503
6.58780255368728
5.14049264429885
4.71048230243619
6.17983425849672
4.76186596566848
4.79182418959252
5.65735965519281
5.07782405772315
7.19553090463461
6.67368638672934
6.51011668535949
6.14967567736301
6.49057489104587
4.21930236445758
5.11024255055952
5.20491308020152
4.66438824822851
6.62808335805036
4.9046250651563
5.29588953148075
5.02736656052738
4.90229809704478
3.77141148225646
3.380847088073
4.68338262151237
5.67486974272187
4.86295201630573
5.12884816730585
4.36964547464815
4.64452601905745
4.44700225154989
4.68764884737202
5.42301210105128
6.12812129590369
7.01364077437378
5.94260084252513
4.07997361314907
3.9209537521172
4.02693312346746
5.87576610346401
6.27219469084481
5.31898292278016
6.55979945355172
5.8140716724113
3.67381594553742
5.66759676523659
7.06729260170985
5.75956995589811
5.29912934163028
5.30081162778103
4.43098194980436
4.65656206840092
4.40048005041037
5.52417995203589
4.47464779373561
6.92703059669886
6.63612763937865
5.19459937605732
7.29236695309826
5.85635225276296
5.80141290311535
5.49105790198614
6.3242031856144
7.29073719874121
6.27690724663533
5.35151230318569
3.80357740947537
6.19545065744576
6.17674476346121
5.55231070785518
5.72455883133284
5.52911165915528
5.3313980065296
5.83252270776833
5.08619683566269
5.83304217555326
3.28132733893346
5.84425285975214
6.41770604164105
4.84872713308608
4.27027159182344
4.0361951011977
4.7251402661017
5.54658608207832
5.47141095378321
5.02049111376401
5.4122058391661
5.48827958294231
4.82241052904115
4.84506923335554
4.86552495046468
5.38761518116555
4.91192554415649
4.11644133455699
4.78048439937838
4.98545429212236
4.6941182739959
5.83388767539718
4.07533887456366
5.25708281356138
6.7181936368271
6.97325559265273
6.04696116451515
4.56571809523148
5.34385882964698
5.85834371526135
3.99459268333731
3.28158789774744
3.71085254470227
5.7060895263624
5.8564005866122
5.8902473211695
3.54236154387584
4.9665024020821
4.14096763228254
5.77798948400841
3.63297472159566
5.13553989988756
4.90109093421902
6.16886939741503
4.27251401850786
5.04378799746767
6.06811743878255
4.42820066396573
7.02976176516539
7.04050496221906
5.59493764072112
5.87210534095219
5.79854538618973
5.99043664130113
3.70354990268788
3.67787348339321
3.55870764214687
5.2014582238733
4.99677982019402
6.03982835613333
5.44377322146811
4.87885356532552
6.08997374295541
5.19104715983667
5.39972147007757
4.94399798496484
5.97023561478451
5.6966759760198
5.48283919466423
5.57483323437856
5.0442266101739
6.08045940434324
5.4893193576275
4.83650722970909
4.55096303775629
4.41577192268852
4.30300650013197
4.24069971790124
4.98007571942691
4.56903601729531
4.93048371945728
3.57519497484237
4.2338274162662
5.65095260827139
4.91393231595203
5.25901818958255
5.14327438504809
4.93159399138206
5.86607613510963
5.8828494707453
5.35856243617629
5.09394925981095
5.91121685560128
4.92468650554573
5.27111530956748
5.4985515765871
4.79985825550063
6.51491551399483
3.55790338916956
6.35775455618529
4.34472709957904
3.63220524337841
5.93572137054755
3.49498172306223
5.58884364894359
6.37629285796961
5.87900699693065
5.15808139646635
5.85670221235302
5.01136620055764
5.33326036801442
4.71640190034303
5.22857470641974
3.24084825019989
5.85080206207622
5.95555478566949
6.84758254745666
6.65741154970292
5.42241574218188
5.12110575940151
4.73775052632498
3.81871159541713
4.18268964466931
5.36164991475532
4.51674544496352
4.44401983322466
4.13842787558103
3.8038761447812
7.06372313646205
4.30837831265755
4.62752525165208
4.85340089473404
