2.8158865340894
5.51628730360666
4.85280254377803
4.99589481518773
4.94685798545537
5.33578027368386
4.78672023986697
5.43292927816294
5.08988285279639
5.25284804059868
4.79799672491744
4.6550580826205
4.32273491607874
5.06729927049845
5.11424617771705
5.05695308858532
5.27695819983527
5.13640765938129
4.46131624673269
4.23372821061403
4.3541243753256
4.78513354173917
4.56965518248323
4.79110477640808
5.21648724018467
4.94254152632654
4.42386479230988
3.7945452490758
4.29229362489934
4.21278250957186
5.08849444590742
4.94957637135134
5.03455700399548
4.04090852599527
4.47252483276586
4.55617278937186
6.09104990057583
3.96324324287758
4.66155214660154
4.55639990198966
4.78098115384188
5.08835710075389
4.51271040985228
5.00535196499766
5.19664987829641
5.34185738024429
5.15267871382202
5.14506079013353
4.14363387114078
4.72622920702107
4.80905423628858
4.87255978235591
5.06234395787428
4.64143222940056
4.56062293608574
4.63269877134918
4.70881730869043
5.49037617676236
5.06587029614053
4.95545298506073
4.53624060882754
4.93691370699589
5.35162736538832
5.42098643312807
4.86289814308862
4.94976453584264
5.38718513500522
4.38448354842717
4.16098380515928
5.97006277096103
5.47609032718956
4.91735276297485
5.60854530098667
5.18234241098915
5.88325339028517
6.17968103563519
3.68590702284631
4.55401205393058
4.34415838805531
4.61149372610767
3.85968684158263
4.57577412166307
4.54901690262628
4.2622831787719
5.04650219090195
4.49384793385775
5.29866621855559
5.35315469492139
4.09350923521356
4.51022495914163
4.46756673846109
4.77438550435351
5.20359313899425
5.33447281898696
4.56702267400686
5.29769226092611
4.19238195683573
4.72732906761469
4.92915743841679
5.63953543147441
4.99808726292472
4.96744620564009
4.95782200057606
4.84620939595359
5.02472713945246
4.95575685066674
4.77830350194684
3.89002986280611
6.00014508264503
4.8375102498605
4.73105754312491
4.70581044803199
5.65794521790755
5.10112891177672
4.91141233284983
4.27578472462689
4.45743776648018
4.93951801792431
4.711361950959
3.80578722129289
4.69679712247747
4.09441139804843
4.23609693413398
4.19826176212243
4.50619657744122
4.38750618646088
4.06132928301905
4.17151647032501
4.57569067613616
4.92312426553502
5.31200306236569
4.06396805893455
4.39441255738784
4.84036482617085
5.06050010665227
4.24067501001179
4.50462459050238
5.28176173264279
5.553690676782
4.12121045700302
4.95725461485824
4.92642288021654
5.38753200501561
4.26694521349875
4.54452175176723
4.17151838163866
4.15831973563937
4.49640697953426
4.18181330026262
4.39263727436908
4.95310905589857
4.96793002629395
5.73027980554591
5.15979282319288
5.5437036166944
4.6597085456409
4.76300386793173
5.28505442996452
4.55554116957305
3.99628527285777
4.32043759414929
3.81023538189012
4.54633119732145
4.21255435595907
5.07042612706753
4.3016907635006
5.16704211105737
4.18624938699561
4.81657382381293
4.91020844069779
4.98217504657059
5.72016694299047
4.23611901416866
4.90377564211799
4.78091258336986
4.98200640604223
5.37687668213944
5.58412252702142
5.8988154866765
4.23861668806973
4.23316354660139
4.66717856103184
3.75705959699677
3.72642887295784
4.12904576357083
3.44480845032363
5.51364730604096
4.78604370209807
4.96143683703482
5.2395481238026
4.303851164904
4.25756581008214
4.12050270325989
4.5145090732963
4.35839607177835
4.93562521629568
4.70026010365739
3.95696603830486
4.24600981965243
4.95766247201293
4.83634188303306
4.59843824522152
3.58901975022211
3.39000384974338
5.35166170747443
4.49312548672598
4.80303196898381
4.45723938518055
4.80956719531529
4.42770955148004
4.56020304083627
4.65096073353466
4.35532108521157
4.49414040533833
4.78570352135234
5.35608009541415
4.99051165035002
4.85476028362871
5.0557244336477
4.29195815741574
4.4431659976281
5.07183657924457
5.0550880119852
4.58672564793065
4.54414390448748
4.37670455875142
4.87913258719707
4.73349473339589
4.56789341914414
4.95351778281902
4.85645967474256
4.83933210781897
5.05861810165579
4.9250240579068
5.0835057820014
5.08045435764762
4.87721786483126
4.51786247336858
5.57214267930891
4.61071967292688
