3.42671673116286
5.15570264629795
3.76438312785475
4.5707772625029
4.13067530788256
5.55409737269234
3.0453024361803
3.54194999808062
4.24421173330013
5.45786133538849
5.35848226481966
6.31314498414343
3.20742675175928
4.45705813521557
4.91652805104889
3.57422598663755
3.13035645394395
3.58179743767255
3.63204832554334
4.03849394021726
3.34374049724595
4.64126307377176
4.57412568339662
3.29029864864008
2.95034722983421
2.23190362073325
2.16265286758386
1.47820561653522
2.15530168950867
4.07243661430042
4.01358203147191
3.41776629374015
3.38311041125152
3.18582775888088
4.98941881327945
4.71113510627433
4.96787316410005
5.45461559207591
6.52625384233373
6.71354212951212
3.42578903697864
3.7332915627113
3.53189684697184
4.95511106894515
5.65337970973156
3.75818524210878
5.9574165096158
4.26166852895378
4.41500062315001
2.80302083963735
2.58049457511899
2.49513357124325
2.98548538555425
2.03253725781896
3.44221984379637
2.5278387736785
3.16696503304641
4.48596565465354
4.11079575580455
4.02699504366987
2.17579923144452
2.64726767557726
1.71678231320809
2.42400011132706
3.01927374263275
2.93358650554422
4.33512482245847
4.94727768714934
2.50509698422089
6.33317821244434
4.45945912976474
3.88224774180857
3.79715804151205
1.35672851009565
1.74885271022476
4.07672720633827
5.06897983696114
4.63670000903741
4.29551282421289
3.81983611070154
5.14297648182673
4.75028989919064
3.61329120573191
3.3018832075412
5.83434172017093
5.21765450244362
4.11324905087088
1.03998059936627
1.71339603484436
2.14308869297456
2.8750765367302
4.22925526191256
5.76970057151056
3.88161546651981
5.11203850115425
4.11170774101056
3.71102671890057
3.21130693709946
2.89182884986806
1.95687660734163
1.45389763471665
2.0412410494964
1.9999694272037
2.36422090682032
2.2981524274947
1.51759085168099
3.65678479025903
4.76119737389329
4.14044178618881
4.67072861005384
3.05611847962085
2.87629424893239
3.32629776439571
4.77317617197535
3.13206954875043
4.02341592219803
4.13741489690283
3.94795388963717
3.72278367094991
3.54256108344811
4.45651198352966
2.25494311471973
3.83364513797257
4.14056869598086
3.13051419567297
3.1788354355557
4.49074706553427
3.67594262656701
3.19912563944535
4.36846104944424
3.22030906512239
2.5312919368867
3.31762297560288
3.25370673850937
3.68824144747866
3.5825486370997
2.94925986897959
4.37871530388309
3.602849420293
4.22675027191154
3.77262446522228
3.59862760645784
2.35576921817995
2.94423836659799
2.8659514352324
3.24407237376306
3.1406402267912
3.10048451321126
1.83011106654761
2.06032719542233
4.51319907591639
4.7231123494327
3.8500735374427
3.66677191020927
3.51192705757922
3.71885424716632
2.70609488180572
2.79456358897233
1.633259016342
1.92606003607764
2.77823371977686
4.68283356018309
3.6521872659047
2.91457897190199
3.10169209957317
3.29610891648338
5.64902994324223
5.87850533966917
5.8932436139417
6.10009514988411
4.43205902705709
4.04550379418008
3.91424086639829
3.70551616232832
2.01152523322587
1.80385998040777
1.36337397819996
0.929555380387754
3.2523175146455
5.60931915641074
4.21288864119221
3.99836678095405
2.76130232573232
3.78523545716441
3.88518754443637
3.89578963308147
3.01901527219004
3.96418088166526
4.9920611528459
3.59400231972599
2.48119004512468
3.03393412539567
2.49750199250833
2.19451760768847
2.39429682589827
2.54534674253074
4.38460036483289
4.44273245683567
4.99799668299661
4.14996685157226
4.12446257169054
3.82388774178071
3.40251140006283
3.35740021838272
4.92784348631674
3.21644856997186
2.87348647212961
3.6850938613748
2.89694090758471
2.85865199252052
3.35814297304509
4.70525141957237
5.34280921875314
4.59573887691648
4.93341090881716
5.23273782863634
3.23666386902946
4.65210958701241
3.84099834365691
2.65342626348058
1.90574595808428
1.67838799451855
4.75424988066223
4.60765818098005
3.329440307444
2.9725563684709
2.2061860131935
4.09931041290023
3.57289893402688
3.83008613940263
2.93200843445891
5.05880266672315
5.55174070608186
5.47062841899381
5.20973707226724
5.83207076558531
5.04774952636719
5.12313228709311
2.90554665715168
1.22189338260065
