5.69177912222397
3.53434451014993
2.99531336041693
3.22287302569099
4.14022832612536
4.36388849956078
3.52907331776899
3.25126638275513
3.66280800852204
3.64695343843872
2.66828019594053
4.0790266492648
3.84605465924944
4.31006419055741
2.82399217907565
3.79528737191336
3.43426029047662
3.79547990102985
2.92770215858438
3.12329539638552
3.34912714678837
2.67326796697496
3.56378920394978
2.29763596104508
2.79084908221882
4.65869256579351
2.70957696582224
3.72983839124995
2.98794945231262
3.7750788083728
3.57761950972113
3.96240670880857
3.60923301151626
3.56855373840814
3.47809299543656
3.01816096943886
3.62093041832642
3.53483133427646
3.58711289372142
3.12582726860266
3.9065085431817
3.54026565945475
3.78516162855377
3.55098276462233
2.37831058590894
3.61814187146013
3.55992596527076
3.30922597990378
3.54326925351292
3.44431340838793
4.08114350848807
3.1532281705269
3.05796335945813
3.86434796508781
3.67009948434091
3.06517080265992
3.71432261310482
3.78448285909333
3.20759951790759
3.20649145861186
3.63961903619536
3.59342464017256
3.43226578989517
3.00236276514339
3.49219076824816
2.82146755030014
4.09703564088313
2.645446312524
3.98912549196146
3.6604206915047
3.03788552284576
3.90598156381664
4.25878354706136
3.49014401560322
2.33490281710159
4.69420653252626
3.90614048748876
3.404423922148
3.25858204367144
3.84814225924204
3.53094066497537
3.35173923249967
3.45677589988437
2.48336011388162
3.62501989428709
3.48643549158787
3.41284512336189
3.1774549344152
2.81952549300148
3.6196769113264
4.07592286966582
3.29461121983667
3.45302058369867
3.15321571459076
3.53690098166668
3.56072494820935
3.43605674840849
3.6069933953546
3.96710755631977
3.83181591753566
3.14257647054151
4.05748677639622
2.998593772465
2.54125473341727
3.44382655034596
3.43834516909882
3.81308226113496
3.02782400274597
3.49846869843029
3.73769913178126
3.66928109186319
3.60532669646846
2.6147473215577
3.76152700870156
3.84974748217158
4.09652554052539
3.31371489721007
3.29468132457353
3.41495452164329
2.88598247123677
3.02528518082166
3.00492123733038
3.62650432622775
2.91226997365027
3.09274346198017
3.04978424127275
3.19068228456253
3.31044355829308
2.84766771742208
3.54186646430264
4.16271206666227
3.29917839471693
3.35351322100268
3.3778470732753
3.26555211094776
3.60192550809691
3.60289881581206
3.01804423076671
2.6621228606942
2.6853466187892
3.97251117620102
3.90815145189562
2.59982039081477
3.52135700919278
3.15463427482331
3.15405095703893
2.88210331336885
4.01054528388958
3.80063517633724
3.77383802328157
3.47395441680963
3.54874035989203
3.83749132131495
4.52049092632231
1.91504557906163
1.94684619978515
4.27937179100871
2.98676276202485
3.28863823388884
2.87225167660542
3.21488735083284
3.50852510755676
3.99195325358651
3.95049467839922
3.9607311409774
3.93441219622592
4.19286912488143
3.73506141475831
3.48636398905386
3.81533071681116
3.80254650789054
2.22191341847853
3.85841461579307
3.17135978249803
3.3630313355659
3.20060110057441
3.26150788698586
3.80523532402011
3.07544514682385
2.11343054199832
3.60363239422831
3.52427805315304
3.15749100312173
3.00862868702426
3.14732850449547
3.16765981041282
3.52384808552239
3.42157118380789
3.16712277235423
3.772806250881
3.66260641479825
2.9606313195938
3.02057884803939
4.55688932358648
3.36215919402789
3.68814583235502
3.19186396078288
3.78049874672732
3.34979988078147
3.89975601935107
3.58800692258542
2.9211587975123
3.9410677049807
3.94765350217936
4.00924526290042
2.04169930000795
2.65312011877075
2.8244443420507
3.01558186207443
3.6153629227817
3.50771806675295
3.76557496522839
3.53821191798396
3.63190270123503
3.77491761133356
3.35559995762966
3.01278831727765
2.91174303154258
2.85053712288646
2.59608535856441
2.70554248939036
2.85556181812512
3.12733312483925
3.09049959594432
3.26987336900025
3.52461429310902
3.91860055386045
4.23361120999747
3.96666833919429
3.66908964934505
3.7079720356347
4.18268074410352
3.39594725415426
3.7195996012384
4.36927478204923
3.93352967852004
3.8781781026835
3.05987549451147
2.92528983595748
3.4053493606615
