2.12582445700089
3.92864422170813
3.63569742666132
3.94727708820416
2.95896852723549
3.44322309325676
3.96323368800099
2.86499583264108
3.05589673769887
3.89668153328116
4.25855414112325
4.02276385863538
2.99411875164752
3.5124997724782
3.57433287380294
3.00410825759203
3.29532356693274
2.95814128679088
2.96911820436692
3.19733372417143
2.96796270808819
2.98023732364532
3.82471268370577
3.65035824349126
3.64239425337754
3.4593112485937
3.36067971274305
3.29379240809057
3.22928129661877
3.14021033591704
4.15575849511903
3.88822581400406
3.98052194449362
2.91859027478155
3.26535685982987
2.99922343591608
3.78054864089349
3.32248227743748
4.01799384057222
2.85621755215971
3.32382160871842
3.18451969680557
3.45887157477077
3.31234314960998
3.29815447757963
4.32087944596086
3.56201556019678
3.58950946946662
3.59396121033133
3.00890324019493
3.01564938190059
3.09677477447913
2.99713036917747
2.95240594694722
3.09112724756186
3.1283959998605
3.81281822457708
3.83651735031775
3.11162113820932
2.48659734866702
3.15443420160376
3.20591653211614
2.87015261248326
4.01054493737048
2.67740153313839
2.93246379789895
3.43274140700897
4.20107243794351
3.46699817131608
2.8382847185932
3.11122920249923
3.79800105586051
3.28922840957463
3.08687715819378
3.71309183384002
3.46470201140911
4.28359034115827
4.27853357902175
2.63426348658177
4.54173209463033
4.23553332665508
2.7218926215085
3.07588383265714
3.31232443348168
3.76916466689332
3.38762725832536
3.58469873390172
3.17375278082674
3.54046551952578
3.20226596318625
4.26076368218727
3.22937323874302
3.53319135856868
3.68846111281341
3.47029218945719
3.77509781916499
3.83534996363207
3.2896683770666
3.22832627388355
3.2987002017808
3.48143950318778
2.68373859934369
2.76377502659327
3.83576372837055
3.56857719219132
2.77139570552003
2.2758263060922
3.21047325526422
3.8202755436415
2.77213866692355
3.30879925526998
3.20764185594775
3.65636984924234
3.08285832673533
3.14970117104522
2.31460158848486
4.06159522989471
4.34719453932181
3.98777284282357
3.93964926241994
3.55524435076028
2.57299408405185
4.19182764734239
4.14274196793276
3.69474641319007
3.68999520728007
3.76075111185029
3.08507282281721
3.25679816347042
3.60460777783246
4.19482661613674
4.01983195888373
2.17542325351882
2.69109833399328
3.2001250588458
3.65522215097773
2.79988445203382
2.72644014099244
2.30979283062372
3.07571110689643
3.22055035931688
3.16008649726329
2.96068893836162
3.53761894532761
2.51619086292576
3.08069443673831
3.90457651688721
4.12394997215834
2.9973645521846
4.38224900882285
4.27574589125811
3.77613852971274
3.45829442284062
3.0358027480635
3.31033632858648
3.62458564619429
2.65629475702013
2.60422585781706
2.92232457751451
3.31835665390747
3.26000645753112
3.47455578472462
2.93730167529905
3.7758936527873
4.10177179097557
4.6159800446109
2.92123702415089
2.82237580274849
3.70560518974124
3.74797242829262
3.99888796383483
3.32926634117655
3.19752348800556
3.30790009935752
3.22478401426891
3.79027839236627
3.70044245197172
4.12461573582808
2.87286372341881
3.3744181133687
3.27307829880712
3.28647213257475
3.69173539622837
3.43182638311122
3.65855121993655
2.51665929175052
2.89659996313113
3.01851183729356
2.78297885781264
2.36637111529659
4.20413298952211
4.138324563399
4.04192878431549
3.34157550900949
3.6664058301389
3.51951367627112
3.58413299078659
3.30878002102093
3.00877817620032
3.72087152545616
3.83814816001147
4.5808651257427
4.79336644673064
3.49034006682247
3.4296843915233
3.89819233100727
3.06196647580867
2.59235065641035
3.65637909639242
3.56238097762305
3.3933382865003
4.11633788823105
3.89378822057217
4.15782992291238
4.08685098608534
4.31109054758877
2.95684693635722
2.91317415578172
3.1394525646779
3.61000753246708
3.95781774471461
3.18103059173509
3.49714101904566
3.99163617223201
3.00597987353502
2.84459901627521
3.34396479503675
2.93162989847546
3.46257230544647
3.58112523237371
3.04299812374888
4.29905681652271
4.379860313882
3.2403420082227
3.31938284203166
3.85062908554206
4.05174943372363
3.08255407306835
3.14520446074676
3.48281087758052
