2.66810202472432
5.97163519090562
6.7285265719875
6.38571329995834
6.40455508347445
7.07784787487713
6.8975129357214
6.88489683661402
6.31797035606948
7.86745168278364
7.98543746721359
7.27903732423544
7.30511688579679
6.49471586550648
7.27396323093275
7.41836516353364
8.42800587924249
6.25924598851955
5.05778966152823
5.69297747281272
6.61572828064564
6.66777502188374
7.66958333340255
6.9596340936678
7.72792296854549
5.88430739797421
8.08818358087682
6.64407328223845
6.95442226384682
7.30559319485826
7.52814783803103
6.92045014797428
6.91775620028024
7.6474053235503
6.19216615264426
8.0407661098603
7.51483177734426
8.42128622453547
6.3387377893681
7.64736204437337
7.21864073333688
7.21725975984133
7.69382579625793
7.2115995434802
7.9313809862027
7.97774034359734
6.69458842821463
7.18169299864245
6.75696136035991
7.87610495022533
7.62277187944424
7.50371902881956
7.68508384357041
7.56301431176897
7.24163653706845
5.91088040038656
7.847724492249
7.74783254719115
7.96427668330036
7.33135993571752
7.41242399304585
7.28749071568871
7.52383128641794
6.22574962967401
6.55917734476584
7.01994294357332
6.88224081658604
7.81509224382075
7.93605949506941
7.52905181945148
6.81398395691845
8.14418627844038
7.93663127402056
7.59530540510291
6.1793016487573
8.23973376293003
6.49262150133296
7.42484215496376
7.60432395626802
6.84401970786001
7.89057512079324
6.51366814722801
7.3682373555706
7.26032426817354
7.24375268587854
7.57487099966738
7.68145815322321
7.95888808395182
7.84199989357928
5.73018259766941
6.61779025947916
6.80038492247704
7.18344627419728
7.34884159358719
7.57101990682107
7.00206902766816
7.83942955572825
7.18941516362797
7.96909466552284
9.00863847716643
8.33560595869019
7.55800896112739
7.36147427527791
7.40356063370454
7.75468408449414
8.27044377770188
6.82732910072344
7.53661771040323
7.19774356667145
6.63675612507761
7.74601494383182
7.1269781919704
7.47565921019252
6.45315830323599
6.7701129839109
6.89406302554542
6.8700292788736
7.80358472217912
7.73387920421655
6.44533593641028
7.09591661594242
7.13335422906459
6.63844538634077
6.36323470365675
7.5292966312212
6.49232507938939
6.97014493890297
7.03509682921101
7.11599425730635
7.50556011536498
7.257832084702
7.16633761544859
6.08496102980485
6.2481438430134
8.23965047822481
7.2812051579999
8.02234606968357
5.39748061291394
8.14277421758962
8.13485924355195
7.12727201841982
6.94384287116086
6.19438723805329
6.31358672683096
5.08466344471058
5.74425767785838
6.33092423007108
7.04142324198253
7.00361585753672
6.59036861092811
7.86154288065647
7.40248809658541
6.87015048318161
7.18424229662678
7.18067211918498
6.98647616319324
6.74291515768914
7.203197188709
6.25430584671484
6.87963155536489
7.61241737737031
6.27159948025541
7.0678225614381
7.91903858243199
6.99207804987849
6.33076200096719
7.81293674356386
8.07079172630877
7.49622530241579
7.85984174321045
7.844507090008
6.42929924810544
6.95436453884706
7.64823704324902
7.25044135302544
7.50618279751433
7.69939626492333
7.54208517003512
7.31263361129874
6.96298876035923
7.40296354753861
7.28106902307228
8.0066896737586
8.07785199629472
7.32198402518735
6.40956769138903
7.63267393317402
6.42468949081705
6.45685676599986
5.78725532882981
6.02989284949565
8.40018054222094
6.77257547055704
7.1459981952589
6.84804884388856
6.77646802784039
6.55682042235979
7.89276904879922
6.49373474134489
6.02997423591449
6.98457204899176
6.60662559861674
6.71821237134202
5.85478048364086
7.59725327335684
7.71410419118011
7.20839367975429
6.48325839819662
6.03300475434436
6.85868646868541
6.78156409627681
6.73527110070845
7.26792314268122
6.72556794961193
7.28886882136786
8.19765778157602
6.79702157798897
7.36141530230383
7.5796580991243
7.74273672575821
8.01454210809191
6.02013678165843
8.59216073168908
6.70589878785764
7.32574395784462
7.6789822116291
7.53797026386315
7.67542746204026
6.94832532466202
7.47093458925187
7.38354773940506
7.96347055658686
6.78736092830065
6.45311989290628
7.37520761210459
7.90473682858091
6.59931421370595
7.42242497017026
7.3452045583377
6.74302012621358
