1.42186896762423
5.59246132427544
6.18992636443764
6.22387988006052
5.93999383593598
4.59945615748564
4.53164459620291
3.78497264110172
5.46664245514819
5.83301031118879
3.96743586235368
4.93840649160245
4.62545952615017
4.04901456362257
4.71716279499694
4.4177507158415
4.06713800793975
3.20146652041464
2.47762008579909
2.1548324246937
3.13891537780312
3.65513391654676
4.63694816638519
6.8576523366832
4.44778712731608
5.47970082065712
4.44250233285708
4.27365081850981
5.00492037044633
2.61338647272233
5.96833295797724
5.27242025977376
5.63618269807104
4.12150880566243
4.79381310904774
6.28403202277101
5.74710524852391
4.54958291004415
4.04948775635104
3.79562985586061
3.93939223947062
4.22658460648789
6.3103952167189
5.99739034861385
6.28614043505921
6.28353009338282
5.74417845382694
5.26842581752966
4.96850348963035
6.40043830453051
4.52184583806066
5.16378861480026
5.63268977688225
4.64371669064806
4.77508003921778
4.90000597651382
4.67208633183767
4.27845508728744
4.95992454482773
5.44185237229401
5.63443436491632
4.8288857668578
5.2280365141809
4.46695516088531
3.77673415064365
3.58003810390384
3.92679403207532
4.51809840972802
5.32248096238761
5.00319341820521
4.28002385329282
6.40063870418644
6.02719740949213
5.21389554427214
4.60643633813806
4.42308471171416
4.45345257050795
7.3928750975154
4.12599061551537
3.87486115542355
4.05409453694823
6.15679311217342
5.99186543407672
3.63355340841048
5.36958751766764
5.90852001714342
4.9916304390394
4.76622307502127
4.79067764422521
5.21212265833347
5.28070530314361
5.54318550408214
5.6994254015825
4.95202283246978
4.26212910295068
5.68257397338854
4.83922406770395
4.59675167472152
3.68792003178088
4.96799695280087
6.14963455333081
5.31312554164496
4.9676221816251
5.91489249816257
4.42228787647653
2.81568477477212
4.57017345435251
4.56638471807234
3.73530086527459
5.85464680872258
4.54222468079399
4.47929205864068
3.88066418884074
4.76895073005681
4.76844973064735
4.47953908876581
4.61961097349477
5.04453606330854
4.64370935778951
4.93747579907885
5.33328531445822
5.3064285064706
4.47290750217004
3.77033759929551
4.76693562694205
4.89945601389123
5.63267028794004
5.45969236173047
5.98815330300791
5.94827147011025
4.23631255045844
5.37845226993008
5.19125630407138
4.93035278495876
4.55554448908025
4.46496929559407
5.1001210385516
4.1371223367659
5.04727819747307
3.65024213212557
5.00419481190868
4.80133083232998
5.67384349604457
6.02117410165577
6.56091101005061
5.14583756638079
3.79667228463425
4.05069831051825
4.0313845223052
4.16720593555397
3.99299323672927
5.16688650408853
4.51353645895885
4.48146105451919
5.94888722232021
5.23698764440144
4.4670708919632
3.31201755638162
4.41137642224387
6.39387073049899
5.08589104127393
5.6451678190592
5.75315535657362
3.84402466502308
4.70058492267576
4.47372324600887
4.77137992926013
5.2816272561818
5.48185021393606
5.52843805133039
5.32310947289962
4.604540942103
3.86976573882285
2.86654598415964
2.90995393331297
5.5873708767923
4.43692280641986
4.33645925681336
4.46721910416378
4.68441243568022
4.19877412638873
4.64608082411125
4.60076283142774
4.97404856496436
4.49252191173936
4.38610101565346
6.01173430150002
5.27751761448036
3.87050406966756
5.87910212349544
5.51688192045714
5.34559313740946
3.63002204450212
4.50312699211601
4.27796949932191
3.79280335895556
3.99700473874647
4.3075041049704
5.57602182416595
4.16326411640621
5.43535420218833
5.93824638532825
5.59734624613095
4.63143368018763
5.11862097344718
5.21319387965263
5.91559410998956
5.91061910337076
5.02206106951699
4.50423336729646
4.94218233721978
6.09154995280033
5.19221211033552
4.41686363762784
4.35504844551184
4.30612279613712
4.03504534065002
3.926634213614
2.43143059984473
2.8460006934653
3.23787526200218
4.47036043946324
4.95506969532622
4.01645970876021
3.5658581703524
5.45211780055496
5.82020641568187
5.35446553226873
5.63110128022177
4.56039097566427
4.25903387084294
4.32661737411573
6.04204845757514
5.34325168797106
5.58071233911589
5.65474258151055
4.47820063421652
4.21628592556492
4.97046678350537
4.5712825450508
