5.7502746351129
5.04637908954831
4.65850520269031
1.68070208957721
2.45017291350593
2.31956772204791
2.49152593337607
1.57382886598852
2.7972906289905
2.56020268167069
2.35126459281554
2.84797935569321
2.4471179368872
2.81996875959463
2.86722611888801
4.33172736783705
3.59221171449131
2.07049716546559
2.64329574260288
3.4025242916835
3.22999136091602
3.47568030736801
1.58346037120975
1.93697305834186
1.75238625258472
2.03396879472773
1.76156700267581
2.35100460709197
2.09692597766531
2.10355073368726
2.40324187433896
2.72018853264479
2.5326292115142
1.78536860662907
2.68398868229842
2.23066487379974
2.31333598383754
3.00862869911168
2.9092123853191
2.97195934141528
2.15522871157964
1.54089299767157
2.03565041432967
1.91169949798723
1.79913023816045
3.05731103147137
1.75361834350965
1.99640327410238
2.24271000705808
2.12809471104443
2.06231856352348
1.06100226572413
2.21852126085947
1.85697229133735
1.99882007126451
2.35582813514077
2.42027252128382
2.61435772616796
2.20600548664488
2.04657282478423
1.7960061795898
2.4470253597426
2.49294329727467
2.44990613138701
2.20536048630651
1.85891099370161
1.89373408447096
1.84482649996021
2.5232632522697
2.57045195908348
3.21248390872774
2.3214917586337
1.58213194974587
3.1237297286114
2.57104342085009
2.10578407064654
1.82683838388525
1.33741252959348
1.6982480462062
2.71803463645082
1.70480650126737
2.50508336338351
1.93357711971874
1.82732336661624
2.23148133802536
2.89157305482152
2.97595201302492
1.27478647757417
1.84074692245634
2.3987552269383
1.76901382389619
2.08394682022283
2.63261225817947
2.39636927841453
1.76588518403692
1.89268506922049
2.21905491385728
2.75368960226074
2.75453761772854
1.21607738541109
2.74307578935889
2.07380565296529
1.85190431770934
4.65432718160628
3.82703878916464
2.65504218679241
2.34176606959051
3.29470616713486
2.24338056271133
2.10692765050137
1.83369121316495
2.18684801321161
3.47127296916971
2.26635225910524
2.04782036709171
1.72364831348519
2.18618749368384
2.17825556364309
1.60212772669669
1.71316574721115
2.3564092109211
2.67363828674408
2.41421241546369
2.25752663351757
2.64846420213742
2.28851697612715
2.92834671204007
2.323257466676
1.33165973999477
1.38532334733657
2.05128631493047
2.16672863954582
2.70768454371824
3.1003730610356
1.66440532879835
1.66302116000279
2.44395260670408
1.94529982386532
2.40652270135628
2.4825952447501
2.51107902671369
2.2102052258344
2.40469056610182
1.56437615633119
2.79456390451475
1.85449635485201
2.00529455675881
2.51749218956705
1.73066901583725
1.93110763245617
2.02719103064363
2.24000901949328
2.72101594642587
2.53050776379965
2.07983216003191
1.82918715664991
1.90943237225035
2.09919967654114
1.74872835644474
2.9371427264154
2.11728545549289
2.53685491570235
2.30770542883277
1.73077410657571
2.19689893525396
2.59272476692337
2.32449678310588
1.58543889110371
1.76346691422427
2.23711834432819
2.02581335972792
2.21911197985129
3.07011475243463
2.83971279476929
2.02811930680979
1.7482386551181
1.99527671917697
3.58399759220958
2.33859184337759
2.1502380588637
2.91060311953675
2.9646837352882
2.46935129589307
3.14931661215154
2.30067988133087
2.09818435979424
1.8346125947865
2.13871405160484
1.74540287143049
2.60138969615532
2.60628503082076
3.48650951809937
3.41692666603008
2.69303308001223
2.37792097427388
2.48658564069661
2.26698065496086
2.27158585653296
2.18895587787619
1.62699394204309
3.04702871289691
1.79627266103988
1.10971860634423
1.65813026348934
3.02168461111703
2.05291777606683
2.44470451977731
2.42667363816741
2.16136015951502
2.72480595130361
2.16677329120884
2.08912742780248
2.28379368064202
1.95815924230351
2.18524108295386
3.03199815657525
1.82164082637626
2.86669730503646
2.78977449986411
2.30548434795992
2.21575162664762
3.21659771369598
2.42684117632542
3.43051845653081
2.96146270573132
3.40860546320669
2.3145578022673
3.00787306949765
3.61430329969422
3.30217718801652
2.975279284671
2.93657423023858
2.01514858406761
2.23037924766555
2.16665292459719
2.49406981153902
2.32320251932052
2.36746896608066
2.9498204480309
2.75745004827153
