4.76302618931269
4.21255706555431
3.99537663837601
4.6154260263728
4.24369208523501
3.4473321881095
2.85407616812234
3.04120640886761
3.76640356812557
3.61414768142557
2.43328229277352
3.21405186433293
3.08123668212391
4.16693602617103
3.12482762342675
3.46613799693419
2.98035176011158
3.29309082325575
3.44039040166912
4.33584634625064
3.46293036444755
3.6518199284439
3.18887275539982
3.71466989387834
3.03014429071562
3.26842897869291
2.81775859802296
3.5206204239585
2.53753926348979
4.17637895861545
3.43943050106892
4.02161658980179
3.25624812886951
3.53949161808629
2.95561080203499
2.99177324379928
3.50608942242821
3.45711751217037
3.39359102519244
3.40963221276193
3.93147669235412
4.2683102616898
3.2217182661554
3.61448337408652
3.92718771673707
3.28282837006186
2.82910383394842
3.01235468448062
5.83897755476569
5.81132325106223
5.28981867757225
4.55498553438642
3.69322426988342
4.15592773033498
3.45819131014971
3.21514944189165
3.5563963428078
2.51139849097782
3.21824335399398
3.00324088247498
3.3203875352061
3.47035846844569
3.25735856428227
3.15306041997816
4.29881810865324
3.33357853678014
3.85928338669947
3.46551797228494
3.60912883809396
3.21981193187275
3.4771823841243
3.26334977478553
3.25201605374466
2.80085824357819
5.05299440919363
4.61075164337651
4.35862108466224
4.03603459694166
4.03942123212185
4.275606512728
3.54415774222729
3.29359093608557
3.5809297018893
3.2197691395082
3.27601398640726
3.25511155669992
5.05835493249024
4.82783468955353
2.75145580532714
3.35096851230352
3.47780946571184
2.84192980196131
3.0906310619208
3.8447570113568
3.90481802095756
5.23856675085709
4.17474133182093
4.16025359940285
4.10288088305905
5.06847186622262
3.24229853277147
4.59848898135446
5.50324604565598
3.28579500641994
3.06767979103794
2.35262616148502
2.85488248879374
2.28601418709965
4.60080897176781
4.45413117584487
3.4960889309523
5.02310025839781
3.87551647060265
3.9960206142505
2.93922090240226
3.77859708097235
4.71768613096141
2.59226033167727
4.31699169969
3.09485367901437
3.00942035794072
3.46894659240967
2.59932332392088
3.42787967295623
3.26340923976088
3.43535918146684
2.8276193873988
3.97773198420494
4.16473887916966
4.38812938042949
3.26762293712855
3.20435690585884
3.73183209920947
3.36373036035051
3.30352630072899
3.29375970835821
3.48998234008462
3.45353208313593
3.63151883316298
3.66587053175156
3.16209831376953
3.386211576028
3.55580403152315
3.31179864108024
3.63006978863312
3.50231831758724
3.57919560750456
3.08290997946852
3.09315527349564
3.02212729051563
2.90500772182186
3.31632485330392
4.09299588758786
4.04904690127138
3.77616717225796
3.62867703174165
4.05596644363291
3.59718351230881
3.36498719292617
3.10933101746192
3.52178712525543
3.5807008748981
4.3674348772875
2.5520063688333
2.77607347195101
4.52902205458906
4.54345933006209
4.93795766060304
3.16261813820404
2.54073822575685
3.07523356186052
3.0420268825872
3.4738123072928
2.4344070714681
2.34947852629856
2.31466968151146
2.68830870304594
3.16687974725259
4.05770305423406
3.77803608411782
3.65149922957502
3.83630456225805
3.84017761362602
4.03546159415479
3.30279823978405
2.74829042776461
2.73964440464962
2.95790405632917
3.14442083952937
3.26895334211669
4.81109312903049
3.993691968419
4.37694419789865
3.25399546151169
3.88754488478
2.69339122464718
2.96418067095638
2.73965320065455
2.73507163282321
4.32277258478153
3.39647009142458
4.16295622868097
3.10711267309278
3.42962415580357
4.71483983675668
3.96994167842081
4.44046769199896
4.32352064738053
4.09101858635222
4.67687921684956
4.52248806313401
4.43213443544483
4.49238819575658
4.55044628822562
4.65570463965929
4.49158319505704
3.95404283528543
3.4380873034172
2.676036795096
3.68858985459198
4.36220955332507
3.16641504080732
3.48054473191266
3.42799394806613
4.00878880774369
3.539113608615
4.92291844561325
3.1813755903356
3.29332401745197
2.21957371577985
2.68830432517818
2.79808030005909
3.98812404236189
4.25943607246727
3.04124252919742
3.93959332752707
4.92412886200763
4.9710740872051
4.31615986250433
4.59406779375019
