4.09593336771552
4.01883317970981
3.21202206228087
4.1633180076086
5.48005490971888
4.13455296367527
3.60853151850522
3.81183609845237
3.15248086642594
2.46869868026311
4.88701042751978
3.55070128371204
4.34393780431907
5.79363296646965
3.08289047144694
2.48450324178848
5.86871350752137
5.97891231860619
4.4234138303588
3.4550890405814
3.93088501646768
5.10728089978572
2.67229137680787
2.9446605070483
3.33055454050567
3.13074599742335
2.23141423992107
4.30436282576744
3.3241582097727
3.39371671363496
2.87840644245752
3.20501563161396
4.67001913495377
4.62735167199761
5.22672882125893
3.93041595964873
5.60683648140113
2.83701276136027
2.10780069958602
2.47827800292644
2.88517088280787
2.14519049484079
4.1331731664938
4.3025840681863
4.7104060092284
5.19847823039578
2.47414231172712
4.45327365596728
3.71827907070291
2.58831371322048
2.96518456471857
5.11858963362646
5.35547211535048
4.50594278566313
5.78492483468831
3.13885675296292
3.77428352755236
3.39897956727948
5.67595721668983
5.52962767372171
5.64743880782133
4.36133902864908
3.42354025105392
3.44085486298805
3.67599810758539
3.63175564078547
3.75345003750108
2.91709881951788
2.92668725402116
3.13822186590194
3.46445228523597
2.24698883147001
2.74430146375814
4.70478303330123
3.57234789782095
1.9638060168169
2.39858615396465
4.78991539960648
4.54649064171173
4.94857328923175
5.57995335472716
4.72096496209471
4.51345425046949
3.17530486121742
6.16865605995028
5.19080777803334
3.44027992255883
8.04999852598839
2.25964280706428
6.66811773436673
7.23134599276416
2.58072812039934
4.35466277435951
4.88968236115359
3.67544679273449
4.56967162410326
6.66061041944516
6.34788362284047
4.96198717945111
5.17279560373021
4.92814376161623
5.35959445501867
2.3280695639849
2.04239015356507
1.88196294654674
4.45596392164712
4.27843405837613
3.54372064232217
4.2386122608869
4.80686984605478
4.30848491120474
4.65122543703076
4.3598044785602
3.97052159122434
4.36377771490633
2.49980524101674
2.78042901774168
4.36031706911743
4.97192343793335
3.49842511167275
4.54178687420108
2.77342407873266
3.72979559751593
4.33958327958726
2.65572946567454
2.50761263972872
4.51848816689878
3.9887070390063
3.81019732771839
4.88473390103789
4.53401268506033
4.20185004553125
4.86436515726448
4.60722897998854
5.15986649418115
5.73298214946227
4.87660626985418
5.17755836818652
3.18108883426685
2.1159261304063
1.67975525596295
1.39456906867437
1.35435587058366
1.35579262728691
1.89786527039939
2.90360152654856
1.92778852759255
3.64506927288937
3.54855476662385
3.7455620144315
2.5841090053141
2.39375188956171
5.52639282411098
4.96464619934693
3.77609123794374
3.92591384227598
5.54525694984222
4.49385884147591
3.75910729751445
2.28077598125196
3.78342276135913
3.79836991591833
4.28160700501113
3.3837843748851
4.57263741666759
3.698068204164
3.36305624423146
2.58039506608218
4.26763095091626
5.07907174052268
4.35209099240198
4.07400733825658
4.00538791046019
3.51122290948878
3.03751671808313
2.85261181344068
6.26681186551231
1.65130416689443
1.633853358347
1.31304784798008
7.19856204630984
3.75791295014901
3.6996661461804
3.85152523358427
4.34553380693034
3.61269424679415
2.24164375579641
4.32888987726211
4.26461904422059
4.12036780058806
4.40395639061261
3.60730198414329
3.35081166729225
4.49450091077429
2.97016489450302
3.6919721629512
3.81160802754982
2.58844409393992
1.82253676443275
2.12962640984829
2.57468744763087
2.45005177729677
2.23599341663968
3.02382970684371
3.14108170046634
2.88565791515962
4.33624863288524
4.76513806766989
3.6815151389611
6.14938541957336
4.66755304242643
5.55274123805106
5.04771842560667
4.69160039031808
4.45143871761788
3.56564803626022
5.20002066595103
4.05292397336657
3.26756107048727
5.76568739515002
4.53506373547221
4.19428622842039
3.5880704175515
4.65319336467288
3.53426882406563
4.2678657538803
4.96208420736582
5.63373400565104
5.01892901099179
4.54950646663908
4.49596384280736
4.10779968904985
4.63162752077637
4.91032992853935
4.13278811230476
4.59905006774853
4.21463927059586
3.0392295760856
2.96049658966062
3.2572549194405
