3.53679679434572
2.53877872003068
3.44071329130231
2.84642980924247
3.13088718793257
2.63544000397338
3.13723259086262
3.18758342687513
3.02767590612646
4.58713315327193
4.81051702085327
4.50228370712515
4.66181847439523
5.0004533579145
4.63406682432039
3.36203562104843
2.07068026993291
2.84296005634458
1.85926238741519
2.74823498734375
2.26082498635267
2.52637241285229
2.19745092634287
2.28683273755189
2.4129846751117
2.32663001058482
2.40837420912619
2.56010301567773
2.25597622821267
3.05277698736797
2.36718549223776
1.59041054352483
1.4679998019894
1.9136153615288
1.92529469195587
2.43796292720802
2.6916087873324
3.09253262617133
1.44505841072984
1.35939910521974
2.54684602588658
2.49660301691722
3.37530622090082
2.77415376779493
2.17809504427817
1.77964949837152
2.62920200029585
2.21611294426221
2.5644676028398
1.84874035833045
2.36050318480933
2.76994421226078
2.96265251017822
3.0564487917515
2.75546137254485
2.41504674741798
2.04672560146726
2.51508497777111
2.88435030631588
2.31494725445152
3.16146250725363
2.7597242519689
3.04009242453252
3.24285729839106
2.40845203559329
2.75003014604254
2.6446452943625
1.98359357118775
2.76570393024181
2.67802944005416
2.58712857871351
2.62842384103157
2.69989254075505
2.52428588142391
2.26526179454993
2.99544539639499
2.22096358775033
1.95554539157203
2.33701248065907
2.20659315091897
2.16329396254722
2.28361873116387
2.43990225970788
2.3781550831352
1.71455109708516
3.37485624274744
2.45003985284174
2.49492768877127
2.26449049858536
2.07814691018472
2.18325277406882
2.54915542097922
3.23488527758206
2.47791869275431
2.57412655174891
2.59038657563822
2.08998563055964
2.47314759166064
2.51682203393206
2.55424990307794
2.37020032852796
3.02808897613083
3.46578900838737
3.37387916023378
3.86011117460673
3.65126516846996
1.62117771469112
3.65465459683966
3.49906439557727
3.35991690438297
2.2733785984112
2.76822768944898
2.51806682489463
2.42672729740459
2.70666823830995
2.55599030541554
2.79381952377256
2.99756625098458
2.66264637183963
2.52218825964945
2.48160649520037
2.18454197478173
2.26209588405368
2.45360084094122
2.4690732963571
1.55505695728515
2.30768630908732
2.84998129740602
2.60954794983549
2.30658459800465
1.90764786486683
1.94334639047442
2.21986823856729
2.34401114154552
2.73317720806928
2.26818465516371
2.33251133962003
2.28443397089235
2.9184679023116
2.38819282300105
2.32098096453851
2.2071073914023
2.21220657301798
2.77539102472276
2.90682586626992
2.64947967196777
3.47553248859825
3.43922296801477
2.57688302865186
3.01084453698182
2.74696256492221
3.23786139247873
2.94318430118197
3.07551501735246
2.74525857819901
2.68279912306247
3.09752990102647
2.56069645269094
2.71110813973619
2.57507868206276
2.69383484782861
2.54025539925154
2.93375504651871
1.71004725235331
3.32680766614176
2.60834902874616
2.73021910753624
2.74709187665028
2.31536985219462
2.72274624144269
2.71217381961254
3.06699022639284
2.59482344880441
2.44727509382222
2.47534776772628
2.3886919407116
2.14761333064527
2.78206194694505
2.81958548059818
2.741547871561
1.82514731747711
3.06506440251747
3.58669867805063
3.31096772403314
3.06217494673655
2.75417348390073
2.42589628018067
2.50911226772002
2.38840366721737
2.25719989275252
2.2547836588075
2.89699383801028
2.40831237821087
2.33241155486733
2.66649371011935
1.68421451868438
1.99563133139112
2.44563898192667
2.00499189613399
3.08840571310953
3.18048574357567
3.4252345967227
2.95991370688466
2.62918691553432
2.22841307690623
3.24420504664534
2.68231218364243
3.06341197118316
2.80769441658784
2.74208960877885
3.98446203195215
3.01933156167256
2.44785078688623
2.45184407711482
2.56632977777825
2.96210893811336
3.32316380468806
2.20602364628596
2.40718610328642
2.52489300145455
2.19966090021921
2.82936977006761
2.81353701829164
2.8810774162656
1.5067067765875
1.88690067597314
1.6197616813602
2.98302720411588
2.78808284102847
2.49355997978683
2.71472355099887
2.33518881658584
2.35921840026843
2.42291149992364
2.58458428533617
2.91137156572062
2.08035939724654
2.1532381794183
2.09697362451573
1.81203856642117
