5.27555504272184
2.52687883114865
2.57816993629027
1.89558512221227
2.34487247758101
2.63883984240916
2.70570217178416
3.67472426419359
2.43499821982796
1.98708969785427
3.03902363323202
3.09604482397184
3.4870495483999
3.39186112262478
2.00952550448646
2.91430425416847
3.04516597658769
3.02163423605636
2.61930904118037
2.57259208963529
2.2608032609524
2.32014074086917
2.40064940818335
3.28500942357565
1.95854319501051
2.68516969816156
2.09023396387093
3.46118111298748
3.75275947475203
3.75344154704753
2.87107892940212
2.13441061834264
2.08386239740928
2.53723532516738
3.11897537574401
3.40026846897086
3.55564248976963
2.81726681178591
2.72528090264242
2.12471154771601
1.90985997124406
1.82194099989909
2.35901209711253
2.80317079321111
3.56735606629962
5.37684462264741
2.77151276542434
4.05949659659558
2.43164130807486
3.35770772299361
3.28852439217155
2.63089182328283
2.90718898465805
2.80610746658127
2.62529555801953
3.67300464499351
3.23668890779447
2.77932976865215
2.62907957417955
4.11185104384054
3.40439852870036
3.07368094271947
3.61173216648078
2.23578504495001
2.24478414024836
2.47073969454722
2.08273569999988
2.27185290664084
2.53321261316187
2.35002510280929
2.9190615787814
3.66490861817176
4.05266767411405
3.27729728908191
2.37143658983434
2.16421632884914
2.35517664187834
2.05098034173549
2.5606857036549
3.08165116946505
2.74813829247873
2.22289652278301
2.47576018155086
2.74009181016006
2.47809033291002
2.84743396017659
3.04326075390205
2.80199351841807
2.26891792996093
2.45929831171964
2.51782978941921
2.26496556794424
2.44168882958574
3.13221182024089
2.94002921648306
3.76124955063668
3.57087268542481
3.54645378747174
3.30496486093039
3.24179088187526
4.07059822107348
2.13212059452939
2.68094190865909
2.86816015890022
2.4586839269434
2.3846384977405
2.09594557540911
1.9520426180705
2.61051840731199
3.50411228454739
4.00508012519799
3.75389244770281
3.5209430636803
4.10630597984165
2.55785507221237
2.59983000010828
2.37373704938405
2.57731623996117
2.59608803331549
2.63545554487781
2.98863992078976
2.30377315900103
2.63397838346176
1.80719218520503
3.61100250971956
3.40596830775482
2.84505820461912
2.97140402161879
2.04595596465814
2.82160912744749
3.18876877650167
2.58071611392791
3.79127908721114
2.92477189320619
2.35361938681002
2.14702960784884
1.65474274483638
2.40086723148468
2.56322959001753
2.31074036693134
1.79096049075847
2.85751610115072
2.71868311521389
2.49167806376495
2.45028908597073
2.54824382811552
2.73982741513232
3.11012604718435
2.57958079154941
2.98016898898504
2.40709093673144
2.30689522199322
2.16724996193482
2.34743724760602
3.03343596837197
2.88692072821481
3.37598741091975
2.44464413160646
2.34245044869588
3.38703706060413
3.22860291056182
2.60264705974455
3.55927561750482
3.53006707286309
3.6334292586356
2.90514644518714
2.79994785091128
2.25814970819499
2.99578946453798
2.56588237736368
2.17432638353327
3.59631653924132
3.06896512521385
3.59513994074346
2.81831786076812
2.8662489286486
3.48678629257268
3.50904744766832
3.10113867088197
3.87751811738102
2.48235431821062
2.23331708747396
2.72323885204183
1.61319310381994
2.65795961512238
2.38588296187213
2.20921189168336
2.47740730987407
3.70412324433691
2.64724167805469
2.73776663231036
3.67001132074072
2.71249552360432
2.64202206171029
2.82931571188855
2.61158361736925
2.17256454937102
2.0952604407456
2.3347028893667
2.87930770385554
4.02093180669015
3.61305237822711
2.58573315704933
2.82326582905597
2.82649622853313
3.04859077181134
2.9112398522147
3.92975321320678
3.7020939931453
3.28003846770262
2.56488410293062
1.8203469417331
1.94195284790297
2.2621387259128
3.34163775806334
3.70019528439374
2.68463656475873
2.64797059923054
2.15523751210957
2.27611254364251
2.34203594014048
2.33176409669898
2.648309280935
3.46833480599082
2.266433697033
2.52041670538247
1.88398809614706
3.84628717467664
3.40620664140685
3.34763941593944
3.46319759084387
1.30223459942742
2.67502485407992
2.655563772251
2.33870689204438
2.36305797802646
1.75762312494189
4.36727997320564
1.59501847344628
2.74700074252631
