3.74267702336302
3.995557717242
4.98857148290491
4.32915615123575
4.36075855625653
4.38090479347715
5.4176892561079
5.56871920419702
5.86659589288185
5.10484452162891
4.89064826666399
2.78663402925267
4.03656519380419
3.03486476781799
3.50190873899518
3.88998576964612
2.95524111961374
4.42653193607189
4.81279336516186
3.66759897396395
4.95471238065937
3.49542989675382
2.52585909223667
2.29151591226941
6.04260836617136
1.97130953160709
2.82656223786982
6.30060089984994
5.06346624111842
4.37635350827925
4.46375871351786
4.51492571647163
4.02811743507977
5.07832873335923
5.1653672494262
4.74447434724192
5.44299102007754
5.47579334621661
5.49684305155062
4.70915058682699
5.72879355384869
5.98618206086515
5.68309173903374
4.70746356284072
5.52734463138332
5.90906166460191
5.17697680497368
4.99475953079621
4.12334309056262
3.38482911981503
6.44034569388117
4.63617238468945
4.38785595885932
6.68896664215505
3.94640175301835
5.13067591564983
4.83146469297141
4.46446800792843
4.48939732579041
4.55646686279673
4.40902135556622
4.74520337197988
4.66246247197939
4.10738608960629
4.21881329387198
6.75396922919499
3.86530333747687
2.97721272131068
3.23289168189851
4.1918053232802
4.60330688175664
5.61380344084382
4.97613040278584
6.3071366037399
7.257230799754
4.23325875505511
5.35047262094817
5.93799527979996
6.91159149504806
7.3497317898424
6.17324156121924
6.41177174658021
5.92821895540198
4.01519860582775
7.25590374110615
5.94351239479405
7.03195188218054
3.87637227657509
4.66621196270803
4.95414498218221
4.75692369698432
4.60575643836406
3.94144330223158
2.30516447595387
4.91076064997419
3.71296735436722
3.77705739441394
4.05542225114136
3.9144924376446
5.23826044936368
3.41949193457776
5.82045180814976
6.20898253562564
4.85409687958632
3.19689916294043
5.41594242338066
4.34201466642977
1.94832367901975
6.32204691358548
4.07705606371802
6.36917724963915
4.62211057115983
4.51114601493519
4.39127171788489
4.34612923445304
4.03366916155897
4.77337590367056
4.32891999630738
6.23523792933111
5.73622206767459
5.1858500417452
5.12049498810802
4.62769512582008
4.13893441265015
4.28341909186266
4.6503476759143
5.25455599489657
4.89267264797388
3.44023422130419
3.90696710792406
3.71363845376802
5.27675336834548
4.78393885821609
4.78014710361643
3.73596086867658
3.54566863135008
4.94784366733203
4.24271837478676
2.59063480558046
2.7532229935395
5.79396336795044
5.02675269068432
4.7714301640096
4.38653120109094
4.74289271269019
4.73612267140236
4.93227843259469
4.54882481754286
5.39038448561443
4.33094090562774
4.11111953023583
3.28296497191996
3.83592474980042
5.16494551215083
5.88451688010489
3.98987200549116
3.65566350585093
7.21110323416313
3.86798948161548
4.04919647036041
4.84098851058552
6.05823162320922
4.35753429617653
6.05689768170315
3.80991909795749
3.86209384634467
3.70660184745985
4.10532569282996
4.99738103200989
6.28451086351025
3.61054363803315
3.73316628442454
3.03403697413429
3.48337171896397
4.06215785321816
3.61357382330148
4.18084557845868
4.18816490314299
4.24947855088899
4.21576427164193
4.00698937183918
4.74506898677648
5.27646826339992
3.41584893807054
3.18901507581801
3.7508283991983
3.56489337794632
4.80362937922423
5.98693794754167
5.16418912445028
5.19828626565123
3.60845196483996
6.12589743597772
3.48278231608268
5.03517286262062
5.5746527575081
5.58735612268874
5.34298809944966
4.77153849183896
6.5425569577777
5.70626706632732
5.6207540584307
4.04616511422655
4.59620180163046
3.64551860329237
2.69898970341021
6.07152585135484
5.2618733004575
3.98128026613131
4.40539945422019
4.14203854456822
5.50912681727017
4.80663975809062
3.8594165823844
4.71506423537929
4.2405154142892
4.04553082272317
3.76029070898797
4.00230517105366
5.78521401488389
4.29354017919708
4.57580101489039
3.12038288869844
4.06064447675626
4.21342651787009
4.04306931103375
5.2209591114117
5.64468783416599
3.40381672556326
4.60573950818918
4.17349537312231
3.54222704739488
4.93053133225188
5.3244097633113
5.60231504168481
5.41844916388512
4.64558713043228
4.33468037121425
4.98954881005416
5.33425627997572
