4.3761950415416
3.89727825735715
4.32481027691644
3.22512710186899
4.11673114029006
4.387881687757
5.06830141871087
4.92800070061103
5.29639544798747
5.22556843138055
3.35830742950181
2.79194466615979
3.9083460530727
3.75352878621732
4.6683833828569
5.09524308390921
3.5334586055391
3.65012724852018
3.35948519167256
3.80376223068603
3.54120751017623
3.91822307227079
4.84788776033285
4.39547612455401
3.46150193087253
3.23566766412425
4.44424348281193
4.70116271109558
4.17815808377467
4.17063580850929
4.15389432410568
3.5625549175483
4.27709167661935
4.68106070837796
3.56456565649107
4.86804882089466
3.97940447020203
4.30656278996587
3.89548456092056
4.71867548222625
5.54010213552945
3.51391518290905
3.20810608508202
3.75438907172668
3.80206364102798
5.38061176555368
4.41634510958704
3.79969904670241
3.69272033443019
4.92238752116725
3.89106826382965
3.78653027947336
3.80205564891264
3.70662599275323
4.54528863667014
3.58658170359644
3.74137304615664
3.50538541362124
2.78285334487215
3.29520675022856
3.82574093662903
3.69709048322172
3.58899334589024
3.51341301049559
4.19224719261
4.97444220229081
4.38979399243255
6.64279094517116
6.06104492202779
6.0464270840623
4.69007737275591
4.77783813786139
5.27803731749212
5.01141341635915
4.24154038821166
3.6032275887238
4.80318025676852
3.42166697504317
4.05858206833099
4.20946686727247
4.06262979859734
5.0666166783149
4.76637808623041
3.10744210070247
2.97549680590878
2.60276852290891
2.84779656518098
3.84490326807984
3.60391551874273
4.4777098206214
3.84144133403061
3.65072073333503
3.66920781821434
2.79896276338448
3.25025801956859
3.11883852710527
3.18159053276834
2.71583154320327
2.31226057549412
2.39638680628906
1.60172658403809
6.52437591496329
3.70536621620292
3.42656732532916
3.98158815219787
3.2044054125042
4.06621196312308
3.90673893635354
4.08356347050111
3.79562022628369
4.59923429506006
3.65693631626772
3.38044134525689
4.07603539196417
2.93029438374207
4.02667725907964
3.70075236322766
4.37823246196317
4.34371533254567
3.70141092548886
3.82783543861725
3.71439764805774
3.68632374181552
3.7493374723862
3.16745750223427
3.29172437421595
4.89707128859674
4.41476824104404
3.00190446449061
3.69724641197709
4.13747207558976
3.29957196760549
2.84735239357185
2.57322967950683
2.7250970416213
3.48437890321711
5.67685184865022
4.92549881488099
4.59754629535615
4.55467454610282
4.50855165353964
3.75562102912913
2.7003345065394
3.39139580769628
3.37851383160963
3.97258981639683
3.81311122088358
3.63989004253074
3.58851185135595
4.40683588050081
5.83106577526553
5.18717377530186
3.73963833309525
3.39527778398101
3.81075123890641
4.71017616133348
4.409624435782
3.19161295565202
3.60720769631314
2.88497483057405
3.81500304935003
4.44996639663523
5.56004789887166
4.84651075951925
4.66257860052677
3.93773629887968
5.09735307332125
4.99684713363645
4.16265189789233
2.71268034355712
2.59037890543678
3.33423679254466
2.6226593722249
4.70694820979046
3.78211274705479
3.81117326941839
3.13347055950084
4.52479758347267
3.60478788195992
4.02142274407206
4.69140690825416
4.50047452729388
4.28402037248208
3.19715109743785
3.09816037898742
3.11479331290352
3.0604099791311
3.01565736583506
3.18133551166465
2.86696236259376
3.28199287139752
3.06073699015134
3.71453862469241
4.07424089936137
4.31886691338911
3.95437063730624
4.025838735861
4.20879376248759
1.56458872265485
2.46369770762813
2.63208402774599
3.10723509716459
3.62659122778691
4.1679285013362
3.46803991935696
4.03505213159617
3.46189335656516
3.46556389545751
3.96796243607102
3.70805818298923
3.88639726620259
3.84258304480555
4.05895472727807
2.2327191995477
3.46683677446852
3.25369247629131
3.77307610639004
3.3012131181806
4.21000310899698
5.19756008898847
3.45003844313331
3.19887129732814
4.26822199489397
4.68204408277721
3.55401617473886
3.12714726713179
3.85941442104681
3.86401808636888
3.85060713467672
5.08870241657833
5.05971389829184
3.10617743718441
2.86537139625754
3.56447658168748
4.9077362637592
5.36603764675633
4.49917463770212
4.65457622810151
3.115935975435
2.86396342304609
