4.55039935403144
4.6186365003941
4.12261097641848
5.11818668894656
5.45247091728852
4.42013247062484
4.12411677076513
4.02318910726378
4.35176707322741
4.5765032161636
4.09608825368715
4.10058360977144
3.83965036296634
3.3219079885201
3.31282109918348
4.07402116834287
5.07158941245739
3.26301239972104
3.40922936593283
3.20949333320232
3.47074167542951
3.37645597292336
3.25652622779568
3.41161867083425
3.3448886307087
2.25376331722826
2.89629963748619
5.24204828363499
4.70104565570718
3.58630120620719
3.2727988538113
3.76366169404265
4.26608438466595
3.84807711396212
3.30972968789797
3.4703691645323
3.7627188757163
4.18011706832142
5.42240019279809
4.81096242831366
5.3444315381155
5.36545162688644
4.69577951651865
5.07993904190937
4.78645734784061
4.92878405113572
4.95758355407723
4.57483049015262
3.35264413569801
5.51543576429213
4.10079785734961
3.18225936564591
3.10266938173186
3.15513666347396
3.14799128419189
2.61115235522677
2.88411542274346
4.76783058665981
4.71173950962299
4.60135896786202
4.25937388748246
4.22787061541071
4.48141554019143
4.44980324890939
5.12645680782505
4.53344810821869
4.28643846252731
4.36097610715575
4.30236758626565
5.5023142468141
5.02413182678886
4.96716094215999
4.40098914749587
3.7469917807136
3.12722072894658
3.63448754330138
3.43190965984139
2.99437543008514
3.04157498203256
3.30585557173253
3.57626991178148
2.96298707429945
2.82239962336301
3.12723502610934
3.13450094145175
4.21083615832415
5.83706738339766
5.17135125792484
4.96377677398633
4.37320670128212
4.6683305820112
3.75187029751361
4.17293364007813
3.98834066265905
3.28242215182911
2.58846818009757
2.87579628784575
2.93166429562715
2.85045482096969
2.83460240456983
3.23283045897036
2.6629649896727
3.04386095447401
3.63206388592655
5.00435103173312
5.39942271332201
3.79942033416536
5.14451823719768
3.77159707351578
5.16786612254558
3.83330923329098
3.98135715034781
4.02431371009248
3.94367145995439
2.80590755973772
2.61875907121988
2.36094618518667
2.33255678635226
3.21991869188981
3.89490575097637
3.51935122920767
3.59562308122039
3.25207735751391
5.36960886660136
3.51610062813869
2.99385947322409
3.25890455868031
3.07752477850701
3.19418056148486
1.35451258884193
3.0235135132393
3.10435259058526
3.15044020460028
3.32554957428056
2.89590791770298
3.53617433709133
2.72615807956686
2.89219400735307
2.54431612490866
3.62096711993238
3.67167709019095
3.79784142501712
3.57184912493513
2.5800729062973
2.48485286398097
2.91156461904781
3.37117045628862
3.66686568199681
3.13195200423984
3.17437708304538
4.26158591007156
3.76464856100167
4.60619041706334
3.36851231857101
3.58882625318031
4.4345351120324
3.77540942254466
3.72457977916104
4.01915613814247
3.73628875748498
3.31470196689722
3.78466079286543
3.89960914279484
3.78654099476674
2.83344491590605
2.84253344499413
2.98255142312425
4.38115852860662
4.39997862101376
3.99984807343065
3.86675786374911
4.41778787140578
4.00087328419334
4.02687195573246
3.13300443977362
3.27051587520412
3.82506359439588
3.89141881576021
4.86277264928496
4.13703107214909
3.60541970009644
3.64851228832824
3.31090195677747
2.47777140760366
2.81083145277637
2.65447594929549
3.14328446757111
3.75409015264071
3.69205034793488
3.98704099738173
3.59988025906744
4.00661369672937
4.0428136883226
3.68240304489112
3.28316427406347
3.07324430358088
3.1973093250995
2.56213086482561
2.60582993839438
3.53470060702915
3.00905985812227
2.90993185241622
3.18366862665138
3.12013332982755
2.91944799776397
2.28114924690894
2.87926484522617
4.0244421606811
3.64573952340729
3.73548597265265
5.49203382134667
3.05264651567458
4.21256184937435
3.0000665824488
3.03760795840996
2.69714108655232
3.44856576465572
2.41794649029653
4.73953061708818
5.26653625415276
4.51261830881439
4.15740694098375
2.31520059837229
2.72294932493687
4.05572341057537
2.96027408554984
2.97073551493518
2.18531126615412
3.45964804665868
3.62602306897028
3.56389054428945
3.59291657252396
5.09505727257916
4.06890337424689
4.00440104647371
4.12662978788588
3.87620835650463
4.48140873752285
3.75711531671802
4.28917118129427
