0.424658383681955
2.5764922614841
3.63773374293728
3.95250102718929
5.03819489087546
4.56412999266395
4.38433955032015
3.41722406381378
3.44249848855947
3.43784899099086
5.1164464104879
4.81309373369024
4.65382621781484
4.84135161963807
5.37711497507573
3.87506286026494
4.38511071465493
4.52827930934311
3.51819736295895
5.33235619375066
4.97903342701127
4.52185550488164
4.38962375295912
4.40703634794433
4.04035596883316
4.2607159484962
5.16580579670538
4.7786363727266
4.72700461343337
5.05734319551176
4.76862671258188
4.61857870072567
4.29724427198618
4.27435956289086
4.12694971215937
5.8609170602707
5.41960519587322
4.7568390205807
3.44256324158424
4.09922946966627
5.81746746576765
6.73908172941492
4.51123775330098
5.39409388390095
5.25953577452322
4.89314686241187
4.36948658702159
5.05397547864551
4.09179893032843
5.70106378932679
5.5234509681877
4.34137792359705
3.86542249876945
4.09811838887417
4.17467503653624
3.31861292116878
4.88092761638177
3.26100315072177
4.78761899250162
4.41042869829176
5.74243846780223
5.73949449055431
4.63283452093169
3.99323084571687
4.39144030794686
4.4021825242847
5.26135199722497
5.52331728321163
5.05050249323843
4.93899365440605
5.27632422578184
3.89443141054956
5.07393465076033
5.509610391468
5.2990444918409
5.55947703830984
4.34611111423086
4.22441984536212
5.12869067965161
4.78278821046687
4.00842291972029
5.8372131951003
3.97705652255925
3.00834845246106
3.73270877343864
5.20671991352906
4.73979019840231
4.56560914700674
4.9985217734598
4.83305744186626
4.34412154520513
4.98475401145313
5.83367173035877
4.92344374430614
5.50351163690407
5.94501815789725
5.96075172569437
4.51981257863758
5.57203294478767
4.94179738594629
4.40953024805002
4.34899576669229
4.61136161032734
4.34497294956488
4.66072859856901
4.79103237071065
4.82146243850691
4.72166120784555
4.83921510689282
5.14653940135935
3.93906525168695
5.18964894181244
3.5426594784496
5.1487500674104
5.32033747612042
4.83063698573592
4.76711955165549
4.20310436630494
4.6926201877544
4.13277219770348
4.09018242487541
4.16370003292707
5.11984467314927
4.97228630580378
5.32875357219459
5.09256220824199
4.83731170922167
4.7859407521005
4.67848652020153
4.68907929515523
5.57329653105287
4.53607291583491
4.09714470583856
4.93830138781984
3.33451858317338
3.22256810464314
3.05501384022064
4.55482568372391
4.22907870555646
4.51391339681897
4.73582997646038
4.39058478183899
3.53452063498873
4.87567546179373
4.53112454300601
4.0583335366115
4.45262356475145
4.060591700954
4.32630003476665
3.93554026493952
4.09633007486431
3.73624996821476
4.57157686146988
5.06036361054598
5.1331560979287
5.22345459102818
3.67640841762317
4.07971404921976
4.64391242049097
5.39011098991542
5.49292435252501
5.1494612741385
4.01896543068036
5.42446240469038
4.92025323084712
6.2363524470044
5.95045755063497
5.13341466373487
5.14659674958466
3.94292459797498
3.59093668963391
4.04798257732681
4.29480904807885
4.1517481087092
3.85782382128199
3.96934838203049
4.76356701582671
4.31339613107922
4.5251486791091
4.39813970362562
4.00173638825302
3.3105715668117
5.17868208105498
4.65899713908144
4.93457555177444
5.08258803718018
4.8597249339171
4.31540819719763
4.16305584783063
4.40678877752603
6.08207507434204
3.58172277596682
4.52081300528169
4.24964766968107
4.16466761073163
3.27588920482038
3.37263954582715
4.1005863478703
5.25386633084319
5.57644411421544
5.12286859297357
5.03081262030802
5.06203159562475
4.68994256061627
4.32650370988188
4.78533224364819
4.92555354325178
4.4618643673517
4.65408891864738
4.70796399569756
5.18575045845157
5.12795203398815
5.22988321831835
5.48615825422493
6.14034262732056
5.04047422588832
3.96442073214689
4.00003625828663
5.44632580740267
4.86528139299606
5.63279069744875
4.69833355274876
4.49208174553857
4.57372621261672
4.48285307317198
4.61677770959582
2.67468221336972
3.36200343668829
4.26286543850224
3.9459975812621
4.5798506177449
4.85807516140216
4.58775318403263
5.71212293396005
4.9705749075138
4.93943310395538
4.19430828892349
5.24616848434047
5.26466793741275
5.6484164937304
