3.98849894936311
2.57068891147653
1.14106542919332
1.83952045012865
1.88639226454965
1.80485437529393
2.30063744095874
1.61434045780239
2.18841144803669
2.12751261808267
1.76505406056793
1.95546992724092
2.47330787028448
2.43694800336007
1.61030087186327
1.81203167615923
2.21664930873712
1.91183745337796
1.9998197326265
2.61351149237132
0.755091774841997
1.61913638868109
2.25139413186838
1.7607460235383
1.88258515224452
2.48981269075507
3.6068234234021
2.43716360326381
2.10603742202777
1.91321946468677
1.36844718371207
1.65872433564731
2.96039870158473
2.92109619220822
1.98759040144529
2.07289909572598
1.83693942708221
1.86051942346018
1.56358079324679
1.55492169763548
1.69882754728013
2.13986702471722
2.09710109910398
1.53392828746169
1.77247962566494
2.83747968894427
2.85222047406247
2.39005135496488
1.70500065258833
1.3591929802809
2.12810416812578
1.8717352552837
2.03529247347387
1.86114264682354
2.05401488703163
2.41027031171995
2.43020310349761
1.93792658431825
1.84102895848822
1.74090200282541
2.0534648098295
2.65891295787214
2.07896550472297
2.16500540800343
1.42539517345862
1.75249278921719
1.96888933295635
1.95723866171023
2.03681909109549
2.23746676803163
1.9791863950368
1.31344688480534
1.45702655081671
1.23602314814385
1.6000725492781
1.68505109654335
1.93760032806141
2.077157879654
2.3318722566846
2.04795137236714
2.14040595478586
1.87743552974537
1.54715695887479
1.85139809459123
1.69856268944673
1.60722658322201
2.30843577790328
1.40312048084263
2.5910083613198
1.53367098148867
2.18575360141723
2.64480554261453
1.92127013358475
1.61216821035152
1.89954875807991
1.87804016683032
1.39201038542916
1.59941671171025
1.60754529514149
1.39747956833471
2.56885198855895
1.77617634905625
3.07711800554112
1.66193441091291
2.07978434793768
2.05776882125584
1.82589228870866
1.61757598265557
2.24450894033088
2.02874580546969
1.89854608705986
2.16775588856971
2.3843842480712
2.17057492356297
1.85435147542056
1.57299143380526
1.72429393048637
1.59498518715121
1.55539902575096
2.21720132348707
1.59060436446785
2.72312437047268
1.73912605939979
1.94867561955925
1.69630486043673
1.4184282553024
1.79200158848058
2.06500496224131
1.83817549077845
2.08479181219106
1.91111221358394
1.62726769811978
2.12394336454143
1.61326583701649
1.48275377228052
1.48270454091349
2.17502848221329
1.81478744754609
1.88506379901259
1.33040761849719
2.3195929149619
2.21172282560605
2.59207020043272
1.70705095906618
1.20154655745979
1.92292877075057
2.23574633219074
2.41832954327063
2.39591504757915
2.28790638156536
1.46548234795779
2.39006929653111
2.12262155284388
2.48211881294738
2.37502162912752
0.938174436999867
2.14802395893776
1.58300329341137
2.170629709457
2.50380440104641
2.56199711888916
1.06354491968892
1.37317822935698
1.48692547722962
1.76573762968959
1.99441778375736
2.13230772859506
2.2284794806791
1.71047486535362
1.7219833669541
2.07182892045528
1.935540882466
1.63241437463588
1.90177612570978
1.76061156583883
1.83287587115474
1.68720618930427
2.56186596713772
2.36778290141186
1.35878482821151
1.33007473905325
1.86585226596087
2.38107350701023
1.64661803920232
1.61414273644948
1.46921613202962
1.56342413840966
2.74318451744302
2.1213162167552
2.71080199037141
2.93513161346763
1.79273062753428
1.95462460098821
2.05550334104976
2.0058690786771
1.55817048385525
2.0797754304205
2.15076392672033
1.63568907625369
2.08934675132251
1.49741690674192
1.85749019704155
1.99425779817021
1.50790450623828
1.89246766554071
1.72323913320719
1.75015407515329
2.0040792563526
1.63905874912416
1.92959297208836
1.88223876576353
2.22434584228763
1.29452205826496
1.37346011421201
1.38919513693569
2.09551482901466
1.76674442161195
1.86911100456895
1.43518285163192
1.61279688386878
1.73939267801611
2.21891173208439
1.9501958810755
1.73149943891106
1.79341496928533
1.29316767697919
1.38719197150085
1.36759537944556
1.43350653332797
1.41085750566938
1.60576066611477
1.65742853160213
1.25478495058923
2.00602426898986
2.12085994450965
1.96221991488535
1.91865223552857
2.35949708344754
1.96181663394256
2.04455010811916
