1.99192217372984
3.98898943940803
3.92871073872915
4.82411086379921
5.89683808393216
2.75048467337524
1.42324986553417
1.88182160596029
4.98699889084555
5.03806486455907
3.27000789866035
2.65178502699676
2.92665114835221
4.10762140060517
3.94005785087985
4.19160256836521
3.68690108221499
4.24595418665795
3.77692995792662
4.38959331171995
4.33160059959104
4.01871888408953
3.88923077469261
3.96582919077517
3.72438499887974
3.79477481040639
4.27843817046371
2.63962003404734
2.55572192978573
2.15742287090437
2.39641451141255
2.852530898888
3.78003538668935
4.6162371806692
4.61146559276466
4.57780245634575
5.37997020677511
5.47515334876254
4.74868982633711
3.45734988436182
4.2531728195407
2.97282053720285
3.07194574081137
4.00340573521513
3.25458890813249
3.63456010764732
2.84126403797865
2.80604442966511
2.41818256968041
2.3351509400839
2.20010756349285
2.79542866119024
2.49618911745798
3.36693504743161
3.772345425206
4.07569938816013
4.76878921629794
4.59666565584925
3.13479297806484
4.41315358787674
3.94343312647092
2.13397912260118
2.09576210468453
1.79392705372189
2.48713363547464
2.30483732119788
3.25201516339097
2.77685827504767
4.53156679751275
4.54884073859004
2.74543111514224
2.20687177287338
2.183241838
2.33965017847739
1.61279442753336
1.58306182041009
3.77283420740285
4.09059971850955
2.68035342357826
2.43963270028826
2.71961901841084
3.85567144177649
3.82489945379812
2.87645185733229
3.27319934027284
4.07853054424236
3.21532434347505
3.35892378404463
5.49847010295296
5.09530843595506
3.8510663455577
3.8234426432514
4.35462732304124
4.26472827728267
4.3485166507697
5.0863347149378
4.74014547215014
4.99470065794124
6.22945661019563
3.46316110171407
5.77460471788451
3.11174949552893
3.43215150699092
3.47938555195243
3.9207237372475
3.43006175205131
3.08733082244193
2.73952519062926
3.54173876119797
3.39370000975226
2.6399507859994
2.76851048198643
2.85833326372432
3.50498119092135
3.06605762131151
3.16642438954325
3.98364086038084
3.35912218139158
5.3013088545634
3.93118015358807
3.30972881856026
2.3384591668757
4.45009269955627
3.26229005231581
2.54684458411358
3.43310870434217
3.82386556847882
3.07126837245118
2.87806206683558
4.42153628657502
2.67146730584022
4.04718703146022
4.96678797316667
4.024213625505
2.96117853318843
3.2098953140473
3.742011590725
2.12631815658342
2.32156573777628
6.03881683881936
5.3506844080871
3.29768578334507
3.58686188376387
2.94790254720365
2.93786494155293
3.04016991472681
2.90381627903198
3.64601344923943
2.98725174629584
4.13059592788562
3.45506436826184
3.28883996309235
2.9741481638652
3.19330389407917
5.08931364800304
4.98654570087313
3.66136325878545
2.7150008685155
2.46691649222066
2.53637542439689
2.32990023520418
2.16603925897382
1.54475127096547
2.65696035005077
4.13455384043901
3.61761136115785
3.7149100509177
4.66837055708124
3.84957722953363
4.2904740125577
3.94179152983083
4.61603906446735
3.37765554407279
3.40199562556709
3.3625826621006
3.37739169059531
3.76050360703197
4.70926061707836
4.7832192213716
4.68260387177337
5.22043060017993
4.07461235923936
2.90746021301884
2.64348164744142
2.62115732321658
2.86452523313605
2.35872573845231
3.76399495430461
3.484039231913
4.05268658663112
3.72027523760205
2.45639891773914
4.41100388709908
3.53162035895964
5.18376099001022
5.21955659253925
5.28260764027417
5.18450732635736
4.14340786975279
3.9220262809138
2.68175306184619
3.66120039359137
2.42171569414839
6.16461765630036
6.65565351959183
5.14081519985437
4.03069280743464
3.79610229240701
3.58323272126256
3.10843182076262
3.12001091707991
4.79082123889149
3.91037540796382
4.645769223975
4.90252716786599
4.86972522310352
4.72740581176097
2.59197883233021
6.53087190761523
6.43999943360047
2.69689810409832
3.29302848124567
2.81219812472414
2.90228138807293
3.31632106146045
4.1436138781739
4.18773216951308
3.02628943474633
3.06358539743019
4.2158019310948
3.34564884919507
3.47554911095483
2.93709171905665
4.61564839181973
3.59260532509087
3.62415572060591
3.40149646882092
3.72370272887215
4.47577048943653
4.79851213362133
