5.86361710499787
0.386080359650596
1.35386092056136
3.03013188532402
1.64811563645564
1.70140733471535
2.18984040554258
2.54908038938063
1.92438187020771
1.52687475587086
2.75883399283886
2.11969271628002
2.22840009210447
1.86363068134356
2.42506843506714
2.08044830304714
3.09073936534258
2.26327689331171
2.00262898626317
1.83473204794331
2.16551870173766
3.21078164801924
3.2146965723577
2.41969364481969
2.4669368175882
2.72475847631119
2.76009933260627
3.61471636529438
1.90446049656145
1.95210148749299
2.51788160373814
2.78545539745651
2.12495376647436
1.73077598340037
2.2087256269667
2.49791737317962
2.62223796334875
2.17734304371115
2.27168527721323
2.13378886083971
1.50152153167062
2.26778711472081
2.06720291015806
2.13134430686757
1.89402102393236
2.10052800898996
1.45370852689815
2.33789946021137
2.10370013477483
3.78157235085342
2.74523342688877
2.15495945428807
2.04956685118785
2.27171601377873
2.39082289856947
2.11366321170267
2.26064507733595
1.39116612519633
0.903443613948894
2.55161029698573
2.84184617896859
4.36704374094516
3.97929424392919
3.29360332241467
2.59870187673128
2.49917823887608
2.66464998918763
2.67833974611042
3.74623588629847
2.01755060318972
2.21214091908865
2.86901566992978
1.72811344686429
2.35990711861754
3.4843012768356
6.12792804870288
1.98379153605084
1.66365990897882
2.34694265961263
1.96136920637973
1.85211153949975
2.3539927264315
1.6916537544258
1.83964684658546
1.70606892988479
2.04533138723964
1.68982896899724
5.81366625222247
4.63409171559717
3.27462614401113
4.07183952051084
4.75562465312767
6.15160839795049
3.24024652994498
2.26845106181949
2.30376500056385
1.91923999376677
1.12099177740409
1.19201318544595
1.24370309269655
2.52628809098753
2.49881276885647
3.39894292110957
3.3689532973141
3.65778876385797
3.98264217416647
2.07209818617331
1.92453853985098
2.03473202839802
3.25783118435325
2.46594184202581
1.92653916382326
1.97402493537366
2.09800225180188
2.09689340564037
2.48694531327993
1.98180936965438
2.08974360394782
1.87779453921704
1.91271027352275
1.78497288027538
2.09043395162813
1.77744027871227
1.37242241382188
1.60823389464357
1.64947171934994
2.05575666443558
1.62577651994575
1.67787165902231
1.85423145823954
1.92981733096966
2.09646044843554
2.45836076020933
1.82831663576155
2.0102077647954
2.44587634162696
2.32592002818029
1.93014959870628
1.71656844272068
1.89717199201607
2.66764170133219
2.81303820122674
1.56282088734851
2.41143000780908
2.32358448730241
2.45404829069336
2.15565321998035
2.12657553665918
1.62197361636854
1.63641115773417
1.51760102315953
1.59872441936959
2.78956771525073
2.66009507118243
2.22775856782946
2.59835834917873
2.16063991643126
1.96470941475049
2.4733665331928
1.80336599104632
1.84172669767437
1.82742074892891
1.93224962881759
2.45276760658359
1.6891288475517
1.27648708657348
2.66443153385217
2.56400298470189
1.58728684058445
1.93552456014467
2.13825784122273
1.53292391951355
1.5559748181996
2.28293177102851
1.90355260613533
1.96369101097035
1.52586129058903
1.93798842145717
1.73739230637094
2.34836519688073
3.07539678231083
1.33591711759769
2.11649269007318
1.68517128460482
2.13732766700929
1.99245053172132
1.69203364212086
1.96939407210817
1.96723079981689
1.6519987192431
1.68131690461496
1.78213068692321
2.10142568761653
1.32741168634865
1.0945312915753
1.66687081896638
2.03847262778257
3.47395318330203
2.80691668826748
2.08757300272246
2.33490331906487
1.79604020957738
1.84846265486169
2.15268880022603
1.97618237217801
1.80434484310258
1.54077736778612
1.28054599812632
1.68945925239852
2.32595647364508
3.35906069279485
3.7466086792782
1.47620442239792
2.81329233022631
2.1901559080951
1.72309925527625
2.0750974815277
2.21143685959076
2.11937699213421
1.39909553050531
2.76287982525744
2.72199668322198
2.46804761107812
1.64720101667369
2.07712240277347
2.05405084863561
1.99719095025468
3.55329529499327
3.83813693979275
2.65925394102326
3.69465958011662
3.60611163077643
3.01044008832192
2.54506454195595
2.96738802267006
4.28395059993321
2.61706635629465
1.47348684011301
1.71079045566073
1.8296191222296
