1.13444410338228
3.16144880566189
3.22644315294364
3.5692616821546
4.0508003657963
4.43596271558663
3.25823896325192
3.22899316995065
4.70610225276311
5.21077620939384
5.43459213527883
4.56311454847083
3.72994944164157
2.64297607743222
2.17854410219078
3.21855134000142
2.94422489446659
3.23526636459936
4.26008671038939
3.75562043284221
4.36980630416035
3.28630259777962
1.68030230582776
2.02727684126252
3.51876644689105
4.72624845236056
3.85713796262955
3.58136079321405
3.4969126614814
4.83589510620361
3.85761075073292
3.90972449888846
3.21218310787713
3.45858489749228
2.90895002502223
1.93687211050858
3.24525434103773
3.95796737060235
4.21370068455915
3.44328116190489
2.98557418056633
3.40427456780206
2.51566351103589
2.73179487883472
2.27297611292373
0.982283347062356
3.34100169255777
2.70938105424081
2.80775784270704
3.95641360141203
4.81895256452044
4.04128659739872
3.79341306667556
5.04876170502305
2.749991871503
1.42222104810007
2.27655065620551
2.47863118193312
2.70927673747031
2.34869848982083
2.36722813192377
2.51948270126799
2.19916499554662
1.85807093026524
5.02902570615621
3.54339270048814
5.72832658595444
3.20454977720083
3.36994421237187
4.25617464355813
3.47354441784235
3.70093596350315
3.30882305009726
3.40273879990417
3.66850179350326
2.83192794826204
5.92710694633747
5.12477607475916
4.06088515272041
3.93146567925488
6.40198881731977
5.72748807485823
4.89470228789217
3.16059171082388
2.93178412353296
6.59335164295185
5.54312568984602
4.14666354411889
2.54512634919696
3.42500671366257
3.59475823951912
3.99248590966714
5.07621689461199
4.34783996925263
4.53015839123253
2.82663999951513
3.7471379817059
3.53364975029283
2.93681741266874
3.28083846711916
1.67698589100836
1.62412280595108
1.66920560883536
3.74193889886319
4.47125213692143
4.67331425252815
5.1914367742229
2.84168348334243
2.10584603076314
2.16899514888979
4.35930100781795
2.68115905532566
5.74029976839631
5.44454331644144
2.54834053706642
2.53722858423631
3.38927627628933
6.21541544370617
4.25350811636953
3.5865623091994
3.27263767748288
4.47992880233711
4.84607983745221
3.83048505095351
3.18658032353554
3.54732574103538
3.65168383697535
3.58290320729657
2.76305758961051
3.10066241685807
4.53134842085227
3.65967022309586
3.12519184880464
2.96611310226829
3.18950546464391
3.28965893459015
3.59905761305369
3.80326701851688
3.7859117073532
4.24155892492866
4.37396017476579
4.11965645678004
3.78402031977523
3.8984880505209
3.55172668898454
2.38543161319545
1.97820757779438
2.40035781108449
3.24701206090535
4.52367314838585
2.73173913991253
5.19000668366158
3.93590445449634
2.84773039311229
3.01414286680443
3.43835801128222
3.54128857658286
4.97819355412428
3.62013794516439
3.13389527413288
5.16228787682245
3.42951970861519
2.74903875419767
2.68935921147792
4.75824218862191
2.98373609375641
3.49850185089245
3.76950364359964
3.89145093257849
3.64675024603803
3.29601680194338
3.84810695271318
2.23481344185148
4.77510562478875
4.9538471408685
4.30943636629109
3.83732132958451
2.78874398740211
1.9514057768529
1.78087351633978
1.7896000920524
0.450436285804159
5.45948524690712
3.26169745368617
3.37522024266156
4.19373378109865
4.93554143978961
3.11341776744209
3.21900867614142
2.32175539284191
3.34618386150516
2.12260993920315
3.02065922964086
3.14609030998964
5.63538408847213
5.04955248217717
4.57276631146353
2.91844726535655
2.8568963370768
4.43841725733429
3.46828448638618
3.55987876333594
3.32059842942364
3.3840286410888
3.37257921398752
2.11481102038548
3.94481372082979
3.26440314509225
4.90751035304991
4.78832985663668
4.04947634301654
3.63080847756511
3.36738469850989
4.13251607220663
3.50398929284929
2.65419094928701
2.42940932214601
2.20248614252025
1.6857617269934
4.07842324028843
3.04467058592248
3.3599367918517
3.04531365358121
3.06926399334184
2.91206097421087
2.7852352355802
3.99646438762634
3.18996867967858
3.42045093431408
2.21955889171235
4.4518525081683
4.64547912897505
3.30181516434229
3.93327578570724
4.70976736623824
4.02195083471038
3.59326787460618
3.34859090978303
4.49838707530894
2.80729111870774
