6.19409761594881
6.3479247671745
5.45737344348145
5.1500972102396
4.88018496898494
4.96410688763044
5.14747937136839
5.04986937915162
5.52071284794436
4.3076483310137
4.18487234155964
3.56893034207951
4.24297467501219
4.7495065654939
4.52814344585589
4.99435371003249
4.91009457857483
4.64445743459412
6.78508888628396
5.34622113524067
6.81084827171701
5.68999609468567
5.57963737590301
5.42173688157697
5.25251880937491
5.23462938370255
5.04893029093052
5.21289419777934
4.30206148829349
5.25440912684464
5.35029725581445
3.91779218697958
5.27969493893944
4.67194355337073
4.85158707119649
4.71598707419328
4.82714262139491
4.52791239740766
5.21803674717509
3.84835744827589
4.53918879559833
4.69542835749476
4.72457613765662
4.86798535063779
4.98794145472264
5.24001999041514
4.89733736804203
5.33683471875713
4.49989202321024
3.99142557738153
4.7010322566928
4.92928423995583
4.86724953471851
5.09008203194119
5.17869572973453
5.36647986740856
4.41006695257909
6.04957937335156
4.9576925740347
4.84503861371948
4.65910629762999
3.74609651998995
4.06483915937512
5.45666932431428
5.09253511042713
4.99444976100145
5.15257021769841
4.8535461393702
5.01851388321609
4.2450520866364
4.53473868553027
4.37463531944331
5.04848073349065
4.50272340920671
4.15662135061435
5.28927885059825
5.20853773147504
4.69538634389021
4.57632979496696
5.16224177998804
5.31744295803212
4.0576819158304
4.46061835113498
5.89087011573421
5.80367603573533
4.20272433712664
5.41119153528119
5.45334574590082
3.53669685612298
3.26459015225327
3.74386766160151
5.21255661543994
4.38797903222125
6.16048663308239
5.20270803560473
5.47401468428555
5.39201135920502
5.41414820389963
5.37304421221979
5.14463592569809
4.7265196054497
5.1305038727143
4.93123438396799
3.93985531806322
5.29132573494064
5.25921840361627
4.50767646731185
4.64424502395636
4.2404589120664
4.99572896152846
5.21843730114188
5.24980669423146
3.74293759838817
4.07824908904776
4.87923447336469
5.51035730920354
4.87759900134055
4.72890227718972
5.06067274383031
5.07788092654892
5.6518292018468
5.11805121485159
5.17264432897687
4.6698992868875
4.55004785599967
4.92896028767002
4.79500557697158
5.46067725476588
4.00898470339145
5.58425882895338
4.71777363611989
4.66180346241516
5.1064844567917
5.1865920628078
3.65350591420421
5.04245267409302
5.05644890592836
4.55540952449765
4.64886124935102
4.90356851499628
5.08687286277555
3.64121787914328
3.58521164509037
5.89022286217525
3.75266310414165
3.93948056576639
3.93528861068055
4.25376583943009
5.25383156100154
5.62460525734216
4.4769473586218
4.64363807374477
4.82635914277642
4.7239056262565
4.59200971903328
4.74685116140726
6.06411546404096
4.89483333407524
5.61331627825829
5.69548446005587
4.8527941006946
5.63702450709069
4.79010407711442
5.64492960498731
5.40290556886296
5.36094282965972
6.27919864075123
6.87097824704893
5.36779157598563
5.39540099087231
5.59656941745902
5.91767467126979
4.72666277338035
3.8919820377811
5.92913817161288
4.45679632978791
4.98866409095281
5.02575721247001
5.09949875559931
5.29892883479868
6.68551604759221
5.52655883908545
4.73066889103367
4.94926664984501
4.42980009742729
4.24512790128633
4.34703041410998
4.23891289594167
5.38792182414274
5.33730069829564
3.99294046628578
4.49518905337258
4.41841039656951
4.88123631316535
4.80246333989613
4.98566376224509
4.40148895971826
4.25156809848614
5.08431880774789
4.79199777676605
4.54533738263763
3.8459274455558
3.82931481267001
4.3911781156097
4.4668622397479
4.91910556371169
4.74203011531627
4.60044655621296
5.38827126893152
5.63113671448951
6.07924977411453
5.03933737193117
4.16213813935289
5.50318623472819
5.47854153849216
4.94777147021436
5.23907578798378
4.35687122742081
4.27672360759596
4.03795524517509
3.84123261429804
4.20182808198233
4.11753635237192
3.65720220923622
4.83071074967542
4.24283570126354
5.94229061304216
4.84237106310435
4.46518802404597
4.90493657481119
3.91926565330141
5.22942166881689
5.22634844887654
4.50288568859247
6.03491955989034
4.46293475379229
4.57993503282366
3.88455949957441
4.06220127410214
4.13888216789054
