4.13957794402973
3.5135871183245
4.1836603080739
5.35237690500975
5.22116427842588
4.21909762660101
4.72281125740158
5.32811588368388
3.89006277566376
3.1126912996707
3.30984167909003
4.2247670243097
3.81209994407846
3.87070408530917
5.10267627725761
4.84497810082894
3.45134046554949
3.9058365321528
4.41953510502699
3.00244125668305
3.64519331036481
2.68922417635112
2.73897204305177
4.18646903419068
4.39147320146804
4.53598398705145
4.77759933351659
4.19268291090735
4.99933895069295
5.48430257356846
3.43503577002444
4.00488963788857
4.31648332202205
4.33469213075334
4.12228491973071
5.21062395280166
5.21350996879507
3.81617632814795
3.44315462912545
3.76251529915128
4.00140379486739
4.2840886463052
4.04550471889782
5.26029441866088
5.25068113695644
4.61220366711694
4.7143319075692
3.73488120676461
3.66760114708427
3.7190607738446
3.46640266233566
4.52397331485097
5.10367905731158
4.08752933760019
3.77704309694432
3.70640934768173
5.30953383933284
5.28122119773025
3.38003297553106
3.92780547643175
3.49098992676962
3.70142756172944
4.26649120603673
3.85264091662519
4.93397261671179
5.03051269150727
4.84412009458446
4.4876482668651
4.99065049740437
5.90791623623062
4.92529612735797
5.17258039588111
3.99756524670871
3.97165534511448
3.63888890515553
3.45441608583095
3.48440006646728
3.95263294681376
4.20338338665105
4.09738470638272
4.59677954461526
4.14564312035696
4.38127255407367
5.72419691158922
6.32020510806234
5.97154852448495
4.6702909840131
4.14908505676778
5.12623322688507
3.69067233268635
3.27053856844826
3.62188331489282
3.69389523970726
4.61731672522081
4.29426345893252
3.75188083306957
5.27834261127818
5.06798611414757
5.27983350830291
4.43713187637793
4.85918577422933
4.57786706550055
4.27919146692389
4.39233678264082
4.11083678702789
5.03292152566652
4.56819613512422
4.49763006450703
4.26920835020873
4.79084185696128
4.84251209626827
4.03702782241774
4.26895920278706
3.5723905218599
4.24348340231513
3.81334115626562
3.8843771663149
3.57130489653247
3.55161874578747
4.21335517393398
4.23188975801385
4.10892401889872
4.23470534613338
3.15067534414259
3.10871861302433
3.9630587909956
3.05586358612668
3.21103637606171
3.17056267393769
2.66667593803129
3.37187689190603
3.40990518018289
4.93129616315622
5.13037291580025
3.70589568329701
3.59862835165629
3.5356763053737
4.73930537859494
5.13418376790876
4.45466682939375
4.45803253278652
4.3356542530166
4.10974037127031
4.00316520711063
4.46219154657452
4.42163408517322
4.21429425918793
3.87382227167629
4.60309356855371
4.43097771223776
3.878627374155
3.28684208806746
3.41162374949521
4.09188553745365
4.2234473355748
4.74588809932618
4.76210395737587
4.25965812952632
4.1685670144901
3.42850421259918
3.31011076828722
4.04637199568784
4.02528844899087
4.22526033282343
4.12589200613657
3.97839201660252
3.60317254252157
3.72379632805831
4.02691128366739
3.82370069141898
4.49879456050592
5.70398647636073
3.7940789912428
3.51048058691309
4.40788578708531
3.91780557770754
3.85389810328104
3.69380426181753
3.95363585658644
4.55350723777239
3.7874154507676
3.59000202277908
4.66036657417756
6.21421542487063
5.06364355704703
4.57716111096509
4.73069069342931
4.38528983363713
3.37744581971503
3.0534041911255
3.86463855393584
4.4259312966501
4.33764500165659
4.09621756611693
4.20264362698733
4.48238757361039
4.58939736957043
4.29469229715257
3.97274558168217
3.79418376433927
3.05905110827911
3.04286497621423
4.74629406979865
4.06438125413469
3.89981421594365
3.28142692007913
3.72750548331512
3.81797342060579
4.60098945075248
4.51318806412261
4.24177274678187
5.04542391246469
4.150701400186
4.37997091175903
4.65985865718337
3.6357624681166
3.87412733670061
4.52678548769763
5.41887864369636
4.12070886636572
4.13876452282491
4.17417226346248
3.37082757954723
3.23532028105411
4.03581979188626
4.4777266752263
3.92706926856252
3.32291329223724
3.5802047936252
3.34376052154163
4.28145269855792
5.08524195019785
4.01060275136191
4.18483087968292
4.45766393615858
4.87643676625712
4.48923150585709
5.47546368600545
4.72259469534012
4.05589045577495
