2.95744143394351
2.66388448059251
2.77824727642973
3.11429061708471
2.79549652425062
2.64422640012067
2.65408988616851
2.63330804649616
3.98906989022965
2.89921948847263
3.99470910218446
3.25209367162425
3.27933969052317
3.27652901805429
3.32778070030615
3.21062616799687
4.07343024762621
4.01399752425697
3.87446293707019
2.10848926479941
3.94749999332255
3.58251495146875
3.54869555951457
3.59903211240442
3.79899262637617
3.79573618294401
3.87237252430511
3.41733918940169
3.92480738253802
2.93315453247636
3.08670608119577
3.77532221814631
3.184222012479
3.39184932899803
3.00616795340462
3.15461017174968
4.2403864708956
3.41492918183678
3.19119469778263
3.50782645823085
3.74983347083007
3.49914061650921
3.91141295805861
2.48917727405493
2.69025962800075
2.27782897139256
2.25146273156964
3.04969735589215
3.80779705016279
3.8328199051913
3.28233662577876
3.63506470262407
3.62965950309372
3.58234865440957
2.99676765324427
3.30997579298233
3.2454102756553
2.78796230741616
2.96285513944559
2.99393502373492
3.42628372312488
3.2695359810913
3.0889468413597
3.28225104409072
3.50497501764341
2.98185613706603
3.23597418529018
2.47576947242989
2.75428912581235
3.00311748988285
2.50446189034089
4.42458480426069
4.34379408757161
3.12140562540811
3.71150266532694
3.52193165794442
3.03706961364488
4.0522017363395
3.89992574346663
4.39889114094378
3.31366720595619
4.03845494785568
3.76524362149068
2.57617831113626
2.90237527735635
3.07804612744704
2.59146411879092
2.6438350954157
4.55089855539321
3.44931450607389
3.22695494222921
2.45653699767059
2.63029460245958
2.64145629692526
3.19680032076717
2.98586059580499
3.39148458777868
3.34494196158748
3.73738257820633
3.40907937661659
2.67342710535373
3.47576266148459
3.45270333113424
3.76694089853143
4.14032946647083
2.32255202657445
3.54278233772977
3.37166231908856
3.71302269483937
4.06127429300126
3.21905617102187
2.47817400482621
3.52553243155729
3.39253361256
3.52116298219068
2.73630270124468
2.73390621780472
3.27284760854491
3.53227820585961
3.37206930959146
3.12547721214141
3.01419412660374
3.44057515617861
3.61457529410872
3.5198218755253
3.54179173400931
3.29342986336283
2.56858987747067
3.15843740209102
3.43090496031407
3.39641192514289
2.76678163506024
3.93079671444305
2.8255743109632
3.38927116524537
3.4075090382259
3.53905299026628
2.76768110671322
2.95096425225268
3.62696551976036
2.98393994224726
3.09046524915366
3.2559764874976
3.21646803719307
2.78869745939727
3.14582379294952
2.74590557243305
2.86732708614746
2.78684118268617
3.94013962829446
3.71052843894911
3.45643192120615
3.19151847296893
3.51164396208023
3.49473464395464
3.27749830011848
3.79294172574405
3.64626413809706
4.61572194720846
3.06383027624145
2.34960630791068
3.55831473120417
3.24128083026838
2.855495566771
3.07845139902886
3.10562808093485
3.22390494952755
3.19019685230348
2.81901322744437
3.62658237313502
2.82311501308278
3.21687332355351
3.45378530026347
3.63329497267534
2.65786207169959
3.41173299803132
3.04780795360649
2.99458374432157
2.54680572287048
2.86811591056044
4.21595797384957
3.65514256090859
3.50183189039121
3.31959524863407
3.66958955130918
2.46173829599662
3.82678912687494
2.73970510405866
3.0235717912708
2.54025666537693
2.63565816058526
2.92794982556934
3.31252300334552
4.16677342928404
4.02108543473685
2.54485709933022
3.0037803274239
2.56108201636323
2.42346543368274
3.12994599720981
4.05416338569905
3.3192172167399
3.07483064947138
2.65984475526147
3.54423918255724
3.93265486331403
4.12013350529343
3.78185673160225
4.06586161876785
3.11149480535405
3.58620810235638
3.66675550382359
3.77175074108963
3.20171779012514
3.76852447792827
3.16750629357607
3.28406079758207
2.71196066813791
2.67041155368831
3.70534925667118
2.64738496990423
3.23175351267229
3.90230806303691
2.4575076791599
3.56292505172168
3.34820998663864
3.5366711590331
2.7042439631786
3.09036848374118
2.65049784636532
2.53558873903414
2.43162765150525
2.46009036325662
2.7016512335725
2.66364532763901
3.13959618352216
2.98066358678257
2.96713151130285
4.00945795473883
2.61794504995698
