0
6.61084409337491
6.43881452362984
5.98776456929154
5.06303772499196
5.18738405489753
4.84247158178519
4.99748040241035
4.88321153527639
6.42483168921015
3.81304374836898
4.28124274331104
4.47136638683555
4.07254832739602
4.11723343683899
4.24910125770167
4.37186389258623
5.08180489279822
5.16870178183223
4.84619871474485
3.50956067949216
3.55114104157843
4.88349332018305
4.42183893649388
4.43391814177089
3.68158935467338
3.8884861630123
4.32516678913645
4.72421511055119
4.16888888904042
4.30193720330335
3.39070165441699
4.23656794426037
4.00719228250333
4.6073411099652
4.14151343150847
4.16511208480098
3.69980939511882
4.65189406865014
3.78652156395814
5.0832517786332
4.41690560806604
4.13673366872237
4.16254745547465
4.05553875488011
3.74963567589191
4.58177664221046
4.86446485572276
5.02095559197138
3.62590323617391
5.74968272536702
4.71551377881027
3.86978122913919
4.66049491684795
4.43966163608411
4.97834812949577
4.76064909302795
4.92183591292405
4.95003042275387
5.3900799219668
4.81619047319369
4.30163829599315
3.73571890023151
3.65806584235826
4.52118770439302
3.30996110510206
5.39307901250323
4.96080904249179
5.17564326099417
2.77565603929868
4.23488283445044
5.60297273573383
3.98200763231501
5.13181823334083
4.39633072890763
4.42908813270231
4.28217111599122
5.19558588741071
4.85367173878374
5.49913729531588
5.47969103082912
5.18286525634942
4.93944432631836
5.12390250804604
4.91885424124778
4.80442085263508
5.13742515316672
3.75297295720256
4.19297897651723
3.90629409834674
4.3731276098175
4.09871039618757
4.0912764746232
3.65322501733393
4.10558815868065
3.72382829249912
3.9846585825874
3.8061367102179
4.34452528806752
4.91921096362522
4.02359961335085
4.12275438107425
5.20901951337108
3.75075333149978
4.09975141988942
4.26674806682985
4.34465219765681
4.29407741724024
3.36275965925144
4.84981291899296
3.79150887775962
5.05186202724828
4.97140420383624
5.52656347690038
4.57002978691719
5.24493853283298
4.65452505509552
4.89121064265441
4.8095545575775
5.32328301117397
5.25745013550497
3.48732591800965
3.96878295868585
4.05686603208003
4.00003731376074
4.0261125615547
4.30973106899583
4.16930565514886
4.24836551846238
3.99996178672446
4.11259722609327
4.82451358057813
3.84607786119239
5.15126536029285
4.98756703722185
4.00214338685895
4.07544217362577
4.39297620124692
4.28364041207178
4.2089504933977
4.04212582149222
4.01496733436327
3.3878819936883
3.48265116559307
4.1957832854187
3.95589085152736
3.94451810462764
3.86741050190774
3.91164513861311
4.01644543788878
4.26331261246884
4.19857422476122
4.04453686030673
4.00882511736917
3.70196743460464
4.6625427675348
5.26153584888263
5.06870548588244
5.02527222058756
3.73346364145269
3.65875865073738
2.87905236869725
3.38172303875252
3.17022060499802
4.95311679293338
4.5315041413042
4.26933065341906
4.86194611719715
4.27451960190105
3.91191286572693
3.644091141666
3.98583575615235
4.20739947760804
4.4460952829358
3.82110533540277
3.58357583566672
3.99108075884274
3.0446995200879
5.12627779807067
4.34910124561852
4.46035979968396
4.63436147389525
3.64988089559895
5.09179440208074
5.02809843814296
4.32931287862585
3.97453885361479
4.08173291034021
4.13168057578284
3.9773829358851
4.52777768655097
4.36119526616796
4.15724508132556
4.36071176668983
4.07005851697531
4.34321436919626
4.16146963654466
4.43336903309829
4.70488717417825
3.89788691710342
5.34899129416635
5.21592328721498
4.2621794997326
4.72463081382056
4.61566103980805
4.112296157681
3.94884783139135
4.40453790284376
4.25104968011718
3.79094655132095
5.66910260236065
4.14660884454181
4.31574914898058
4.71558419378314
5.34882042069709
4.7547710107339
4.65839280725246
4.38247256797528
4.18734021595256
4.20707287980453
5.26421572050289
4.01977008819196
4.37378794798244
4.42111316110988
4.40531707626637
5.07940166701432
4.99730957400362
5.64398360772367
4.68189435506548
4.29017590133781
4.07592230623896
3.76105639905046
3.37402607322047
3.18608557106163
4.45609420024252
4.61898603597909
3.95925429000026
4.01147976832501
4.90904413944147
4.10575402563475
