1.66702470602991
5.70265592495503
5.50718520442547
5.26595469983818
5.17568118451686
5.23729670078888
4.21930824960015
4.01558031599631
2.15026814145313
2.36943584701165
3.60324209190542
3.31319038018221
3.84524912440786
3.26642892439498
3.53381372108331
2.51773892716736
3.4505744084889
2.72974585786791
3.08330379424945
3.78358865993426
3.17255736949266
2.77943870999262
2.56072614450351
3.18415457817138
2.91536824327306
2.4049307793972
2.62470249804192
2.49694235861323
2.52305333770965
3.24476186792236
2.48877432227895
2.45151111670327
2.91067713639256
2.77940316638466
2.65838873249278
3.32797618450484
2.82356019395212
3.06791163499275
3.12120826398883
2.98698496023122
2.4357064959192
3.39760829290089
2.57489862982623
2.61911293389715
3.7873358353085
3.26492663370884
2.71603626516155
3.03790740048559
2.92797001538597
2.6854471070113
2.47657999116583
3.37037056709309
3.42542743001991
2.73387734701406
2.35606476246946
3.673457612077
2.44755846381024
2.90631761101843
2.99456457012105
2.85125473856804
2.46280994981405
4.04301551406381
2.52709287321282
3.09748383870963
2.98889244421068
2.17391629967572
2.35216540170819
2.80342605592767
2.40401639664797
2.4394755693317
2.53930161233773
3.54535576429688
2.49860712195285
2.20271302532944
2.16356864158031
2.46402732631398
3.51872252626495
2.8693968555905
4.11413154683684
4.07656076471469
3.15426872358805
2.84577379250116
2.46877403804249
2.76144372127167
2.76952323424778
3.82571792831827
2.46697163629998
2.40016535355152
3.57917961256953
2.89638260158153
2.8285051967241
1.89937127812208
2.49080742909714
2.24063684712305
3.46352641272553
3.58347062308313
3.21673475259887
2.64393727162825
2.89766252513947
2.49478860178033
3.36281272397276
3.68199602527694
2.93253933372126
2.0096968595326
3.52758172867678
2.96087444620945
3.31755681434946
3.18734433209766
2.88434644849374
2.34358635597686
2.04041547800238
1.83011199558125
2.61174589699105
2.41498938040779
3.16186564832383
3.34892792173975
2.69930538631969
2.57368792178102
3.25759102826931
2.89087017303326
2.8178170091775
2.15146451510589
1.91210490904848
2.53736978949004
3.14737171902709
2.81721717069785
2.93414583759726
1.46539401825861
2.7798454080703
1.68623459655853
3.37266070898684
2.73636387763345
2.76838738041205
2.85056397790577
3.34859338822996
3.93383531180432
3.52715024659364
3.38211350368125
2.19711179159621
3.24394054537678
2.47995958304072
2.53269834447906
2.79058440871791
2.81062497994185
2.69798092082397
4.01723027000458
3.50729326875027
3.27373842534045
3.40555247722561
2.69376649258006
2.34969798959447
2.52723413584409
2.97687926534219
3.1751429598744
4.44516724692313
3.02028713160781
3.15155388254847
3.30207477815624
3.13916297790876
2.74724713061673
2.56049833439847
3.12601119459232
2.96158098740621
2.88721598600161
1.68875900291961
2.75992642258418
2.39983065807384
2.16715619183567
2.95949943495354
2.76459105061622
1.89157279748725
2.48638736624526
2.4965076156744
2.87447538961109
2.49232417613652
1.75715529866833
2.31754034007284
2.5989495794693
3.57490467600841
3.6666778152131
3.20303960826923
3.54358986117817
2.88873777775965
3.41807308704532
2.17453402844619
1.92475947556447
2.50378697623747
2.11328958698797
2.36587958668607
2.33947298110407
2.23601315278538
2.43854806859964
2.82015833735072
2.17724550171848
3.90953301183947
1.5808237186826
2.96813733078185
1.84233599289897
3.86322722158971
3.01970734571794
3.2043250383226
2.75227334989174
2.96486484665363
2.4589981373863
1.67154671970309
3.64326079976961
2.45247504855722
2.53950443108325
2.31044764759709
2.35846207746063
2.52783719812279
2.16789142826238
1.66812077719884
1.62719145238505
1.98869835707623
1.87621361379327
3.58336158792631
3.22253673122363
3.38389146141387
2.93765030055917
2.65154292899794
2.5834553730642
3.23785583748236
2.93137659660867
3.06361803339123
2.96901559057906
2.97801431583768
3.29042427087698
2.55076428674657
2.82679535434145
2.64725479461489
3.18570938243853
2.50010334750029
3.21632481870633
3.2433568671478
3.11038309788328
2.79178513979544
2.61897719904785
3.27203533913408
3.56100989806865
