4.3578559410059
5.32658092614721
5.80327207392539
7.10772549302149
6.79840841397645
6.62985284181314
5.44403014820562
5.66014092513517
5.96218231553147
5.23307561825846
5.49327074104271
5.50680425590939
6.04710053543744
6.11034607731921
6.00405633469992
6.08507272668131
5.16685144624036
5.2123098847312
6.1315775356351
5.52239946006821
6.83867339535873
6.30517612423073
5.24673673992055
4.70938587577092
5.51281072043884
5.80934255458713
6.26509686148198
6.17765853375601
6.82171280982741
5.08831886224849
6.56704322643978
5.93337523289303
6.49483536778218
7.91020901788185
8.24950542122284
7.30583175698454
7.70798516513938
7.49533791336354
6.19853524892058
7.47251458494392
7.27300132429049
7.32345744771705
5.83726656241164
5.96162487728254
7.21448863738881
7.19740618698112
7.54290891088945
7.76449295016405
6.95535984052745
8.02360395903074
6.8642360150938
7.38718872417214
6.89542367302331
6.52218044681924
5.54669555502462
5.91704108465912
6.5110881457164
6.08090344195006
6.2064920163968
6.57370737695703
6.12613557360703
6.46826960280246
6.10722831093219
6.75604174301472
4.84419533989794
6.06456770136439
6.91374911264163
5.4213578970043
6.35606030271035
7.1347750241166
7.04304792162153
5.95149822619831
6.16777524159377
5.71993404707606
7.93338211939405
6.75237712950181
6.29209539143237
6.51438738546046
7.79214820638942
8.09964824803103
6.89011820321832
6.67980214161924
5.99099853495262
7.12710894938433
6.69464706318327
5.39793700879314
5.03181016972163
6.45960146961623
6.41859076977484
6.39745835182033
5.78252053740211
6.42640696712546
6.81579818965201
6.82698085817169
7.33558916770933
6.70788808586215
5.95036246301745
6.53115106001635
6.46519950810234
7.34267304736911
6.18880376817449
6.5501388431692
6.99412430116697
6.11643322069468
7.29257852562042
5.83485929226773
6.59176629761414
6.88239873489167
6.19048507256654
6.68550967441001
5.79459486421983
5.82135190688261
6.54444805825317
5.94090002871219
5.73450476306591
5.03157547491703
6.28589444284428
7.89362534743834
7.34573462118028
6.07662959747581
5.75417513564794
5.78362427211
4.75378216362192
6.22333172593831
6.80105261715694
7.10074824026419
7.84663086025804
6.24088121731594
6.06731919585556
5.3050622715914
5.57594670395566
5.87776261701448
5.67193268607179
6.3605339490792
5.14033454303958
5.78538982357227
4.46507771798738
6.64180714796626
6.48867976173156
6.66485319815613
6.86439856103237
8.01374175314407
6.35805762139434
6.6690708571049
5.48287343157993
5.95649508078189
5.93423408951137
6.39456651114414
6.12969456181416
5.95860467629329
6.91883853794154
7.01184467383739
6.90040185825773
6.11082921560728
6.45343367254236
5.49911040707567
7.36377284105012
7.49191082614765
6.17717309421998
6.61079779579442
6.51025306215184
6.06208626068889
6.116297978747
5.92038979924034
7.14709441814804
6.82488178308841
6.74097012575504
6.96781042294295
5.81713039830045
5.96094237410384
6.0466410084899
6.43033583697784
6.47463081016483
7.18547127240615
6.68848616334887
6.75824083967688
5.38703164982472
5.66963797214303
5.53444672900114
5.83091661384027
7.69541391487058
7.77605054966312
6.02780149943334
6.71198071605664
7.37808490052026
5.88272288390729
6.36724112131927
6.19955190589485
6.55436983464119
5.4405878860673
5.56616038811487
5.72627117653472
6.45491513964814
5.43378616851849
5.98239892098215
6.11920772670921
6.10389891748423
5.75862079874718
6.33934688044732
6.8589126047494
7.32968317659592
5.69120277322789
6.79253078762402
7.58989172100981
7.46472860787
6.79983271844341
5.73581842006298
6.27435343013258
5.85422400198059
5.57260912623259
5.64464396856728
7.51197322843599
6.16697607621553
5.52431607199055
5.64386513502491
5.66504639572618
6.64255576626551
5.9796089517695
6.41974388545352
5.45003235589686
7.02918346242952
6.01052317632694
6.56873125363926
5.76733383223204
5.70839033428369
6.54243421636225
6.30204902670981
5.92753044901955
5.70681033291591
4.94917659655882
6.48652213121502
5.48994749373494
5.95845840063
6.6235596885165
6.12933374728441
6.39667908004255
6.19478205510738
6.08827872685447
6.00684325683843
6.97194415629475
