4.39165465139845
5.83248555864237
6.19108558357381
4.9316328755083
4.64523506655871
6.18457513514488
5.94770764398902
6.24626457809984
4.75993720979943
4.92739080803051
5.97521250261331
3.4943128125503
3.88611618021621
3.38106656136316
2.83673961103287
2.68894248843517
2.98967186795872
3.16159291860041
5.07842259217378
4.8272598657417
5.18012687392857
5.54973019954142
3.89533089489069
4.13111714242351
3.12905038522839
4.41265100987911
5.12394008313225
4.11411663091661
3.86561202530669
4.17130923900606
4.29604021235729
4.38007860127265
4.90366551901953
4.44184346001403
3.4982574476655
4.67033981052487
4.71859972165225
4.44341583662069
3.81840190543196
5.29490515608675
4.2676151662167
3.64574490879065
2.86704939995295
2.89635293108825
2.85774276804681
3.36765588817015
4.52579682808847
4.20933468477561
4.85127874249657
4.60366918127848
3.18113802691686
4.64086412987608
4.57941917865474
3.83109768208217
4.90536310101527
5.25973972628492
4.100303743469
4.47219701387587
4.3532528332122
3.85069005467597
5.70053998703736
3.50523983259329
3.08604231189617
3.86413640940242
3.28054944461473
3.74174341455364
5.13927513815724
4.37144355744385
3.86027524201536
3.60711746989154
3.81143337017766
3.36718356562088
4.29618494165371
5.25217639887015
5.53396471079731
5.56030996285671
5.32291273961136
5.49367983824786
5.22055928829696
3.52654183704045
4.43737454248231
4.85899945117273
4.77495532915384
4.92041031613629
4.6201383035412
4.02402921816598
4.69239159630876
3.54156849767512
3.51458001963655
3.69735298620398
4.12264698406542
3.16600610441871
3.12465231060394
3.08020502548077
4.86449988354324
5.18463621835793
5.22613652151986
3.72269377539843
4.65613579230422
4.83807109335476
4.33753251681978
3.74582317543158
3.98334625202173
5.01755989321449
5.08483835490076
3.78027887643248
4.45663769461151
4.15800723724004
4.61938927428049
4.46425554004131
4.08001845508118
3.22746684207817
5.27448974081908
4.52357125047256
4.17776768287866
5.46768028900249
3.3494899883516
3.80888697933486
4.31115872794843
3.99560948853453
4.14255254083385
4.37323162742061
4.32210127735767
3.51555043045688
3.44015039055461
3.65949626856853
3.1304248623512
4.11359404869912
3.58255360621342
4.7247857346324
4.62975547994851
4.81531659661074
4.54270256889721
4.19798403672611
4.00523108409917
4.55468754825225
2.86327035844922
3.18776325582192
2.92409805452968
2.39629643282438
3.82153173082093
4.41256762311909
5.40291943327779
3.67940206147054
5.61678664638916
4.2578945653431
4.95630264933332
4.34001608145534
4.25448684883664
3.83590551955054
4.56055798125814
5.31448681921995
3.83291643026799
4.29545200824069
4.10720282488765
4.46583068268086
3.87835211434252
3.69111868354342
4.2486788276853
4.01717803869789
3.3258723533141
2.67970760496208
5.27754590617367
4.83235093861693
3.6469502103462
5.33773293742192
5.64063014858615
3.53008613566886
3.77880665537919
3.66909634002125
4.02052903182908
3.33457885650509
2.627484306838
3.10079195551165
3.93256187872552
4.54053905201667
4.5145381240804
3.4951767533716
3.83414084941016
3.2752118917355
3.78592910313227
3.97091456097008
3.83814394812058
3.58232775063213
3.73068832385312
3.84481386104976
4.70575171554759
3.69975318741001
4.00755865807068
3.32468187883851
4.0079266045278
3.02875096565467
3.23427944530629
3.62184372211702
5.05431961951943
4.9392377825843
5.24975657463915
5.03195602450367
5.30829763737449
5.46814264696395
4.1290873909772
4.65336908413401
4.24122257730296
4.16149577139249
2.89180743674918
3.96935845379888
3.97876637456177
5.40880353450014
3.91677034377074
4.47404989180222
3.95831650974291
3.55294965784676
4.73976940529637
3.74376778412821
4.78582529831888
4.5660918756968
3.71739698721426
3.96735662788483
4.52490580089721
4.84391992390795
3.8420698916548
3.52260152287866
3.80253099352891
4.43191622828941
5.56789852052803
4.85775075459729
4.23520267361651
4.80701310727179
3.15082355086151
4.16727856509779
4.79493794032106
3.66534344225311
4.04163262460173
3.72962284859062
2.98728549333681
2.55337719845046
3.28452749297397
2.8345430975631
5.27982448486985
2.79862645388024
