4.8794587397565
4.67036063723162
4.71934519601882
5.24317437909439
3.75367551097542
4.24224591195479
6.48741918789119
4.18500501416519
6.89839504506335
5.18897028485818
5.25222331482276
4.85779291965215
4.37694410081032
3.9507825140643
3.53373016989764
3.90589547436041
3.62905683232254
3.17476013073481
3.62979897906787
3.60617217079898
3.89266563098108
3.26113137588511
4.39475528533307
4.50510008122142
3.82796113794003
3.15117823135666
4.25041747276095
2.88891068609787
2.91636994669456
2.23279020276137
3.32642332364091
3.4078503039019
4.09149146470168
2.92500891367832
3.10242406203339
5.18711976678038
4.63658289446571
4.39658332344853
5.2527739126841
4.21488120506056
3.96641012752899
3.86583958981402
4.52853391090144
4.55184666775945
5.53099806650825
5.85186323707275
4.83682621174775
4.48055920933657
5.54574170234929
5.27621074990685
5.16620325568448
6.19932896538766
4.66479122812988
5.58351494592742
4.9335371226737
4.85880922064696
3.83031874666501
4.45418652989481
3.9201705018482
3.71686870150155
2.82400336127615
3.15429565172197
2.65781706099545
2.16320344426816
3.96161664902063
6.97147387052717
6.3017837152444
5.38588963343649
3.81543079146071
4.32030097336051
4.79668980777738
4.70793545235842
4.45504804084971
4.61099394810055
5.33475847894926
4.72389281301748
4.66012694240278
4.70460130479849
3.88448670432634
4.74986419864786
4.23277465837056
3.26872527477486
4.23050439934401
3.3713515857623
3.43319591138671
4.33401084136377
5.32548831546838
5.67636801604261
6.12802230170076
4.06486212730974
4.32219818549797
2.97069920402587
4.4811484202613
4.94669219840884
5.79555071120712
6.41958772739026
4.66513161103803
6.94244904517224
7.12019776719651
6.69980585834971
4.6905819339681
5.92394455468334
3.72014389086567
3.99636058372718
4.00018042682841
3.94296902588739
4.22162501244638
4.25918109855688
4.6674622267903
4.56992004768159
3.30091441053134
3.15282320521103
3.1353223646179
3.56837466975005
3.47160244743602
4.44873620766477
3.96535764039756
3.87146263161005
4.06859249259608
4.04285655849266
4.61728144743133
4.55699820895147
4.61878775418204
4.22515356583559
3.75877813583532
3.18320646760937
3.11408828466863
5.03280134474175
4.48854312273539
4.06328612517729
3.41124749953949
5.04676956729962
3.91335362274066
3.4615700545828
4.97946809678861
5.46856032944807
5.13472343263739
4.19075142085841
4.43951423127026
4.47393794714469
4.78539198528039
4.04216820421558
3.62343727379035
4.91639855550082
4.015137094075
4.39699107920951
4.92989509459785
4.4096575928872
4.77486557058378
4.68644785203601
4.70212420981939
4.38345998406972
4.27501564741844
4.00081339747423
3.51621449355745
3.13886572829226
3.34726822971144
4.68130984845349
4.07252910536492
4.78674944611439
5.12159678461203
5.28988250811051
4.81207078929064
3.80866983580408
3.61726709367203
3.25180600084307
4.11560643244477
3.28823175108003
2.99998433492905
3.20950654079965
3.19346503271465
3.57647092603822
4.48153111107444
4.72992001894658
4.27651812230965
4.32360552314124
5.39178593752361
4.92637395056781
5.42401890715677
4.06747962312697
4.80396461870445
3.54372502919493
4.3448809502667
4.17659661043642
4.0457789729185
3.59569573903676
3.84798055465119
5.22182687881188
4.70377403494687
3.72237753306301
4.23362794430589
4.47697446123587
4.76650970900585
4.28290279867281
3.87769943316996
4.3655778110183
4.49150090368334
4.83835267817471
6.0579979199158
5.44931504858527
3.7364367254287
4.94808870118335
4.3656981541692
2.19246850418102
3.26500611867931
3.83703722920444
3.28288642991509
4.79762907488447
4.058998848388
4.41140054919015
4.24328914711441
4.13574958693425
4.57540051972682
4.10174177222214
3.97019733567018
4.26057278163958
3.91945536466543
4.14248741822544
4.34863318156865
4.20749445080891
3.55826926751196
4.26710087394476
4.18721363316144
3.0644930523507
3.61441763319668
5.49475683101115
3.38987694254227
3.25922173207707
4.32680892880064
3.97695855080139
4.23064383676732
4.13661906153747
5.58213195779658
3.9093360250566
3.81969855591722
4.34566515744659
4.44022508441404
3.57021348467962
4.99533024393887
5.13818387779244
