4.20729224476963
4.1133676366114
3.88154812389964
3.96663502233218
3.83469626929091
3.84411116748518
3.68281960893229
3.50447733148839
3.60741792921713
3.70773327521585
3.58677410373386
3.58682677988947
3.55917260958779
3.46244375773
3.53038600505464
3.56279100411685
3.58142641747228
3.50204098814426
3.59393386488801
3.16919818663502
3.16919818663502
3.421837190561
3.2765082321648
3.26161197035346
3.3007257737281
3.55611156535923
3.53166405806444
3.45465307556594
3.56619063196273
3.34391078600818
3.4189588457675
3.24718778109872
3.43224743710355
3.4428332044742
3.45795080064972
3.52941506569609
3.55503733497544
3.55503733497544
3.550169206148
3.55756542537468
3.79361397667064
3.73280274432819
3.69274064946045
3.81330091542412
3.69519474854142
3.67110405611601
3.59857136155173
3.71340611214903
3.59544018397709
3.75015273223154
3.65868517372603
3.6983022055639
3.51894894665814
3.60457411713025
3.51421301002573
3.42333737533263
3.45433660293546
3.5633706748379
3.52920790396475
3.52920790396475
3.59722943724014
3.6774926743658
3.61116464131127
3.42099569525122
3.55178033365087
3.6368768043446
3.63659775063717
3.43478289163164
3.48997456829287
3.41052784390834
3.41052784390834
3.41052784390834
3.41052784390834
3.60658322289445
3.64858522148259
3.65505821023664
3.55907236889834
3.51726439285899
3.7660154178544
3.6138799780464
3.54311628553304
3.72008444493349
3.58788900748172
3.39208932598608
3.50110548512096
3.40101351786229
3.59631610028751
3.41926571994178
3.53266837018237
3.54167182554311
3.57154561888838
3.71377930012951
3.59811475362699
3.44942170496601
3.59586189402177
3.50043954539452
3.51937489176631
3.51937489176631
3.51937489176631
3.61214856771521
3.51678930965318
3.5628657629638
3.52656819874357
3.48819633491007
3.53183005296153
3.54281915016068
3.51556869915215
3.51263463178403
3.48039794664896
3.54530743881757
3.62008063218764
3.61908282236252
3.51136417956408
3.45176279611462
3.55584442763199
3.47351989709616
3.47432877047266
3.54195585344966
3.49682680037439
3.52200330311393
3.51912991460582
3.17733915461004
3.3220038028779
3.33219555178028
3.29876528439238
3.30002221179079
3.21327677121041
3.52435254225472
3.57957248469668
3.30624712769978
3.37003234203571
3.49856283199145
3.45650149726774
3.28291520028616
3.25676178612732
3.35011720454062
3.35011720454062
3.35337703837367
3.39722401668018
3.42353524043477
3.36646321689727
3.32909199459194
3.2868346740572
3.61048036206522
3.47527134081828
3.43666804128856
3.32535561865526
3.36171996022451
3.37294365125023
3.37294365125023
3.23835078732671
3.30798247066904
3.30798247066904
3.50344411934861
3.57790948908508
3.56913928609872
3.47056997790735
3.61331934714864
3.49887754140123
3.45879761516015
3.56047019173335
3.55830476759063
3.53267225021081
3.58142706146227
3.5916402580511
3.70220315308763
3.56921829058425
3.5262610949907
3.5262610949907
3.56528536529706
3.5570515768517
3.50481190550236
3.50481190550236
3.32163768558516
3.41796496450468
3.22822991155877
3.42795960319532
3.46890767523555
3.39196084846387
3.48221205622948
3.50633856352774
3.50633856352774
3.54392308015979
3.41594777245602
3.45822745432482
3.31453097964404
3.29949424231091
3.36433908705068
3.36433908705068
3.50691852698327
3.53440041831163
3.53401306481921
3.65222848572486
3.61739211784478
3.61681168036232
3.51587910610428
3.40815472169671
3.66412437901746
3.60464035981426
3.69789880619546
3.70975499858955
3.49859150515295
3.59895087562045
3.41946806010342
3.50556483126366
3.52727599651212
3.39865379300429
3.52720306306704
3.55925180030561
3.60050904702678
3.46789521595811
3.46789521595811
3.48318246171699
3.56026507087296
3.42781043237276
3.46027621889568
3.6438327048312
3.59634687273662
3.42233681515021
3.42233681515021
3.53606840660527
3.52958321434411
3.45559377495676
3.54736904890125
3.57656080686587
3.49814482407464
3.62954415674298
3.5534452730308
3.42227179246449
3.49941035175241
3.5351872111454
3.72379624586991
3.66054409283027
3.66817816320437
3.52211608652497
3.7322671377745
3.56822796319679
3.7656761027142
3.92487270724378
3.73907233087074
