9.3225948153995
2.77646133767531
1.99397176512324
10.8916793018069
8.4896503515767
12.8537396290656
13.1784041105154
13.7505621069105
16.9389760449523
18.2357872512186
19.0125785071397
18.0034172373818
17.8459521245206
26.0650356156049
22.7505269572367
21.2465408905638
21.383615838981
25.9496857199471
24.8416595068554
26.2958926894496
30.3230171484724
26.5552265822738
27.431783796736
22.3217635224396
18.9213416649844
25.0283492749823
20.3855517792936
22.2506220645147
15.0418692204977
14.8071069509598
14.3397065444725
14.7793840866054
14.6688213984001
15.0647118367772
13.876931276783
13.9620377930445
12.6369755573284
14.3045209648732
17.5256676480922
19.8624897455202
24.225668063145
19.5120803557708
19.3234082367518
22.0257099867114
35.6820987919593
30.9326421339312
24.4373489741647
20.4383309732603
29.4473190337831
30.3921823196004
35.9770349018944
32.8392415006382
33.5034349112799
28.5067253437853
26.2511172803858
28.8252700597556
27.7767580088687
27.7113793690217
45.3795673761045
34.99720591749
31.3891327700106
33.0438140609761
28.6538563650796
30.8643539615031
27.2238266797802
23.7017310911291
24.4279473635801
26.5872765786447
26.6000737642977
30.5921165991682
31.4615522950995
30.276306215405
24.1928773067999
29.255774834442
38.9036681207521
37.7055672190776
37.131527690589
37.749539919104
34.2899379021452
28.9229151726665
31.264970631242
34.06283044526
33.7445876272387
34.0072597842029
33.0260042069637
32.0450783539464
34.2039842152766
32.9800074863974
27.822436782511
33.1576802013237
41.0511578260716
32.2035222711613
41.5043222346915
43.5742157652614
29.95816103711
27.8885173586492
26.6186876733151
23.6361630999828
25.7393727051012
31.0043628718622
30.4871676145836
29.1176054159444
30.139162839671
30.5741173134198
29.1799709329395
23.6561275879988
30.6756959437529
30.278289088279
34.0598607256524
35.5568826072103
38.6244169552242
43.5747534199049
44.6875231735771
41.1699472081721
37.1710113918282
32.6894663803153
32.9374228003114
33.9451827993741
32.9701173367047
36.4742765471197
37.3479115718834
33.7270383711763
22.4383333337351
23.3079287311122
22.3905884911366
26.8692502001361
25.3427594079696
27.332046562253
21.3467035646611
23.7140582174041
36.0830397017278
35.0314017939809
38.0815576641317
37.7600156022663
35.716262033252
33.4403288686144
29.9798319391402
29.6629043012354
24.2170888460669
21.6813532725467
17.3175364530108
16.7762782710999
17.4767627519545
15.726510400324
14.0795069186938
13.7954356118884
13.2730199886951
19.0634348040515
22.7852301893128
17.8157520119404
18.3436175796507
26.6380551305903
19.6903488620345
22.6699109770371
20.7746950745384
20.1618885736714
18.1234342638964
18.911442310277
18.8842272503365
19.9354104939485
25.2779067013981
36.6529654813568
35.4064744834208
32.9057399331018
36.2435686130433
28.2362595417894
39.4646004166968
42.5230645435663
44.9458937020848
45.7569083701125
45.2595627181469
44.933979807329
45.2217293231754
40.6109098209074
39.9678234526894
34.6319248205057
38.814164530685
34.7387307869088
33.5746658580195
24.8261582908038
22.917077386361
22.9191293820812
22.80517142006
18.4597580269174
24.3262514932276
23.4343419868
21.3530636391139
21.3255550990349
25.3665786452767
22.5922637579207
26.8134479813453
23.9918138794266
23.7855134765143
20.9826623646853
27.529039319924
27.5569334624735
27.3284140566021
28.0734724899176
29.10661851658
28.6958330255375
24.5276814846731
25.6811922623638
24.0132718345522
33.4261662819256
34.5609058652838
41.1415107109417
33.4449343501784
26.1398636132672
29.9239820121929
30.6356596426687
33.9737043428815
22.6663198027503
24.0380103868653
24.0155540109833
20.8399627410096
21.7127154843171
18.5998197503182
26.6428557427109
23.2622960882584
23.2979825799179
21.7090694800776
21.6849455896898
20.4625367885822
16.6918219533184
18.4593851282628
23.3165855403425
15.0991253019677
24.093069171104
30.4866974151489
28.6163566494053
31.2838128884015
29.1131145413657
36.2907629952742
34.8236323500959
32.9013828852137
33.4203656523249
33.4292682661731
24.3167526583244
18.1869612483281
18.4014795243713
