0.896075308159925
0.482691228297774
0.648553053608143
0.648553053608143
0.555042544273611
0.655723380044736
0.655723380044736
0.638163112181523
0.594151689116412
0.747462863144047
0.958571659544793
0.801814840784993
0.800941586264213
0.793739992339231
0.734200418766441
0.826146992210986
0.810392277425538
0.723963087609825
0.762125728142364
0.605839954555216
0.703695999875864
0.862917750127343
0.759740915839955
0.759740915839955
0.742388745593396
0.893983749285424
0.975929724613323
0.893548249669567
0.888002896618338
0.842939511937593
0.859922017813587
0.738311081659088
0.636848428820984
0.602800952001502
0.60408252634057
0.442733056050341
0.442733056050341
0.442733056050341
0.442733056050341
0.442733056050341
0.474915095031638
0.515920186420107
0.610893184719202
0.407019388496301
0.437502508707278
0.583434140275297
0.459490411927897
0.459490411927897
0.459490411927897
0.589703281259418
0.6184807393153
0.624616448333901
0.648717982727237
0.790736717198208
0.915375301727119
0.75710473233521
0.733532078177876
0.713018047745992
0.730695675617226
0.830603218581252
0.686135143659377
0.621645516266064
0.631121352564124
0.632892996546869
0.664281233406692
0.664718454569644
0.530810086152836
0.573623123912436
0.547513155333817
0.566792581766412
0.484208018094244
0.484208018094244
0.594441451805256
0.474984057443673
0.474984057443673
0.474984057443673
0.474984057443673
0.474984057443673
0.459401691168529
0.459401691168529
0.466486883330924
0.463850822034283
0.463850822034283
0.463850822034283
0.463850822034283
0.463850822034283
0.463850822034283
0.614075618742677
0.576149471934636
0.513603810420784
0.594000302261089
0.492999924734477
0.50393731373702
0.41400917284409
0.41400917284409
0.41400917284409
0.41400917284409
0.41400917284409
0.521929497160953
0.607820753825605
0.663900326561005
0.497955841062748
0.664367395047676
0.636168270241002
0.660981905194705
0.553337679253112
0.7111445530046
0.662952829554622
0.756842434161148
0.698345295088643
0.66305896423951
0.788915153233532
0.7948299327216
0.807776820781892
0.996979394613759
0.859796034412855
0.714345583869173
0.614713863640852
0.664229729612701
0.694409093990005
0.634337105673037
0.73753713402933
0.904341052594792
0.858477913239868
0.787839412719925
0.690186921923015
0.629009439745675
0.724234120595915
0.733506930569726
0.741028943019222
0.64694679963394
0.789296846701997
0.75422102333834
0.625167193083745
0.714501994048745
0.659975949675992
0.85484616511258
0.974504588750707
0.787094968368738
0.70549062257418
0.508102285973203
0.647172883597263
0.647172883597263
0.606270181630147
0.897861259877389
0.827813317712747
0.793495213457448
0.598325111273007
0.711360371724512
0.634977302405638
0.543723825482247
0.543723825482247
0.532683872156765
0.532683872156765
0.532683872156765
0.532683872156765
0.57026011031262
0.57026011031262
0.57026011031262
0.726874674298838
0.691193489886615
0.780543174955326
0.815178712423342
0.707916258949224
0.596376990739544
0.596376990739544
0.501313450857426
0.614706456012991
0.614706456012991
0.614706456012991
0.579127343214774
0.752317471547148
0.865656410887104
0.913358273282795
0.756165637697154
0.80199662576779
0.760977843684182
0.62233139998577
0.558752479620563
0.558752479620563
0.558752479620563
0.655733577630963
0.826491276527062
0.664740481939176
0.902749149016819
0.71822766574574
0.793759803578239
0.721276833682205
0.780886267582307
0.844093082934327
0.775404482316738
0.780996820871418
0.868860209029817
0.92072624636329
0.779946076058726
0.758147447164735
0.712217113483948
0.630186066154001
0.638934644580928
0.611400469278924
0.72468374412995
0.738708520773026
0.738708520773026
0.751965814360076
0.582844005805477
0.685604076679352
0.667911740074653
0.664144762204943
0.847900043587658
0.644798773666639
0.650040470720318
0.601456859678312
0.545535029166388
0.545535029166388
0.533214978654605
0.659146079703986
0.633190051078359
0.57128656204189
0.57128656204189
0.660743726902763
0.730167639966125
0.753129624122229
0.619014811271687
0.694430666275108
0.637657164725168
0.671033216392727
0.674596230910588
0.628943450086085
0.739655838261056
0.700524925388681
0.747073706032446
0.751165153186834
0.750528612116907
0.704257599168044
0.598670661700944
0.595825766201787
0.683047536009911
0.707930139086187
0.654166318291026
0.542871218705335
