19.0390875676185	43.2095920309235	2.96659709933926	18.5109264677642
11.0716277548268	41.5052556657043	1.03915909586255	21.1179731802807
16.0394117542025	34.0864031281457	5.57338782963812	22.082016841042
11.5852231347999	35.3578198360413	4.53746908489153	20.2930217194363
13.0717281120058	36.687751481194	7.17063163832628	17.8671625043223
15.2277999960978	36.176815760672	7.24760182309888	17.0689849867009
15.2478823264535	38.0023752562866	6.99814302334296	17.7802291726714
11.0252273937235	36.3102685185314	7.79398010429167	21.4660277482005
15.5016415184009	31.2988700191617	6.13505792422392	25.764799139598
18.6028438108899	25.2092301645442	6.07110067587518	23.112649376546
23.6908165095021	22.6521572988223	8.1335818397501	19.2819689861493
19.5130107258094	25.741123586692	9.78912612448125	20.394352118873
20.0625899261957	33.3820282537957	7.32970110540733	20.2368221505527
16.2750305371087	34.551236321315	10.3257820330441	20.347441144793
11.4672811754775	39.7185763665716	-0.939905005537087	31.7063919700205
14.2088466183792	33.1577189144317	-1.70630841795944	26.2113124680228
14.1628398466434	38.322360563894	-1.1156388210992	26.2768768681199
13.0593412039	36.646222214569	6.26017758232109	19.1085107614203
14.4129101857673	37.1455336716683	2.18211619956917	18.656858975432
12.8910098633542	37.6226032896561	4.39514325328296	24.0070825132335
16.0463671456936	24.4635611600061	6.0341685414513	32.7168833107699
15.4509672937483	23.5082182565766	12.8337561425187	28.8344445715379
12.9823627065057	30.6347904161242	5.42881707641422	26.7897280778457
15.9420389110627	28.8607164907892	7.95755353557772	24.6489002166968
16.9354891963317	34.0700784153939	5.87398798290883	26.2872755917377
16.4733840399532	30.406490032081	8.90547521337004	25.4840924252902
17.5419765239535	29.4801475467797	5.67512275765522	26.0084826496063
15.8206119991514	29.4156553630422	5.13374545963444	23.6940801140485
15.1299853131267	39.6858375698412	0.994731911084829	29.1234820399641
11.5413851595064	33.1072129301943	10.265947798929	30.1011892718749
8.26733649236577	31.4061151624658	11.0344719759556	20.979156918686
8.59779023838401	34.9596827913076	1.13190353041467	33.4500676326016
11.6766436422663	36.7820682829443	0.788468721380246	26.2693718042461
15.3411108379168	36.5527475595558	4.95464771545909	20.2350366561652
16.9948930885099	32.6600264052944	6.79717939481017	20.9122904275862
14.4594743567466	36.0635328050068	5.61939929168195	19.6586045377866
15.4513754058434	31.2010444644204	5.81056080254975	23.1665968160563
13.4736213442331	32.3345784576906	6.22764277706521	23.2980469626434
11.1401834122916	35.831490371764	7.92634662594037	24.6035730675685
11.1457947909115	36.8106099863037	8.32295652802016	23.5942725205183
11.5187664593567	33.1381088283682	7.81534113896366	17.1237854817291
13.2546225034629	31.9339672840741	4.85881455674539	25.1500075095674
14.1273873472697	32.9050380076822	6.16804952075653	25.8467627303368
12.6455718177405	30.9523232038482	7.35008029075287	28.8494015984706
13.9387673260977	30.4445738492573	7.20457057257798	21.4923622670251
12.2098488111967	33.8532030131692	2.8414911657159	21.0156520764871
23.1975544430636	33.8399739112729	3.53891594070539	19.5472464426426
16.3803712789225	35.8042276748081	7.70276125814574	17.4284860866733
17.3291938843461	33.6209461256211	7.16783402979591	21.9234289832559
13.8955155781726	36.8744888925274	7.25653850033463	22.9955905421698
14.36888646784	31.8670820667478	6.9470093535212	27.5404103380398
11.0564793883127	35.3856602383834	6.59822044067225	27.5851317969535
6.6809843363796	40.7355756326129	7.16834210834485	22.6056988550164
7.58676336780026	38.7802110020553	9.71706713530009	25.150549565798
5.90123721864368	35.6526601067853	9.6804424652714	24.2763468951327
4.88979471980955	34.9483984974322	5.84833687178774	29.1080961048299
15.9464974764353	26.8304950932721	7.74115745779745	28.6006169322981
17.5499777415606	27.0772897237486	0.961337600318727	29.4301453124701
19.6920952018268	27.6141535074676	1.99187017134019	21.5374380684427
22.5618461549113	29.8944407406247	3.84075106646108	24.8753496151387
19.9290171026495	26.8016981956531	2.63568965542095	25.6286019393598
14.900768391626	28.5487338169493	6.83831225714739	21.2599846703769
19.8879535955853	30.3782163453962	2.90416735778571	22.3133606714869
20.480007722415	29.0753517668633	2.46315671219703	26.1152986857879
15.7769513424904	33.2639300051084	4.76691440853795	20.2001596996121
19.3310380638858	33.5801768275848	4.69141252280718	19.1126871952997
17.0944973456307	35.1982064261971	4.13079341295621	17.9129041108513
17.7301973293169	38.9429706843509	3.45213693348452	15.3181618347355
13.5728662689517	44.3783816113462	-1.84232024461269	25.9653116299941
12.111104238286	42.0444288361212	-2.05306082132046	26.2607830198576
12.1668432031233	38.7170826479357	2.3789873305235	18.1976409553645
12.3489352394145	35.9977545827094	1.75596540121242	27.3649713624363
13.1938634272681	31.9730620800705	6.58767572164416	18.836126385173
17.7681464409457	31.0205672011054	5.43598070347106	18.8174869809433
22.5874099176332	33.4527563354146	2.03250172852894	25.4857366148639
23.4488225770848	32.3674810338791	-0.747374928957759	24.1285840248738
21.9951336617315	32.4622459852459	-2.90945282125377	21.6352268217739
20.7756450651879	33.0840094480072	-1.58820557699503	25.7212159924547
16.9344439407818	32.9172792168875	6.27509590553951	23.4460607844049
14.1850178023018	37.8855273195996	4.39783610807564	24.4574583562413
16.8013993944269	36.1938808717288	-0.440151219169811	21.5255852582899
19.8438098287806	31.0942460035792	5.61422362754775	19.4980524224192
15.1997516894357	34.2411213270537	8.06289136167407	22.7276753180643
13.8898778132739	37.2348679644204	4.05997183882902	28.774110396946
10.797765732157	36.714081076536	1.22131900027681	32.9284915110042
9.17949320316039	37.517974201276	2.59439001200716	32.8698422441039
2.29705484680534	38.8364489263774	5.64868780060103	25.1784186673709
2.08765224062339	39.5773933133029	5.64607079393864	26.021249244853
3.90158952035224	38.496137223639	6.66936385121043	26.1406385524824
4.39102072935694	38.2168159372774	6.68083345112192	23.7876448453098
1.52167649897626	36.7984609813099	7.34361681216197	19.9944525094651
8.58573874251281	36.9421864144297	10.1885973765044	15.9507193974168
10.5470880095635	35.3473367284598	6.34068470080332	14.1397391701066
11.1236648582938	32.2727672198083	5.62825515265526	25.0558564784025
8.78766478924928	33.3819417586777	6.76954275167391	21.7740454865943
9.34207117257019	34.5562961173737	9.84334609465439	23.3816706544112
7.50368445521939	34.2127972038025	8.99431802230981	24.3901937609862
14.1268647193908	33.8746506520188	6.72897837721837	22.9138115903214
15.4967117824696	37.884864690018	3.72891224839768	20.5856296685352
16.1877407932108	33.359783963655	9.19269826182207	20.8818168811405
13.809188276873	31.7180478525303	10.9623647759967	19.365560831782
10.418331842894	34.4628112587932	11.6213048924059	21.1626863681475
13.9971431223276	32.3789654494538	8.29485114909562	22.3584418619747
13.4163719387325	31.9335664355501	11.1174078229879	19.745502318807
15.7852187342298	31.3992644269847	11.0167076638964	20.5062043837974
7.55097177813212	36.422316762612	10.7586463624574	22.5221669120844
8.60168526184197	25.9425144526109	11.404955982496	32.7589311293456
12.4370684032553	22.3095645236657	11.3090703978995	26.5548707538379
14.3575719637352	22.3170165095637	6.87735028586533	28.2919621818303
15.0251445761708	22.7566581418902	7.46069497774114	24.1152467148165
12.9940358275374	29.4033211226739	1.75461187605005	22.7084309526505
17.5808246156451	29.3651003552988	-0.183276885807695	27.1516991308546
19.9179186359064	31.3467854099637	2.37456543587982	28.9115981612941
14.5390259790284	35.7641063445536	-0.00983745169685157	29.0821408644794
9.50302176404699	35.5400645477632	-0.127842172647605	25.8023020114294
9.24228480080098	39.3633077884833	-4.71968268980754	29.0121863388
8.44553703088011	38.2308248323197	1.48493214589148	22.7530895753949
9.30631315182161	40.9058310962091	-0.281624129651348	23.3764252786241
13.9102614515946	40.0879508498696	1.09913889987327	21.8106176352776
16.9095068595833	37.0791401508752	4.18313522191595	23.3222057934923
17.3082315189103	28.1751934182899	11.8666216265419	12.5112701122963
16.677751295575	37.4180042795337	5.73269101558341	22.0586346409349
15.328973777474	39.0928296413631	6.29375606819911	21.3730770070749
13.7219252897386	42.4683904972243	5.19982815301442	19.8995960833184
15.9804333125932	40.5144717566053	5.75482794510949	22.335023049419
15.5548038263682	37.0383197343294	11.0012850201234	16.3389539953042
15.9364731500265	35.6383739698847	10.3643525895671	17.6609202408695
16.3413681399417	30.5188802146451	7.02418170141024	26.8641501601345
14.3327050112676	29.1572662026076	9.43997714871508	21.5402088807818
17.4032359958183	30.1766441586434	10.8848253425021	20.6606798946143
15.8078742414548	32.5065749664317	4.90898259911051	16.6909192075004
23.3357035375905	34.7695214416253	1.54233656621793	23.9858010447648
18.5163981817579	39.8883305571316	0.368015334716526	20.5341216496424
18.8371676976527	35.7872161546357	4.48260712096091	18.4747877539564
16.2735669852605	40.8754095921859	6.62263690769643	19.1684292014634
14.089144008274	39.9419881365601	4.04958723985633	24.8341281451797
12.1346458752325	34.2496695830695	10.834700891292	22.3738080053161
12.9550894117932	34.5812758499862	3.47956928658327	25.9693825586285
13.2589469385351	38.9385843465349	7.25611486059544	26.3805649464757
10.5181721053744	31.0113986538263	11.9984279963846	28.9624011605675
7.06839490087434	31.2895894146995	11.6023185302812	27.0781925388376
11.9798850980725	23.4682128069746	11.313251800418	30.74734653369
17.5058750887752	19.8551868471978	9.54674909563624	30.5570772633572
20.0047738581372	23.5233850499875	7.95403203228192	20.6489991145971
20.1283212203008	26.5061600811108	4.2775895924713	24.1075366114388
21.8346968997536	25.8599695006646	6.41579810978114	24.4906801206432
20.4360681769822	22.0702343709626	7.48690661162817	26.8771835666448
19.1131543621805	23.4093279910065	7.7690071675354	24.9814755287119
19.500897222432	25.3822018212429	7.39435759302093	23.7953069192386
18.9252816624785	26.0380440331595	6.58654962595416	22.5943740667289
20.9069005739909	25.0321753830925	4.45936848863016	21.3104863008583
23.1592167941561	24.716352938702	1.39848480799658	22.6449264013307
23.9272401573527	25.0053443941563	9.70407443695881	23.5045372735089
21.9720193494917	26.1616047235417	6.75896115450615	25.0824257707354
19.0999283695468	26.8784255128986	3.1424185854096	29.7458092990237
25.6059996671838	26.3566157746014	2.27423720879521	24.4749035580207
24.9314439767814	32.7163733291006	-1.82769053206046	25.8354626134933
14.2427432296464	42.9056562849983	2.4431349594926	20.8976779309829
13.2641331633777	43.3310424857955	3.09332971943892	20.5415358307371
15.1138380788154	33.8400520734613	5.74423368351405	23.6906390529512
12.8067145076798	36.0010936434712	4.18377971523743	24.3911368331513
8.8197901285471	36.3331055231691	4.00068862031613	24.4475806063614
10.4251689514344	36.9797240775822	1.6822361311032	26.2076597608641
14.569720646886	28.2626620899086	2.10567669814664	28.6170694609333
16.2874414469654	31.2897629830823	0.489578144242399	29.5964967115011
14.8433006577792	34.6829401396114	2.1724965390404	30.5671937909015
13.2495214324015	29.9905699611074	2.15611983017183	19.7321023425125
16.1262897331769	30.2112723796992	0.439057712639931	20.7550322311633
20.5833465305844	31.2179654513849	-1.30615965919338	20.4334025623103
21.3345814166529	30.3096932116363	-1.86221578329666	23.2844522411761
21.1306306507386	29.7669583990098	1.0318579234075	22.1061072291632
25.1879193770647	30.7970843004795	-0.638040147965521	19.539415961403
18.0342542394101	34.2283403693478	1.02235507554997	20.8958306240649
17.6691467934325	36.2328198348883	1.46121259013727	18.9847715322659
19.3439485681018	37.9544481478411	2.40585288664862	20.487777600275
20.0218548082522	35.5697100033763	6.80432090924535	16.0108517081386
17.952951129224	36.5285229273254	5.25269070974706	20.4275034176094
15.2419926070144	38.2086257847827	10.2133937787204	17.3970371992824
10.0730283352664	39.1986680615592	6.4797262150734	20.4905836971615
12.588013546173	37.5726492241914	4.84616889390374	23.6035292186739
15.5178599071819	34.1822930104056	4.53981699833238	25.7583907364446
13.2230038813445	35.0049351835581	5.56674804237993	24.9692302826388
12.1000334218405	36.4916633762127	6.77847113852304	24.2223271419245
13.3155824755987	27.1967299623879	9.60304394756358	25.4626438246566
14.3152946926253	26.0778630288589	4.95672897594895	31.8510269971703
16.8810507541793	26.7772287039636	3.7814023410456	24.1285321416784
16.7302246360112	25.8025909742253	4.39624016751564	24.3999919618931
19.3273949474263	31.2682442491578	3.92390779332287	21.1261540942281
17.6629914012729	31.3613730407014	2.92213419525737	21.945616976583
17.3827513294606	31.0910979295895	8.05998954698346	15.998130348736
16.8719422292276	32.342771964986	8.52086348911289	19.1553405052311
20.9834916096312	27.3510598483676	8.84939303608153	25.2539061575024
20.1438803421133	27.4391914568513	8.41960787880662	25.20806875609
20.6975020267801	23.9731057677089	8.99367918600756	26.7252211086628
19.8080858713307	25.5317520191546	8.03037429539118	21.3958151117472
14.0963819497354	24.9623910675222	10.7016385005191	23.2555825417435
23.2270627362681	25.5521899172428	3.74581903492145	27.6910468880592
17.8136605616687	29.3105104304653	5.65119553047383	21.2798461331231
17.0174161080235	31.4514823793777	6.98088434214854	21.0745541992641
15.5326211612281	31.5610904248504	6.08703890323207	26.3017516821641
14.2103747321833	32.4920913150506	5.25955633649184	26.862603242604
16.4254548648056	30.0054158199477	1.91081231244635	28.6987725487784
15.6536688091708	29.4430361915552	3.68948688779157	26.3589564180807
19.9894875469161	25.3430012156478	2.01308168168541	29.2063395664395
14.8909019301189	27.5559044081375	5.78778586161442	27.8305460637588
14.7839284869385	26.1573162522756	7.24520443427967	21.5986160197826
13.8202090033829	43.1859307885894	-3.37338883632697	20.9169056599258
15.0452993755851	40.0431196468113	-5.90291692483073	20.1937584050229
18.6862604986911	39.510391924475	-1.82165190504123	14.6709251713237
22.5040396986692	39.422347375779	1.82109244396535	13.4126480763609
15.4202872607429	42.5246091327914	5.70432135831189	15.6128427014573
16.8311057431493	32.0149980563331	4.87833156944809	30.1041309015211
16.199862157739	30.6142310046069	4.51039654452733	22.4433329037831
16.0931790683412	34.086436824169	2.64991231930421	23.3304791074002
13.3956128704487	37.0281967606805	3.99459994213525	21.2275576451371
18.6352973202417	37.3582486079484	8.19561824005855	15.622088693147
14.2220864040577	39.0167708059819	6.68346668097892	25.3652505058271
12.5168298235418	39.1452236467065	3.36677083829304	28.4540289005671
11.9209245392657	37.7283880474778	4.11970436605467	25.1444638973569
14.4688634559879	30.2926807372631	9.9477235242415	23.8504350925376
15.6601997438916	31.5427099508185	11.9565283534018	21.9901862939556
13.9076957962869	26.7564103786411	10.7540223355306	27.4232353659075
13.3621452486384	27.3150785723613	9.18807122206546	25.9062506346171
13.7375814189728	24.4201971015263	8.54336828851353	25.8278899155146
13.9635107246916	27.3234839036727	6.9617999619564	20.5940142585816
13.8599630552027	33.2620371053946	6.08714574898984	21.5541715707975
15.1553997634505	35.1515195113626	6.90164145731758	22.1678959146791
18.1351563570837	32.9144680979681	6.75457019439183	19.7892532273182
18.4034619156126	34.7122069851529	6.56373930125953	25.0131994645286
17.9078226398576	30.1321090460129	11.7051080470808	22.6763010059791
13.1490903730403	37.5618959789484	10.1459957327837	17.051034228957
9.45871276689198	36.7535449175047	9.77282525728519	14.3187756363051
13.610228701974	27.9861141409724	7.08910452306421	25.9644541186407
11.6070496785112	28.8051639539847	3.84474979585187	24.4700662006241
23.9963902590448	25.4496083608411	-0.223784928829147	26.9826063713295
24.1422017395148	29.5639256665634	-1.9910833066659	24.4578979363901
17.4704825004214	34.5562582383185	0.543231939491449	25.5631673366911
16.8076081095846	35.8855587386624	0.455156919192452	18.784004099632
15.202149103509	39.6459407804632	0.86694780562066	19.272362494356
14.3027603870572	38.9764650471606	-0.255355361737381	15.4605161804121
