18.6954313183963	41.1055988752764	1.78816931775157	19.8137493140884
13.8730406610586	40.517123670866	4.14654275199113	18.5155191011234
12.984013494559	39.1417211181429	9.81381090856287	22.9481213828566
12.344055233572	34.679822188913	7.57738362945022	21.7772673266026
12.3006741079021	35.4180285433473	10.4823531591245	26.7768109770847
7.26286449944231	37.5026349023205	13.4245609879881	22.4149846427983
7.05183906178973	39.0145925219965	8.53531194855333	23.0908411227047
7.93682909239262	39.8392401539584	9.98089068806604	25.1463712144524
9.34111592826217	40.9593345054871	2.41642371129441	26.1304980392107
12.9546897873651	38.0273248225509	1.88103714218905	25.2768847594509
14.3120541327949	38.9916330285501	-0.500969733515923	25.6001985721196
11.8615080180894	41.8698347672792	1.72608452994991	22.9465107169173
12.5233171862244	44.2418982263147	3.4463681897097	21.4705432630531
8.09798520792985	47.0826891303755	3.79806789661384	21.3358867266602
13.7761293476244	44.6853677457799	2.15015058484462	19.7994718309005
12.6392487655926	45.9580822284003	3.30071488214926	21.6462024649153
7.93323289151095	42.8463066303595	6.05300748422654	23.5372141354047
9.17421062095864	36.9987593013286	7.46413940272499	28.8203137354639
8.12788518404137	39.2145238427929	5.52825748781408	29.192812419256
11.7935186919806	37.1811184051733	5.62008342918866	28.2812047367406
11.1400178607098	38.705912714794	1.82280370568683	27.7865777579848
13.6831463117083	37.5096360854504	1.67349402163004	27.2839213636442
12.2222848426099	37.9477770317518	5.17197494095095	26.8257779886645
13.0069666050087	36.2250435617557	2.566515660195	25.483726926577
13.6151377033617	38.3738535620511	4.83352533955307	20.7913658646202
8.71905972361682	41.2316204860236	5.2447146028232	21.4644411471088
9.60133013875518	33.0723563578341	7.42490083326942	22.2197743839931
14.3029257830424	35.7285234189022	8.05422326897627	17.4951114694476
10.9516641258269	47.8915249387873	8.19163455132796	16.6893994727352
3.90591343576029	47.5843011308693	9.59326500725733	20.9419017593239
5.14790471783758	46.6960420890449	7.01952354783117	18.7994605961351
10.0243517879929	44.9223492772056	7.00192268204136	22.7433840151325
9.04527089384602	41.3017876642929	7.04217533591987	28.2862395504626
8.90875523199446	37.3179439429049	6.27127458341978	26.822391187919
12.0415426765831	40.2388877211937	5.4190495692037	22.1300305704021
15.5907643675651	39.0494385326983	3.31785328520223	24.3188779403821
16.6332150918612	37.175433073612	3.34727560387291	27.7596903289878
16.1437460927599	37.7263881966488	3.56705893640282	25.3542688673414
12.7045820358515	37.8737488074455	3.35769813016625	27.0244279176207
13.1565817112756	40.1475623346715	2.40027506115362	26.8483153227605
11.4766739066442	42.2342970277414	2.83074179948258	27.1486339291219
11.0524095513896	32.7385340855944	6.08913241788857	26.5560524274256
17.7830719466334	34.1696307235778	7.20174460718754	17.7857509013963
20.1374599298475	28.5246239062551	10.5945659580853	18.7448416734808
20.7833370506455	28.6537136482227	6.96438154096042	18.207503695325
24.3540528403287	33.7136629899603	6.45883452321209	12.9527701074403
24.2587905643199	37.579134414675	6.14215226292685	9.14796693487319
17.0987574983929	36.3111434201698	10.0848357444133	9.1779316039316
18.2056600219516	42.2638052404454	8.85318785517915	14.3252170389866
15.5493974456865	37.1890670538564	10.2935250856306	18.0824908735656
17.184569511787	34.8079460440629	8.68423099008828	20.4532465543934
20.2735074239935	29.1273319882818	8.75687169025326	25.7931637429258
19.2938266076428	29.2214961524592	9.24331554255867	24.4929947185709
20.8585826593573	31.133964228688	7.48457342796261	25.4165460445345
15.5919620751969	34.9713113412011	7.3559126795959	27.3699638620216
14.6421221142062	27.8880468892882	6.49389015684233	27.168056615895
17.180062491075	30.3122967636734	9.69650238671868	27.4652529902832
17.9661877597966	29.7242494385941	6.96047177989729	27.5058182840311
21.7340658529426	29.0759040102796	3.91177188571859	24.478486890033
19.5159505896434	36.8862161251433	0.215524474324951	20.089855581106
21.0917331401422	37.7985217085567	0.3720963846953	23.0235076839718
20.9874024902222	36.3199265150252	3.68839380414399	20.9475634488586
19.6698346905162	39.3587451116788	3.28486783318786	17.9640237513576
16.3730153526547	42.1079276260595	8.40235129125663	12.0090272678148
13.2913849844034	43.3902164586495	4.64805732904581	23.6423000863354
9.43638555253495	44.9412188158046	3.59900593985928	24.50859119584
12.1332849403079	44.3095753049579	4.8494331621811	19.2905651118691
13.1537105929137	46.0608975274525	7.43094505485976	17.2359600070688
13.0762858688188	43.5209586596947	8.86298083708736	18.5437735596185
12.8805805563599	43.7412166161748	8.73989851660737	17.3927500639518
15.1903034025818	41.0349936220179	11.6270631755226	13.5259604258455
11.9593069668153	39.6599489364045	9.88227219015254	21.4528416756901
8.25696401309836	36.9804388162629	11.4664618517406	24.6194495392134
5.73033711185298	37.2125390570454	6.59933591138934	28.7821249647867
7.21707607278744	41.4289072350589	5.0225699588762	30.7188257890922
6.5666838645493	40.418840701132	4.32775238193092	28.7344477114086
8.78869219132073	40.0923444860742	2.96172981307879	28.1930582894926
12.3485073911385	37.226582777991	-0.954019371284897	29.9243690441267
13.2908264100808	37.8292416570927	1.88157442189258	29.563041560289
14.2569433171051	32.6475604042154	6.3020211577684	30.6545531098357
11.6700942904796	36.3631901167214	3.49436497727856	30.5022210232539
13.2853896119302	33.9222319758991	3.36111828366332	28.168491505164
7.77120723804074	40.207962180444	4.91376020984166	22.7122885855691
10.5762147907479	38.9021959874199	5.69698695694433	24.0309137738264
8.46472507934207	44.0509115972549	8.14387808600419	20.6505930554799
7.97506202581276	38.8069533907425	6.3151005897275	31.3563538145694
7.35146931680398	36.8088418386192	7.66071201109713	31.9930792752142
7.78499650282137	33.7265947615893	8.29539965512166	35.7503193665387
8.18183684673671	33.5487148487538	6.50820409401109	29.886471637202
13.6970441148723	29.4402581840538	0.909924468672461	34.2503958096785
19.6073199757955	26.8576508529389	3.7567141261162	23.8660042333014
24.9842368912413	27.3929807666209	4.87974212786423	15.357432651625
28.2319816969129	30.8943023312643	-0.127586055991635	17.4262708274112
25.8531357067431	31.2250434204881	-0.495546111959043	23.7004024680118
23.6526884637272	33.0134704499327	-0.503312106308474	22.6002985153082
25.6789385900624	29.837942720822	1.97145329966687	21.317226798161
18.8154763170309	34.4469006484274	5.88174444693366	16.217204423043
20.2097708025317	33.9235888494574	5.71723451877277	23.6955352056242
8.69734757499052	41.4943195863353	3.55777284896782	24.5317440102038
12.8294659639027	37.5893546827678	5.73755673799188	22.2382123937914
14.7306958070714	35.6064608390984	4.71103875175892	23.8174705429875
14.9478432215909	36.2583767992866	0.959594914368423	26.979971003154
12.1800257005305	35.208320819739	4.44858226799879	27.4568267706581
11.1072795760498	37.9055468476971	5.61099000900977	23.8552312207444
13.7489484801919	37.6831041983512	6.2399048443908	27.7620788171279
12.2406633706442	33.4143289930594	8.28722536195219	27.3606360539581
11.5988598067266	31.9013575866541	4.12629311429706	28.2516545964192
16.6816667695722	30.0618322712092	4.19493439252588	28.4761555480892
20.8359391553499	28.2005569824374	4.58900712275867	28.5060706884012
17.2877909549514	27.4265308135982	7.40870871423472	30.3370609644412
19.5295078853404	27.3579905385306	7.32377785101912	21.6621201823553
19.9743116801472	28.5148691546506	11.2898776085263	22.740235512465
18.4631297595152	32.1989324546504	7.31765926597221	22.2713400174775
17.8621717376919	32.1048348111193	7.37451269726504	24.6361116749761
17.2235046298513	30.5465388957177	5.55630591752005	25.2714915131278
17.4445720838492	32.7445057499642	4.46579003993419	20.032101359569
18.6598785405901	36.2678829737265	4.16591936033281	19.9063830992679
19.1706665229161	37.7621282940957	7.34724614869202	19.166412395104
17.3784940455566	33.8663871362483	14.2155339715649	12.8754260335384
18.5659564089907	30.7269736278151	12.872407721134	16.0937381774881
18.4121872520952	34.2176490337046	5.39824600090208	22.2718226234857
23.2561042620121	32.4083339293629	5.97245861744655	21.0828618939598
24.0315558514012	29.0569027904091	6.73616527631093	23.3675887689607
20.4515098282117	29.677455556711	10.714301834756	20.3603285281373
16.9942410845166	35.5724898072697	0.868803841286431	25.8364901575229
18.9826571159796	30.3444800722749	6.19191653830952	25.6388721751899
19.5982029379781	30.4246375826091	2.74607226397854	24.573367775596
19.790341142806	32.4986232430583	3.75964288418201	24.0429428992193
17.257821964768	39.1233867782431	5.31467228117271	23.4452150064872
12.8827730985914	38.2615168215803	7.17372950626426	20.0019382824731
13.5861830960281	37.473672431899	6.51271920927159	22.7945924522057
16.718857933311	33.0446768034754	6.33018756829672	24.580515173505
18.7252087124354	31.4113836931924	3.70462823256769	25.0850823878108
16.0850030534672	33.3374734807562	2.22629480959643	22.506606961394
17.8814374700293	36.1900546038852	2.76169832361004	23.7009067212029
17.1481928936922	32.0643216312104	2.76985668382174	25.7975148871767
20.1388548899792	30.526599473511	6.21082714983091	21.8268719341341
22.5847446322815	29.2786181386077	6.30382827241734	26.196074607706
18.8452442939637	32.5563552041463	5.75840010637045	26.4611144745065
17.2877839628127	33.2673101636506	5.6125058484821	24.5789658994841
20.2076552677985	28.0965774338715	5.64162499648159	23.783159830557
26.2199678125159	27.1259945966284	2.7240198057912	28.1786538226704
19.2466513442167	33.2709126185827	4.4945306230248	25.7801087494889
21.2873115858196	34.2520027001904	4.11377581514591	23.1805717175641
22.6659712439417	34.6199493847067	4.76231005615301	23.1886244310414
20.1325734105698	33.6559464392806	7.03079406325439	20.1997079444998
17.567906670629	35.9258541208877	5.28862815736526	23.534375748487
17.3037268891402	37.3734262645599	5.0679921384345	16.5923645944747
18.1199941054052	30.4591502285916	7.69759863171757	26.0874711332236
17.7154336310724	30.9674216519848	6.47472697315986	21.9977383470962
19.4462678786988	31.7131188502476	5.97739478514366	21.7284344229298
18.534117108555	35.4679401998351	7.07891071622484	20.0199792412149
19.1460585507694	35.5963373963767	7.27851891505626	22.4080125491167
17.1542076944245	37.677377187737	7.66451576189478	20.4867708097906
13.2825617692619	38.5892374051448	7.35260277373967	20.4761155072138
13.8239335968137	38.469613564637	7.73925861361761	18.7345861392524
10.5155793625334	37.6410854559968	11.5209369645519	23.9422210553878
9.81778194773966	37.5699640931189	7.61754230876172	24.9596142733911
14.9354649906304	32.7168324472182	9.58972121350316	19.2858704231212
11.1410510242609	41.4503579442607	6.45302845620341	23.3733602048815
10.3465018346433	34.0575421716614	16.9883481413241	17.976152544128
10.1707224107148	35.0465986734792	13.6059967750434	23.3989123863807
12.8488293036469	34.8463106734283	8.23686203034008	24.890069391323
17.0810920750666	34.337840044338	2.96587684402787	25.3956045499403
19.5891118471722	31.4895446053224	2.32785874729172	23.4893984753038
25.3785710706673	28.8100985512008	4.08170973956627	24.9278630372874
26.4712247908873	28.442013011653	5.31213455739357	17.4179596625506
25.4504182673014	35.0827802159546	4.59261200529449	16.182384578918
28.6283205526647	31.234360174737	3.38669790093713	13.1319250688991
27.7089049508336	33.4160506302933	4.22821898018121	17.5546952174046
17.53660037846	33.158131696405	15.527457122273	14.8008577863536
19.7529461241682	27.9619882788592	17.5853956521941	11.8915956336062
21.8170335476615	26.0557126798923	18.6266012271124	11.9664859368909
18.4861984423515	28.0019267075951	17.9541653827953	20.6464915678814
15.8122267126838	30.5609606628073	10.6271550964113	24.6934359505792
14.0896416140974	34.0080847496115	10.6668230161676	20.1236139565344
13.9864599927736	36.0611191459879	10.670200147798	23.6243758673991
14.3350506804437	34.0160034903274	7.78703818130419	25.9918374105176
8.56174629943072	33.4906523080511	9.69429454654478	24.015049352572
8.4878479951769	33.2660605487715	8.66486439477254	24.9781999847571
9.7270041891181	33.6873062499502	8.84013551992486	19.2369251271744
14.1612314875306	39.1309802009127	6.93237450382594	21.659660273979
12.7447955240564	38.7531245484659	6.59440999560911	20.9835947587952
12.452338484103	36.5363400913702	5.43384243528539	27.3812126513086
16.5487756746361	31.8858718639563	7.91460533502065	25.3689797622695
16.6086544247157	32.717686736249	2.28666625136443	30.9479661302799
16.6329964953765	35.7422417622812	-0.269078965175069	26.2974886255494
17.8621893413666	33.1719831300047	1.24682375142887	24.1447984546724
18.199776747007	33.2119418444371	7.75235224496769	25.0450066162858
17.5288468272733	33.1291047354631	1.1631177061257	29.1856745315233
19.5758632849415	32.7694055558743	-1.19129584148267	30.2264802858782
14.8913640921693	38.4149900913168	0.236350629737911	28.2324723074361
18.7398269545264	34.3201111600898	-0.202132529875908	30.1372366010303
19.925857680247	36.1120207352784	-0.196113581092233	27.0043255972942
20.6212932442567	38.1836446477005	-2.39696362890592	25.7314270899207
18.3685561488003	39.3424802432942	-3.58925545939335	20.2631913229151
17.2493787925615	42.382474062978	1.36663543685877	19.0022150307893
20.2178408811725	40.7266646635632	1.89171958774053	18.6175233896229
22.3607854259333	41.3206125931471	3.54593075166979	14.2920386476863
23.4389713982236	39.212918972067	5.71960382345679	16.481169298259
21.1194245082633	32.6984789889207	6.83943756123622	17.3142034444518
20.736209939544	38.623636715663	-1.47515941352037	26.2696742333939
17.1002538930146	37.7665822950534	-1.21663452370219	24.4958549141718
16.2459716489059	34.4642288998459	-2.92976165434472	29.9634588563925
19.0932564423962	33.8615689518891	-1.88609619143585	27.0878290850819
21.4855704816816	30.1579141812489	0.95709203450151	20.2764742649952
21.543377641547	35.1889957132718	-1.376511456943	26.2622900967245
22.874990745482	35.872932574773	-1.15907951371564	21.3448038708392
21.4922793717468	34.2890548209312	8.25986609788867	11.2655126268319
21.2973197874207	35.0881994600747	10.3738666115727	17.6523522635115
19.4556568050812	37.7274311362663	8.8030856983337	18.5827041221659
14.5279027531754	37.3040141240591	5.47649819399479	21.7919586678289
16.4225461813879	35.7607532279751	3.67915596865398	29.0711767341389
17.403781111731	35.8099171578001	1.43071803865816	30.8834524697699
17.1741986686478	35.0590200419478	-0.782414038316223	28.3139088349508
16.748584810439	36.8140432532582	-1.15079428010053	26.2743348863732
22.1871054538485	32.0733892182848	5.21180181841755	21.7587345658495
22.2604353081546	33.2626577245065	6.88209162777841	18.2155021693913
19.0370508971756	37.19040759425	6.89023593212694	21.9885009636861
19.1125262809476	37.0511165547587	6.08267635344772	13.7615526350104
16.4046727285279	36.1008022959143	5.45607526325865	27.5865987554029
15.9100550457668	32.9982069549469	7.62055406629248	27.457394216226
15.2988956305969	28.8039437155221	12.3563853877562	28.6931103771417
13.2903038117678	30.8936316482726	8.2118916031576	26.3731458457982
15.71095717897	29.0596452612583	7.90726451222314	26.9227750381397
16.5531778620865	28.7429167660905	7.58342100456102	26.2074322711336
20.4099465070258	27.9620167107795	10.5066873176245	26.5966022297226
16.6457727709255	27.0915478285529	10.5844903731498	23.433560575048
13.2348013411225	35.9683845046835	2.58208778386689	28.9382785432945
13.3811825219014	36.8283599797109	2.05624440765463	30.2875161842171
13.8719926155237	34.0528486916235	3.75264547063639	28.0795335484702
14.1928610305296	33.7796810992402	2.0576323395732	27.7980754134584
17.9952089142374	32.8261828475987	6.57691384356775	27.0975626627812
18.900618748225	31.5394225319373	3.043591329129	28.571146842683
19.9678905771418	32.9325740696325	2.66418489264984	27.6746092157861
12.1673067584792	39.0971318974225	1.30020380517904	27.0775453453063
12.0340171455626	33.2801866384554	2.94133259015594	28.1365094051012
15.473779963809	32.498857266489	3.42216904067409	22.157314184473
17.8416222162057	31.0094750774285	1.47055677885101	29.7655077350379
21.6700501874867	28.4016045878664	5.16375109504586	28.5664554946348
