22.7114381094558	40.3497286649798	2.37865582443342	20.5601774011311
11.6881746947814	26.034445797224	7.43448853690796	17.900096494196
13.9782146024265	28.2639124404084	5.74375490623213	20.9557674773541
13.8718163896488	29.4179558117591	10.412177755728	19.3265479555553
14.9408148573826	28.0673563912464	11.7357534294595	20.1603951569846
13.5885167615866	29.776296862384	11.0881354223342	28.5319189200377
11.99760254242	16.6356853077411	13.8393598367486	26.0285148118362
17.9990810049644	16.8008233355468	6.62446184233094	24.5753425174133
18.8191094728244	30.4814862092665	-3.93224297592869	26.2769343285561
19.6528718775274	31.3666253030008	-4.04690614704495	28.2695807438053
19.465623643955	31.4347951679901	-0.0187162809385892	14.6889387849032
22.2443303836805	33.9905095503145	-1.73961521267207	16.3211700353085
20.6904780789497	35.6205985199909	-4.91064233613448	20.3419823511749
16.1074064573492	38.303878843913	-1.89122648817735	21.8889426635824
12.296244936924	42.62692455774	-2.87847530936138	20.1113282128779
10.9466934967074	47.1651565714263	-2.1639328460985	19.5498059318782
9.19886737309722	46.6575412273402	-2.82596803550365	20.1218116179577
6.04920210495917	43.5630279212142	-0.53779271711352	21.1625598313755
9.04805345103956	32.677167769603	7.18971248436031	23.7150902147126
8.98227285081516	34.4577297186015	4.09484518877474	24.8975638053101
16.0295850313268	29.7123721754215	2.25675645841099	25.7587264171017
16.7354599630417	29.3648964651878	3.77298109324463	19.9503577102187
16.6596049223269	32.3198490812831	0.782751270322809	19.9357768634546
18.0520721140165	33.8153632393095	-1.21624531355587	19.6346443542616
16.9519864775914	33.2605743024487	-1.90690500327287	22.9273310798311
18.0460961403999	28.7531562532385	6.82511255246686	21.4433505019263
13.693651245788	34.2922687750397	3.45154953523638	21.9443289800345
14.9989571628973	36.2250929755246	2.73178219876718	18.2486016842309
12.3015605558205	36.7583754459943	3.72178054079909	18.0890167167832
12.9131150834156	38.4200579718784	1.59875497296196	17.886494224747
14.4808119540051	37.2374687190171	1.56252153467293	22.943403048955
14.9504604371701	39.2812797133814	1.59538840908859	18.4224843785971
14.6474963777821	37.1319494804156	1.85706048073548	24.6304273321802
7.90882934836033	35.6862468656873	-0.211501419205931	28.4170456368066
12.2205001830504	34.2185380670962	2.51984723421954	23.4885186606608
11.6406086334046	33.4649363059227	4.11118904966301	25.7968765712914
10.8614790269624	34.2545847121198	4.78874628338403	18.7216164084722
13.9094227221375	30.11144025393	5.03862290687911	21.0048593354551
14.4391870214184	29.2990224180252	7.33263572489895	18.6109888819436
17.1539139827175	29.1882342892208	6.91017024211497	16.4354075966793
15.7863454236334	34.8688877937359	1.87058261437749	23.1991042439284
17.9940821388422	31.2045776359712	0.12781242216413	22.02250644196
18.930237055259	32.8606293937166	-0.289775686520738	20.4422667962757
19.1872374126373	31.6081636374956	5.36814725799893	12.594463089833
17.4326445855415	35.2431854162505	2.50779060023313	14.8873559079079
18.0500248767651	33.6622795205703	3.61981330250931	17.8634154589214
14.4679544115654	34.789657592481	3.57772582922628	18.3323746106885
13.2045200202881	37.6065614141393	0.0533083944072388	20.2967665183656
14.7630278897738	37.4132775745224	-0.190216369489314	16.453551161319
18.099757644002	34.7331654438116	1.01474435993334	12.8095372302756
19.2098341607471	36.7063290808597	0.457533156055719	12.101775230142
18.102501511993	38.5404563365752	-1.21407829534112	10.9634446043062
20.9503536700949	38.3777240962969	-1.73299669021027	9.55799911101415
22.4736413924702	39.3391006785223	-4.55741952129431	12.1915848406504
19.4567075063566	41.8210255429599	-3.2561399893245	8.18990889406729
18.9784558206734	44.0322170660515	-2.85823924756523	7.71158652867349
18.7462146606269	44.6310023425762	-3.02109413138505	6.76023206270851
18.2825859871665	44.0790431928516	-1.40318408852902	2.61513586730505
18.7746999685917	44.4917195957793	-0.502936332880151	2.91058734100715
16.858753770856	45.9341550960399	-0.352465231365156	3.60701444224799
17.0895143449144	46.1455148636024	-0.515784815162253	1.96204672763237
16.3612748907323	45.9401822861951	-0.100683908028032	0.945996262980718
16.6681329457209	47.0650303390544	-0.0411380832687223	1.54093777415062
16.7377380059369	45.6520835257946	0.0481154834247923	1.58488564838816
17.1499145330219	45.6937554367055	-1.40163499685628	9.56470207022557
13.6229468319854	46.4678902837629	-0.923921014747302	8.90701781244429
12.0877323960021	46.1626585090714	1.38465105083047	8.19870923397543
12.3423535781048	43.4589027852932	6.23499651199414	9.01838284358533
10.3119803787276	41.3476611098455	6.63292230099647	7.78252513362027
12.5615507535703	38.3001283577029	5.10620597742705	17.2595385401359
12.7180976149693	33.3029195027385	3.41101164085351	17.8701741756316
13.1544405579634	36.7353933578112	4.36550581398493	15.270941371719
10.9227670993723	38.604644882443	4.09211109345731	15.3817721900219
10.295484238898	40.8369616707289	3.69508508313399	17.2936103111648
10.6724554911606	38.4449308556258	4.01105612004128	18.1261132742035
10.3383044287241	38.621112362174	4.27237714767507	15.3870245689283
11.2771484975551	36.3859146505497	5.8636788594169	14.7062604679403
9.0548288390948	37.4708570306887	8.56820851066307	15.6017293252696
11.3096198553858	32.3435950378189	12.6888192558211	11.8451429072481
12.3321629127195	31.1993337055901	11.8496248205774	13.0923809979756
14.1432057714728	30.5171101138985	9.47759543644491	20.2263167973322
11.3114530951786	33.6851665531555	8.09586981876048	16.141303357431
11.7901496609655	33.9396324465321	6.92498396589259	18.893835850343
10.3484215049055	32.434258162071	2.1516882462504	22.9778671016222
13.1214465032459	33.0483137553182	-0.705009414907779	21.419245695153
23.6300420257027	25.6261774131095	1.560280511709	14.506853005106
21.1704407050163	25.3180460982954	8.99232708159283	12.3411997158681
22.3346263379679	25.8175560081519	2.55715912216723	23.4387076475885
21.2072396511101	24.8956115524754	0.935996958872472	25.8511625129957
24.3105206350248	25.8864717096559	1.23013728045219	17.5170687317255
23.9060408693202	28.1839662591705	1.43313928456943	14.1908832476281
24.1014003837358	29.3536270676891	0.303092962019987	14.7629431029588
21.3610891414756	32.2339546924236	2.17631124414588	13.6914941351727
19.4255575626714	32.0732312544028	3.71525191923688	15.1275091010069
17.6731893742083	34.185180968087	0.382539965101428	16.2431802108807
17.6448370373028	36.6895315170245	-2.76098696293225	16.4123341973794
17.8273033114301	35.5063164009732	5.85748618923212	16.675575430216
17.3544231861487	32.0578906600383	1.36417056855173	23.9836998341509
18.1249618444166	29.5316411493253	1.45411640696508	24.4906686886118
15.0319132355547	29.6497711135222	3.51275301829261	22.6016854398064
17.071954175601	28.9634016986153	3.36179354563266	20.6803331927182
16.1406884721986	35.5010583127065	3.60183600199918	17.8060207149036
12.8665555254629	36.6517062432442	2.60267458195326	21.4054460605456
16.7153758486213	33.6590514605243	3.57926797625137	16.4502940897913
16.0328106593402	34.1835970425357	2.58452592009642	16.5441153512287
18.6716467596898	32.7815939406661	0.0699887779723922	21.5720236545379
14.2368489213596	35.3345809556036	1.67564470530433	15.6558243173125
16.8065108999918	36.2622181540778	0.861320216091191	13.0401873554321
19.8186873968139	32.4229704491713	1.99622000788695	17.1862413921326
19.5327426700301	31.6066411570811	1.02259490003708	18.6720797445698
18.1432734543837	32.6449260683319	0.634520458227712	15.0708017588786
19.6015319703315	32.6285240695452	4.43780155543493	19.0678636424436
18.0361914035003	32.2786623862113	5.18168473540129	19.1081907347362
11.5683135768469	37.3553011740148	5.38237187469633	20.6196892835435
12.8518624213595	35.5546231843696	8.75183650122183	19.4353525876314
9.33808923755547	32.4444281550609	8.61658079379397	17.4030712619671
15.9309223164979	26.686377130311	7.83036086147453	13.9126525497341
22.1096254150558	25.3017874404851	8.17237318108748	19.0647047307158
12.543776075932	32.7409875886465	2.91910500861187	25.6627951858922
13.8919421092573	29.7636973052487	3.939592063555	23.2888159987874
18.3464458834345	31.6155538005279	3.33083527920532	20.1676856633464
17.2245900755221	35.4925649073431	3.61740546424441	19.0330585232193
15.6642324620331	32.5979180722953	6.52986247681581	18.9080641512016
13.9408616888326	32.7739814780293	4.24730467035004	20.1441205335023
17.401330896418	26.8242635137226	5.05279315758996	23.606888621429
12.6215895351465	35.8977625916537	0.854802965806035	19.3920853220281
16.2504366731713	32.6042532340448	1.32738945735424	22.6628297100198
15.4498479648237	34.0010631270828	-0.340058382509363	20.1390468296427
14.8480544041535	36.7122496861858	0.170246928460689	18.2674864311809
17.0065957692145	36.3732099117573	0.252063363363229	17.7072791992793
17.7113920159331	34.3441063146925	0.617522069291406	15.8300165409278
17.6351173131834	36.758261438932	4.23523108593477	13.1662431762719
11.968937278492	39.9210653305815	4.35685485487162	17.2097600678147
9.1578886981584	40.5569771156477	4.49390246169269	18.0044845685528
8.88761342014148	40.8165244982408	5.048030926425	16.0586436982346
12.3290460069724	30.5099119324248	7.22586081088334	15.3018030994651
12.7867460721598	35.0417840327773	7.45394605185252	16.6575725006854
16.6744696341918	26.9927013096922	6.70767107876363	17.9890862838496
16.5498145336748	30.4962140714904	5.29393761869498	17.2602864061613
16.0757102903442	30.3733228167673	4.63448084316292	15.6026410048466
16.9258369032757	30.6655310743643	4.78306763230898	14.1713970659871
19.1396681722404	32.2347683247333	4.11066229651576	12.4847359599184
17.9184800085804	34.2013902542507	5.2146577743147	12.3029759868618
17.0018300602405	36.0389130352384	3.16487204062608	11.974184253962
16.8332608530742	34.4099598796426	3.42447142857207	25.1212504980847
12.4576160639704	33.9775233039889	5.44618538795079	18.807468862249
16.2163605170504	30.0066970122783	6.16821912002241	16.6724753003194
18.5029483611875	23.1883132734141	8.41324202601289	25.9368641902837
8.80700907747835	31.9745700830751	8.95318006981587	16.5297676758053
17.3851158355521	31.4109521150746	7.80178842334409	15.3023529118071
16.9290702374203	29.2472046684631	4.88728439782483	22.6354107582154
17.240579483413	30.5353033009774	4.45726063867354	18.9976917249295
14.3396956020378	36.9615446795175	-0.552541862560982	19.2636345697767
15.1992627362132	34.856303384706	4.47792519311407	12.847503649029
16.6874264343237	33.9895650970796	4.37048008789962	12.6314547303645
16.5989150572164	34.2123965307185	6.42632176536343	13.5094317602389
13.3984575711786	34.2353760491172	8.99248836339791	11.8426086845494
15.1542194204103	30.7949198869104	6.98035838989815	18.4100542868174
13.5308000271949	28.4802584521485	6.81042568343639	22.7750078863663
11.381394949576	30.2332282647839	9.65496352496223	22.1650762540714
9.01234482212193	31.0346154053112	7.1804793193821	23.3925235142426
9.48490557756476	31.1329852466616	7.10346291921859	17.4560453065895
13.2777599399004	34.9825100952904	5.56615032497465	17.6011489556208
12.7853647588793	33.0846286049146	7.29540406923541	16.0773356561986
11.0503118260821	32.1157537834444	7.79198251163387	20.8670364809659
12.1059347367899	31.8917620662325	7.3765695480991	17.75132281801
17.6284347525852	26.6623828318626	5.6808628131978	23.015473565108
18.2901906453558	29.3927676718272	8.86217576119748	25.1086528828868
11.579480149251	31.9563866894025	8.38577966733266	20.4970910001115
11.5605321400133	33.3530152489113	8.83187130171882	21.0327741104678
10.31611806175	34.0258134778271	8.54873317597814	17.1670099487947
11.3075629759908	32.0925138656725	7.24344892498485	21.307021761355
12.0646445148953	32.6891863934138	6.03090541741259	18.8706830312821
12.825416735614	28.9094665166825	8.28435560526706	17.6927907392047
18.3341598988353	26.4224079353638	6.24580396455095	22.7300983122534
16.4099374076193	28.7965000826883	3.83214265922398	24.9910409627746
16.0842782001861	25.9944848377276	3.1372084032737	24.5063584155122
21.5766612844357	26.1079498297553	3.8840715873048	30.5516436950021
20.9702004455671	24.1157152192372	2.67061667349117	28.5588025760079
15.042763364025	34.7971380056615	2.28093316255856	23.0025221696146
15.0162091353011	34.7412688375253	-3.7198525860848	30.9573658604304
14.5069131959906	33.3748106003541	-2.84061984000151	25.5046197045093
13.3099319027065	36.8890312861023	-5.69020105893165	25.9502907045615
19.3686376694083	28.478627054703	1.46690027653799	25.2437715436762
12.9828184233471	29.8535879945686	1.36793048628732	29.994912416887
12.9437760375865	35.2207715859186	1.80948840789626	18.2827442597863
17.0469726990401	32.561068404698	3.70087470381454	16.7478577727289
19.9295106482013	28.6271009340409	7.25571528064951	12.3249195962815
19.3727576568043	29.9274602231554	5.65910253222222	15.6943872854716
18.6547138330779	31.2040935248551	8.44370509412196	9.1388382664063
17.3615970493126	32.9428935227747	9.57930261649247	7.26187276030749
16.2466026291083	34.3168381161568	8.33802002629321	11.2424885864729
15.9366733705819	34.9686791703616	4.62207245016895	18.7344515832603
13.398484094926	33.512617093382	7.67382850014098	19.0738003599979
14.7615726323993	31.3501820518509	8.55267754046192	15.1412239430062
17.2340446513556	29.7932055444331	7.54704317825257	11.4595042650178
16.5429667768478	36.0108679552441	6.48047781504609	8.77369227274876
15.9017657753255	37.1900067271507	4.58831860793042	13.4935026538148
18.4961885169161	35.6214408206595	0.264258357856752	15.7350195400938
16.92110401597	34.9447989350027	-0.585685797163666	18.3998241104707
16.0390967600684	39.3919488836853	1.53741961442738	17.1236491886535
13.3144787232163	38.1887567400187	3.35775836373821	16.8321285985186
13.8420970493117	33.1448926046653	5.10353114924535	18.1261564985417
17.6972914288873	30.4087874994277	6.06296261766476	16.5971540693556
15.5565419948533	31.2253697277096	8.50346519326425	14.9026978981112
13.6109680674843	31.4533415522964	8.34507088353801	9.41230516528613
15.2604635052256	37.4545977839806	7.22303060024987	8.30580715311372
14.1984549814113	39.3389310680867	5.02167374363369	8.73109946404927
14.4667462288216	37.2550330950886	4.65796538397869	8.24143859763776
17.2079899633117	38.5939226395118	3.76610873269117	8.82206398035545
15.6019279112931	38.2024858056235	2.988700439165	12.5894396837788
17.5889172930895	38.2564276691883	-0.643210812590731	13.8380757385852
18.193298376836	38.2163629177568	2.63182953261859	14.3173914494642
16.3779834225512	37.7083905616778	2.40440457645266	14.4906502355879
16.287482946919	38.3621131692085	0.677417730197692	13.0216817648385
18.539564437368	29.9468807550499	7.51782088236176	10.1311860068005
20.3870038609249	30.6464522492881	7.76920837645683	7.4510782908767
19.6057969485638	32.8920433696415	7.52216769445021	9.92971638726665
14.9392288471801	38.2885080532226	7.43135807865564	9.70217314327835
10.732187862345	39.5733571198933	7.67236804240134	10.0432821837726
10.7776691805028	39.1059370796168	8.22877306063804	9.25633430419786
12.1639771703916	36.7435317462883	9.46222186825383	8.07397799036715
13.3751203614724	34.8752590365988	10.1084486072991	8.90383132029376
14.6498515695771	34.9317081119402	9.44160117340419	7.84446413411238
15.3254019707879	34.3877329152937	5.43400904222984	27.9531126799706
16.1150405678462	21.6638285963764	9.6682665937528	30.1425610021401
14.9897365570923	23.3187430907828	9.1943743579072	26.6586655446508
15.7749135343849	22.8426197630288	8.76001963261338	24.7265747746633
15.8936300050805	27.333491184665	-1.21395689227304	28.3147255469294
19.7581505436081	29.2611677329612	-0.734847609639996	23.5408130402857
18.0963624301929	30.2183838332673	-0.5341443538078	24.3251325584197
17.9891123377382	30.9051128045887	-1.05594640150291	23.9288373138203
21.2285300783828	30.2317537844412	0.0276852322804277	16.1250149468339
20.5037076157869	30.3207012646008	6.46839506393918	8.53811677875061
19.7360493863353	32.3729902909245	7.20528870057934	7.81730349358731
18.9342041515165	33.371355968866	7.86878899036062	6.09952377018984
19.6856620031617	31.5678972749631	8.00133142418518	6.21348778115119
19.0739916783563	34.6541571569289	8.51633990483887	0.806675759675741
19.0288984365885	35.5750716087903	8.77302771140506	2.00164701112518
19.601387877285	33.9072977152755	10.344983283928	1.83813353231561
