20.2833376733723	38.2487375719746	4.14098080827568	23.3269439463774
11.5577108717682	34.1768826741999	2.93869247541477	14.8950842524218
19.2627341665061	33.952683370463	2.95951070079215	13.8243135097549
20.4133301406832	34.3522891493016	1.37524509276252	14.4440861670425
25.3511936256395	33.0330364444994	2.60784711866383	16.8168781168114
23.6303849837026	33.4386312677719	3.47403444242047	24.5155218734033
17.9450656378947	37.7592043957084	4.50459491519356	21.3397232636762
14.7952965414191	34.0410992413407	4.72991343136918	23.0660153282468
14.5400389100128	34.5387883661855	5.09131488687836	21.9844538611022
14.9901258126335	37.6276359355069	3.05541031902071	24.9811499885925
14.3586742123664	31.5610084344751	3.0348697445533	22.6529225608044
19.3543083166091	36.3827983790196	0.933569461395061	18.2420388579519
16.7602211438438	38.8067589757335	5.66396970889441	14.2724529415901
14.569556705313	36.9463462709586	9.82503391026009	18.8665371260097
11.3370625975002	35.3150011995944	6.58559793618039	27.2017993625923
13.5402170180657	27.4307299002125	7.28261270106301	23.9092150589314
15.3483405707395	28.8878833775541	7.13815034611613	25.4151681324329
14.4967907151667	35.7958204183408	5.61158569867992	24.4068502504901
14.8635527617645	34.1444801769229	2.798007252704	24.7983091567234
15.6376150064232	34.0619224400269	8.88626013517717	25.7468288004862
14.4399990619277	32.9255961845972	8.38297971717317	24.1125670486611
18.1135291093905	24.5601555354613	7.52892628182679	24.1353654204686
17.9105101035625	32.9961781669224	-4.11659998732193	28.2220239105734
17.7499983118488	32.8540486669201	-0.356468534209323	19.6724158625218
19.8747895228001	33.9346112546781	1.32333490613799	18.445505190837
17.3546248896303	36.6094479935124	0.446642945813296	17.3007322533327
21.4580771816284	32.1140618071375	1.4983625813937	26.1400243101851
16.6754227714003	35.6931268806736	4.34248442297538	19.1671745248582
19.1832918235595	36.3974178834057	9.57982066090457	19.7553639276937
8.33222023475219	44.3202556095045	5.31181552876376	19.0498475149132
7.65701685005885	40.5181183537507	10.8663662845328	17.7370264544941
10.5677255932064	33.9335608496859	10.1505004094102	25.1041634311758
14.7940235321934	33.7936757140103	4.87768442760087	25.5332913620058
13.4109769894335	32.7772508895266	5.52796098328061	23.381609191323
12.8448978571746	30.8964868875462	7.86707444273732	28.177244678201
11.260776433261	31.5009820086936	6.78320251275667	24.8923982871427
12.8134542779433	35.5771452559212	2.17475402490774	30.864589341511
12.8764775246682	37.3792405242443	-1.95536398976886	31.8487552040482
13.1852181011219	34.4039077064585	5.13809478286389	23.0708681206616
11.188089855105	34.7982755079497	10.258511131664	21.0022126151256
11.6858535612535	30.1646873689819	7.12886133141551	18.7534152997443
17.056552530599	29.6199149321396	3.87287574264887	24.2758921162375
17.8780886222186	28.7765608711314	3.689210393035	19.8615438049809
22.1822806930679	33.8836338096367	1.06156946535889	20.9559082681154
22.3250052949408	32.3672329149104	1.90492982803776	19.175785195439
21.3652616028668	37.028576194357	-1.30517199642089	16.6312055544768
18.1324140622275	41.394134776366	1.50698321435513	23.5310189733753
18.4476724843111	31.7603042637922	11.6399336620191	21.7994990902535
11.2438588760433	28.5499349541588	9.92938304226416	21.9108389258599
12.5164458489681	28.3208195881204	9.75017439393692	27.0140032041042
15.4781200441957	24.7015506115361	14.1496265131709	18.1138335414386
23.3190276898673	23.3683552885828	7.53096385968004	19.2993904830288
22.7439927779684	25.0932595519749	6.70069934909319	21.1060275852423
17.3658940240819	33.4946241424246	5.52108638939338	18.0409197758626
20.7104329413194	30.6337951388037	5.04652075004658	19.8377760768729
19.0816509814423	32.5337536332355	9.56175327320415	18.1347717382338
15.1282327037726	32.8531244939264	8.11178817964512	20.3459274304251
16.3645796294896	34.2047504345802	5.82788132064617	24.25373048403
16.2362843473262	37.3209361352845	2.22773743261224	20.7965173020571
13.8155120984472	36.8521329964881	1.03463922368678	28.755010939506
13.6491098466894	38.2711041086669	1.98537609771799	28.3861132977967
12.3326973230639	37.8078434909079	4.32795725096278	29.1954064641459
10.2687613583091	36.9585068467389	6.4776556947216	28.3338432060079
5.05270838653066	42.9763796119321	6.68762198691984	29.6116258366298
4.55362042901212	40.8338384288408	7.65466210764171	27.5566152173701
6.05747094109616	40.0052551208109	5.40984285301976	33.7849765270221
5.91829965190162	33.0526727349525	8.11028299852132	31.8396684418984
3.47665562360679	37.8909505116781	6.56498977599942	22.0750054352537
12.6212830012275	30.2559691019684	8.56323265688392	22.4194402014764
15.5052730219046	29.9385669728054	4.89664574042913	20.5847458448188
17.2757487137238	29.8967046191229	4.04960912541505	25.220873460632
8.63029458312266	30.724582727371	3.94797588292716	21.1608004424905
12.0426409899624	32.1870116808573	4.06942572175907	28.4593881125746
20.595521780047	31.7511813108389	4.74332076907394	19.970070860543
12.9458672086144	34.5299206346784	8.03267777013144	12.9905219764899
12.0863797955855	32.6127531541091	2.57464984432826	13.4553780382306
18.7444845987973	35.6163224311382	-1.47536088113158	13.5990792162523
25.2382694981338	34.431878255128	0.628199266675427	13.9991558609469
22.3998984233753	37.2938113602875	-1.30559985430311	17.5452816757384
20.3429532335416	38.3067587262963	1.20978235790147	19.1106541180398
22.7235449398483	36.998204027664	1.89916479203563	11.1147843346354
23.7975481166406	36.5894319132658	3.72240356903236	18.2221536977756
18.0291921295974	38.9947183888162	5.1747290896568	18.5076326142604
11.1338611070103	36.5408865956497	7.70263722599746	19.4155416345763
11.9297903386912	37.4115494353933	6.83618787178101	15.4908197601152
18.6071812321468	34.2602717339708	6.58459249385895	14.4091798757688
18.6693123594894	33.984329590261	6.77955074762883	14.8323488488347
19.5655336332366	33.0532420605086	3.07532905027769	14.349162641123
19.556810095366	29.336553147193	8.02054079607628	13.9951948226784
21.0963814364932	33.050645540188	7.89440810240792	16.6967689297231
15.0642783952967	33.4265436271195	8.80743132476805	17.3157323626364
12.2647710508145	38.2932168028307	7.76853498575388	22.5893333569776
10.4874043037258	33.0612454421125	2.96212208506329	34.6253113549688
9.85985760134673	33.1386661590386	4.29513450974658	35.3532614590154
9.16206905807915	36.4520184401757	3.92642096668489	30.6603019018469
8.1372416121282	39.8901126495896	5.27773357212198	23.4294949767156
8.92656620091463	40.5012954844163	5.17226155950804	26.5487517072954
9.1747010180685	40.1422449134211	9.30620607144165	23.2472697564593
10.7091781757717	39.7863327908808	4.88456158433045	24.1937362914032
11.0250970977591	33.9036207446363	9.58564756438072	22.5784571638676
10.9781138982931	33.3566432968248	5.70795951411064	24.6518275006291
10.6793963481426	39.1942629626073	2.79668355869226	24.9517436655787
5.38692453291171	42.4900305611561	3.49600054915192	25.4615209349048
12.8716759669537	41.0137800342339	-1.9636096000021	23.6050919011203
16.9378464389109	35.3934721780588	3.13536299762301	20.5312533897381
18.7235633298968	35.402185134074	2.40590475245339	18.366009130197
17.8557708469769	38.9782438466225	0.00653848387830802	18.7912603628259
16.8600624799753	40.1054467672381	3.52179611318007	9.99215772827922
15.3061245987217	42.0387996120278	5.64266193678159	10.3067507768619
13.8893456431122	38.4649864110995	7.739308103729	19.8071410036542
3.84772195237294	38.3916746863995	10.1568722210787	19.071212438355
6.00893377532039	39.7078061319727	10.7894238093547	19.1396974034378
12.4207202959335	35.5812574640815	6.80202467224149	18.9300407596336
17.1794839887409	32.8380473058515	5.9236624799797	19.9865090764532
15.8049453601913	35.3277227795522	5.75771569540536	20.378418286054
13.2883793985676	32.5786474231151	2.33201790944033	20.6351057678874
18.8319477780526	30.7478560204988	-0.333549874232427	20.3066617861803
17.628167275506	35.0716172368636	0.12966953373989	23.5037405096407
19.3412007663203	28.7401113030871	2.12009209364196	19.5167063205915
22.2007857674536	31.7667702526207	0.198447994585241	17.650806808872
20.6233455563883	31.9796481167547	1.47903916975955	17.2776504045485
23.873215983275	30.5640530777046	-2.2087403720897	17.7836140453017
23.6036751159724	41.3791576508906	-1.27936433616097	17.3397618411003
18.4407194836892	42.9537440897961	0.122253423813937	16.8550374169823
15.3350995924675	40.3017311115813	-0.0582550457510422	27.8368340508786
11.7389701877071	36.7495555999715	5.34911337004649	26.8848799294946
15.3971273157276	37.1636651765421	2.41206126220023	22.6560102844997
14.9417758054104	38.2936957834154	1.07487812460858	22.1612378302416
13.1518669515852	38.201893562553	-0.331067452077104	24.1004327421735
18.0787514891479	33.03280775818	3.23193834923198	23.3438959222014
14.821254920387	37.854359883051	3.72096749368135	18.5033326672502
17.8916367559557	32.7668914173819	8.66920343247254	21.9914915063975
18.8201805553168	30.0163020191803	6.91267549024602	23.097757319869
16.700183150563	27.6536162301822	6.83472742902224	24.3815587954582
14.5527599283677	32.7167002216128	2.49877537710701	27.0780758135158
14.0784864864273	31.6041459742651	7.01609936652814	17.1340748546626
17.6413028588148	37.9837808631526	5.22768718231921	12.4284593919273
18.4792580695489	35.9388846102336	6.13670865813722	15.3757223164989
18.8174688069656	32.6851713804397	6.82322641177555	22.8003226438837
10.9137561937208	29.2512665067973	6.47781777237063	26.7612443893829
14.5678606594666	32.6271623590204	6.24533001607736	17.4446119875789
13.4619565923722	32.3405467522033	10.8724128726652	18.2901485169592
12.8850953581793	37.2310043465048	7.59925242249947	19.8579636299918
12.1073425000584	30.9955367784649	6.09285654236655	20.7188397315621
15.60645666378	38.342155086685	5.72402886285104	18.6703857076102
12.4160639342759	39.6160980543709	7.15496188432567	22.9499022403071
9.41713560992199	37.2232296875042	9.09787504638203	22.7848831408775
10.9417126666765	36.6606960426611	7.84420194740065	25.9020796934397
8.78681660177621	32.9609699900788	8.38570813400683	28.6006584548711
10.7594665129688	33.4061373768728	4.2212668527964	30.0786402257479
11.1483769999828	31.8469810851154	3.97011696371469	23.917975810995
18.2288883022484	31.1448610869472	3.01066733907196	25.480753004793
24.2869214012569	31.9720776535976	1.44979736481607	19.7951705839245
19.2581864701076	32.1615444519497	6.97804716357431	16.3428706552988
15.6840104055892	31.1967703193603	9.87791246210626	23.3964303670347
15.4866121687774	34.4842090270024	9.03819399268762	17.9233866552811
14.1521544593234	37.5186290218037	5.42939305023438	17.9809845920296
15.9346347791223	33.8199732830763	8.17226252774005	18.0273733981854
12.7103272792889	33.3524728417454	11.2945013062677	22.2192531476846
14.7844365416101	31.4331688256992	7.33934484497224	27.7004763744947
16.7591153890832	24.7382824314663	7.28030699048731	26.8566942669173
21.390622894359	28.0092390630577	6.93137096106314	16.8161990191604
23.6665846550578	24.3376208052519	12.9471477806126	17.3061804251102
18.6718832507166	29.3199452071941	11.2097990374755	18.1785395747015
18.3982897519049	30.2918084121005	12.1720938003819	12.4898082849094
16.3787901813079	30.6440887608982	10.2063126846739	23.8719158102874
12.7039293641277	31.1867079588512	8.89492282564356	28.224075464164
12.0042689063371	30.3825981964826	9.82926691337092	27.548552209826
11.4561874178438	30.3285100717214	5.64893417131029	23.4634794633052
17.2411614462002	31.6860381704323	9.01593904780097	12.081254503625
16.9825535003296	35.0283668357447	7.41387556818358	20.5301094603834
11.1178615587963	28.0637833253655	18.2525944644497	19.5188558790011
12.6861218102262	27.0826521964076	18.5817348728799	14.5470681506099
12.2859462089823	25.5278612797281	16.1043957694421	14.4195817316881
11.1041216462939	32.0787521795097	15.3838939130293	20.8636937433971
10.3073054671313	27.4732732347872	14.9819555753595	19.1397016033648
20.6195784146273	25.1357296319824	15.8072974179282	12.4936219127267
18.3462108358806	28.4674110008549	14.3422021812352	21.7121061377411
15.1362737204543	30.2113975147746	8.17198727419564	22.3874361228381
13.4471359047316	30.1334893873828	7.0576235816953	23.7475126164217
11.605442162151	31.1288051524135	6.93256406103759	26.3033571287648
17.3865367092808	32.1733291925962	1.43283073045123	27.2570377170698
12.1671967135108	37.1995714544993	4.54104413948908	23.0401343061105
14.4583475445388	34.8513983684335	-2.94499146780045	24.7303784787863
17.8855524067758	29.2350304085505	3.29379302858421	21.8899905341886
22.4124314631979	34.282681713134	1.33962329643331	25.0753515221803
14.1888276733175	34.8118207675391	8.73911718594053	26.3739833007557
14.3175461667216	32.3869514280839	8.93913308884971	23.8077020047095
12.8868323040753	30.5003295062758	9.30732483305059	21.0318829848293
15.6230950229003	30.9792338044986	7.34814068182685	22.3412281325636
13.4450982314667	32.2199709640218	4.85437094812595	27.52818193429
12.2025297475438	32.4774687668126	2.87796009413726	27.5514211807321
13.9048722588438	33.7474402177308	7.18933711932403	27.3393581535567
15.623106257334	35.4417327742849	5.92345934537911	17.1220402554578
14.7442667707709	36.4716793516639	7.49446410664599	17.1700156439446
13.866986226993	33.4996906820673	12.5428213647564	16.9152495899588
11.8302321942639	29.7457397183898	13.7226693119195	19.727909688966
13.5973382150569	30.3397374484492	14.0687497981165	23.7346351383785
6.88394093794177	37.9283853331057	5.59414334357497	19.9287093280775
14.7823074395813	32.1746523808164	7.3115451350648	22.6556116086921
19.2475929140158	33.8328129907729	3.01953041887172	18.237039451458
21.7241123249978	33.1056737928183	2.69641818022139	23.7600611981858
20.9262479633317	31.767905364325	4.3007561359329	18.2714436918449
19.437641670297	33.0133085655191	4.49531217382829	18.5436781401622
15.6743492223185	38.3776862973585	3.49916188293565	18.3609534733217
16.4659138837377	37.7636935103922	4.72170614821081	22.3966310267467
15.3981833095848	36.9243631451871	4.4386137481517	28.8638950401735
15.1059099586542	37.3022086091355	3.91863633245924	27.8139214989858
13.7636954595823	35.8139101334401	4.07073526842035	22.771709870585
16.0766429458311	31.009544187886	3.76096902037155	21.4689849064473
21.7889313380731	30.0874533175851	2.35203108605113	15.620315249895
23.9037981133145	34.224938000309	5.17443755720559	13.8346680845646
17.8647935517431	38.8800012123425	6.08337063725555	21.1855478049447
16.8603519543135	29.8988253090779	10.0619976279475	21.2141879068409
18.904694149924	26.5066063143245	8.62588638078047	24.216012748232
17.8989353717319	22.688611283278	10.7748752214163	21.4551593442383
18.9892530672643	24.0717952263857	0.591584533561006	29.5033858655888
18.7232525585611	31.4793060392066	-3.30999593417389	27.5692873888889
15.5389146335572	30.5576675290166	4.83953826750236	21.601702221507
19.1087634607709	32.0987146003819	6.89263973043546	20.0541978904074
18.6028843731545	32.5817290853083	8.33540178959503	19.2563441661474
18.7710960009061	30.3877890419331	6.07099346233476	18.3192508351345
17.8849809179528	26.1651517251531	7.98544892279401	23.1628645289451
19.2416412019781	30.2206545589516	7.68304044916002	14.4288283470697
18.7872855209125	33.7064799676673	6.61442038753745	17.6676408993484
16.057534336142	35.2806555267428	5.25092688539741	17.7492479653292
17.2540696155628	36.7489233534813	6.59801017061856	17.3053254903486
18.0365390008664	36.5872155504727	3.67370003720687	19.088309183922
16.3895678570843	32.9500146529499	1.28762646464572	28.4818874759096
13.8477743729093	36.0613084047514	1.77485062722472	28.0659789056921
15.1270419850353	35.9982762487658	3.87896090684726	24.120858889339
17.5641554412312	36.2913258507934	6.22734277487384	22.6959054693862
9.88430562299373	39.3755450712716	3.45998919892645	28.5887280829925
9.58118367920212	39.1434365379765	0.407121434407481	24.5714539407558
8.82223073914223	34.5422496729627	8.38984146763184	18.8223277031668
19.4131038834847	34.6291726702533	7.27723678441216	18.8503330666794
17.3533888948083	35.2001367248152	4.78046560870184	27.2124429761163
8.70121783746744	43.0523562620396	3.47207190985505	17.4394333756313
15.8100022881512	35.8108173918913	7.15172460583525	18.5884713204471
14.4814968783522	36.1803805419887	6.90202410166996	19.4113997622249
