18.8186784834758	40.6665589939621	4.83987235814184	21.6748901644203
13.9196762205385	28.355241906811	1.1794870114027	20.7474333738193
10.2354503601241	28.819122105859	2.80343761576091	20.9769310435859
12.933254890741	30.5163814821783	6.41363303038785	19.7339448688199
14.7760895433405	28.6061684006836	6.02262898849757	18.7553542206643
14.0539857073256	31.2176307674509	0.0397350362407583	21.8964412581754
10.8505821464152	31.6083678436838	3.39100564072477	21.4220324124945
9.39155603791934	28.73806164724	7.09124027948659	21.0449294409518
12.0839423140687	27.9361475248187	1.83060612726789	21.7884157354747
12.903699936384	28.0321446725464	3.28627640811559	22.983893558469
14.4526489507795	32.528068161413	1.31830714197474	17.4769979915071
16.7707894732168	28.6397410785659	2.27328252506843	20.2832306841809
17.6077235316781	30.6058344517383	2.64715109712845	17.8135284329254
17.58469188017	30.4684908654709	2.71506978995104	18.7826207084071
17.307842870028	29.5829046577383	2.26503373047409	24.3432824756517
11.0905452377808	31.9137488878535	6.4728292396113	21.6524936375707
11.2057005170634	33.7688192221837	5.28022941649442	18.234735787896
9.55501536362753	35.3912155641743	5.68636905201686	15.7880832181633
11.0087502474398	33.0869290019174	6.29274074348073	18.4160219457944
12.551757834936	30.9263196630192	8.05775740258179	19.8058682516229
10.1115693241269	27.4098275158871	2.82581677637374	24.1277107176383
11.3659646047184	37.0924217346442	1.00734983547902	20.2855635014375
9.15999046075199	37.1658063702602	-0.586015534928126	27.87164269006
9.78294398455482	35.8377609985541	-0.339133349221234	24.0179625386671
6.57625807993708	24.9808160474817	3.02830990401272	31.8714173464403
13.5022049474962	24.4655178213118	3.83531671636286	22.1974006737881
16.9771194153249	24.0192473359032	3.26020566455571	22.1437052358241
14.5979882751375	21.3048881315975	11.4684539422162	22.249631746702
10.5298362713687	22.1657166502082	8.68208423431513	21.1273755273149
16.1707397284697	23.056555706801	5.74343329470155	21.6357256855691
15.3409263306801	25.608277828226	3.96811953920422	20.7551253970588
13.7730189099396	30.502687736827	3.39980926702343	21.0974254214081
12.7630800016587	30.8255613889645	3.56703134358473	20.8790263335096
9.49287237910457	32.2471773078085	5.75995547929345	27.8967506822074
11.470838108646	31.3771583059222	2.17199244486615	21.7207622768023
11.300283729152	27.469925388077	3.11575874695433	21.9889670291581
14.1907627243198	27.6796533600335	1.45540025266702	21.1192268673694
14.7860580472125	27.5597929851991	2.00165075431461	21.1894817378755
12.9238090826047	28.3227242736518	2.70585673613175	20.0359762487706
10.8154440251028	29.0367444717291	0.831014700081941	19.1002861205261
17.1934869427261	30.1979479126707	4.5509318652073	18.062218829437
16.0777714528089	31.9469648798707	1.28454680236024	18.4896029897876
14.8373627647196	31.0618002141703	1.03403965282838	14.7597853693091
18.0426949875799	31.6919793628427	-4.14322048913665	17.3094483924009
18.5231037431448	34.7798801824244	-3.33214489631128	13.1604735502102
20.0760776093041	34.8334533633372	-3.15108660962206	13.3063842008242
20.7619751545831	35.0363315696872	-5.29885076581359	13.9156749813792
20.7047253318343	33.1456313081129	-1.41488340114102	12.4755785595522
15.9325626522515	32.4336054480718	1.59790510415241	16.3756403464054
10.9367035801735	35.7384706686334	4.43859584500223	14.3361220925276
11.5594857448924	35.3413468740964	10.2682512776102	9.14035018205254
7.56242080634281	29.234351739482	17.1521095825467	9.49596654295533
10.6692125662014	24.8599529501134	8.20196187692836	34.1611479958294
10.4316331018881	25.2291875175757	-0.808104594748908	24.7884498853011
15.5762338467129	27.8329777816867	-2.76406714604094	22.4800716742785
14.681356331911	31.0018714360518	-4.11529257128893	24.3816316087642
11.1261136941258	32.8016210634057	4.10669188547002	15.2423018897383
15.2840916284597	30.693480338229	5.50081532828164	12.3624564572669
12.9874372606403	36.1970011035708	2.82771089264443	11.0590564534499
9.47913379252466	38.1837658032571	4.33481760159943	11.557112579476
8.49929113856896	39.255895015861	1.67848165121636	22.958323482566
9.45822120692229	43.8922389010741	-3.4450369889659	19.0549880146537
9.35036460633858	31.0260402663453	1.22120272807804	23.5463884394564
13.3004073425745	28.594964380321	1.17596611499486	24.1841296750069
13.4118924010162	23.540038886425	5.72735382130069	21.0629751789215
15.9670573239763	23.5026416123041	5.83274557839779	24.4025634764526
12.2645282703825	26.8546857752724	3.17875974943381	21.1023094272073
15.9526106119427	23.1567602235754	-0.592907402840184	23.2684243167582
15.7075179238144	30.8405436625634	-0.184010550545346	22.0935244204339
14.790370836527	28.4578694034298	2.07487854190707	20.0469861706623
10.0921317675606	36.9539034929056	1.55506397344722	19.9245350310483
9.43533482656061	39.463265666638	-0.288220690762716	20.0021443080986
9.28389808807665	37.716163903446	0.0682712479882177	23.4105150199392
9.65229132853217	37.2041886057416	-1.67364168042166	24.6763172427089
5.69485541680151	32.3437715940821	5.87765853790718	13.0442327594282
7.03063544133001	35.4535011867704	7.05362163932872	15.2290667065316
7.24927906453968	34.4125075106863	7.4035628746699	16.5726568976314
6.96818000686094	30.9128904463146	5.36429505798478	25.0720955710893
9.07057008055574	25.2239438796489	-1.12056930313375	20.8195017646242
16.4186302146004	33.2800931970662	-4.33910715157654	20.6127755143925
15.0985213571289	39.8453559270577	-1.92163695005507	14.1438490161918
12.4702984762439	37.5965683238316	1.88548050698086	16.3463552350789
11.8014961821796	36.7069157079528	6.69390609329281	12.8797620557044
12.2259288410144	37.1970672721764	4.8045458815032	13.0301049004744
11.5626439084565	33.7726539678661	6.55583382658375	19.993526684902
11.0950556937871	26.0402209786627	9.81211070674576	21.4027938619789
7.42869972324195	28.1206398466531	3.49587526564219	20.0981037458938
16.1309441441915	24.0813153758574	3.20118068928193	21.0106500692194
17.4273796218562	24.5282557037513	1.99010656658854	21.8834890297943
15.1427010891142	27.2589798540662	3.38154071580484	23.1294006357616
16.6427859062864	24.7692392898414	-1.58814612904699	21.0629927089933
13.5169317796771	23.1519894387264	3.16333246754347	23.3219379005339
11.6632974999261	21.8732482769217	7.77850037777661	22.1023944564921
11.4479274998093	32.0720115645479	3.44681627671687	23.7394987560073
5.13285102758539	34.464619892339	4.15180777297602	19.7242674125059
0.906350056015951	38.8206204205442	3.30258545563803	18.9622350279343
9.5489139662551	26.7290799451683	-0.18416359689771	30.9792534853433
13.1198922906844	26.9201760917593	-3.01684567606761	28.7069523879428
10.834556542228	21.3970924872546	2.70268432894037	19.0044058848522
23.2052775227981	20.9215647068041	1.48338456773612	16.1655834399514
10.0330203846112	34.0151152799072	1.46583065758872	15.4108512357944
10.64389539202	29.9933972509469	6.9245195984416	17.2293371128054
11.9347565506517	27.6895491982467	6.18782614961058	19.800142985585
11.8922427580513	30.8912828742283	4.24887297556766	19.3606248356428
13.742145183397	31.294465287332	3.69995047685721	17.2222554258746
13.1541136319112	32.1068476175186	2.58026307330498	20.3133481488662
14.6303686974432	31.9614339351882	2.99484425338947	16.4868538539237
18.41638267132	27.5862725602691	3.23008414864103	20.4187196811041
16.3641049130157	32.3565721521114	-2.94526672183042	14.1175138709447
15.9946177899064	33.2312262370211	2.32944058760563	12.5254924690098
12.7790765909551	29.6621995614802	14.3355109895908	14.2719787528263
12.8517736201104	30.7464773503174	-2.96735093422672	22.5032607111419
16.0540385345722	33.3429253640254	-4.71502950141644	15.8175926696779
14.0702036103193	38.5222347084102	-5.95055995507653	16.6453502554319
14.5761197318331	35.2144898834733	0.334395123659421	14.5496381525552
17.3485691451476	32.6471809215939	-0.828701900304507	18.8482428446508
13.825490877685	33.2739851223024	7.45831307025139	24.5196708024577
7.0966344969692	33.0584011009628	5.64477576875572	21.5643887350433
13.8781646078482	26.9921114986496	6.49864180014913	23.059941917947
9.45841639750005	30.0559582832934	5.52898482653757	21.2548884761617
13.2190385994531	34.6939272478718	1.95263893206006	21.1569755305016
15.6833620309625	35.9253833226705	4.97425066402515	10.4111322261804
17.6457193434033	26.5771865653398	2.85863479551567	16.9744764188716
16.3883714853581	27.7833114616387	5.5246395775926	18.4256701068433
16.8646494844723	29.3239605973917	2.24851789865105	14.642172741186
16.5534067446464	29.5525010100894	3.45732768512725	24.4091480075793
11.4239218267598	30.8131245508187	3.13421164287644	28.0428683648629
9.94214377006998	27.63310479078	7.22391961641703	25.4038021394794
13.0875022254374	27.0812079667442	4.32357136892248	25.4222305941207
16.487653559209	26.7902613942561	4.36423384850938	24.7994763108713
13.510482921537	26.3151019104147	2.73439273737464	24.384361869139
15.6807322637686	25.0943545577041	4.20227411469538	15.9826685528574
13.1224574143692	38.0864801468732	1.59185423083696	16.8719687120361
10.0171093055155	39.1670898582201	1.87549214145261	16.6677048969202
10.5407316907417	39.2416650593627	3.55418603900913	14.9616524092042
14.2253888126254	36.5241540826036	2.67920547287324	14.4194897547948
12.8529167658374	36.7087185184884	2.58725710102701	14.8688994944372
13.1046702575905	36.1464273056489	2.80640222953045	14.4263602298486
13.7470494739069	35.664220637291	4.54297678784559	13.9987697851843
14.8512046800284	34.7932525333998	1.58276917419488	15.4671038435016
15.5486816957967	35.2076665655095	1.19061705337386	18.2847182903408
10.6008769127914	35.4896593110952	5.20191058450937	17.6648540127991
13.6500554007675	38.5687407635468	4.76842496493792	6.30109806369672
18.487394006487	27.563889652336	8.59054820983166	17.4153144663354
14.3627584569686	26.096943465165	10.0310808713404	25.5546901962874
10.1831816820959	26.0116507680165	7.13855030619035	23.4902775037257
9.22475829343965	30.8428490378754	2.76231262992455	22.548799608477
6.70164727927839	35.2170054948397	-2.82097136675062	23.1246095030362
10.1062837997051	34.518334957163	-2.66348032121228	23.8907531505244
15.5781734417724	31.9150680241614	0.0388910800343574	16.9656796908435
15.3818212505945	33.1410511340581	-1.34364193818588	21.1727630082946
11.674013783852	32.6447114199035	-2.32962494578374	22.0718315225159
15.4193619889727	30.4607053079579	-1.71062293790442	16.9096041009826
17.9594314566006	31.2415488660879	2.15330538710418	11.8719851020788
17.9145688868251	31.0551651488602	2.91989769924271	12.4605770134432
16.5868360662654	31.4099094748049	6.49092282673657	7.73914625161375
17.2227997797179	28.1789039621613	10.4960274444179	7.68596905159606
13.1479842409697	29.8746464947722	7.34927258726522	9.73187094430281
17.3430884848084	30.3930777129875	4.67240387826184	9.52656828208668
17.562348450291	30.7327573914239	5.9587310512639	13.9092459330971
17.299699788169	26.8973125126371	7.31906420570755	17.1232124251251
10.8416362597616	30.8184300437727	6.86910279347518	17.4314395170804
11.0518294574702	34.7120180695315	2.97939712320006	16.117155861124
7.70977575910259	33.2598686617847	-1.86198970150589	25.4678594060387
13.6760279028257	23.626736789503	-1.16729766841874	26.2516275183443
20.1492363079031	23.5599756204378	1.68402837507638	25.4783698446262
18.0328848682855	26.9199780100321	1.69490108547426	17.4313345011469
13.1082174526127	29.1557797264583	4.70229664632744	19.8565196582238
11.575592036018	35.4528663085117	0.687326388583267	20.0168956746544
16.1315130209689	34.3914941922658	0.254131835083932	15.6304685956064
15.046959184124	37.0902809205238	-0.0155653360863326	19.3333335692451
14.0555654934398	38.0229763602483	-2.01856773259696	20.4785437492111
11.9209702431946	35.8695852532628	-1.63169053529035	18.7749300856532
14.2805991284067	36.5264404201525	-6.29478061019089	17.0552903374443
19.7917116209382	29.2331861385571	2.94410136382449	14.916178163399
14.7382712815406	35.040222400097	-0.907824560130202	18.6714657636145
15.8054276082997	31.9584448735657	3.17913518424756	16.3745061121514
9.79992535359759	31.2719545219889	11.0112721323749	16.2773564623719
7.18458055598507	30.1953656502919	11.4834000408296	13.8734107420829
9.7658545822003	28.0349563444341	0.447135940717565	10.9168290349705
21.8546089244993	30.0568106235816	3.62125228211473	10.6209821837266
16.5701368311027	33.6559092851555	3.182977319637	10.960338483682
18.6578775719766	29.4949011171436	4.73978538288802	14.1534249206317
15.2044410425603	28.7870316968499	6.30916414176938	17.0046300931005
11.7373771414832	27.7110706681585	9.40504010109261	17.4464685519273
7.32370557483113	33.8244215810871	9.07828402300967	17.1207793245496
7.80216108844765	33.4283229274479	8.07617114908742	15.6142810723985
6.53344269385419	35.7032260708018	5.29835361974616	15.1566195299963
4.70184942571001	36.7498044331014	7.3404122038945	17.5075517722452
9.73195623729493	27.6374809640847	12.1950057718958	16.7810224333825
7.94655643992241	26.1431484098002	12.689055621531	20.2939156151423
9.96917016461606	25.6471793038226	2.26305475495769	11.4902388222562
16.2142670427303	30.8897713453131	6.56762343868626	18.9969892905367
15.6235034950181	29.2687266853277	7.31164481048153	16.874907384079
15.4529293421366	28.6192930684913	4.2463595821689	16.6743689635438
12.2252493356065	29.6390236774592	4.66739940380509	16.8155556301075
10.2445556479122	36.9956563040747	0.0438674648089235	20.3399362730283
8.97166336417083	32.6688122104653	-1.45315255420035	21.0909179587352
9.44885471699865	33.4241369803057	0.505186511112985	22.415258899654
10.9958805582368	32.0277599532007	2.73805161323645	19.9781581236485
9.66447579605208	30.6438157905483	3.78547190633261	14.5042077383131
17.3637815557949	29.2417000525289	3.04053150774092	16.769096594017
17.1107474010341	28.8023679971353	2.37192970193104	16.7914313810803
16.3831932441234	29.5731450450362	4.92254843920412	16.1247509225748
20.1409978180968	28.5209548189992	5.19195035714969	15.85600796646
14.6636474359625	34.3390112922876	4.44731825725997	16.8948860871133
13.9920684687432	25.5848447492228	9.75347830677295	20.0717964829464
9.93503268031513	30.3516460825676	2.50579690875188	21.1739861956384
9.32810580046957	30.053879613552	7.01512359682923	24.6543273926299
9.81105238755377	31.4468488893461	9.28592105530655	22.4598606119111
7.22367195054641	33.5214889938932	1.14121718233903	16.2103655703545
19.0258376564216	28.322859453502	6.5727540657308	13.190389208882
17.4619441492956	27.2437359242482	8.57325370818489	17.1100197137982
17.7866640418416	27.8695885529925	9.14565813657009	15.8002248304024
13.9582167458855	31.4330118494292	2.50800209514909	21.7421726569904
11.8740161966669	28.3739311220308	4.32706786746347	21.3626075409724
15.7908471619847	27.9731294857521	0.0546946528620049	29.0182021799994
14.8088868769954	29.1207718793949	-1.5882198264171	23.0272889071641
13.3777714373681	35.7615182663314	-1.57623215584799	18.8738261470137
15.5581912030647	30.3003941301302	-1.22186315015876	21.0856906445263
16.6955073741446	33.3002411037582	0.780356923219418	17.2116708689866
13.0434274095158	25.6474554307769	9.9492758150293	25.4615333167149
9.48997007487816	26.5512867762489	9.63704775889278	21.9887380514303
15.0387244465808	26.6806503180379	9.73528541960627	18.7603448217744
15.4759134072364	30.6722977273131	-4.03875593691259	21.9209904715428
16.550922092579	31.5480019539648	-2.62334484929852	16.7390123935743
13.8738742049925	32.6146358639055	3.14625180849745	20.2174016013137
13.9039947468643	32.9866448245996	3.12950909500682	20.4993221561339
13.3832229414924	29.0368865445309	4.81113313594573	21.6098026467402
20.5033728710345	27.1165141694455	-0.614076211411948	24.064303328429
16.5834523362077	30.0155016335866	-0.378191324630801	24.3754272224909
13.2921247370754	30.1685888750468	-0.133960052036001	31.2761171945898
10.2245657402304	31.6954454271885	-1.84310978335912	20.59282106036
13.0515258829322	26.4782102177682	-0.603136888813481	26.6216592049348
14.9827363724499	28.3784454832616	-5.47344165154954	25.8603060549247
16.8242041660151	33.7716500535438	-8.29212218590111	23.6256250083709
12.9592212043381	31.1563694062474	-8.1697994231535	21.501338637492
17.4012049634433	32.2471711708172	-10.6466466077171	23.9505582267219
17.594289609136	34.6539244704666	-10.2761999030047	25.8310441267827
11.9639400294031	33.369253445116	0.743669859738569	23.8498535420782
