17.9085393411195	38.0810880523666	8.41166828125706	21.5987043252568
7.90755839025198	27.0994584581829	0.913687248900441	15.22383565081
15.7802228076012	23.8746139004841	2.13580457883716	16.2306351137491
10.1386225930583	26.7807745670914	-2.67226647894069	28.1940054979319
8.29311337887923	43.3224221802051	1.57335908523644	19.5698592478553
8.17180111871715	39.5655570825296	0.757421588756481	21.5618683693143
9.30054947128294	36.6725054144594	0.976770062911898	19.0718175149998
6.83572699729553	45.6286112818602	6.71837407515712	18.3324397919244
8.46409109342335	33.6083490838447	8.44291441261164	24.766527193646
2.82350993055336	33.6020863108711	5.27709288857657	22.1443806919745
0.743661823378107	32.867937598503	-2.20397740034607	18.2128799478999
1.64955660778406	36.5662668417481	-1.09950558804037	18.2340572335212
4.63234796136667	40.4906263931271	-6.48008357556599	22.5497650297496
8.20866896190089	35.2180684132118	-2.78487401837545	23.0007043260287
7.18192398513842	28.483178709409	0.183786155562231	27.6041412854705
9.25220081315551	29.1461735349935	4.61907723182604	17.0308653945163
11.5808748536579	31.2193848533411	2.52693774373994	24.8670547739662
11.4028822690084	39.4655111912493	5.34457327993379	13.1244874172591
9.43653943611529	34.2067728935474	8.58401381057876	26.4337027497314
16.4526384602297	26.4544256579982	10.1509100396298	25.9152195636106
17.0875605113483	25.9191124657715	3.71908469704169	27.185710535558
23.8301725510186	27.2897676981281	3.75592794973932	22.9321001513731
11.3076952726181	31.2448629250256	9.53790512407728	26.3992739037226
18.8085304860209	29.3531190863032	7.41034398328101	25.9505554018214
11.5928416217861	32.1695556870266	6.30306993152508	15.3486111717862
16.6997140009956	39.8664331952472	5.44580908732051	15.5013690121381
10.3306053149488	39.5533419301259	4.08021854507208	21.6231116594155
10.0017666828558	32.9823238538944	3.04214024417645	25.6215716857609
20.1529941969249	34.5416178713918	-0.128599504657653	17.1022666499254
13.9548204751383	30.4598617484979	-1.135322482169	30.1231428935708
14.9211642853995	38.540123710493	0.7129600446687	25.6006855555551
15.0929617519243	30.1200640552702	9.74694745282718	22.6428252514147
13.7858884582048	27.015176801947	10.0545109845054	28.6543916820733
15.8426331938586	27.3016312473826	8.39254846319013	30.3005114977843
13.7285000972148	32.2363502288567	8.45582011436353	29.3875845393747
12.5534029741165	33.6698168822295	4.80407022900479	24.1094760521777
14.4916008113036	35.8059165998688	6.08014165894989	22.3614965538338
9.89725711700189	37.2793066108549	5.04300728916157	18.6841649280938
7.12961943764853	29.4122296970287	12.2553520161748	20.5772970228108
17.2879974642959	31.5509079469318	12.5597498971903	16.4610788341037
22.4457389082901	25.6108178580773	12.471288005908	20.0357926023892
23.3034019088542	26.5826632303504	7.1284672208597	20.406613694304
14.934101789253	30.3222392011357	12.9161676181433	20.5848198145746
16.4567097862747	34.2914353777725	7.74329586602583	24.4262169124062
18.2587217520079	30.6181967993623	3.77628322599529	22.9700193287045
18.286882180092	36.6157621717436	0.93675699226631	20.206466698011
21.515455374978	35.7583071397973	2.87753417904326	20.3225992830507
20.2040364218815	34.0257027335122	6.43944600051674	9.43153377803125
21.1671480845238	35.0365274524905	8.17146707211239	9.75391540391453
20.0146378448481	34.3017101961547	16.7633096638616	13.4624387458348
20.4489915327663	16.9154891417003	0.575367129797111	30.5018385331527
13.0067863150994	30.1160145643349	-0.634133873778463	26.2021405710288
13.8395139731199	36.5190907599145	6.318045112107	23.0594660592251
9.27520433032778	32.317397609234	9.82955123348406	19.2164939077557
20.2643413280329	29.7787211654536	6.46238193393564	25.2912248768143
14.7312011886605	33.2272738752087	10.5543932785547	21.7887617480817
15.8386772858175	33.3299158418683	-0.238701782535108	25.4870085399272
19.6511948799844	34.8620624794905	-0.341469427518257	26.2643601025085
17.6842033928775	40.486002455121	-2.20879021586599	23.4970172102265
16.2292969063542	35.3770864118546	0.339731394826691	25.1787418342299
13.5634556284353	41.8689495899438	-1.45443744021349	19.7759954665825
16.6172923252165	38.5385504566788	2.23950813063539	19.075075533431
11.9872601900428	31.9023931786076	6.8457797659948	15.8325372125321
15.4338069038644	35.2771215044431	5.39891285299435	15.9703960428181
15.0099969620064	33.6393541441052	5.46558085517341	16.8448158310213
22.3367978434257	34.3687004128641	2.81376154105154	16.8397290588774
22.7691985165879	34.6883285646356	5.20346285485638	17.4316996544859
21.8687128566384	28.1395565164016	11.3492740333459	18.3504254975217
22.361164732109	31.7054234294414	2.55259358582361	19.7399839142191
17.0184530142873	33.4360380197331	10.5169304272328	14.6128884382727
21.1180125471736	35.1606340712323	4.03442461158795	22.1607973126794
15.5484771633612	38.834460927771	1.26541378908072	24.5123222440539
10.2153719820174	34.1861716013697	9.6396804741431	24.2202671072958
13.9788555875312	34.5453829554765	11.5117215145618	14.1333528702097
19.1414451235797	27.937338920675	9.14807416687101	23.364991660851
18.8184561603055	30.0529264604078	1.8593308016117	16.2586768122082
20.4124710312397	39.6210963916064	0.207592132015282	17.3995306066311
18.2996635405724	37.6022209394047	6.02480600286928	22.2136332732541
19.7103551358668	33.145550477434	1.20251542265374	26.0961892299055
11.4842263483173	35.7154968144596	2.08906073431332	22.431426353909
13.5442286225475	35.7189057821327	6.80768960441237	23.0247545108074
13.3548613184659	33.886604309819	5.73036765506913	22.0143605401615
12.4345618908598	39.7434514706955	2.98579357387816	20.606606261434
14.6865991249985	31.5682431461342	8.48985398798257	22.590355279848
8.41149154150174	41.2565537252821	5.36476178183991	23.3817036228423
14.3462813067023	34.1434798289178	6.67375071698237	22.5299404966362
7.56039112706258	33.6984135086736	11.6891138790729	23.1617587720692
11.4738546249147	29.0652211920373	4.54755709968456	22.1890910444498
16.1632318466627	32.541373458413	4.22461631466692	19.3814251185112
14.9360390482503	31.9113181389458	2.79977663632723	25.2201673024983
10.2115015019696	36.6114900608137	5.34316119950506	26.6786248574089
13.1702966718346	23.1026518319323	7.83579328823544	23.2815825424784
9.39330599163527	44.9437332903259	0.229284700194182	24.5328811253121
12.3262012397832	38.6563998953048	-0.354630049619447	23.1228552912068
16.5338184145716	33.959836007895	5.62163431539797	22.748069975812
5.95355597849997	38.7833964106236	6.77071599399336	27.4249317926071
8.13177667930191	35.0632700990514	6.66786000009291	24.5544231154318
4.87986329274261	27.0662366846204	8.96021201361817	25.5019909191564
22.4459726786988	26.0239594627995	5.74643193881944	26.7769732667344
18.5713154454531	34.2796462998833	5.89080275648867	18.4104579096092
17.1359689864145	39.5008269898898	1.54889291942242	19.999817085023
11.1058972505769	34.9317669745698	7.01948212085415	26.7323684064567
8.64055301638519	35.2513105414101	3.5894217448878	21.1883842669787
10.5339362674228	43.0535128247426	-2.25964549562299	21.1175278454977
14.8967915607223	42.3364924430349	0.86921297705668	16.7026990944639
7.89773149383978	40.6733498070822	6.58651130500185	23.5299168317398
5.71776299340552	36.2677880877064	2.51320432324508	27.0975337968959
6.89966415949394	42.3612840286815	7.99192513549345	26.9301053458725
7.85470271923177	15.3812188175914	5.65061535197886	28.4359402857621
8.09670390829697	20.0237646218651	3.66976224794629	25.3210898275387
9.2067576007947	19.4545134951811	1.51804930165733	23.6319887075473
11.6199672402843	20.9836413216696	1.68328208251248	22.3767794129339
16.2078554247535	25.537020384855	4.06668221678908	27.7081089270769
12.841253433752	37.4707119181335	3.28240669542556	23.6547761028169
10.8697874405707	31.5379319331192	7.70622604736691	23.5262036665387
16.7921261830917	33.110621732771	7.11271883110177	21.4778262718814
15.1745735566793	33.0175872525383	6.76008385277845	30.9600505523324
8.77123549796609	36.4020178018713	7.5191269104827	14.2331732597659
8.32876349834823	34.1982640812202	9.65111625497152	27.7193400601298
12.6326159958655	33.3330538319817	9.52565834741665	20.3892675564413
15.8830206899831	24.7242109162925	9.13219220121948	18.6665079659571
12.8919163503889	27.7309140025295	5.21881939261777	27.6663253534539
15.8393695449841	19.7207057451853	6.18035898660867	26.7142869804353
16.2840773456183	31.9466527783335	6.32856763732691	14.5197908805981
23.3344196446625	29.4427960388386	2.61943009895472	19.8941089061138
20.8135384100464	37.420019090156	1.57614833510196	20.358682842971
19.1435860086207	40.6746756611234	-0.0377528479071891	16.8506239565126
17.074788463497	40.594412700723	0.474688640449572	15.3760143863017
17.2871747332534	42.2557808844847	-2.60673288049126	15.9846339002337
19.9597507458089	34.2785575720024	8.54472485429855	15.9658892141507
12.8862577349788	33.333920845988	9.58211923929841	23.8515190740436
17.7061682700923	34.2595392230332	6.67530348696666	25.7269232540712
17.3917178738463	30.8277495119785	7.05345471812125	24.5046497471485
17.9068001746641	29.1661159992979	6.21539610674068	24.6969246542156
21.261416052307	32.3929293732376	6.78413555214438	22.6254958619661
20.0775249980493	31.3180675121321	6.69233870057852	26.7467085340053
16.5900747726962	32.143006035711	3.24511063380442	23.6890293394412
8.37891512432969	32.9708390647047	11.2256933502135	26.7823566437132
11.1700954270429	32.9433453582532	12.1677855912771	15.5641571278675
13.285059184976	34.2527339947558	11.8728180437524	22.0711572087471
13.48540113749	32.743555872503	15.1493161196763	15.8879691014184
17.782896780167	33.324418602964	18.4770454047809	12.1561119685917
17.8498796100951	37.4588559662697	-1.23207498237529	21.7182803065557
16.871645670127	31.8782797378164	11.9291500507322	23.41056658872
17.8591448138992	25.8756440028122	15.2630630224396	24.4019590493922
18.7142052114258	26.0197631930754	14.6395976255661	24.9415039977386
19.3930507345098	21.3204996861675	5.20215303345304	24.7730063747942
14.7484168595003	27.9082530615277	3.2050928351162	27.5292299672358
12.9379628779791	25.5079316459021	4.33527071435657	16.7046327034516
22.6381414611317	40.1913178193215	4.41888918578855	15.200334293008
20.058281319046	35.9525543431635	2.4151172793316	19.2239928969794
12.1864655301899	38.2297110700863	6.07379597172949	23.6625537317966
13.3783323481989	35.634187127327	7.32883171395128	28.1996962084763
12.4774961482644	31.396840680369	6.09524946164631	27.8045391530126
8.24559467490878	31.3737362837315	8.69537978312287	18.7294958749555
17.0126200324305	34.8574509186167	6.11023212662254	15.6780546725497
17.8521367554933	33.4688590046265	7.32115127188397	21.8969488059625
18.5401386052569	35.1979592726047	7.31632933001154	16.5189051502606
18.8453875139555	31.2051601132788	3.69736555451852	22.0957340158293
15.0552013384577	29.7901742884755	5.36196788859891	16.6490708939849
25.2720115574475	26.4706814623132	9.64901498366009	17.7375597208868
24.6467839795341	26.0089679140291	8.60495464952733	24.3539430405348
23.6454281805181	27.8100115401714	5.2516332944694	19.2099884264007
23.2686648829228	28.8542154485383	4.66503354787287	23.6382887507625
16.1929995467536	31.3216102521388	13.6230427109746	18.9079223554631
20.5982393545521	28.9667176247129	10.4892438591519	20.3794894505388
19.8912072439373	30.381853419157	4.65501249424528	18.8819380777984
10.3023069618199	35.1670877510152	4.24852266414748	19.1891089593243
12.8813115796935	39.8261283399008	6.52693218989955	18.1361936217762
9.48942485385868	41.6513398991033	8.45232219407992	19.8722743620543
14.1003283373201	38.4513322777668	12.2024972341928	15.7489282807849
18.0561577221796	33.1498189806488	9.82309355409553	22.472112643156
15.2408765120773	35.7110390575939	5.80164394104946	20.3723386651309
15.1808016257786	36.4321760573761	4.82210517072948	25.2614652224044
13.9017690088783	31.127377030235	8.36109182340029	25.77383526915
11.2336585326266	32.135260874398	12.3466180692948	23.8250282228669
15.9015594226965	33.2419555743517	8.0539842602137	19.0815678337915
19.8717863347918	33.0785315687616	-0.145110462668463	29.3386304699384
7.19972350569819	38.995034521803	5.00828846407156	32.1559277637429
3.356874443594	33.1618206173961	8.38473920559587	22.6270830533035
0.709093908090438	27.6085887471062	5.47336839454325	21.400087491608
0.0513084249934262	35.2689970395376	4.72209680674674	24.3985410309385
2.46499589985779	32.9910425363123	16.4366199387059	12.972917948754
11.4381793014577	32.6897287750584	1.74921037245618	23.8089327289699
18.6121156087471	33.9898387010039	6.90947339827371	24.3169850387615
12.2642330263851	34.3736223094623	10.2478456237369	22.646301517869
18.6690285811561	32.2081640193459	3.36541958667005	28.3178976329073
16.6791761173403	30.0153908708757	6.95391402049939	23.9026631911702
7.0208240503593	31.2546334025831	6.87354822214141	23.1563394664272
7.01540906032233	28.6615576764019	4.08419532505244	23.8709543325458
13.7226823068733	29.9027199438101	4.87905721956688	23.7619706239569
22.8247377975278	28.9150525885894	5.2312470444833	28.2480238305305
22.3402604225887	28.5123804359245	0.903253515427374	24.7564804421408
12.9322537009468	44.7406635161874	1.84406073239688	24.1862329496605
13.5589920441619	28.5137175433107	1.77202380403419	31.4294974602002
14.8505416085011	30.7650523530613	-4.10535381267183	23.3950123934357
17.4017985366284	33.2543117357711	-1.85654743666165	19.546511509763
16.8520905331544	31.1820076445421	6.18486801769249	25.0232776662614
17.1382100035121	28.150189405978	5.16354451592987	27.0271982560252
19.8270194412045	27.8779365128682	5.18513304499336	19.0463924203437
23.7587806156672	27.4473268286186	7.40570245162942	17.0574019960671
22.6457708550901	31.6993657009157	3.65297006618324	26.7453591839983
17.3058112094462	30.2873513507092	10.6291366878729	16.3990378006995
17.1812255795147	32.437197510941	6.32858663851377	23.7990853152232
13.862113202274	34.1246972427986	3.24296991472608	27.9122679363736
12.5455446252047	31.8321528530779	3.15190265785447	25.5776216494651
17.3697574333667	33.178574649947	3.1305142245765	20.6231782641062
8.87406412093884	34.4244214006273	2.93267908286501	22.6337953479761
15.6994371994364	35.8581822607568	3.24327977951843	23.2713892823841
14.2157508868689	38.5918836397952	2.73240732746264	22.902285864138
13.3017408744612	43.2107777631594	4.3795826119781	16.4932733913301
17.9089206981594	43.3553867292359	2.30950260416216	8.93605738476047
16.0812137381402	31.4794355601772	8.33377576314456	12.5931119938076
12.8659572276735	36.6292808338768	9.05527554167195	10.309044286867
19.8131687204801	35.4393651611344	4.87366200570439	25.4739891043786
16.9677650007442	33.6812156663273	5.09015898471856	24.4987770918184
21.9713069336422	32.3412811694722	5.39769001895866	25.3672158424597
11.2456839112219	35.9322437279913	5.94868159648985	22.3955307653959
16.2326474031484	36.1784938326671	6.74201507440342	15.528994901615
11.8462498222767	39.1554716042808	8.22425455406813	25.3540430472044
7.39837371840234	34.5011808741201	6.26306343211366	24.9688102302884
13.9492706696417	32.5912908791489	1.48076656750816	27.9469360060132
19.8755461440732	30.8488724823966	-4.73017241845631	20.8940868990632
18.2594131532361	41.8935120432562	2.22822619063178	9.5689244747836
18.8991288315058	38.6532742228284	6.72412298080841	6.29277983582408
17.1802693999755	39.7304534377455	7.2095415128521	21.2647117347693
16.3981625668551	36.1491549892176	8.51245186536848	20.3163704012127
12.3186004682701	37.0650292203586	6.95572661358903	24.7748153502101
11.2604868618381	42.3299761266663	-3.5386898137892	27.0542609759608
15.896818357683	40.480156141448	-3.10799347827067	24.9555680045818
12.7164587708585	36.0619865088939	6.39197821101987	22.9605391944909
2.00678895871878	37.3843610563091	12.2363959143578	30.8912132577499
1.55507993061444	37.7570301313955	3.9029544931998	26.0285139772569
4.36680696792524	31.1557002180986	7.67231108915488	19.8242085952771
4.4686597487813	31.2731321028477	8.22539741700942	27.7305182607666
14.7666247880039	32.3353754414247	6.3890816014472	26.2057724090677
15.1620292962331	27.7068391497273	6.83198976384074	22.8665814998943
15.1542278026033	34.9172614890968	5.94019584178523	19.0910968949002
12.1590853998258	36.4034491300246	6.46074009996184	18.2532083764375
13.6325601152175	40.8502321050166	8.60597448826113	20.267216154974
