17.8165373043606	42.3551445179275	2.83547775792492	20.3952375244688
12.9311658628574	41.8446616776363	0.61933912062175	22.9261664759235
8.10104721663319	41.1946911289432	1.52337528024889	22.2306236009138
9.43459240853764	41.2314037114271	4.84673939965439	24.3488279414503
14.7904300902523	39.8518165459073	6.37801869337502	22.2583340041939
14.3261276263287	37.9844768054986	-0.0817087207453699	24.9928486059681
15.5003261216872	38.6992061886572	-1.33563728280547	22.793299750308
16.5904204593927	39.8673144317777	-1.05910349873061	25.0539513061517
19.0232364039722	40.5533443005639	-1.415675308649	17.2825427690797
20.973417445958	41.8616169132262	0.739708574888044	21.4544788046203
14.8049294770605	43.5601526124218	2.53119911685663	18.0417589603053
19.4876462178141	33.6888404397723	4.8032627293289	14.8422166082758
20.0375814195424	33.5525392272938	4.59096836738253	27.0977305606795
17.5332121540771	31.3934096582819	7.04468987871901	25.6723018764979
14.7184534052008	30.498369290366	9.68716115959003	28.3533559231222
11.8126923661344	34.0737810710352	11.148147009291	17.0198179410534
11.8299557784689	35.3694214073619	11.6619757779964	21.999919925559
13.244593232323	30.1399638726927	13.1409977801521	27.1138457281697
14.9841081992867	29.4200889456996	13.3663165172783	23.1096046157183
14.5760833625638	34.6451083532401	12.5051604924921	21.6074977355589
16.0743568719991	31.269031082903	9.12216447677573	24.8844864841263
16.3385030208899	32.1097372092946	8.43482245443843	22.5153926015273
18.0063432929104	32.3324757808461	5.76211971880227	26.8038605250442
15.6365307264833	35.0865652937464	5.90446642975192	22.9968554204665
16.3492621859567	34.0153017699351	8.10627763876041	21.7812387918833
14.4169901514941	34.927605367457	7.30368494282322	22.6955262984861
17.8127892618113	35.6357197929269	8.91111336829284	22.4280634620757
16.6557867006755	28.4090279290654	7.89247997285941	31.0968814730717
15.7142251475644	29.5589289784716	6.7101943128644	26.3263777362576
14.4223423726487	34.0718373156304	4.86489984336816	22.7099448697715
16.0273847524638	35.135504963752	2.91422066050784	28.178203426239
15.408743154484	36.5043176982596	1.64467547721054	21.0588763384392
16.0011674182061	44.7713987071816	3.00947533389219	20.5236970779809
17.6527639907285	35.6199624435837	6.12267349229063	19.1866445707364
13.5988894836477	34.6980343740435	8.89627221709799	21.7684128698939
16.2714928182822	35.3871185331235	12.2671853736529	17.7349927201214
12.7845602672596	36.370464097687	5.68247104034898	26.5844866735336
12.6244947563832	34.7718234383286	3.08020887425263	26.4110466287878
16.0599690902022	36.7471369084904	1.87502111451381	24.6441478311526
15.3712769428243	35.4748265170883	-0.358940839642854	31.1392815645315
13.8619964177674	33.8170412625097	-1.9837649176103	29.2935026147148
10.8797577642157	42.4298983355851	-2.21479990270789	26.295767334791
9.85177839385279	47.8688522173006	-3.02808540775107	25.5319224382174
11.1212218285196	47.6435120684469	-2.72598365058322	23.3609901392279
13.2167306530878	42.7543530108665	0.505650226996389	22.9064249910665
14.8465614591383	38.2950965858322	1.24937363592677	24.5873166060576
17.7973905355531	30.3479719271398	-1.10429312875725	32.9324832277874
17.7142250883253	30.9993275210016	1.98697636223066	23.8366270490048
20.9031879688473	30.8397756728099	-0.116523512707618	24.1342018785428
24.7571018776717	36.5417132395202	0.0575868996998024	19.3598942790068
19.8966080398749	38.871614270601	-0.147730746260606	16.1579242462599
16.2644345407329	44.3941806665908	0.397002575033582	21.5645605419448
15.7193825350767	44.057787122606	0.758832817519028	24.2994329587079
11.635548141644	37.1798169212596	2.43566524949917	24.7597299304313
15.8173152301541	37.9077359563851	1.5557364810352	24.182594123663
20.3479733609651	34.5034337790327	4.09197693780839	17.848123884352
19.1827592019712	36.2495465848854	3.90169591049526	25.5454887350179
11.3847651903468	35.8347496961091	6.88301403165304	23.9415000005837
13.5379275574649	29.9899218173545	10.0859668439117	29.9843817135255
13.9705014373478	28.5933214587917	11.3686900186863	23.9004770162684
19.9846738224979	25.8823304447021	8.74229223718847	28.4101022457591
17.4947201544587	30.5011702344575	4.49132800082011	33.3081340467334
13.7199562980929	31.9930664572447	4.55601399518555	29.0703139972487
12.6709023058428	36.7350153939174	2.03128373058165	33.7064777905188
12.3642337561394	31.3674935836013	3.27829631860715	36.4211650649343
14.1263385455075	29.8397663015075	1.06431867904976	32.5690161120768
16.9807117242609	31.9702278494064	3.35457982221465	20.2631089255014
18.8869170189027	35.7068188033377	7.40852693792321	17.5824847388935
16.4480958987785	39.0413575576339	7.48598947916986	18.2363892946817
16.2596655293741	36.0298863581899	10.0042249765544	23.2802212271166
10.8580335926999	39.1220427010675	5.93824807198208	21.1703651470791
18.8270702477416	34.7090170887766	4.68816964259786	25.1769592850139
18.2950108015489	32.8771079946907	6.53659323301581	23.8774335276216
20.137507454072	30.4063949784049	6.18046505840822	25.7616456179338
14.011575927879	30.1230969643671	7.81210819802542	26.3922102642285
15.7037556024775	34.6896122231198	1.9583846930799	25.8224267514412
19.3681874023828	34.8166045776649	1.20789674906813	17.3302895195192
21.0138768595581	36.3154024395242	1.41680461838558	21.4326176979558
15.1251904255732	42.9510456094288	3.53728932675838	21.9869510688503
8.48975316560638	44.971796109225	3.68803130938968	22.1171813800191
14.5164066520412	40.470890584758	6.35223988377143	24.6094049196746
11.3416658633186	37.5736865853123	8.57853578905827	22.179557182754
11.5516638842172	36.9004062274515	8.74781430955975	23.2775237409325
10.7566511494914	38.0202824326847	8.61352989241103	27.5577846136082
10.9214714627603	31.8828953664958	12.2897424837108	22.3675692275712
13.4498831110319	35.0515352194502	10.8480163579377	24.3128590453569
11.3430050756049	36.8647055701211	9.33601033272081	25.1931429895438
13.7692676746459	31.4950975665821	5.38460358917992	31.340774121647
13.9506078793908	33.9954762385585	6.11976161127306	26.0445571621659
14.9890665635407	35.0391212446399	3.13793767943268	24.0132996286022
12.2595474878911	42.4413302666449	2.4061807399486	23.6144529120167
15.311239214792	31.8093629181463	5.20945581975645	26.3352842974517
17.5427345331347	31.4979860791391	6.38158848057257	27.5034369422186
16.8003467725155	32.3321043524707	5.71972719272631	29.68530782484
15.1816498771149	34.5666274371066	5.96948515973487	21.9849897720987
17.6407046751868	29.6053564901249	10.1485410974863	27.7474859856266
17.6926891774429	29.4255966301144	8.53457510805626	29.6937715972145
14.4840197992274	31.0414115467249	3.38413486598906	30.3996605392021
12.1408893813869	28.9534243051071	12.2880714788502	24.2945201105188
14.9920409868784	33.2868597087251	4.97427430806886	26.8079095197445
14.394261466933	33.5479108636046	6.05197811502559	19.5389012638179
14.954108870063	36.7767860157713	9.72946223573354	15.2148527244794
19.6770338848569	30.8754130496607	10.6862635557757	24.7303688997982
13.9925200082666	35.0522866321224	10.2013596479831	18.10450245967
12.0740365370763	34.9097529321405	3.39475233871989	28.5847361224082
11.3931594356531	34.6142155639342	3.71020886181422	23.5406877943884
15.6266512197199	42.4671533828932	-2.54362475568501	25.4000147601509
18.7925779459723	40.4583360845126	-3.2942403428998	29.7659919706469
14.0782336353302	42.3523399021262	-1.67407569330297	24.7861263711664
11.3423111031741	43.4282822554717	5.9313277364218	23.0387814297866
12.634517404581	42.8235258419347	4.30940797421217	20.3004689779977
11.3653195265819	44.1298972350826	4.54676181179538	18.6027408780594
9.83657241685742	47.4839121919406	2.77938914098915	20.5117723214572
12.4642801936846	39.8639244954591	3.58369476609528	29.4078615095982
6.81987311762454	36.4625805362253	5.10424469074978	28.6449524474919
7.47328163371874	41.5801321112953	5.10550888856201	24.3308058368016
14.627427353479	29.769773710997	8.72742594693347	26.9810183980738
15.1830771766015	30.4852652574028	10.3893875913557	18.9312087281453
15.0813355560718	35.0278607473966	6.48487544160827	25.5072166707503
16.6718372614898	31.2976362099607	6.12285515410436	23.8540552373402
17.1888629037961	37.5262035857622	6.21731288824906	18.153157928803
17.1350388902128	35.8208371694999	7.6952779255875	18.1376321831676
12.080519648537	40.1660030092848	4.57693413664255	23.8690464174443
10.2805697974939	42.3529966280148	5.46846276703544	24.3903946848625
13.3487402127897	40.561302621349	3.9896139409333	25.1025556201767
12.7112668991638	38.9825167243364	3.69081416838568	19.6317871643368
12.8614888243954	42.0562465431026	2.68982707705773	27.8260792188111
8.23832699225513	40.7980645409016	4.34846214453432	30.8129564883915
6.62766791077459	37.6140049147619	9.82109061569746	29.3259526997051
8.58390494021	38.2345232963193	8.36225242914418	18.7472214985862
10.0492398578262	42.0750614913314	10.548185852054	21.079158278304
6.19635781198523	36.1517302115582	9.76749464687949	23.2770859701989
13.6753954767149	33.6594496210917	15.14048564218	21.9224940579704
15.0555812615267	25.0592536268143	15.7764622405129	21.7441640993588
15.8136062944143	27.0817782234879	11.5880110113839	19.633564887476
21.7656859397723	31.1396004364508	5.81113499882707	24.7891637016167
12.0353200077319	38.4023486861048	3.90706686711805	27.6759724183268
10.4486201663504	43.3538270590181	2.95047412547548	21.0873065586558
15.9840985060895	43.7825074058088	3.80805769667051	16.9908482178014
14.4237023568006	41.5289698578245	10.1678582181182	11.3235604983859
19.139182529307	35.3839230634547	8.82501700624577	10.2229416068401
21.10397929145	36.376592390613	10.9236976151516	12.3470946105479
11.9504931489242	30.3932489901946	12.4969289657821	20.8089347310859
14.5818060755586	31.5074873344511	12.4269080693995	27.2882249117545
13.983286421983	31.5471596715207	12.6038078348434	25.3236852380445
16.2777235144973	29.2102393344213	7.20221331262869	25.3637442234754
20.3954595386304	24.2960425039881	7.71739402274626	22.0661335122742
18.0637380522407	29.0208606068801	8.5108123251168	22.2000968182632
21.1710206957115	32.3629268345238	1.3101004140363	21.7874077530854
22.8248835710691	30.1344921759145	6.55496969143651	19.9259916468141
20.7634778071077	30.0974289852699	7.32113532046578	22.1363851268277
20.867426207197	31.6579461908912	5.65220949108048	26.7334914107477
15.0967273389266	33.7418842374939	3.09027496511556	25.7337156348124
16.3435867620716	35.9993074667994	0.632378819736472	27.7624120321601
17.4040076095695	38.8921274521392	0.737289791397016	28.0948794388236
13.495439947811	36.7648805905053	0.874518703059776	27.8389006398642
20.2676946096103	32.930266203608	4.03081790864659	18.2962819522081
19.8772596506383	38.6033599334244	8.44292236744435	17.1960976619862
12.0359638805467	37.1376277291545	7.44470278468999	26.341514173799
11.0501526103205	34.9150926591226	4.61221825766461	29.1207806694671
15.6941273616728	36.2731612577387	1.70553942553703	27.3670977978095
16.0396207063854	35.4781632857681	6.038821430081	21.9521190180554
15.9865803196561	35.5018569609434	3.75552560501402	20.8229399205497
18.153088044126	34.1886593010896	5.34701810398329	25.2393738303428
16.7555747324038	31.8717234183971	5.57251902907069	26.3213939831687
17.5134748084599	30.9170581887413	6.66700948918169	26.3830509881584
17.908356420249	32.4477790002932	7.53177178720846	17.1811257971485
19.1967151813682	37.7990362005837	4.7138707582819	19.8957889232292
19.9175603092197	32.7017915086625	3.9670494565372	21.2882919547098
18.0903267826536	36.8928382650641	4.03338870189677	19.7915366192844
17.0415676957913	36.3481288880733	9.18248298978141	19.6416134743347
12.9882232353632	42.167998207219	5.11511292811227	22.4205136461815
10.1092365781528	42.0053503846479	4.27698816442606	22.3907453991003
14.6772995905052	35.0276309529869	10.7172330063032	23.6014106911253
12.6738466393464	35.7733137149738	11.9409454098676	20.3657931251451
15.0165054188828	33.2139394742815	13.0442082477319	23.73960832923
12.8251909023891	32.7925275085351	9.45090625679223	24.5690878817538
14.9755324359803	27.9695960630859	11.9253895546349	24.4370317757662
16.7424106961079	31.5956846233048	7.09704646795365	24.3649319137558
19.3523322665095	33.8989640794223	6.15687155635218	24.5061076312504
19.1920431994604	35.7542238462273	2.67749748535164	24.7170702661696
15.9334468239008	32.3638660386445	5.06967657201009	28.7666029893493
16.0613255359131	34.2551451479679	3.5108276021977	26.8899438198746
11.1380759778936	31.66964943848	12.1447743103295	23.2408802522111
14.8043451517774	31.6733902016116	8.69660778702903	21.236647049246
20.0881890674096	32.0426157156999	5.08696900524634	27.3928794600149
14.223643041563	32.1570722395218	12.1811731471982	26.1958086924686
14.7683192875881	30.304533510006	4.17609521242888	30.6372808788965
14.1633102667339	36.9472562268986	1.71480943806725	26.1477007941087
14.0693577505152	38.3885337489226	3.57362258937844	24.7716157385823
12.3750026202445	38.2885185892262	-0.121256540944994	25.6010464712064
21.1889388872181	36.8762762828297	1.26374164639502	19.3599912919883
16.4577695821597	43.4284370306446	1.75055201161592	19.8508508789117
10.9760119608785	39.3761416020352	10.4840363328762	24.4715093444704
10.9832447792958	36.9263104955507	8.03371056880864	22.0647870678977
11.8132277521434	37.5846853294251	7.09449843045118	19.8983015891585
17.7306518710171	32.4531440518271	10.7923287424845	20.5037077293525
13.1902416580279	41.1565180973833	7.89249545450408	18.0898067161239
12.4594484659765	38.4379792318598	8.39173936989209	16.8145386291376
13.9019267828248	35.308935850215	11.6488811001745	15.1355890170487
14.9013352864675	36.7407163845457	13.5472366819851	15.4086208958842
9.33630928724629	42.2764322308336	13.7339876948774	15.4211692334967
8.56486352221655	43.9787221560989	11.8252034008693	14.4032176024008
7.93274508029907	48.1630398031288	8.71829989994357	15.549299607043
5.27135833047722	45.8506416105497	10.0224373389449	24.5018183368715
1.88104830543202	43.3857317946596	7.63037491027511	32.399619478663
1.78126630894465	37.7705273256864	6.73737174825925	32.9657574464289
5.22034101296326	33.7688965732511	8.10974470074327	30.169000776186
12.0468594551099	28.161622248934	7.61104342602303	25.1210925629231
21.6242190845043	22.7666367886525	5.43415685906746	25.5795338904076
18.8076289077869	32.1424557078668	5.77764245218607	20.0658881905222
20.5505246329701	29.5989908413999	4.38056028266156	29.1780927535103
14.0955217135189	35.5982201088413	4.25379773409124	20.6727645607799
17.5404870905032	32.4822050410516	8.712956095515	17.1904028376404
20.1180729063079	32.118803521917	9.05063453894438	21.5874480134819
19.2545043749586	28.944633883973	9.07169180612819	28.0509448887833
18.5778771666279	29.0556333382053	4.37026977301284	31.5331224953527
14.6008854310402	33.3541285363277	5.15441113823971	30.8743318227643
15.9577304648418	27.9806953629958	4.82644362230273	29.559953604017
13.2396221500723	38.042384854815	4.04893974359345	22.9981257197281
13.3007531794451	38.082399475687	4.12490120543872	28.0487255356271
10.3422339058756	39.4501305507783	8.05380890974586	23.6948390388307
9.71471855254613	38.99434814241	8.33725559978836	21.9683675090367
11.8570576242288	33.8319908029867	10.7078258126666	25.6797866574699
15.2830529527609	32.6417332297998	4.06488932744955	27.9065346182919
13.0211473000899	36.8711066324735	5.76990421671078	27.4489111631182
14.6597817523919	35.2872483746833	2.84641590064458	26.978162531682
14.2526596478065	36.242873008838	5.15916637025235	26.182773384009
16.2843327759881	32.7143658766023	7.27184325518488	22.0175180578349
20.5627193036161	34.8054265370567	1.85340540172178	25.0088908648835
20.2829666198493	35.3452459330694	2.01906476771561	22.8128483341792
18.2437123269039	39.3861504355577	1.51087198768235	23.6966003960694
19.2981987737642	29.5776301936727	2.53172141336132	26.4572422037596
18.1463882469857	30.0892253817147	10.2311768125569	26.7564938457761
15.5618648731343	28.4792687708081	11.7248244413399	23.265526008396
13.2032328944176	29.1694280026981	8.24120847887992	29.2424253166676
13.6692315617751	30.7342817287488	7.55812699657163	29.8597611729773
15.4109691853699	30.9143101036182	6.80982656439732	31.3878248042924
15.7244890401221	31.0338984843316	1.70380217865838	33.8016316541903
12.7395369243492	33.0670121490368	5.82314991667784	20.6435386771718
