19.8917222049865	37.8385620289811	5.47839345903771	20.1332256363477
19.040569740409	31.5700320083317	4.44471571767026	17.2336762817967
16.7851250812165	30.8041083089677	3.19285580129618	21.2108885819759
20.9944146261888	34.3152081499345	6.86276147894126	19.0162760224675
15.7990920038834	33.0845557896889	9.89504245035965	21.1171861338682
19.308309479045	27.881165072261	12.9080426177098	24.0974140631626
19.2603093848205	22.0981977010242	1.94623423700793	24.0189599879141
13.3506968777268	29.4037666743872	-2.06619266460078	24.6318176789264
14.7141845265044	25.1718641075283	-1.79308177709939	25.2471251278406
16.9066673281243	26.0390812627017	1.58108835012404	20.6920353421231
14.6057143245465	28.5984142182066	2.82939868917487	22.0588364527356
15.9903370219077	26.800197871742	0.198090823526716	22.3801966996551
15.4125147124076	26.8040281032262	0.112624641507646	24.1552193795949
11.1036012869194	29.7280103019846	0.175956230131453	24.013713438312
11.6770039189889	31.2907434827298	-1.04601328494007	22.0872989739443
12.6919772536851	28.2845136340759	2.78786560963235	18.8409422338161
13.0206370228327	26.2492664674349	5.94909452344618	13.1423262578149
14.8807253378902	27.3586583886347	5.56586482771999	16.2134831835138
14.1708079602123	25.4032057086768	3.85780876963375	20.6703681958462
13.4838547125741	26.7791071143763	2.83669648920161	18.1817569018895
15.8973081187627	27.1730009302009	3.45141571910535	17.173620059024
2.99768316102629	32.3071886910718	10.3521780200437	16.779931701561
2.17760406886481	38.0970967732962	11.0601243359115	22.8146033425159
14.0099625002665	19.9327105103121	8.81833581543377	14.658535152515
17.4723423753937	36.6274315333986	-5.07314475591737	28.1199496861336
14.9315145606581	30.7849411597478	9.84593581518374	12.6244557665658
12.9993036582893	29.642813241875	3.37190977640666	14.7851121488955
15.6834737428291	29.4869662235495	2.61266332928307	13.4508058982694
14.8023888143144	32.0037318441764	3.26268365876636	13.3893283125737
16.4377572713784	31.0330501712376	3.69280806638848	15.4336238624321
13.1405121042799	31.1953389632354	4.3799019917744	17.7145699636914
10.3136243346553	37.1849864266651	0.708774781164374	13.5543702333549
11.6361539258792	40.7008602189013	-0.156569810274396	13.1554265902692
7.31752633852394	37.8052912091949	2.3354601794662	17.465815711798
6.9850500615527	32.6242674550572	2.86316635926218	19.3323491731941
7.43759676091825	29.6930616384903	2.36014803546445	16.5475001548221
13.150102741343	29.2829373910622	1.82541305868081	16.1086475023804
14.3043907971839	27.7709314769892	5.31203055180034	15.7377759142317
16.0049657647284	33.1936905373574	5.02476231086424	15.220933502236
2.55717797484566	38.4804569910036	8.30850208768045	14.3287872150111
2.20294737652646	35.9856010976934	9.2811518574662	17.7027218509036
4.04345466805931	24.5568622419366	7.02477028445924	20.0198111874096
17.4399050718596	18.0732932084927	8.09587885554956	19.9281373315328
19.3620344880135	19.4043724669447	2.94153651617543	23.7174349020073
19.3680992582911	21.6899321239745	2.13130127805315	23.514640821423
17.4654257719717	21.6171848994983	1.85345838781378	24.3795072909533
17.0244643998455	23.7856163820743	1.38641162403953	23.802912083277
7.85523925192016	37.8066537613541	-0.219452780661163	15.9301509116142
11.746350287032	37.320521051579	-2.39185601878458	16.4051301021771
12.5022449763871	35.8443262558922	0.102999355927031	11.4834756137514
11.0015209741338	37.8175445789553	2.04462620783962	11.9761304242353
10.9772558116194	35.3894358481363	1.32736223836628	13.337684274819
9.39396329694826	37.9972016248876	-1.25738759964222	12.2705067309368
7.72042768465777	37.6654853691241	-1.94870432995062	18.9645504007997
10.858639640267	28.4085446258893	8.57092296548385	13.6842149142775
12.0047713975376	28.5168831691032	6.78826209683618	14.1858021434896
9.97390854422031	27.8352657764105	10.5373473700921	15.0634380345732
8.57492329373142	26.5843924888768	9.80236817941756	16.1369101028391
6.47405640508166	36.9742104326733	1.24546796175406	17.7663211991835
7.21892715576651	34.7975890995119	4.41034196502284	12.0055400535289
9.11328974557655	33.6342436545644	8.05258444136695	9.84319563739114
7.88810528478883	36.4947987119783	6.56169826489628	12.3087863482501
6.55029659376766	35.9854885867904	6.41677662641972	10.4067482005771
6.91524931669765	37.234885209046	5.92834795272821	10.5595291008208
10.0200530876884	37.0678715590359	5.10347713629627	8.1530380953192
11.1192404313127	36.9585512738695	4.86389658327127	8.16968350005715
11.0610663521565	37.0191957114157	4.48574002805129	9.82688990699113
11.4092611017265	35.8068744406928	3.70403859038801	12.2187177488718
14.5754292501387	36.115166454995	2.69529071196659	13.6949922899988
11.0410019222696	38.0267742271094	1.73081854616968	21.0576667590936
4.60472924111392	36.0965361231497	5.55046346064402	22.2077256814515
6.92979841207903	36.9168027555129	0.744564677322773	19.7486197390532
9.60129087738511	26.4179628453708	8.71377455044028	19.1452368627284
11.5430040287021	26.2734951609305	5.10494024776466	21.5429239688851
8.40576657089926	32.7583371074429	3.8140621782869	15.4333361137559
8.09159121471979	35.0566072384386	2.48765365235804	16.7215180342917
11.4939143169325	28.2827777759663	1.20424905905063	24.2871421172184
9.59127323224385	27.4412790424681	4.9376955104203	12.9586338337411
17.5062868610995	22.3096368037655	8.29758449961543	16.4891935900685
13.4297208797225	24.7227957350692	8.71120368025153	17.401411309618
8.40592974100818	25.4754852410888	7.9246614839591	15.253479433957
14.7528877193593	24.4810033892763	4.93176746661979	13.9967362766745
16.3735805792288	24.5620409283338	3.62337357400632	18.0093735255555
15.8488106299677	30.2010219779475	-4.86300063785003	16.4516579135575
12.8227978772969	38.7274790911836	-2.80004690401093	15.4329485059038
14.2221077220068	37.3983382986425	1.5182395105551	16.7551228759435
10.2099719399234	38.1513701443126	3.05311136989771	16.9368222143749
6.38680639483157	35.9317443886338	1.87685960773671	20.7754160931387
8.53182395274879	15.6160500709465	9.71171631580511	26.7702231185564
9.39127106635514	18.4422787575549	1.06030140873337	21.5118422430993
10.2644152319092	29.328923683477	0.941173959153833	18.0555175055087
8.38251247256059	35.9108838107003	0.498340072139663	18.4443364262736
11.0565470877398	36.9272950739553	2.34117830454515	8.84674917235538
15.8295166069936	31.1898063012352	2.32626127197961	15.5985131658614
17.1498516527335	33.0742540006479	6.91205086135166	20.243664478806
11.4691325359539	33.8469123880586	7.28499803205595	17.9660218920332
4.44125071598045	26.3034814935797	5.72862306296429	28.6328969072419
6.7839890736374	22.8440099921697	6.63606724369531	26.1447795268728
5.77434898625967	22.617050974133	1.76661426567664	22.5008478805071
12.2015574977618	29.9500650856332	0.917495013426768	22.5543835631925
11.5160782132261	31.3053999272795	1.79474858906574	13.3316984712387
15.0220484016426	34.411981258506	2.90450550151556	15.1314567268294
13.2136239653419	37.2239477484681	-0.474413074538717	15.4970515045275
10.9271022777038	35.1997282606744	-0.461820798536746	18.3666125969241
10.8625227638486	34.874638476801	0.625177542268542	17.2627362145669
10.3965842683765	30.0557740003996	3.34240490529617	18.8416094195656
10.540597965658	28.9257300523304	2.8036743607924	19.5700585772521
9.64418149618086	30.5269303400629	-2.19290272919066	23.7862589862435
17.9593608790974	29.757665305983	2.33416228201636	24.0850389743078
17.6878979436087	29.728969819675	4.46532910306101	13.0306737100389
11.357582607955	35.2744935707364	2.58876901013416	13.3551779035368
8.83440439421337	35.3304453006189	1.95589108053234	15.2791571263113
7.98753750342529	38.3232949024944	2.75619115108263	18.4308379016624
7.52851142488579	34.0632239461462	5.56898597987008	21.5989619948709
8.14104336882189	36.340435819007	4.59733798294899	13.5012493132421
9.87766541643247	32.607570019201	4.74477810641285	13.361128008812
18.1754992432497	25.2056714041388	6.08351274314102	12.6435238938669
17.0953913331568	25.8559178082501	0.756524043760708	14.6808543755564
14.245158097606	34.2185722441642	-0.814350050271044	16.725554650266
13.2871638623922	31.5669575986699	1.8917347798226	12.7860788210186
15.2332498796398	26.7665580793783	6.22334600405761	10.1257160598698
15.6536583404171	28.6781422558431	6.40521331676201	7.15629966098281
18.2924783298504	30.5270918339681	5.11221901646998	6.27120175731766
16.9072057822217	30.9882505887378	4.65030524057619	8.72183084171981
14.4419290221725	34.3945002646376	3.01594493764579	9.62139313001848
15.6348282198528	32.7403960630488	3.75993537803307	10.1659364963301
14.4180785082834	33.1693776073413	3.50188391137063	12.4277202574904
14.7919845929186	33.1537516746217	-3.32603921561375	18.7242514134603
15.3838723520004	27.968386642875	1.27740634423523	17.3860139499637
16.8602714312383	30.6458314631673	2.47635253975037	11.9723289547834
16.8982152170415	30.0961447653899	4.87372486497138	10.8122974564463
17.4830377050309	25.2355792217495	2.21337836346451	22.3089683964059
18.4190981783538	31.9494141296091	0.570691764530277	19.9040031162507
17.1815849351062	27.0781077983324	0.19608208243444	16.8118566956933
14.9928923532663	26.0815909764264	0.412548849328437	16.5264773455663
18.9215231523214	29.8684702159562	0.388242090037025	14.5863265238666
17.5458052567503	30.1891930608736	-1.56749039469977	14.4619553044402
15.8568162883956	35.0982272646115	-1.10034475035708	14.3553610306197
12.1863734634121	41.4408018693985	-1.85971635878776	8.13571262418649
12.6329543227789	41.9226921578318	-1.47760983848327	9.65349037370436
11.9070933222493	42.0571968115626	-0.891565652363086	8.56511029766307
12.3272177259778	37.8432749088613	2.62588808589562	11.4481688343869
9.82713605597294	39.4068001171297	1.00191407899632	12.2585965862446
12.7086940113796	22.7006215446352	7.61186298744081	22.0913767984086
14.7189993872766	22.2445225498728	4.05080122237353	26.900029776799
12.1631322005291	29.284237580569	0.0216837052615215	25.5651475607992
11.2074958658568	32.2176438583117	1.17491590207311	21.3741584334166
11.4470492196656	33.138212108897	4.37810639267656	12.5729012792888
12.0717639295992	33.7653381117305	6.90395609358194	10.5203302321914
11.429017934103	35.2714053933194	7.50191533587741	13.4553793981629
7.93239538380179	36.7425109884387	6.03329082630214	16.0803015740546
8.17419910027005	34.1897282784926	3.2512636799888	13.7857249788165
12.4304014392366	34.7036771348798	3.18319754989654	16.0480542866669
11.4777085932824	33.0425389826744	4.35925028834328	15.2384196560986
9.09655694015081	31.5739217564693	6.38934649526369	15.1143546995978
8.46075176922126	32.0239431179358	4.69875860297457	13.7849516549419
11.9656572354794	28.4920629291675	9.96030969349072	8.84619377001267
14.4145866933815	25.346873778931	11.0416998764007	9.38928711379646
13.7444126567408	25.4958589506216	12.873619587094	11.512073050035
13.5497035070858	24.1530059222943	13.0100371077921	13.3375396703193
11.6701502493879	26.1402614166054	12.0359922451232	12.47443847517
12.5278151671805	22.8589742498498	8.38967376335374	15.024134639679
14.6865422752157	20.5016449613522	10.8613332068828	16.2145151129006
16.5833730793961	23.1815498469423	1.26121727156465	17.5908870483762
19.816509462679	23.5428371613871	3.8572377644267	10.3621970575537
7.77590083495736	37.9967408681314	4.37483481327037	11.1186144680019
8.35897738097783	40.9569631329071	3.09404357390332	8.265922525176
11.0514429869982	26.5965266337883	5.38957586798671	26.0282554693957
9.14729794769701	23.8806005063263	6.28004268564138	18.5302835017459
11.8067707849027	30.2846121040605	6.04262853560823	13.4060845581558
12.4854819867334	31.8114706910963	5.98665704306069	12.6495203933261
10.7120579570408	35.4483054034937	-4.11832919057605	26.5773921303693
4.27836755967013	26.378375979048	9.86387023988965	9.84574242795443
12.6332312682258	25.6586640005939	10.4206397182358	9.12622678859717
12.0632874453055	23.6379308324084	8.56219070340073	14.4103330733395
14.5544319521831	23.703264076043	8.22341587236649	16.4857163546747
13.3379625092001	19.7925578954295	10.0047709980324	15.5387302339973
15.4156349090332	22.1449327962215	10.0460416202217	11.994444142651
12.1012938561322	25.5794090805317	11.9430542035899	14.3136143139372
12.9618150071212	28.2401201622303	3.2088501864984	17.8185035465094
17.3005471226185	29.0197641652515	2.100254833163	18.1791036193382
15.9744210525087	29.380944482374	2.88373193238106	16.2796929980751
20.1327280963443	28.1453641165221	2.51560666365724	13.7878402801353
15.8905150632045	26.4344332125371	5.70610416354787	17.8026809649665
15.2986106702729	26.7290083589366	2.87365725031298	18.9439168864917
12.7805086930885	28.3466026075294	2.05178467964267	19.0411093575976
14.2820746335003	28.8797566464902	-0.241103397443886	17.4632677809431
14.0799614910514	30.7008573795005	1.42257249053196	13.8004007005229
16.037192821902	31.3181314906373	5.33195468501335	9.56376209166861
16.4237083377584	31.0466819112374	3.52168483796677	13.5914424458615
12.910347951824	33.5685539683512	2.5298399431348	11.2978749528225
13.7011363690404	35.3228242423082	2.92431902137549	8.99362467215611
16.1196754923165	29.5862559236282	5.79537892619109	7.67230154234199
14.8121368632726	32.590180340472	5.66984017517379	8.67351452220636
14.9629477298893	33.4449223319696	3.39469675245014	12.7887896458286
11.6544200344086	31.7909505555139	3.66712699713004	13.2891138233844
13.3385636754408	30.2449665731698	3.96996300349662	12.7123206013171
13.2246620698119	32.8936842839491	2.99604218833798	14.0551977478383
11.0360227596233	34.3370934506414	3.48871023311936	8.87460723755234
11.8942893856423	37.0002545603086	2.70061521916074	6.75719504388023
10.6081693830187	35.2802371304018	8.02284232931567	4.87964436322425
9.41264997015094	36.1527632149761	7.88666618859224	6.16648369177676
7.66101014346202	36.8441544031928	8.16193464083426	7.06545196201719
8.29284043626202	36.4987900435197	8.78121986869266	5.69989200621682
7.34043926429156	39.1115136515553	7.04014424074639	7.21049309924266
7.07548794484073	39.9970506575163	5.88518444647352	7.72681722360894
7.69734057512441	36.1898762843778	10.1509899619342	5.06345991660565
10.1788172438411	33.2681108214168	11.2042590623007	11.6924810095988
10.6983613064058	33.8668721526579	10.3260466126942	9.26535964459347
10.9674709538266	31.0203233951421	6.66618920344694	16.5436287253593
10.4885317470215	27.0081342532018	5.30372661718933	19.2264404524338
14.7358522812173	25.3695795935434	8.52524568111629	20.6766728571836
12.9749764889747	24.5104390051071	6.02810875243661	27.7386290354316
22.7464582871681	26.0381465522258	-4.72068249086883	27.4816486351153
16.8204569079017	29.5445985115182	-1.71327754028966	25.7287320608961
12.213890984006	23.6259692049163	2.95975755795012	19.6575118913479
9.23094887128448	24.3635116381148	2.7779153082651	14.9405004210002
13.8702107426711	26.4678647558714	5.68114881870718	15.044782292417
15.1921631966955	26.2932635759313	5.29033014086456	17.0309615700178
12.8829592176019	24.945334213258	4.50966980712491	16.2427362014212
12.7243410231605	33.8224890813541	-0.781973146982463	20.455860652183
10.0649629522997	30.9289663536204	3.54412172161046	15.765131367936
12.4193046653384	26.9884433033606	7.03879588088156	15.0923737516694
19.5647398700679	31.1956171018338	0.834079003794308	24.2600925581615
14.831808611463	29.949988043338	11.4231500550119	21.1277856031035
7.34351893321022	29.1880050934217	7.62511835516822	23.2252611457903
14.0196527792307	29.8730722213074	1.39162130504307	19.2706860760343
13.8552235760892	28.8720680544063	2.9379348651452	19.1258608591859
15.7568154595958	28.2260538874028	-2.45373481335658	19.2436527934291
14.1256590555588	34.4700505751783	-2.42439017547834	20.1206120693491
14.0400387784632	27.6415473734954	3.37599585847389	18.5458110490249
13.2771532931531	27.7746966703213	1.98148282706613	21.6321646018537
14.176510947842	26.3723352572311	4.81681656321387	13.2470874557435
18.7188946111983	26.7190165168653	3.35857688445474	11.5928629971272
16.5361298265637	29.0324955529581	4.71163922218482	10.4094982624718
18.3133758319312	28.5899393426302	4.437303859702	9.82532507022084
12.9045822721676	34.5434247518937	3.95566705964895	9.01159567040564
14.1994017822438	33.189685708196	6.68103720979575	11.9576652113272
10.7136678178701	34.1737347820821	5.81737126806138	11.9508656438364
11.8747790765819	28.9808389521697	7.97477734043121	13.8876253222941
