15.4654352391708	38.0951011595883	5.43120932839367	18.3226086827039
19.9175854967863	38.6961161125791	6.69277908286987	18.6028921924127
19.8267097925901	37.6372352112566	-3.70777340460512	19.4170642680113
18.1735928331303	37.4690764233371	-2.60797170030572	19.2046104686891
18.4027320749859	31.6803831767739	5.9914928422152	19.9937494888555
9.9763406575579	41.0497744146251	4.09066829400425	18.938993671688
14.7367881712935	26.5345919750401	2.78968153822404	19.3852560941714
15.9709046774088	29.9961288885684	-1.53207931599411	20.0235016897905
18.943008031768	29.1802003404597	-2.81482312760147	19.0626142818785
19.5254079883462	28.032997599364	-0.963175044644803	17.3283240133562
20.0655125177554	26.4642312563441	0.129455495590996	17.672106237583
21.7255095744594	25.3400731202632	3.4301458046841	16.8622770742127
20.060156255783	24.612862688091	9.52520808061704	24.5552235398987
8.68054671707513	23.207805782153	8.99607588160903	23.6153376171911
11.9632295675785	19.9696735582894	5.15349955586507	24.3768994952166
21.0654599376232	20.9536190893523	6.34293249631091	18.1284323711396
15.5528649308779	31.5427424223004	7.44166481364309	19.0396234926172
7.08732630061588	35.071358768885	10.3544739893466	21.4321184132584
8.01367830838711	32.395204084144	9.15691630484688	29.9890409800421
9.82547257066019	34.891030409354	3.61397978809808	27.6840037693702
12.9816759894632	31.8160020564489	1.1538552549351	25.9707065467452
12.1929991622485	30.9459097920723	3.10641156457189	25.997952209386
14.2868292964923	31.6287562269629	9.34634272506586	25.3684960353238
10.9210686468677	29.8356479948505	7.56730917407325	28.8394105970909
12.1162348663646	33.4542127910419	5.93716218092933	14.5863558341668
8.53620167162525	30.4737519870861	2.56957740334799	32.56097394627
14.7905932675452	24.8505770842166	-2.64862649951841	24.4778596435528
7.76973992878211	26.8789693718871	-0.980239662794251	27.1157719575194
16.2571809772739	32.2279148639933	10.0000210498987	19.761464077845
15.0252482379265	31.5489739363835	-5.49009678641984	26.6894675107562
7.37494429293156	27.1614342554928	11.4397349093231	19.6761308089719
16.3046806850866	31.0641872696103	5.06007378465777	26.5472230953142
19.3975240881015	30.2946739115514	7.82913521166247	23.0681838762899
18.8301741309357	33.718198815403	6.00077415690031	23.2393553960057
16.4286153012149	29.055016380706	5.62875342341927	16.4234370053665
22.5309283792235	29.0753593924168	5.01390242968542	25.2766019769564
22.3093342179252	26.109570595391	-1.44642105814103	18.370339229013
18.280450967495	22.6962591893523	3.29396947497469	13.376334632057
18.9402005538378	29.9347764253169	-2.26943366745199	14.7621253288893
17.7691140801696	35.2176820998564	-2.80683738047709	10.7886496295763
21.9103163930638	24.7858590585663	2.20248460668618	17.2325054529629
20.6104085565473	18.6540354880988	1.10620448497603	13.5335294084198
23.8743125595081	20.8030279469228	0.60180063956896	14.367088651894
15.6652787415239	31.4243217161409	-1.81187428506225	20.1505735653028
13.155730171821	35.3426510737528	3.03928467705712	18.2506765578344
12.3433985148956	33.0313680850125	15.7792294174734	24.6038340398625
10.7273227142231	23.6998209278571	0.632201317727859	28.9830219599933
13.5763920939589	25.360689960933	8.69130492296626	16.3548030349009
13.2560957671604	24.885617060634	3.9658308137912	22.7557034155868
13.391197933888	24.1233226671356	2.32311019131501	16.4493654592477
18.4375697281937	20.4163907901856	0.762414645101472	20.0937390903525
14.3643928114927	29.368845580426	-5.06625440048467	22.6185536427755
14.6308743844563	23.4901516836146	-4.84361449798982	28.1956902911287
16.7555427720057	28.2657077697115	-1.82148219426115	20.2638091818761
16.9920572509988	32.0999178730892	-0.722062397215062	21.3132841444082
16.2561421767515	27.6073278713082	1.8472438859292	16.2744812529042
19.2025042274673	19.9764424021849	8.41152647924653	17.4355424615994
19.9089671155144	21.417505971459	13.389266321818	16.7746965318773
12.2505153454766	29.0482196606	-3.96060998792701	17.5593896849867
17.5541146839895	35.4979227435079	-6.90197575306214	17.4901288176741
17.1077309506708	31.20735806862	-3.18115607513122	15.3442365513454
15.3626059745201	37.3553229401085	-1.12476915500449	14.7060849456169
14.6852023996237	36.0481367708544	9.82729881622507	16.371297006025
13.9984857224683	32.7014198206725	5.37750030488385	28.7437834133043
12.126802878959	26.2002286220082	3.96045321219279	23.6606645987949
11.5549971163663	28.8837159176182	3.70199455500259	18.7509180100365
12.3225895354939	25.5055991800031	4.02368728557533	27.5815934896399
6.09157641384074	33.3769999288483	-0.799610186164027	22.0243301855095
7.18148559550932	26.6775091901553	1.16965951884096	21.4041462640904
7.69249596591746	27.9740627908303	3.62273693570798	19.4618191414208
7.19127958974122	25.6035048335015	6.26243954311987	18.7605788672824
7.11071428313005	24.4596552915528	3.85366696884786	22.9098823710826
7.23504318250607	26.6681745412416	0.924245447590256	23.4749353737603
21.7730093593736	28.3686749380468	1.73135845476692	13.5350529910098
21.0607346831847	24.2507481062239	5.71057940388029	18.3749026004257
20.8533731086678	28.3407414424619	-2.78242675936111	21.8291878085616
6.86255672085425	28.3861714770622	4.40753055336758	26.9443694825268
15.6834750559679	26.0925681023156	0.463846432758472	25.6703347382589
22.0388189104476	28.8142815025897	2.80612466236019	11.1311396626278
16.0955256183722	34.3525879437478	6.19897736081296	24.5855644822798
15.213674749482	33.0077013143712	9.45860359834206	14.2810635784666
12.1301543339444	24.8287605932655	6.60208731673357	23.5798810961682
13.6125206015361	28.9186859066129	-0.533778017248648	22.9140580553532
13.5688812242399	32.8371411732478	-1.81028201660369	21.7926904618453
11.1371578093196	37.0224782110271	-1.7607253017991	12.1213458882085
9.04232823555796	34.6939956939859	6.88989748515494	13.062964386473
14.7596977526349	38.4178436904294	-1.96923296899174	27.3390776842926
12.1756467238095	31.6606365156546	2.23947948942888	25.7174222373497
9.42321109861079	39.5299483443131	-1.36721915223836	27.6821034487742
3.6845370871197	35.3080301418865	-3.08056209904502	23.1860395649873
16.2899026506221	31.12459337236	-0.869675506871431	16.2555308609865
13.5433885407275	33.9012746875139	1.75820200933492	18.0776120898725
19.0882903056791	26.9140371506998	1.71695613763212	18.3446113232628
16.5605586109036	36.1713196233356	2.7412459539327	17.8218968099088
9.74443908720676	35.4814267073785	-0.576106089109632	23.5890954386547
9.77581110238915	35.0972763923024	1.60309606869203	14.245127501087
12.7983242010365	32.1569261917872	3.1359167972995	15.8360519247406
10.9539401454519	34.7827066908618	2.66405828196709	20.1600544723959
10.8062991891964	32.2697661427279	5.91623433637607	20.0813932005593
9.69333233478116	34.9441036029217	3.87456736694487	17.2901330689245
10.7440940260758	28.7918448780161	5.06352718380903	16.7238572553077
8.95374539983795	30.8775321679619	6.12479935327237	16.1213541276909
5.85921097622901	32.3529550602157	6.51255625837886	20.1325705241568
13.0941136395874	19.1790676850203	6.89487115400732	31.4800503374234
9.54679470791836	34.807168590463	-1.96577343419769	30.5293785031869
9.84485864948904	23.0085327898997	-3.83399589947068	33.9679801297358
13.8823087897631	25.6412424080919	-0.00754694748819418	24.5672939993425
15.2722000688915	27.12597803089	-1.89806197133065	24.3229757410853
12.4509394853045	29.8435138690268	10.9117171374128	11.3122430038851
14.1510397274647	28.3901937392263	5.58730096663271	16.1118727587376
18.5104476343509	31.4420642557277	2.89848933137784	23.2189814016683
3.86195906026108	31.3045955419263	0.19858804791108	23.8682757482369
3.81616044302387	36.4653368684427	3.39369272462764	24.4146307885152
10.686331084388	31.1938295368068	-1.52627953102779	21.1194136134785
14.4444341472524	29.890024517774	-2.43734052179348	19.2374102993915
15.1961452797229	29.843270098081	-2.88742308745127	21.8896536974632
18.177387695042	34.2830749221501	-1.27027252333338	24.015421506802
15.0525865660944	28.8365030998019	-2.46813407743449	20.8030016537848
19.1770560241356	32.7847637549469	-1.29753347133712	26.7802233488943
15.2447944217812	33.6825249213522	2.32204866881648	20.3342211878598
8.53790018368769	30.7157219373418	6.65286887257526	14.9475873614401
12.7268963575948	28.1561376040014	3.46210875136012	18.5791978028364
14.3328494637858	26.9589778416744	2.52345977404321	27.6683393755384
11.2985826617697	29.8709078396178	1.98683750170449	26.3790350768684
12.2354223613583	28.779826978356	3.27559980022454	24.625565031354
14.09199745178	19.8894446011892	0.447221046022264	23.5277181992276
16.057869044674	23.4395235764589	0.73178698736919	23.8219894201463
16.5681004268875	29.3099751107518	-0.693362919057479	23.1897284772054
14.9673069014682	28.7652838915983	-0.372725446152259	18.6750281293343
15.151056960028	32.4984727344872	-4.61132730860518	20.6503827211845
11.6801470326722	31.3465871998505	-2.92829919047122	23.3702229329783
16.6492792743878	32.7710365561233	-0.672226884862676	15.3440741932791
16.5492484362419	33.0321516141282	2.88342485151496	17.6902198552925
13.0864253975063	36.4744561933928	2.32549811150972	14.6271999725805
11.3171808828233	37.141275699252	3.60240476387035	15.8782700412639
11.9683816010093	33.768279284706	2.38023298973631	19.3521613986895
12.3050252461477	33.5350077948549	2.96052589495148	17.6980922228035
15.3660929083495	26.2933287900735	9.69358018082048	20.6056927087521
14.3582420047975	35.9021542771582	-1.47640094939477	21.4438766044369
18.6276093599358	29.2499502927393	0.467304751874438	22.0829775125153
19.5163765488315	28.9160247949528	-0.363566395785992	20.1306654733039
16.1237536068083	31.1746619288973	6.517094341905	15.2115714948434
18.3957807905981	22.4064227767676	9.7673644668955	13.0876937920531
19.1610912720662	26.3265774251349	8.75111125722263	16.526542739001
18.7265716494459	25.5066838992216	7.76317555871281	17.0887364064884
15.0607678706203	28.3712976421166	7.03562054773951	18.8747512715643
10.4141725383144	33.6126032316629	2.75129465609947	19.5977580085172
10.8743099410162	27.798101420844	3.15253494545357	28.655790342368
17.5721687854343	29.9877462297121	6.77894169004173	9.48484277585574
12.8120428401121	34.1738319507243	7.86986324577551	11.2033371699654
16.9240933412617	33.8585372146594	6.57374469007633	21.3090199815432
18.1414725658232	30.1484016085905	3.82354226529785	13.1014405874682
12.3328853192487	28.1240249996935	5.05029438862764	15.6260586330485
9.13059512770415	23.7481786789303	7.33066134255567	14.1032014680844
14.2847890654826	24.8698934996818	3.11531700527483	19.6199459732328
13.8331511073062	28.9031556538223	2.01474515707663	12.3045437795155
15.3601036749614	27.7430923595941	0.545335178164987	17.7171223809057
19.5935275724922	35.0647494882262	-1.19905224088828	15.4186952405654
15.3021922664459	34.5581295281565	0.916664771039187	14.1925450310156
11.6053498467759	32.4198665480046	8.48390016774848	14.2598805515429
7.64232020136581	29.3944952623835	7.44549467996895	24.4594540269448
5.73367054816947	31.4445410027085	8.30850519542783	12.5799856902434
9.48456104581997	29.0584440251753	8.28012498719378	9.8712229970245
11.7290175330621	30.0049089164079	16.2116223077266	22.3095443332414
9.42466220433626	35.5140676029568	11.7779225406625	21.6658453107657
15.9646160955397	28.8681415432587	2.42578240475305	30.4104040129416
3.59560640179406	34.6247969399907	3.19825789531569	24.3887151832998
3.58083355610139	29.0731401556754	7.24379604788373	26.022906477598
1.27107844908063	34.4396182779805	-2.14940942035515	26.1930559154207
6.35507583494744	25.4297789024772	-1.21848193605889	25.9288619198366
9.77983419731468	25.9166066839011	7.40678116708646	22.8748756172558
16.0458189647897	25.6902567671263	-0.405035717118289	23.8006087639791
13.4145945930447	31.1248715442743	0.185211648706483	18.901437925217
16.0704764369598	30.4579626211948	2.63688518759622	17.7663389696933
19.5677157264748	35.2602079512603	1.69256985227751	22.6726570338924
7.48462851798316	33.7565750451065	6.70972809002909	21.801460796034
5.72621716825446	33.8883669497447	6.92614243173214	22.1828707084042
4.91718510120037	43.1447062404234	8.29455105908152	27.5796478216902
4.87479047250663	32.9028920552069	15.4447826765489	15.6468840601558
5.28297885501985	26.6369315867619	9.71961454334754	20.026255356805
16.7280290103417	29.1585762917371	4.31679640044543	27.0152958935395
9.62764978314681	32.8957938993205	0.925755503914239	24.5384016714256
10.749709519082	32.8169172249953	3.315732176883	12.0611655909765
13.1695597004045	27.2262618301033	9.75033889338546	21.2384735780965
10.3439529742946	30.8891835698454	5.05860372958876	25.1381026968987
9.74877587588481	31.6902444523738	5.5482029486898	21.8897706249416
10.178459781968	31.9330128550508	1.00600246132183	19.8280511361389
10.916827802361	27.7235774673612	3.38670483138192	17.2834590550354
12.2787297045651	29.8613276533335	1.53033454596866	18.1597944705589
10.8011343231264	34.6315004786951	1.35886371768879	25.4145322328673
6.53445618635298	30.6433963845017	3.19088406562673	21.7955486964094
12.5027510670202	23.0956904612946	2.80021046921478	19.5436547858301
13.2668963057645	38.2046004337723	1.7251444998191	16.097677075177
12.3225314595461	35.0590100442604	2.84053842713994	17.2368675819594
12.3914032418149	35.1725831891546	12.2089576855296	25.0470338305027
11.9221810356723	21.6787946434017	4.85684059038696	24.2500108792015
14.0930330276499	32.0475586471924	1.52195761043805	17.8526954664417
12.8944222245375	29.8896400365824	3.63010552775342	13.066991940071
15.8738353115516	29.8509160929789	2.43475840257708	15.9625994599171
12.7447697602222	35.0883831072442	-1.14633805799156	18.5133514552123
12.6422809658582	33.5658287880506	6.32091150171265	10.6087359405978
11.4333133513631	33.4759326995845	5.36661269391009	11.1975315083215
12.1341385891409	32.4905481316317	7.04638399324636	16.8420054307604
10.8751393228135	30.4602630509091	8.38599268829933	18.8326893593581
11.976115044221	27.9898912625415	10.4063846698563	14.1346325176233
12.2939384305064	25.7601494050195	8.32746694717292	17.3437393131509
7.95924880496753	27.8105313644355	6.88237252448186	20.0228307897913
10.9597348264822	24.2258880300152	7.96778024979684	18.6801625059914
12.5242936317204	27.2919745593037	3.14764163490548	23.5997399937358
13.6362978756585	18.1510791232554	6.87785669496446	21.202977552996
15.1270980636194	26.3545434845346	-0.887051005510845	25.163544355412
13.5709603984445	27.9890870042011	-0.260128478586456	22.1200744430395
8.69989014251118	29.9678755546786	0.316545609136964	18.2049599843891
11.6567514364337	32.8053127899632	3.68214278893676	19.428521568873
13.6481034050425	32.6948497765563	4.57717959948015	17.9092335207731
13.5943992359293	32.7061708802223	7.96614106256708	14.9040728401759
10.9635372196985	30.0017719245382	7.39413131615589	18.6710817508794
12.6953275820901	23.5964159383304	10.0448540121361	19.0687775171462
13.7401063645262	22.5512013373757	1.55823973062999	33.4027083033796
12.7557621615011	30.7419081889919	-2.85699058653093	18.9780472728496
19.8659036811868	27.3520745659142	3.07917280598291	21.1425876498294
16.5929101528519	29.1642842950195	0.873037133433258	10.6497153241259
17.3427274558506	33.9208533392888	4.82887191694116	26.2341464549401
12.3610538429298	32.971652952176	11.4242264575717	17.0666853525573
13.949134407663	35.1825047551323	2.52179788364291	29.0903079800496
12.9933135751545	34.8119064228144	5.90944365803561	8.84873562608355
9.0747176620004	38.2347842090298	7.82057879232279	14.8886452556927
9.76303430253536	28.3059698802885	7.25351360777165	27.9043011146006
12.6007031747849	29.7073212409362	8.14976872328441	26.7382886435245
14.2473956175999	31.7635494184838	1.26996245367146	18.5987199016255
14.2597951229581	31.092905373835	4.67835020638696	18.4632788739816
12.8478283693001	31.0243446927043	3.54775409612344	20.3589816672445
11.1642445589528	32.6653427519331	0.00955063798355194	23.0551401364334
12.8460467824869	33.7171050701717	3.25721624488833	22.6664393838215
13.0863550892979	34.8544071456844	-3.78982605218386	22.5906180544476
11.8065435559265	23.1763301819424	1.11408769580106	24.6890947642456
12.8558158365785	23.7623980321782	2.39558486192543	21.4355741441657
11.1644661872423	27.0559374414136	2.29784075793866	19.3686400330814
17.2474273381983	23.2275522066032	2.02018395456541	20.1662432108424
14.575871556927	32.1465615100579	0.0106986371712727	19.8516299281619
