16.9647418605064	39.462206204328	1.40285983579861	20.0957520462535
17.2029565521417	27.6126153756858	7.92770154891291	19.5542980654128
14.2003241281479	38.1003002230071	2.28365851217636	22.7384829061536
11.5490645392627	38.1145090951162	4.89424323802338	19.5726980914782
12.4710099755853	33.7938106591796	4.53590446291016	20.776358878042
12.3720876984613	38.9565405389777	2.95697636575894	15.2364050602183
11.9941276703634	41.4833556581771	2.65608097798647	16.2432241503133
12.505417743276	42.3073575531048	4.68283197509671	20.4406610272888
12.5641146395794	42.0284666432841	1.18442393506492	22.0333945240888
12.5606134688187	38.0361424948254	0.713443713513099	23.3335801495302
13.5613266543176	36.6866777330236	3.78334650468909	21.4377313277085
11.1881399096515	37.3379228769734	3.90069605700079	19.7461299034947
12.6370495499637	37.9581948836031	6.35081314166415	18.7000186251436
10.5840656894562	38.2282262472084	10.1150775750087	14.0252866059501
12.9786325816368	35.4797634519285	9.56953662241934	15.7129233825156
12.9843466636156	35.2230064887202	6.01362307451393	22.9344549260851
13.0617785686989	34.4045170872867	7.72871075861011	20.6157817772933
15.8324972121407	29.5377775539044	8.38612291602608	19.1402624646402
15.6577274063964	33.0619875560499	8.40881940316599	16.4850505307517
13.7794884912824	36.0883278690239	7.94907000462803	17.9839645558111
13.4339296698078	36.0233887761792	5.63002461881655	19.9712504000797
14.1705273303242	32.8968278306497	9.72659821070037	19.1693408109383
13.720657656688	31.1594405618457	10.0363959968766	21.3391565394109
11.8177941592777	33.5729347576394	10.0270693267941	16.1642579080472
12.3511738667632	35.2461098213707	8.85633695954148	15.1521441683747
14.4880557245422	35.9611387618837	6.0308383925787	22.0922727248839
12.4758677709798	36.9831367021446	4.67070117147591	25.0063984600953
17.6207518727334	28.711414855623	5.8833905263204	24.7935780864342
17.6227238854208	26.710768298577	5.47937927375511	22.9390133821287
17.6944215605782	30.6462741396106	3.64963617715016	22.493339795328
16.3149081265989	30.2779394239921	3.83150666337519	23.0875432412841
20.6156463028562	29.4294472472545	3.7813907460085	21.701166119031
21.0917151758147	30.5070976443965	2.23359644487487	24.5561380885312
19.0824724085025	31.0969067640979	2.02292417470123	21.5752599170202
20.7213606922716	31.4516999499317	2.99377283608298	19.988309511985
19.8536161523419	30.7745234525208	3.40963022777054	20.8734725529299
18.8689135456991	31.6132924724533	4.39106059917518	18.4070268394211
19.1340738930341	32.8374764801493	2.3902033521355	20.0569925275417
19.6965459361274	33.0747476963545	1.15094759301937	15.418788484725
22.1179815764912	32.4383526633252	3.1623950645919	18.3007901081248
21.3092646921426	33.1760681478997	1.96046523145671	18.3005949488373
16.5543028885871	37.8278368029526	0.784249610103352	18.0785006011368
16.3344048582721	38.2263019084756	1.38952955074949	21.0255904433203
16.0331584200359	35.2626417437659	4.33076949069947	16.1515977901323
20.0780688531137	34.555664801081	4.06722445395659	16.7857190179381
19.7731988403416	31.5745571822985	3.98971925414346	16.1626955498683
19.1705240792049	34.2653133081829	2.64804091462113	17.5137717003565
16.7583958635492	33.6418468425607	0.980543570882227	26.3381847600943
13.6308301360095	36.5135463806426	4.5313616421172	9.94237341193094
18.3877458682963	36.8021610955186	5.39391756971419	12.6415782884842
15.7341343354182	41.9803067971747	1.64421802136168	12.9784888846414
15.7489200271351	40.9235765854623	0.683569040747481	24.3274367210159
13.9015148748138	40.3174584870953	0.290487503660756	21.7058374714779
14.8085362008591	32.5889258564315	8.32751923289147	13.78195750238
17.1047188514662	31.6705253327356	8.2602805549521	16.5804167524488
16.7147413056753	32.5086346022784	6.99696503433576	13.9505312745036
21.2699373576268	31.9470075712753	6.31279783239183	14.877400626479
18.5834542881057	31.1101458952044	8.88342114546863	15.9605974762047
18.8851923545354	27.7051625207108	8.59794387674723	19.2920527156686
17.1582383229651	29.8962180261882	8.27697471065471	16.3759675543999
17.7687918072706	29.1547608772661	8.09513797413507	15.3539247052751
18.0990807387643	29.3597437349517	5.997659649122	22.1871664006051
17.021261866968	31.3154768247133	3.06178801893436	24.7786174850428
16.9421424011617	30.7953782847127	3.93050366795926	25.0200917878498
17.5897997890516	31.9231937778993	0.620214890801658	30.7809138249261
18.8196584206445	30.8164001080904	2.49076791657557	30.111250301861
11.3796756050961	29.8490868480928	3.18260768407906	33.5510760794235
13.5836422799567	30.9152623185885	4.79257081798703	16.826936072706
20.3099833878169	31.7629461695748	3.9321313344653	19.4417424602795
16.7651199925197	32.4642843573662	8.24439413522808	17.8998007239615
17.0976162933477	32.1604593803483	9.10436300505564	18.2817714501279
9.72055605058463	39.8436975272819	8.42645086525619	18.9361450849281
8.90415952693135	38.5896715664751	11.4968957601973	12.7261192142855
13.0562658821798	37.4701498228377	10.5164071101023	13.8200032269474
14.4343681544631	33.9104552183552	12.8571671652469	12.3918825551759
11.7698551447338	36.2934205111368	11.1493413673682	20.8620915231112
8.62474285714349	35.9139005060559	13.6496600372563	21.0659220740016
5.55530108205391	36.5368023457257	10.3800407930215	27.1556009430589
4.26832005265355	33.8280244097636	9.87293426061483	26.0469916704261
4.43123523248601	38.8646894409624	12.057834608081	24.9441958916175
4.45510851706798	31.7982898082359	15.2100952394038	25.2032158494092
5.84793126647701	30.8030276215532	11.211488105423	30.9009320849314
9.46446316871088	29.1669650976418	10.0758915543751	23.249871248339
10.9771432233991	29.7839347333107	10.4226272376449	23.4849657509601
10.336806086825	31.4125851857867	10.1813480834183	21.9948072540056
8.85758383851667	36.6907693107036	4.08078783365752	26.9898491419101
11.1950452168183	37.5284734353255	2.03445848018716	27.4847637380576
7.94267349202617	37.556787548961	4.9144777127617	31.0642330429776
8.36916050665511	38.8127266562277	4.53382028746335	25.8866052308116
8.55309164282519	36.5791385768049	9.36305957091919	19.0938214399473
10.3701952951087	36.9522427818356	3.54362886157806	24.0000024174752
9.64755703360427	37.577846547329	3.27637693178554	21.7454403059918
10.0221385144687	38.5543576779041	4.43455163334841	18.11508238095
10.6243484387233	40.395908576304	5.86678467245319	16.6935951706316
11.7447080918646	39.8079015355165	4.10550972129728	22.0478641166252
10.1944215026743	37.322132688269	5.83128026293187	17.6786759576341
16.2631704554113	36.6719961872063	8.02041019850938	17.9584188770083
12.1131739368699	35.4776113661132	5.78947920168259	20.5292334371758
13.0634546581692	35.6430789030055	5.31353425981917	16.4441378126878
14.7857814367676	37.0385052001002	2.97216282961316	16.0948983225968
15.4101778645593	36.7162898013267	1.54313457700781	20.1220617641756
16.2984043485079	35.998179204195	-1.97324835309788	21.2347355913261
17.596564202049	40.6122271093188	-3.36791007766987	19.0850458769018
17.5223129281152	39.6874517765326	-0.8670256279903	19.1849346770795
14.6643657603403	40.7620760796171	2.06451230575966	11.2609978890868
15.8253066773136	40.8542275204694	4.33267358326403	12.3177931541397
15.7204083814827	39.2100001671651	4.41677809045879	14.33984461111
12.6248058858869	39.7504260191062	4.9132824561471	19.5930125397668
9.23409583975767	39.7148216748754	4.70280563811826	22.5843057218977
9.03709624165658	41.9012555014486	2.94216308633862	18.8410836943463
12.3464265160075	40.8925349845205	3.19296148554867	16.2474986394905
12.7087681727221	40.7594090544112	4.44586731607495	16.4281719472422
13.9014703557564	37.2907666400214	3.8592979746635	17.3603849658685
13.6489524824201	40.6467510484298	-0.778584748829093	19.1196529484296
16.2191620368167	38.5161168801254	2.5535191830313	14.8259373855132
17.5137836275137	36.1040204202412	4.80693094896757	14.5334396413981
18.6153646743371	37.0283220154967	4.84829334773728	13.9693900077126
13.8371861825791	37.2973867627026	6.02051531899151	19.2886222187647
8.91510442431092	38.371468143192	5.74229367246935	21.9985835800164
12.8350316832867	34.5272948393867	8.23741537480507	14.1880881662538
12.9563810227376	32.8198260219105	8.70460330636287	23.0737451486707
14.0599470764555	26.6922437723105	8.8324431659607	24.9430444466925
15.4890439745245	30.4213165690884	6.27664551136941	19.4668980830153
17.2149427768729	30.3884773597814	7.89136589270011	17.6387694923011
16.8659613698676	30.1676419809223	6.34930352057511	17.2031917914552
18.2078006536265	29.8214080686443	9.0872125874577	11.5229503207644
21.0073712737961	29.1825639579663	9.29829252212225	14.3165249362059
16.7348459670668	32.3531298276255	9.5823259887184	11.8380504126824
16.7452122358476	31.4460320079011	10.9353431456621	12.0916920638225
17.2522583354031	29.7350602606673	12.2999352530605	15.3167118337993
16.6597237770212	25.7146639829236	14.2541965599315	20.4376845244374
15.3146338771795	27.703749014892	14.6532966910004	21.5141817268392
11.3638542622094	29.537811471511	12.8877156475633	18.6496607765963
11.3757898851064	32.5949109754416	12.4926994476541	16.9914563139122
9.14324465736276	35.5917243136916	10.1406340383609	14.4609227473069
9.62452993857177	35.910703099029	9.46946283231123	18.1055731669217
9.90411597992647	36.6693495831322	9.22388349578	17.3299410443902
13.9859052318943	29.8730648507234	9.95629489107273	23.8753899040781
13.4250660460301	30.0726733904201	10.5986763016529	20.2788998599313
15.3521801890664	29.7341071004904	8.23620601520351	19.6859270793535
15.5600015666195	30.7995772995911	6.74588797577135	19.2750734286704
15.3681481246574	31.243688166819	7.96529758451916	17.3288306550154
18.755147805318	26.2920373655029	7.66480143655205	22.6729618783947
17.9195202743928	27.8751312336058	6.65461412172878	24.0664522655215
17.5647826169771	27.6119513949068	5.82562689304018	23.4422773096051
20.0041626126915	26.4623643815407	6.40415594780484	26.1550617371558
15.543108590385	25.4710333982998	8.4727083796606	24.1279943309225
18.4024709794425	22.78268903052	10.799434101397	27.09025965918
19.792851280024	22.186959793416	10.1818085659485	19.9690865944003
17.3138271803596	25.6805804372738	10.2274741913788	21.1371561308503
18.0062653993381	28.1821303776691	9.72258976200672	17.0544901472628
18.7782923539431	27.2485124473053	12.2526273946844	17.2293174977153
18.3878515429297	26.2001382991181	11.9529485729839	17.601646786809
16.4112263896005	25.7864345783235	13.1533199265941	15.3123330895528
19.5744632298388	24.8163666609542	11.352607013785	19.5250811593186
19.0174149859027	27.0340213356869	7.32165032498232	23.5935712049294
18.6587424420046	28.3389422670898	4.47028189863703	22.5347587678161
20.8752482455181	29.4613120112475	4.33145779305843	22.3237673500089
17.3356471840249	31.6150321707967	5.23238066471887	20.6753701930402
17.9969418397385	31.9595102953015	4.38543153796216	15.6019972092912
17.4240170121287	33.7147153947724	5.16230167439018	12.7514614831165
17.9115610887744	34.0678284839949	5.1906770381851	19.8362714625404
17.9629404267198	33.8316425056181	7.24345454385687	12.2674045563201
17.3775814736163	36.0963007159516	6.40700121741367	13.8023545933413
16.5145496448993	36.8831946378387	5.86289264576735	14.0358337378586
15.2459884355644	38.3949466518458	3.91686923095401	18.8440191713618
10.862490720033	38.2222150579858	7.08001145225274	19.087637840402
8.67156006779055	38.5246827470723	7.41493813633018	20.3230419155253
11.6596769726535	36.618564437042	6.75630214348301	18.1465635361193
10.5124529962128	35.4608221686362	8.09508581835643	18.8210539106323
10.4355546411758	35.8462495760909	6.55456169934249	17.1785992925098
14.6383937470315	33.7263872217268	6.4176913902022	17.568090795515
14.360142311791	36.2550367455144	3.01295836147369	22.0979996979925
16.1179315147568	32.1808312111646	7.53653841482923	22.8762995144566
12.4324604196449	31.5333216552956	12.672959320885	15.2937480721821
15.7872716363494	31.0145898754111	10.048150337939	17.5758678962758
14.4237228442478	29.4212230250982	11.4037951214098	14.4239479192702
15.5615025365767	29.2258630392884	11.556803414955	14.742907895888
15.2667445198565	29.7250078481433	14.1928851032899	16.4734038449746
11.1390430773284	28.2870256095284	18.5696517384425	18.6430607184605
11.0018627261853	29.7173238975133	13.4092965407111	20.6229468973704
8.77183421247681	29.3706750624019	12.3388269568738	20.1765732294779
8.98224692990114	33.5225439198453	12.2043015765749	18.9240309237402
12.1345411070133	32.126725255829	10.3520187326325	17.9432942507407
12.5054512999244	33.5544210609685	10.6220079222002	26.5174210824629
9.15104716794283	35.4609036918435	11.9904143162311	20.0666643546892
11.959137215104	29.1390180655037	13.2292356373712	18.9118027497959
14.2023605199138	28.144963402043	13.2385445681124	17.4781807858442
13.4726258663208	31.4799784642926	7.6037379737934	27.5739501610446
13.2088287546843	29.293407059209	9.19383537709051	27.5929317646146
10.8458853039853	31.0803259848412	9.945224232369	18.1874919171028
11.268137875079	36.6453549429668	9.9677210742169	13.0812616173576
13.3642087198046	32.8835895477282	10.7906436522984	19.3313634927253
12.9324478760206	32.2859050621663	9.61880332014354	20.8721611513461
12.6619206285315	33.7820387446409	6.95758276479713	21.7101178206208
15.1509832181247	34.3961458604484	3.57056208130759	17.9892172016839
16.7321413425574	34.2512500470629	5.12715218437385	13.301785132904
16.9183827117863	35.6250935092693	3.49243707337897	18.1151261073384
12.8182882096992	36.1641968706585	6.0193522725023	15.8064321670528
16.662744253725	35.6348942218339	2.96769578933431	15.9345408439641
17.7049362870492	32.8927430605491	6.44006549140153	12.2691116206352
20.5244677061644	31.7044424214085	6.7139192546933	13.0025386394937
20.2610963388882	31.3909817326764	4.68486295919072	20.7121218627085
15.6914832959946	33.8402146049167	6.7515589740097	21.7218849106652
17.2956351688153	30.6117145316067	5.76202095845183	19.1380152056885
17.7551289976607	31.4447588631275	3.74246682353446	26.5222297094342
17.5436024952712	31.0825476547623	3.66442053364863	26.7500950209175
14.3215570186707	33.822701862912	3.23653504771309	26.8643197964231
11.7941509088535	35.5984446146321	-0.0998436318801659	26.4324490001459
16.7364576150697	30.7390100366768	3.16286655743406	20.4878184844551
22.0957239680701	27.4073674830009	2.76656149555728	19.4220465948602
20.5606379802454	29.5540584213364	1.78260984034077	22.3627990685201
20.4620550549705	29.1576084642935	2.18125406444055	24.2877055663494
20.4858547425944	29.1301435170959	0.816300355605601	26.621110750026
20.9511545486864	25.3558676511949	1.86878012918519	26.7632992549104
21.3672508657764	26.8162237697388	-1.58850055926827	29.6200865133126
22.9181837136711	29.2994904854138	-2.77500931008078	20.1683131301236
22.376984209739	31.4077153206606	-1.89097564036317	25.0890687866717
19.551419851357	32.8515643098416	-1.50408864324354	24.9577038217844
17.7790818658657	32.9484484002514	0.353124667188146	21.9578427410111
20.5521217367895	32.2544607610231	1.74317497922666	24.19858641537
17.6952005756027	31.3922950210082	4.61597107252613	23.8781623285948
19.9074311580876	25.2540274085929	5.74852968933568	26.892752926772
16.6831712065504	25.2816030509296	10.0574576341514	18.8273719390291
15.8211456344489	30.9985140325074	2.80209368465932	25.4891085444517
15.9630751378044	32.4941805100372	4.46026332599682	24.6335205554198
15.8635927388586	30.6705030019089	4.48413237295298	23.1699474307828
16.4246732353094	30.7353235725587	7.49791227918791	20.6622897851853
15.2738086088338	33.2894107616858	10.6284494085335	23.3871865942716
15.0361168389151	29.9481014540868	8.85148732604493	22.9326441204581
17.3885469962426	28.2790103259879	7.01758616669168	25.8059169068407
16.5182518045648	26.4038822025686	7.45235270420153	26.2453617007839
17.0769842707302	27.4777051006904	7.4016004364944	20.6163018491487
18.3470929707242	27.6008688492557	3.72005769401906	22.8001532531951
18.2070275595276	28.4512957972899	0.764536143989541	28.8994655132868
20.4250245359885	26.9952766226807	0.584550627973673	27.9411789181406
19.9298589006225	27.8310450378076	-0.892711952327939	29.7499509633283
19.3830334013901	31.6219200083813	-4.23718553269208	29.5883903361621
23.7001731593211	29.0405790937879	-1.80122711126265	20.6845684421204
25.2422369279055	26.7736032491209	1.89537231721914	19.9990557885172
