18.1509092703645	38.0363595323679	3.20506426978633	19.8481098946429
8.532901322093	30.3948029336423	4.35617129378838	18.9959069213298
15.6036769440489	30.0777440531112	4.89203348816259	15.7594697299552
19.2992151090966	31.0338026745776	2.46049300390262	16.0224200696785
21.5849981787705	30.1662481046511	3.1004951018371	20.7560627367091
12.0095432724232	32.5210365956539	12.0542257683814	20.4337901468659
13.606436945139	31.3715793365259	7.87277676253546	24.4912497602584
12.1103582449204	29.9247850133033	7.62186833490581	24.7944301084047
11.3520752033493	28.9600301887767	3.78704578003242	23.3299387626769
13.6667017220718	28.2438711176701	3.77880205196615	22.6797587386154
14.0467998623727	29.926179240965	4.9012346149544	22.9649872009561
4.58899316798719	33.7248766082995	6.57331522402486	24.3201555987911
6.23424160244815	30.2498468394116	10.0623414448908	22.2606600106861
8.86295936020963	29.7792296726913	8.23545923386497	25.7582896084431
10.8791925722923	28.6930093644843	5.57653187238408	19.0800502830647
10.2991177205807	26.3094272125237	5.35195182287517	24.1118702203498
12.3419408936864	25.6240701522403	5.17576709366786	27.851130639156
20.1940915588169	24.0448416935031	3.65331898378562	23.4256660136925
16.1932578281379	30.8064301896591	-1.85610236199219	31.5244830553816
13.8088832730793	32.8510304177957	1.12942482450426	31.617617005522
15.6209440877607	33.7790483861293	3.85492659050319	31.6910976178551
11.8486658886344	37.9405464629183	4.08554605948049	31.976583084509
6.26143430427544	33.0935999775777	5.3320195045876	26.0536402927163
6.45562781586842	30.7116248097822	4.54717210408379	24.5941386113326
19.5789756775607	26.9996498024643	2.62905983220801	23.8042642616118
13.1937926556405	32.5744345038015	-2.69109512205945	25.8109298555563
14.982503146441	28.0015812976103	4.54133016064986	17.7401571752703
20.3974989420225	32.1084333559316	-2.39754327860242	23.9117536034497
14.0000059341186	35.4953850106154	-2.19530516721783	24.8815389761763
5.69999787044836	42.4511252130551	2.62440781156989	14.8492849039375
1.71917917881931	48.590225069428	5.61912835623594	19.1867004547729
10.1177914393249	30.4154527187048	17.3286168049228	19.6291085863967
5.83585736566437	28.5333794215395	13.8449282532074	34.9532224769254
5.34098288722113	29.2433424309717	9.33441570465481	27.7127265092206
1.15386625688878	34.5881674012059	6.82469995156784	25.0024333875847
2.77963700207987	35.5143277272843	5.53073804429466	22.4232202768583
3.39011916627282	35.7115542653892	4.35967157880428	21.4506668517141
12.7282393416361	25.3403958862591	8.1985788262135	22.0146885783186
17.0810890682013	26.8772863082532	7.79891119856971	22.1082362624447
12.1971436299632	29.2849962304495	4.97354968875877	23.7285503978586
18.1173836568619	35.1260257601982	1.79283076845538	20.4143828657897
17.650552663325	31.5635204078874	2.91010542022493	18.0933089426397
17.1191788872107	33.437063039398	1.58846060926523	18.9317651514632
12.1559413464143	37.1138898238928	1.25661425493173	19.6623159870727
12.3667580971828	38.2264315315911	0.618211485796302	24.7960165627523
7.93783305327954	29.7520876934209	10.7009196289598	21.2587711815944
7.74717481322581	32.7570008473673	0.079892360024779	31.9596300618945
12.1870171213495	26.4728187640399	6.10464129445764	19.3201809698006
14.6309849632896	38.4130064932485	-0.740002392906071	18.414382409769
14.5742266776034	33.3754680654328	-1.50179087470306	19.6101297149424
14.9304539325641	38.3554250195272	3.73627980885075	12.5260052552808
12.6940636477846	41.6308904730638	2.16900356581994	20.262065421364
11.6928062986306	39.8017985222784	-0.319485895934185	23.6253285743694
7.93619474526942	37.573090679546	6.73082463018527	25.6697476571823
6.75249054467991	33.3448093450378	1.38748214853858	26.8614209079831
7.25548875514273	37.1247379664081	3.86443236656928	16.7810844945109
7.81261739816796	36.2803758141334	4.26230713429897	24.0969151177763
13.7164255813367	36.3830730222821	3.44041084168529	21.3520125831267
16.4364047981164	36.2675689018056	1.00940142169558	22.2467396557091
16.6618497855128	36.7276153574366	0.148935052535693	20.9883458036689
14.0602726803055	31.8661788642074	-0.267316831772019	20.8440632079488
20.448141855829	29.7836150881502	1.26630049894304	25.0381787597729
12.4566264706143	29.8687355872843	9.33356039455832	22.0464240560836
13.1755462497883	30.3603312453213	4.48976436181529	30.6972778018721
13.6917727669591	29.1533562015345	3.9599158486728	22.9553361455253
17.0305125064177	29.9399974276846	4.82664503929514	13.7852879319614
17.1970686436131	29.7457149471691	3.6027154613224	17.0061009015233
11.5441835046246	29.8737045014812	2.95554058367442	20.4105415787824
12.3290128744015	29.860930688267	2.35438060737579	22.1413227018245
9.64199155744109	32.0798835688371	0.864529581316191	18.7956834757977
18.4872825504046	31.8289150082607	1.57608187625137	20.3071498459004
15.8707669088382	30.7091766950298	1.45381091495928	23.0803909579091
11.2107636141283	33.7729188758504	-1.46889038981918	21.9557641522148
14.7661475571496	30.0486317994776	0.73051150480262	26.8026797968083
13.3707259707264	32.9778836244489	0.18099776294059	26.6713494557077
11.3681843351712	37.5890670200582	-4.25730294467028	20.0358962762052
12.1445481047174	41.7362684012257	-4.07084030961869	17.2427911934429
19.7164138624875	41.342665297059	-7.19954363001762	23.6514242150807
18.764776797915	37.0963741117955	-8.22923417084484	22.5680580585807
19.3838349561021	33.5296492768318	-8.40926428520761	27.701013101226
21.3221918366663	32.3546633033729	1.83784043104361	18.3319831352915
10.9436114545725	29.6511781963236	10.6755543399134	20.1540835264373
14.7943921916932	37.0098104726239	0.991577337719786	19.0762694126229
7.25049039963035	36.8843819901995	4.62516361593669	20.3218363229633
11.5661849329188	33.3472487304014	6.38457333415215	19.5172132600907
13.3242311698621	27.2394576642316	5.67435783421392	18.78545532905
21.9001479071802	27.8328294746232	6.24876904764279	14.038471813339
22.3338504598713	26.5987192369179	6.19300582034969	24.6250102633073
14.3665529109774	36.3349593006338	6.70520153091088	19.33917444734
14.4816246248406	30.7172241570394	7.65279511670344	22.3007365770102
20.581142799278	31.4907001828433	4.68832946373803	22.7773624214194
9.32544587505196	34.988393922254	7.00439688265707	30.2657675933753
6.39827692519835	33.0511970488041	5.36088843578856	28.5007967518013
6.41780083870476	30.2003828738478	3.10120879654224	34.0477913322282
6.43042928439597	30.6849889107641	-3.00621810620268	27.321133912297
12.5005970942794	31.3810769466549	-3.44065399393056	23.5368108639848
19.0700881423536	26.7719795621759	-1.06235346014498	21.8166778588764
18.0855475942952	30.3563288402689	-1.65680062680391	19.236248571639
13.2694857733081	31.4492656210383	4.87320329339357	17.5928463643954
10.7374617129721	31.0111256470948	7.74938808846549	18.415981998814
10.5511921609499	34.4289201408254	1.18227792763413	19.2946166332417
8.53537972562432	32.8270556521542	-1.52490569884627	31.5107874708787
11.249383733159	38.2541508839077	-2.69065380469634	19.9205755577059
12.6025931663048	40.5386849895344	3.1393572697349	19.9007945223347
8.75333379583251	38.4902192146741	2.45672222771683	17.1928327339337
15.9768331011653	32.2968275702489	6.42368598642015	17.6330629125805
14.9497160634222	31.571047413925	8.51382060708666	20.8702528188249
13.807515111753	31.0163673948997	9.5204843298303	18.6458757782826
17.9488312276092	27.1341628891423	7.62829498590473	24.5051881373557
9.35341491792611	29.7536657874479	3.85667537774462	18.8620201387506
6.77314992393631	30.0018611574507	2.93890953343747	20.0548814503518
10.4016228294957	37.3304056307263	0.0717018176840076	23.5163967804012
11.8975316612076	34.3432379521498	-0.555202368920987	26.7400430542377
10.1773202354188	33.2391308893611	0.54621813557039	31.2059930063744
10.9330485076841	32.4970890235157	0.196009223645238	31.1301520342561
11.0598410861497	31.7652055200798	2.27150777337043	32.0004484309504
8.37006958854052	25.0885767530539	3.52540299744247	22.0976149519595
19.1853172699981	25.1010042843759	-2.09411218737624	26.8355871407005
14.2566783512071	25.7547479120002	2.74391484704428	19.5964811238183
22.3670617539692	26.3890874019585	2.82984946413525	18.7181799447818
23.4661644891344	31.5729003577192	1.92530621962357	18.4493714881783
17.2939993315536	36.8202272817191	3.30341959867966	14.1182679998887
18.2113483795124	32.9169387058985	1.36034524005601	18.6037759863037
13.6285411045115	38.0277700864922	1.88897471812317	18.252478256342
12.1056975190542	33.2516234860036	1.96630096233213	14.9750073491456
21.3120809724642	29.6574017063193	1.44550085155157	11.6724740764918
23.3763834109856	30.8115993542064	2.81438377100973	11.8588969597211
23.0058834233647	34.783549730607	0.614098323754758	16.1768094024956
12.8292621809384	38.3910462727408	1.39123978744704	19.8541001268032
12.4654003586101	38.5755090003132	-0.559089028281383	22.6534244199584
15.8206742191168	36.5359618115434	-0.0622841937799068	28.2960556236155
14.7094451017172	30.2805543501125	4.69666512235915	19.6780198085257
15.933575647475	30.8425034043574	8.55599759285392	13.955411672825
15.0428071779058	28.7573815416087	8.26293020112177	20.3855381863524
15.3825463680924	31.1799958402299	3.29074472956096	19.7460245259141
17.9252242292134	30.4387567180249	4.97251008849023	18.965740671141
17.630001399186	25.7677949952933	9.44082800134965	18.735240252839
17.7089395578807	27.7681076910387	5.52965914666602	23.5567193242671
12.9008893594002	34.697275798466	5.68706026369655	25.4942096161606
14.2235023328018	25.7692926313492	8.60577798051709	29.4880075458415
14.8897234351287	21.2957474360032	8.36877894946571	20.6725250705123
16.4084238239057	22.3964181150099	1.43882330865796	25.3838076846652
15.5625200632906	32.1448867004402	-5.0493919123311	28.0089301060527
18.5747018395006	36.1039924050319	-3.63096514207985	18.4535756943389
14.612242445258	35.4912949946347	-2.05577827481296	19.2378503504537
15.8809875738791	28.946030384292	6.50583819762129	18.3443526295639
15.2241960338379	32.1225338265198	7.02512590847917	18.1644044387746
8.80333763203323	38.0754687286812	6.75079562720322	17.7186919429395
9.01177788788794	41.3008315324681	3.7101791731123	18.6048403272496
11.6423542374529	32.1160648622448	5.20806110017413	17.451960125485
11.0845549167849	32.4241110944366	11.2458236320157	17.3199968511949
11.4042149306423	30.2546244314835	11.116242154057	22.5830560277348
9.60332151587666	29.6524967071397	6.17714610305808	19.7458874456939
7.5184500925183	25.6500421771577	10.9736544860639	19.1763509844324
12.1220683411125	26.290008094557	11.4215704484955	20.410068078717
13.1527003960114	26.0974040949914	4.34201707181401	26.5255757289874
18.3331708791739	25.8402605419504	-0.213501909112857	23.7391108014419
15.8726583911184	26.0948048625885	0.617504411439779	26.5987414601094
13.9964502413116	30.5169362442668	3.79301257258319	15.2876572068616
21.1858206234231	28.9729305293619	5.28863138313655	14.7302727840961
23.4544860697624	30.8512338956095	4.41609583504274	19.1913757333859
22.7885615698042	30.2371173429179	4.39666109567284	26.549656752937
24.0203184737572	27.6509285724802	4.73349772840274	22.080439767876
17.1259939549788	36.1942590836477	5.3010162753298	13.4311327231874
13.9709566227204	32.2019948465308	8.64451997869304	18.2619098295432
13.8984738092414	26.9747353500718	13.8490445651359	15.5013332354203
14.1535927083013	26.8531120002301	3.08452710524926	21.9954765030555
17.1037607112764	27.339599430783	3.47222607142515	23.3679695708118
18.4884139878512	28.5043128458669	3.76495499253245	17.2942456860467
16.8382663286128	26.6107774963488	3.58732766276178	15.1516303712125
16.643291121053	26.6490595410463	1.57665061056153	15.912141589317
14.4736471010209	36.9668706012775	1.81764831523881	13.0546270253691
11.1530006008059	39.5573681727869	6.79827795851346	10.2716128559003
12.1461754637407	39.6712906337932	8.11689971735071	5.38731947956599
14.3230805211502	38.0908371903021	9.05666157624986	6.80165392448568
15.556680931783	34.8792980470713	10.5789282370922	7.14940713440166
11.843647259177	38.1538538781981	9.13688380402816	16.7733699149651
18.2275082084677	35.9429254971848	-0.578187437229453	18.9684795701144
12.2793983919124	35.5589420372402	2.87306359469123	21.7034944063385
12.0820298364433	34.677358770813	-0.641860654920567	25.4313262328838
11.766655711132	24.7118928707905	3.99876440375276	23.9746258398646
11.7814279648771	25.6316223815334	5.01954958875031	22.9165854615023
11.4301348814108	34.527370038883	1.75903897833378	22.1843808261897
11.9221801763699	31.2272281697702	1.84954358910853	18.0186167197521
17.9869860654065	32.0758948140023	2.49152795126373	13.8169414981433
13.8559291124478	34.8171389745725	3.6342151000604	16.8042321515434
17.4793379366532	30.7687604218632	4.56764429546529	18.6820515513585
16.5579217092816	30.9719529379222	1.66254381620892	20.6369619720964
11.3177486045968	30.9958859071199	-0.837970204003071	26.5683074875152
12.7973641618376	28.9467656592902	-0.184670186418956	26.9114827990881
12.2702728532251	31.6541672283022	1.3005476825616	18.8129453699748
13.6810040934007	31.4277293411254	1.40363541630265	20.8108655570609
15.9853802903005	35.2196147119106	2.2443556968419	14.0914091095312
17.383306657758	31.4538249874898	0.886456434597599	14.1963798250056
20.134278626975	27.1612362506279	3.00863461562897	19.1349395760319
18.1370862087723	26.8521030637501	4.65315485108901	23.2984957027815
17.7279655544732	32.5425845786146	2.00631733983775	22.7176453242417
6.95917957259347	37.0607572031356	6.28361679541686	20.0810952399279
9.17034698295408	38.2432398098505	2.37513348303698	13.8971172816473
9.08502016101085	34.8641946670583	5.13283804833852	23.9084523947331
10.0028443680702	27.6023008988287	2.99707155589537	18.9381675383429
10.8766739486318	32.0613383303444	1.17841358909906	21.3794008759154
11.880642040342	34.4695166255123	0.311348351057865	19.2676418181812
8.61180590210722	33.8238706005185	5.45451467968857	21.1775458092173
13.5479608664872	27.9606060462862	5.66806639019138	27.4754346162384
13.3888263879566	32.2022224811696	5.46631091619639	19.9736029613166
17.5541770561649	28.8782478624813	5.54075001317949	22.6643717933657
14.3254398273263	43.2897514401612	-6.91445113162177	24.1675901181364
18.1027334093546	23.9964561408873	3.68199109788934	26.2667588704566
17.4780870519591	32.6678535655415	-1.78106914495742	20.3813867272178
17.7354804911794	34.9422716290033	1.61142769330126	20.459489786278
10.616941814884	35.0333480749436	4.88605261375141	20.5866375486897
14.4113339425422	32.1875389677995	8.92231873995569	21.6167495472623
10.3782765904799	38.8177768725681	8.50364105659367	13.8915300245126
8.20888803153835	33.1786326158571	7.66557516921517	31.0364879194377
13.592905722482	31.3255712628375	5.68072395228478	19.104089247222
14.7988373457165	31.1243197495836	2.76765475468521	22.2161198170518
14.8041746228352	28.9086021939395	-2.13606374152194	30.9152866057714
12.0914693004002	25.6178400196325	5.64285440323685	27.5937851940117
17.7453233473215	24.9794671411385	6.79765789278217	23.289092669992
15.3951759412165	26.3260896984365	6.67883250545648	21.3616469877607
12.6902282356134	25.8247784214478	0.600754215692893	20.3861871457494
19.3207927306033	28.1659227736422	0.467187880849257	23.7685980627148
12.914267042823	34.7880668244078	1.77427021072598	19.5784404996841
14.2002855480031	34.9252479620963	2.73937167340942	18.7896508893056
15.0448797059893	33.9454368459745	2.63922683618174	19.31130386555
15.0713438399784	33.3360892515383	1.28164935591582	19.7021358356941
10.5871526483335	32.6164422914276	-0.31304676908602	32.4863959931898
11.9429123057872	27.5585734285639	-0.257179657348929	21.4322499711196
21.5915945559187	24.4932683115118	2.41346231468685	19.9194537195324
16.7831274241426	33.6019932059309	-2.36423960614286	25.3999079786188
17.1787607145727	30.4911786969489	7.53988276429362	21.1925911977791
13.5155426267935	31.1758373564207	10.6174140756496	21.6756447176353
14.1948158794919	31.8117838752787	7.93527070137258	30.521110162417
15.5007516203754	20.2258326234855	7.69492589279553	33.9806963112935
2.90140070560293	33.7320665204299	-1.48939721176857	35.4456959600359
2.28575907964861	29.1735967346302	0.540158632311735	31.1011802224241
14.1598146830186	27.4690384964156	1.56524785480311	19.6611535298437
16.8673100976706	32.1996403449844	-0.685482007693577	21.7982765851341
18.0109276671395	32.5344574620863	-0.626322841606844	29.4820571393505
