20.2912910324116	38.8062025049701	6.5241346633634	19.6428169266158
9.79107638416062	18.8302053889571	0.409879028761242	20.6044313117812
13.2155203895196	19.1282888885711	5.19113983862348	21.1482525952859
10.8381495135148	18.5969924635378	5.7412878324672	20.3009097889883
12.0033035247014	20.4019131359768	2.27234385329983	22.1666039611246
21.9447096024067	18.4488332107884	-1.06330764064239	19.8874747196818
22.8735678246909	23.1065513891389	-4.58754074613462	21.2124445524672
17.7610866049338	26.6049121738443	-3.99483633081328	17.7949360970082
17.1545230402218	28.5214006126646	0.511068277453367	17.098349957781
12.4922552998716	27.2001591083483	9.15713657338295	15.0694048606549
10.2827943648113	27.4374630340265	7.40538043148938	20.4046687907644
10.7083309857076	29.1304348928911	3.36210663376499	22.1292381784984
13.7551607156037	21.4158631821685	3.22792154217261	28.4380019779198
11.5665191073482	23.1222339279715	1.43756274658985	24.2603909192527
12.6450176969124	23.9648470902652	1.16327135417409	23.9896853842073
12.2628775180235	23.3627169035212	-0.305407908421016	26.3645174809865
13.9874782703734	28.7517420310364	-0.0759446035623617	19.2754064397088
10.978064365863	26.0694778092874	3.6450105351743	18.2401387242601
15.4263473359785	25.6391595897002	-1.55156405825422	25.6578550816897
13.6567411450397	25.5775848126014	1.17644833916544	22.7653989497351
18.603903011355	23.0048996808025	2.48746068639708	24.4562932987476
14.6225553664133	28.5689296682382	3.04094038136602	26.9731939978677
15.5731040059343	25.3637355246218	3.62841952290684	19.1614234484278
17.8338135968771	29.4892389007481	3.24326519785747	17.3731524277956
16.2429842474532	27.280647363293	0.85234896676913	26.4784699127715
11.7589275519724	26.9842312669037	-1.25650539499445	28.7905243047218
9.20131302144349	32.1870720998517	-1.82363564359892	16.3441953164231
12.7557584264685	30.9606962842584	-2.61163840048883	18.7688529819047
14.8849648068097	31.2744097549946	-1.07416402973561	16.4653444641067
13.3012326131876	31.0966149132784	2.15025417314516	17.3099499473107
12.6322913629625	31.3035656788472	2.40117688701558	17.5253779019919
12.8126002912101	26.5869098403457	5.39889049736715	16.104324618144
13.2896069058839	25.5598607495523	7.82608988948098	19.0376288953927
12.3564508621272	26.0189995681031	5.93080810884881	18.7041410077395
14.1226081797573	25.3487996014475	5.77086161709185	21.0851332843335
16.4295540368835	28.1535653350074	7.61296263701976	12.3209317233445
9.56587399912899	27.7542364992332	6.39732424441487	12.9723156145805
10.3585210000575	33.7914522817506	2.67239068313366	20.004787009616
7.70492003925063	36.5429942033456	-0.166298510461537	23.2864259871203
7.85244956738206	38.8366145969571	-0.716707768398862	24.3407348509427
5.00068302717227	36.7574214216524	3.82803333549242	11.6899835078754
3.87121245594089	27.4190034791375	7.52347319012921	12.5345034145527
17.9361769481882	19.6945353205795	8.66337896183546	20.4752485025617
14.2209484639631	24.4623399134273	3.00371688416641	20.4041558192055
4.94360511477928	27.5865575512419	3.28581608923565	23.845851699816
7.97841444924081	22.8160113915349	9.46678580997912	22.9071139930691
7.95186412429622	26.9795300833932	4.64196995363771	26.29110843322
12.0164396747934	29.3491556643572	-0.792895899044669	16.5943739927071
14.5475924095353	36.648267215031	0.0371215316631437	20.0920476592774
5.63385357396205	34.1220240093831	2.78349350776305	22.1547120777587
3.47107385963408	36.7066759016379	8.0095726215445	24.7414012384298
8.96269650420889	19.7215225847098	10.1402170291335	22.6105790832708
11.9306420177046	24.4311508603054	7.57243308342775	17.4688091190229
6.60519136771101	26.1653959305617	10.3225786144869	18.4702722701895
4.59101913453553	29.2806352913887	8.46447632173314	22.0231491044814
6.59581135522306	25.9815546992742	7.6602762284948	26.2745466452158
12.0998496491582	25.0219357764855	7.54120496327789	18.2803192612104
11.4565041805601	25.2369363123127	9.30006068658815	20.3381161315687
13.6977082852749	22.3242992797442	11.2393007869596	20.2025197256807
10.7675284160799	22.6502342812703	8.89292191944518	19.9668816823031
14.6681068303864	23.870713665335	6.8683287850345	22.9809332549446
13.0147757336366	26.7941591573865	7.83878233048566	19.7434337114789
14.2867234523598	24.0038219575173	4.31622697503739	23.8533876723483
13.5715733030088	27.3256813846607	1.21467126662391	16.5836081824963
13.333261849982	26.7208545580585	0.267199940424875	22.8061019660672
14.6276410144468	26.6232657684092	-0.679176047998988	21.1485171776482
14.1677165391569	30.0113189774644	0.672004838520794	19.5783349438264
12.9586325581459	30.181650053435	2.82095271069291	16.7466508536293
3.05938892673405	33.1714718308154	7.12289034308996	18.5930217155472
8.27800088519824	24.7248546710528	5.83119716182482	24.1000007423789
8.65900319060624	22.3508987758174	2.07442004386466	23.0732261254669
7.4272091802241	34.5493380837939	-4.73143657114269	23.733447872124
8.1188288749227	33.584858669979	-3.36355665841983	24.0725436462306
8.03340297528187	32.5769034290288	-0.548843123534097	16.2447473341816
18.374742922472	27.092446700421	3.00585312208417	8.98056019656955
21.6514928724144	27.0194996891965	3.74363247676078	9.09264033288358
15.0564160890125	35.3497950987917	0.696578558052661	19.7437214185543
11.2615898338325	33.7479629231752	3.44670365469787	15.5507014328673
13.7640951031998	30.5893130988914	6.68289757471788	13.4578033182365
8.59004101176081	28.8342482852687	8.40820434408519	15.2947823917479
7.02896578324493	30.0774482195203	5.59955091814093	21.7177846124382
7.164017364065	30.0149173349077	2.56347917603078	23.7693890701034
3.46382805301893	34.6010101900025	4.19278907296418	24.6554774981909
3.48759432481059	41.1306375504584	3.95456346622838	29.3111393873006
5.74530410533581	31.5542459650218	2.82631225497575	24.2881261530158
1.36699237000641	31.0724676586696	4.86725266170801	26.573506067117
0.571536941502629	26.2583479644921	-0.434445356157411	26.4413652111272
4.58703457871668	28.7419969895007	0.485531032620426	28.2234940653889
9.04368100021426	23.4424747456064	2.36319634977212	33.9457663613594
6.11528594212292	24.6388515954036	7.97758038768029	23.2117131491414
7.64323566622475	26.3337617808037	7.29836817278942	19.4413325026853
12.3812390831188	23.7479201756658	8.87001196211645	16.9130758067396
15.7164822908085	21.3286002983478	6.49122899198522	17.8576818599115
14.5015531155015	27.9088234554184	0.258542113337569	17.8866242479283
14.6904179939971	28.6911678421977	3.83967317105117	7.64111822719977
14.8285362878066	33.9557850445355	0.331097351221501	21.2806960218956
12.7892169327391	31.4749573662707	0.655869769057291	22.2644139187669
8.35236847111109	34.8556010101752	-0.431592099182157	21.8159398852971
1.64808501124078	38.9062665195965	-1.49275946669167	23.4738020177123
14.2090699756456	38.7623141568915	0.6331869629848	11.3289675523793
19.6756242161436	33.2596103430555	2.99400494743572	27.5883123594471
13.4145179207979	34.3944340813154	2.91086792763312	33.0228308328801
8.00665205617619	36.4590127927195	2.32204357910891	15.7826868339757
12.1732510252174	36.9922832716963	4.20170825631126	19.3142436161101
13.9091834450195	35.0670914478423	3.07637561303332	19.5688211094689
8.80395280479516	31.6919689584801	5.74240141786215	11.0925679645602
14.7046594280104	30.9600961966734	3.51794725289148	17.2693323976052
16.1438900414954	28.5796084873229	2.4058237258761	18.4755836466585
16.4283910669486	27.3138206893131	3.71007924048664	18.7931311010446
13.2434741057742	35.378354298961	0.20854597526105	18.388906576865
13.1077961813215	35.3766374756439	-1.04935114849623	16.8840571182861
14.0895175475704	33.6373269162929	-0.646287499411705	23.3338842300779
12.9531279476132	29.5043042101067	6.57816362188544	24.6508093953056
11.1573339919332	24.8730579190058	3.63735534570526	18.7789363234227
13.5434880409329	22.9814829895374	3.4024552159969	19.7696267726754
13.1751516305846	25.9142292749414	3.02252738380979	19.4498759276004
14.2090409975045	29.3348964017162	0.100531256302834	15.8582235133622
14.0492594013468	30.6213306558596	0.904412300180102	19.442834517115
15.7246536842748	32.5440014916802	0.70478159034943	15.4349215014914
13.2310316259107	30.1000792481335	5.04026503566971	14.0591120126733
11.5934711296034	31.2137897899125	3.95202370159646	14.1159849892646
14.2212853580502	28.4252464218109	6.19948068848757	18.6414069209951
14.3127127753434	23.8430700350291	5.81203480429727	21.9635175722443
17.6712363532608	22.6382187350391	4.92110565949011	23.9585416107231
15.1359515583937	27.2367892802431	-0.779359117373398	18.6285822531
18.3787175118644	27.2741770117921	0.715995861903197	15.0619114464872
17.5512158785727	29.5643464641092	0.886684264479723	10.0485099845975
18.6618435882936	27.9493044646989	0.804685734663092	16.8139033329392
18.295166181584	29.2217251965377	6.00266853002947	18.594782944432
6.55351974836984	39.2055480116579	3.82957864673924	16.4540224505016
8.16692344637189	41.5401182490933	4.06233747167623	9.28916108853977
7.82978739458281	39.4761840392467	4.33909758266618	20.5630484306054
11.603401705399	42.0968746485751	-3.54825577304058	24.502690247147
12.2013629722397	37.9991928370301	7.98589586018602	20.6507196127294
13.9576741629066	37.0502064891053	1.36561083992349	22.8122040060206
5.84644295459333	33.0535258843457	6.68441351756577	17.2345294676578
12.1918533365028	25.9879198673566	4.91474203410722	18.713757937201
13.368845612405	25.5262936538471	3.896062675042	24.22445072035
7.25345647027581	32.2250990439857	5.98702704125821	29.7357422930287
11.7078306530196	30.4293040754924	5.78113706901908	17.7616310261288
9.03688046707247	28.0036817274055	8.24985419090905	17.3371734565222
15.5468954550888	20.209768739715	5.43976225950818	26.2404925052175
14.2122819608313	29.5815565763515	2.23259700273346	21.4903862101124
6.35360677648117	32.4180493107189	3.20132129636775	18.0848091522895
12.631361141482	31.1797719586363	2.21191175505074	17.2911463895544
13.9610227516658	27.6899047286904	6.92467496402224	20.7258672973804
12.3397228621554	30.0334543742504	4.58797748803755	23.6549321761658
12.4793445623197	25.4721920269806	4.38098464587328	22.207757885505
17.5288480397501	17.3784234393849	2.01445521508438	30.9318751462254
11.9442712227339	19.8860444706395	-0.132341112931243	28.0143479278788
14.0685100156265	16.7682940182737	2.17047568132264	25.7575115233205
15.1388661844107	14.6704145377032	5.45437607068594	25.5865153712088
16.3030268148193	17.1065043528136	5.06492736835059	14.4653140283057
11.5471449714448	16.3823842709456	14.2328213699351	13.5965269612947
11.6186344308142	16.6641549695785	12.9303372170965	19.5917907113041
24.2222897585404	27.1574460774523	7.41765585578931	11.2815894572649
15.1923287630004	32.6779638057437	8.07768011054094	25.6149646169867
6.78127532389375	31.3200406649944	5.38752020550814	22.3412264902506
12.3357371268164	30.7707122357855	-0.418381665951952	18.8948211776956
14.2787439216519	32.0101814378996	-1.59676803334375	14.8893512696891
17.283930199328	28.3613858522859	4.38651526123584	17.0447904504768
13.8861729815743	28.0637740451593	3.4312784067385	16.0890200482614
13.7035973757774	32.1024240800862	2.66626059087292	14.8218483691967
10.2572128158387	34.6106638125085	3.98782052797191	12.6440004004318
12.7745041745108	33.5477221635111	2.45133617426195	11.5099388268929
14.3736478039388	31.3754721678734	5.32962348680736	18.4824470960907
13.7212325870384	31.098512401846	3.23364360744575	15.2641841484606
11.5399889769357	32.9801549083488	2.52460422726469	17.1708446340076
11.2169690222723	26.8849937264743	3.61096136865635	20.5951857980713
9.03871087415423	32.654832611205	0.401580374571131	20.1884355603779
10.9371734706472	32.4628527110883	2.08109831332658	21.9529109004016
8.93980283394022	29.6717446999532	2.57914955558692	21.7638498535858
9.2492477666336	25.9512376181273	0.631981728504631	21.5543693327862
11.865696062197	28.1407623529858	-0.143988637349432	19.0657541494581
12.0737872229451	28.1647809340111	-1.17613829994293	17.7914675221543
13.2259671183797	35.4658349097746	-1.6071221370858	15.7738373115423
6.09976318232063	32.2770269594195	7.47505788238227	15.5449435138733
10.1639466736028	25.4761055163848	9.11401373113945	25.2731324104251
11.0867243862454	24.4772311072666	7.29204601155102	28.9531725040295
5.47637442926505	24.4355099154465	6.71176025666781	31.8783115922132
10.4624591792899	30.3066544438605	1.2450763221127	13.3524825936773
17.0891402430798	31.3172342277952	-3.57884261885238	19.1839482269919
10.6594042568642	33.151516354904	-2.88712038786662	21.5482968894823
10.8742344883865	31.8205513943283	-0.136326450815126	18.6290561622482
9.18268947318556	35.7977867764786	0.435996753897801	13.4985879244311
11.611781095832	35.9212691928625	-1.4457879054469	18.1915498849405
11.2041671347429	40.0059757763885	-1.69486210895053	14.5185308785578
11.3638448798013	39.6283608125888	-1.37761003092884	13.2553209314189
12.1963053716071	42.2768177055187	-1.22142649392423	17.2437377815796
3.22737351321898	32.8188108641213	8.13219712910416	17.851973917217
3.34635800447686	30.9858513170708	4.39259065644058	18.1384441090673
5.32686242541278	38.4782623535809	1.59672723480674	22.2393901305239
12.0140340056827	27.650617224988	1.41441480391443	21.7897216541658
11.1364559401548	24.3016480690655	3.04878673769534	18.9089875942744
18.6726479587338	22.8990511818644	4.37304665587843	14.9371041399143
16.6806794126711	23.3919167228019	8.1766951132752	16.5188464843385
14.1482814909079	30.151305376829	1.94341651417315	19.8632633168898
8.07378492831828	31.0535136555177	1.33909036225158	22.3588309990619
9.76686172235402	32.5708398428858	-1.54189476138935	24.6322607825887
10.6743146251106	31.0959729432241	4.73786706592915	20.6073883365395
5.52619405572774	28.8334620484263	4.49700445440667	23.0784029237482
13.6373815500876	25.8973073699624	0.809785341128225	23.9837720557624
15.988671187762	23.8899735730254	7.62381887818836	23.0820853391696
16.6507620027516	22.7645920430513	7.71369320397415	18.2870117773336
17.5830696977902	21.3203563102551	3.65818019314818	24.8266151402874
14.9808292202262	26.5155957945653	1.44455186381154	20.9232982429473
17.2686326397234	26.4088118432918	3.78043376199119	18.3678614971956
14.8314962359728	25.9646556696751	4.36363865952189	18.7558986404708
14.3528280257766	24.3845724630689	0.672640834052066	19.2795643205551
12.1788262815425	23.8807845150069	3.46247475459422	14.9173419009691
14.2372661070483	28.6776672770862	5.07220359851752	14.0517313017683
8.61203104570846	31.2004640141164	5.33268573447986	13.779503766744
10.9356479424645	33.0561814326775	3.31122896741741	19.2445892734649
9.9198114607812	37.0486241797899	-1.60574928781324	24.0554985554154
10.4474899934204	38.1068704307004	4.82741321010194	16.358175284267
13.0418058595415	38.6493340373895	-1.06089883543801	23.0523323916517
11.7120911882276	38.1415468367672	-1.68325409585861	9.57360348570255
16.1172180987954	35.7374786670444	-1.88412763471034	20.369409570577
17.1241610210448	36.9081876372111	-4.84484976915893	14.5216091949716
11.8804091198471	40.1605606946448	-6.35906490197167	17.8931927468358
11.8753179220823	39.3617431313084	-6.09181581230596	15.8978942545792
16.5532020444391	36.0564339003811	-8.45726314864815	19.0917968118293
15.4571335019834	36.7871766520018	-7.34077369679175	18.4416547856955
12.9825251179106	30.6794142108029	-7.3772018973384	23.9248825749076
16.5893744795874	31.2311875447025	-6.20807338131193	15.2152403222599
18.8939451591402	29.392728096673	-3.21864985888793	14.5441520528139
19.4326719873443	32.6046811773904	-3.0342296434807	10.9099533839353
19.3439178750852	33.6460485908635	-0.767147189635339	7.32789809230873
17.9059528908694	36.5281626326751	0.236176786563024	7.40152017477781
16.2985000363553	36.5320039261353	1.02728619325577	15.0317685588624
16.3310792692939	34.3676025094685	0.359424931794214	16.7607378590281
13.2843524124475	31.1953095114079	0.780647197253305	15.524806529599
16.0747286002153	31.6659537033869	1.73688340743934	17.0056305665883
14.793551547894	30.792430562077	1.18092060351422	19.8012880844425
13.2057113107049	33.2143334255441	-3.62393020157093	27.1834158365044
11.2583568723918	37.2931382039449	-2.41026894646792	18.8255120979983
8.51603617743118	39.3685295039675	-2.33566631366989	16.2462451056007
8.86207117317705	38.3845423581788	-1.96243850248841	16.0159149769301
9.02563104257448	36.3340214975806	-1.09373854116017	23.86122421162
8.98630234729959	34.1668098968117	-3.05959970100263	22.9660319509137
