21.2169859443413	39.4361730345317	3.1957186977969	18.254517062138
16.9321560750651	35.1049604614794	0.826026090479775	20.2837932894406
8.99663439539845	36.1850861350896	2.63010750623731	20.7646529759173
20.9611147973465	27.9332830227757	-4.58878824388297	27.2396961749424
15.8386408208565	29.0864127321946	0.918398581969871	14.8541043598139
21.5725656343181	23.9982908120312	3.67652144847749	26.2923497815551
14.059659490873	31.5343942023659	0.676051015887395	17.6764333916921
16.3469725000196	36.1964466535332	0.730516476556259	21.3404182931121
12.9708483946033	36.5454445146801	-2.44143908238078	22.0527388306562
16.7844401037087	37.0428433134702	7.05508447079422	23.4290398577233
7.39332627189099	34.1419272617437	3.64145103669228	21.8111947867093
9.00511129176419	29.0877687422559	11.4946777207193	18.6726770842453
11.108766338023	28.4776046550126	9.03062674183148	22.3869921401642
19.1875310499953	34.8851234610497	-0.111274937177948	20.0902840628613
10.026005669801	31.4240985255876	-0.0978540573370976	24.559105710904
13.4935665343203	40.5590622880683	-1.6617471081785	24.4418300073282
7.33064768892304	42.0759690433332	2.46377983979784	22.8909043611629
13.990139692275	28.6631184132483	5.34726869424713	20.3350432629368
16.3689870592565	27.0646476736937	6.25505570103884	21.0165164217023
17.0900263788272	33.8020484720453	13.2667419802664	21.2249518264399
14.3839168378132	29.8937258232277	5.83683459462115	21.3483741864876
18.3682939356173	30.2947429695527	5.89292822546774	23.2057211927489
11.6178361632542	30.9512923586482	6.63647485511735	26.092429503083
15.4979412183776	33.8648682243686	10.4064265328508	14.5700955719588
15.4089185265503	35.1852964626189	8.38543374017363	13.9727307292195
18.2877265844173	26.7703643698925	7.78950758638339	10.3000668786424
19.2448133806075	32.9769838137301	5.04857313247876	23.2882019899561
11.3186587524239	31.5529200586842	5.67860322898732	20.9868819604648
11.3056406010122	36.5346985312758	6.36031581216039	21.1116021901243
9.96126854779946	39.658993566653	3.76460893900291	19.0729311137847
12.687868741218	33.8765215154385	10.5194253160727	21.5834893410426
14.8382185747539	37.1910530274096	7.9005198370204	22.9120369626957
13.4721259179286	38.1594951689457	5.75403024249674	21.1399770330816
14.8226760266884	34.1968018430516	9.21799473300672	22.6344042330227
2.85587421841591	36.7855584457103	8.56801845368461	17.8764712473556
12.453310568314	32.3463630005988	7.71390306998508	25.3060095022041
10.488622467455	33.0009315431283	5.45340329643802	17.2107344407833
18.9114967583116	28.8714907028126	0.230769868355446	25.7021143245736
11.2643192138892	43.489501038163	-0.166021520927098	26.3076186365728
12.4913071094875	42.0634324385284	3.37325795491595	19.7785585117056
14.7023585763623	34.545309255129	3.16257619179256	25.829323278693
19.5065262415312	27.4263099224623	3.05134331976817	23.5218574411794
16.7706498354539	28.1364235647339	8.54897317471597	20.0633495634865
18.2967759240284	27.7929385326597	4.25272974934622	13.6044145197119
22.3002244008946	28.2715626729272	7.583420806937	11.544041090051
20.6061432709227	26.7197336003923	5.28696577004049	21.038945127616
11.3027543843034	36.5519464173549	2.7451300337969	11.6012515419743
12.6616297699801	44.8338665222787	4.80738444229884	11.9670208537371
10.6515382314391	32.4703467140012	7.04210905101447	15.7702413559422
13.8888861929965	27.8283471233249	8.18816312332003	17.9869501650796
19.564700007156	23.3729860667177	1.79828916581215	19.0258333724454
18.1167064040867	28.4163689359889	5.80899282030628	18.7775608074169
15.8668674822319	35.5272081084971	10.5038258728186	20.3557171347546
18.3744069987132	33.0668035597408	8.66164709388228	21.6417508455586
14.8860537335995	29.2671873843227	0.057343472881688	19.8151020006869
15.7329565152313	27.8178920943518	3.23188066265218	23.5273121055206
14.5407468481708	36.2223976541437	6.8324635457746	23.1276530455164
13.8960987625455	35.1103547697699	7.27608439958482	19.8798871641594
10.9464012121032	30.5359253895365	3.33311873002737	23.5529722996695
20.7104104154182	24.1909249110226	-2.44227743261666	28.2935266525693
17.8073475631404	35.9957042572747	-3.82903575910658	12.7096211773552
15.1902510486994	38.701335701971	0.976048588734741	27.9330501745184
14.0773775480207	27.5708188259833	2.8298751434836	23.8085715745305
19.656246716703	29.1040039914015	-0.0347291133748842	21.7836019015033
13.0241816817659	32.9583232293825	15.1229866989225	22.6617844007819
13.8114981765471	29.2408500631494	14.9205169508212	20.1659651744749
19.5943183560202	26.6962033827075	11.6149062111952	20.9711184586166
10.0964390459335	25.9263856500408	6.00740307550663	21.5276902588784
20.4527172238066	21.873626047311	5.33399267397673	24.1873097606703
22.6320658177458	23.045187538521	4.01610066407491	11.9895153971988
16.3121807454474	29.2338754551723	-1.01754495416637	31.9516632998961
16.8188396386223	31.8900656181308	-6.34133145435717	19.6397194457007
23.2429029089094	31.7666290862085	-5.28297476457114	19.8599011216325
10.4860124801912	35.3419388806047	7.90158064146085	20.132722201663
17.7398395689704	31.5271677405686	-0.5866865320641	16.5030439257612
18.0578635551535	37.3397448554626	6.73969132782608	11.3449505300459
17.2123040993168	29.0970026614586	3.96187291294491	27.9040038006578
15.7941778851912	37.01284012782	4.89007997836976	14.7468197537845
7.00321861079453	38.0526780549119	8.10042084006651	23.2020400749779
12.5361440733114	29.8197364483642	4.63518654506711	19.2579213628804
13.7167853402944	34.3865525678414	10.9903379082975	21.2645908801651
12.7791091906419	31.2374727861036	0.274839398480662	18.3980347034741
19.5579994227318	33.8049717424449	10.5801102179249	17.9647070108416
4.93699683985588	38.6064657443214	-2.19492453288682	19.7723843185123
19.1436593729672	29.9323047676745	8.94328264265899	16.4267473107047
10.6039825600242	25.1659611661609	4.47520640425031	18.7034617548652
13.9759571670224	34.1631587015155	13.122571050609	20.5403363315177
13.6744526586798	33.9484179371658	-3.13563280511156	23.9319701149848
15.8956792052713	32.8612566074277	2.25855339251115	21.4575653264582
11.7562346866441	32.6416352350258	6.87254344664743	16.6339115376766
10.2223911746359	31.2727337304633	9.85212527381409	22.9913050871086
17.139154847823	35.9732985172062	7.16494455711017	25.0683624169164
7.88231953278418	34.9027572855403	0.78424864019512	25.100259721496
11.1972206993797	31.6966646347975	3.39987929481326	19.1666173638877
13.2047247094871	33.4995483450374	0.639636699371331	25.3218153340164
9.81092576168712	34.9632740161179	0.478160083607961	22.4869944748822
12.7970724540757	35.0260437536782	7.79448013085612	18.012651829598
7.38077299992649	36.2443958326062	5.11032832119354	28.857446395487
14.0939675509061	26.9865375218239	4.62854859232978	28.5791867616742
13.7268946324538	33.8557211091096	7.59610359493121	20.6628122491859
13.2225923105206	30.9514564173581	7.04718449651962	21.0339860552827
21.1498632991628	26.4038894485269	7.34217988826102	21.4563216329978
11.7423777299909	33.4104787227129	5.06370985269363	31.4182817927056
13.1169583068767	28.4970935015656	9.03541933318263	20.257435746861
21.703962746782	26.4272783213803	10.6322942211064	14.1145486322669
21.779353551341	28.7398269659952	6.10029907689942	15.8318309406988
19.0342833267132	30.014546990366	-2.5313059088737	19.2380840741336
15.0779497109798	30.5567484926146	-0.275717481222031	21.339512195586
22.0273236114045	24.2344188266148	14.3658314568965	16.7691632599223
23.1864328627581	26.8531493102216	-3.71521481284294	25.3182304420133
14.6549450726235	39.6850458770075	2.85261532905409	11.438521279422
10.515677733718	39.2291755909116	3.59001552282534	17.6672968124152
10.6639669136656	32.5485527824745	5.215939627392	18.9797328524404
11.2162173642029	36.7620775971697	1.06336005208061	26.5258110473045
19.3867633118143	27.0332267487575	-2.25144083832522	20.8161092940831
20.9477899673417	33.6305734262024	-2.12401161350724	16.5522772794711
20.5021533584096	27.2644399854508	1.83570202990952	24.0779639477032
15.4276973199905	30.5814015728575	5.26014400032866	21.0967457694084
14.1712633346108	38.0618614170854	3.33028611171915	11.0968471285662
12.9580258255074	38.8980215404148	3.46374578853279	18.000802683843
11.2999180464081	40.8861470583791	11.6380283887722	20.8248739713493
9.33098304761535	33.5753274990491	7.48283660633858	23.8421151913899
17.4961442389886	29.8852029933741	6.07547304023425	16.5636348944354
15.8881104929733	32.3540031925508	8.72224490578633	22.4199422889187
14.606019547804	29.2233675733873	8.9915627306455	19.6451732134805
15.6515008056447	30.7196025688507	-1.28193073845113	19.3026179701329
17.860795427943	43.7829546186808	1.22359016993756	21.2963732229461
15.3913227677639	43.6547330645139	-3.15629637130945	23.159385843528
11.1721046024125	29.0494975576977	-2.63300454971789	22.2007803719952
16.6105627522225	28.9507972293725	0.179095208187812	21.8389527693852
18.8253126290979	31.3803787793224	5.85872322688617	17.359690528042
11.5770884158442	29.4658042730955	3.78927436093606	32.4025569871584
17.9123875734828	30.3621333349946	5.11983744128914	14.4751085536778
17.5494696342818	36.2224323539715	3.21008451077462	17.9921945898339
11.7022882802673	31.9780832254048	2.23592244494925	27.1591622537479
14.1382187539973	31.6975499217761	12.6106407899682	11.8557333692413
23.0539772689029	33.4982547153301	3.6292338880391	11.3489077273144
12.7584450844868	35.9620017612881	7.19816677568682	19.1924361249262
12.4158972818212	36.9379259051996	2.38936774953938	23.0959308746101
8.29933048418277	28.8413044862374	7.57136579658574	23.5644395922141
15.1427828883822	27.363835921097	4.69459372667765	10.7508483336137
16.1713695709047	28.196504225931	3.15368845921179	31.4605617616227
19.02767670872	31.1386044242686	3.85224113525008	13.943938307031
15.6903935183802	32.7734711460873	1.10966405697028	24.78306150256
12.5571592180569	33.9188268568471	12.8459683694985	16.4069926583847
12.6891358711065	24.1115427643165	16.8406059150256	22.1444321498885
7.96203425117015	35.2101657145957	4.60771747439569	25.3983335620378
19.2094485741022	35.5213886363677	4.5881438708934	17.4054547372384
14.4922368337931	26.4542728084384	2.98962209020509	24.6384947510547
17.8993329654978	25.9108240874218	7.32661296469532	12.1137404803341
20.7349172079289	26.3159673407353	13.7276969064966	18.8784397095334
13.0295098848391	24.0809393595662	8.89816271904936	18.1906370776598
17.509811111941	25.5867306369729	9.66803009077532	29.3226636427583
16.9006897149397	24.8092216536966	10.4489987336853	21.3596054768221
18.9425237295706	26.6094324277297	4.96120865855453	20.8206677155913
17.4380720566154	30.1029858961492	4.18626270122816	19.2242939780036
19.5695542796642	35.6972236682484	6.0841564611513	13.9543314266551
16.3504488247338	26.6781652516509	7.23105479036015	24.4687614154584
16.9734948424513	35.4324056357752	0.917722380853856	18.7370953809052
13.5676019958111	32.1879978603805	6.78037067469549	20.6993700001984
14.5596404997021	32.5933983626355	7.18444593310695	18.6950634886536
18.3072060411185	26.3350440045419	5.0754707415531	21.5850208048735
16.3446392405456	36.4618882962382	3.5154958903867	19.8521409860526
16.2395484691481	26.9546053727968	13.3028287460174	20.4954478821431
17.2822205847962	27.7596391417897	6.76193833488874	18.4666041299867
15.7133887181891	31.2776675105443	10.3440969358002	14.9300645703016
16.8374296110519	41.622349297819	-0.00292164974382336	18.8042483214787
16.7696045445027	41.0318135581174	4.93147564690013	20.8760798875783
10.9172968828626	41.4652793918931	4.64752364076127	14.6168654115974
12.7865953074344	41.3949389605114	1.49988040198956	28.9772844219846
11.2975046563899	34.9252844707371	7.96903933007772	10.1784579792732
13.1439554681075	31.5157028695831	8.00972207990045	18.7838643814719
17.9423492467471	30.21564142526	10.4436019343906	16.3849416624494
18.2015594928966	31.5774989770661	12.6578600694911	18.1712960468429
16.1132115756689	29.5380978911359	6.55427367884632	21.6346575787972
15.7657341382062	34.2002665974872	7.65193592375413	22.8906006437218
16.001549078403	38.6528910987757	5.76367855506345	22.7733052330278
17.4554485991636	29.5151058149482	4.28606588129281	25.2825445822261
17.1921598907124	36.0895944340732	6.45598032952689	17.5262825821038
15.4146382121526	27.3946429114435	5.63415125971584	23.401292338946
16.3264916868001	24.6448881651467	3.22766599040402	24.7492415341336
21.3777118183724	31.5221245797109	1.85303670028788	7.79461336923086
22.6029600678087	37.5703933579605	6.91887769057048	18.5493542559236
18.3524604003034	39.7765748455295	4.40675655694298	18.3651495888
15.4932975344748	27.6367790737295	2.08983036305375	25.7666851696661
19.5229108439545	28.5518293274525	7.06994064466647	20.4917192170953
18.943108251657	30.6567738263786	8.23907747014977	16.3241202284944
17.5728178572502	35.017589052479	2.08921016595757	19.4737482567804
10.181409656162	32.9215590816303	2.3031042387599	18.2591094713213
22.7948182938607	32.117069192432	0.976775951654658	18.5798585650061
20.4014116503285	31.5716785855742	-0.0278451271751429	20.8385990911645
22.9468481893784	35.2520585739114	6.65297818993795	11.1156511191259
8.32718828895566	37.2096318258915	8.77800147905592	10.2682582393744
7.75488980782655	37.4332283813328	3.28863191611774	19.6293699325505
14.388579572248	32.207868909818	7.7597293284852	14.5553447877728
18.1131759119916	30.9220166618442	1.34059328445583	21.869588892038
14.7613455864365	36.5676215295695	7.08522762497305	21.8994838239162
10.96581119469	35.115477373482	5.26873517978183	23.5827923531439
7.3687901433889	39.7280111300696	11.5584994591346	7.95789753877698
19.0039113372335	36.677128554765	8.27936115002048	18.7218807614151
13.7868654380487	33.6627105981818	3.96984592768583	17.679074405891
15.7163433155722	32.7153107757927	8.56785894827205	13.6795065992899
7.75971955759888	41.5970204841592	0.17554269162226	20.8231418858197
10.3526802967907	34.0153517132872	2.4217292409319	15.3241594619053
16.8595848117628	37.9794019764536	2.47248166000798	20.5755074992876
18.969617481497	37.0859632781954	3.72446561385961	21.5842464524762
19.9604262501354	25.7548212967498	6.77054609325798	14.2936387789909
19.9387249819842	40.6266797901747	2.34347324972124	19.5933978526063
14.9756888127552	33.3871775383758	3.31755964472042	27.0898480580313
16.1731727819833	24.2361268888038	1.31434934923306	18.0228403243801
21.0273416956514	38.8511871451322	7.08578291409752	10.7388084822901
14.1447841107473	28.8335259182412	6.30425724805592	18.6289348591685
8.86375210879015	40.0430421385016	0.724171727423355	22.9082018785794
19.7513779076869	31.9196946550821	5.91997410542591	21.0601633993593
14.4214326945255	36.4204989586479	4.40064736142677	11.8665835631182
18.6277864233512	20.3486112094176	11.2252916625134	12.892627881335
19.7749983507852	31.7757157342161	13.4875421222664	14.142818729797
14.6550265152651	33.0882136070754	5.9647926559362	25.4231035777597
16.9132687919378	29.8251720654145	6.42591729170339	25.78246747909
17.5690718460523	31.2944675967646	5.33906416805518	28.0240008260966
10.9701461911063	28.9601060361219	1.31059483278864	22.7264121107668
10.2077652173554	34.6937569460188	7.94408769000643	23.0485036436379
18.7104119930538	30.0943598168713	1.3429965491324	21.1992129148451
13.4394329820881	28.5156489209935	9.01250743473985	24.0656203823631
11.3102601638179	28.0647565007483	11.0164304012696	20.8670581405939
18.7558175516862	27.8202816649658	10.0407307459488	21.3480139253857
19.7851327187112	31.3783773765601	7.69038902468749	19.8963411266041
16.3119730874627	32.8343913503624	0.994669040030887	18.6307976159324
16.1767304983523	33.0027764369436	4.5650589250206	23.8022872567557
17.174531700236	29.9893178362647	4.40415832259893	19.5519693073033
14.2955548238542	36.1039061649019	0.243353059508054	21.8429726495555
13.9481935826749	36.9152156161392	8.99166719335332	14.6889793231635
11.1126945994437	33.865990004527	10.8766951253565	29.7684054770171
10.7431585497022	26.9254163797581	0.566479714076618	32.0717829996384
19.8829604421541	24.9742280173471	0.920832395974198	28.7174561405219
19.1637507681598	27.8447347811496	-1.43429862664506	27.0407653757967
18.6290676328217	31.4027693940882	2.10472895687451	16.7047252466528
13.4867589985815	32.5012325359132	3.31464511964475	19.6694184468764
17.8264022846569	33.3803742125246	7.66752471838151	24.8788435211693
16.7678526792862	30.662752576233	1.55663306700934	19.2658172654276
