19.795976519903	39.7407974380893	3.75460646548473	19.8549491198769
13.2650878759939	35.7909764590566	4.24522817800917	18.0779057167506
11.2635468860275	34.9567001356378	8.71279987474136	18.6779535122278
11.1493928809606	33.4589211453318	8.87221592678853	27.2413270861998
5.45260370166668	37.6221059492424	7.38937563304897	25.1096323727365
6.5245318642017	35.9597544011795	7.64248826776066	20.6609520668953
10.5008050590476	32.517183868973	10.4709908672864	19.8468016990351
15.9902572399659	25.7200751116634	11.4457759209485	24.611494324066
13.9477634099058	27.2329981569656	5.17788818040334	21.3330729103823
20.170887754739	23.8807069920459	4.94691256600835	21.5726024124606
20.8206173695599	26.1377101918206	0.244272838984944	19.9967729306183
21.848630814573	27.3036684040435	3.48105120583005	17.0469061381871
20.1529702002932	27.3621842900967	6.77516862394787	18.5548102696182
14.0114370681163	34.3635218038899	5.01582437395509	19.4244489038624
17.9571608258016	33.0756078790792	8.82628339016157	18.2734577734916
18.9411092795968	31.7773811370053	3.41103202164606	25.9582249437204
13.0376907172218	34.7562312877471	2.61949695846499	21.0292386905036
15.8400704376004	33.018503403922	7.81965920019073	19.8664574337869
13.3606789900525	29.8388529225974	7.01439898561471	22.3084933113984
13.6061462514638	29.7743080661927	4.03718914532918	25.4635347904383
14.3137803252276	33.9108030277599	-0.185005260409082	27.1356860537759
12.7825352211528	31.7963604686538	4.81630333463444	27.0995952470309
8.57861767033454	35.6733439644916	4.42457044959782	29.2397451393259
14.1273218742978	31.1212248390047	7.22820576509397	28.7252138091599
13.7188269196577	35.3257081980242	7.90270503056085	18.5285657374683
15.5758069407694	34.900655677166	-0.720666255115179	26.1757719829242
14.9674742597654	35.0858644238637	-0.928905830667292	20.5371705918136
15.1755187426261	34.5145459921063	-0.832074429788564	24.2771590324613
14.5581764899717	36.3262625672819	0.281061747338821	25.933837249886
14.2607259001033	35.5209212039907	2.4180720334353	20.7275832062532
12.7723017400512	35.0549415603589	2.95090128095178	19.4076975192819
10.8270027796944	32.9808575546946	-6.19453462965676	25.2982927102144
30.9314829303905	26.3854119697231	-4.86160673943771	22.3197400395307
23.1202923098503	40.2531393323362	-4.9017541204414	19.9004438165286
19.8661817120783	40.7583146662114	-1.24992937247288	16.692324559388
17.6219675591786	38.8502675242921	8.70664092835309	14.5011230205259
14.424752484546	39.2496763211684	5.45366874553533	19.287143186822
7.50160359638269	38.422655801891	6.29212774800172	21.0586935660001
7.54997957711326	36.1540635137408	7.02259855766381	26.7859298938256
8.30341599261714	34.3897868108525	5.47719006179609	28.5344473580671
9.20457282193986	34.4614028160233	6.4982773703559	21.7850303491385
8.4564801250884	38.131210480142	7.25379464123759	20.6145875928731
12.5236537001522	29.8198113583079	8.62446951619769	23.1517732416041
13.609494641753	31.0454095753429	12.002573474014	24.739211445045
12.2351238722833	30.8579327362398	6.83601179309057	29.3879991839875
12.1908812720603	36.3203637037003	6.95523801425488	22.4100106613108
14.0232502379228	38.5285086647495	6.38825011754453	20.0786213571672
8.96144798282092	38.1657464550678	8.16221262177496	19.3962405650206
12.4272271198211	32.0656167181272	15.6831342316051	14.4056110441107
15.5017294826908	25.1659931881209	15.5697550167148	9.2441099236585
19.5102603710394	23.3275451796432	13.006506229572	8.44446374016155
22.6202712394434	23.6744980291452	-0.543823421180296	22.0611776353251
22.5213397150417	32.115856278911	-4.0438202695847	23.4274456568453
20.4583944562381	35.4317208474186	-1.86747135873217	17.423424352128
19.3431724669394	34.59093324111	-2.49136167857129	13.3302161299437
25.4888579550663	34.6319008774356	2.36672223244563	21.1825517485697
20.7099496985018	32.4823535653144	7.32767626758244	17.7385727354332
22.083843906147	31.177824498926	5.21125745885346	20.8554718458707
12.6414820977801	32.1158685782689	8.23581380229715	26.1255620257493
10.9728489790689	35.3504881957344	7.75081554500778	26.2819793255377
15.1911407878096	30.1414222275956	3.8845685574079	30.5777107157873
17.1568285114078	33.4103336430393	3.51729367769264	16.0343004407119
17.9492533970509	37.4517537339829	4.54184943719708	20.3858768841496
13.991388431273	36.7963829143462	12.2880063127068	21.2789086104837
8.43037606749871	36.9385430275443	5.64182683189782	24.8068698049732
7.0919378853608	29.5404540549944	6.7069900670779	23.6418200141028
12.1857790476529	27.6024039520863	5.41354617300439	24.2301765546412
12.7670352896562	29.6839854736767	4.58894229388512	22.8570558269013
21.393808779242	25.2282688870049	-1.20575882075708	28.6686162356412
17.6341681167768	35.494199448117	-0.293601136539944	14.4595078437699
15.5017669601019	43.0181273229801	-4.27753222629137	18.4077144449686
15.7345145883852	42.988909909812	0.493691946105919	15.8818672335301
13.0356528017552	38.0355642906699	-0.0425377025798879	27.0202617574077
12.0375497782278	38.2789178816864	-0.681398971180666	26.9484170765073
12.4630813705474	35.5853068498225	4.18135839357297	20.5851384677382
15.1147976461074	36.6716734237919	5.07947607454643	20.7722388886476
16.2560302118041	34.8248318011823	0.826490740109417	15.7397261265294
16.3612918817639	30.5771658906663	-0.574788437407282	26.9614898742737
14.8202166794637	31.164917558984	-1.45397627511602	22.7743560335228
12.662641379179	29.9955167245055	4.1633549633475	29.2324466238359
14.9177757419421	29.0698148410727	4.72102491955939	24.1595607859643
13.4653204978382	28.107614423427	3.448795281304	24.3466249158235
13.1404343103928	32.060349717562	-3.8777745643138	25.945276813917
19.3575340823752	35.5838207842902	-5.61592113808459	26.4602448054663
12.621752946872	42.4651889435874	-2.43060560887351	25.9292703223489
12.3635940914179	34.6217218137273	-3.8326290123329	25.3574253743588
17.691490517674	29.3398329845879	3.03155953461249	21.8207461930885
14.9078254403789	34.1884460313518	1.23614265056586	19.5360905509369
17.1349929764178	35.4629288314258	0.280907664496542	21.0108308635175
16.0121469582864	39.8138508212521	-2.09683891644294	16.7420442429973
19.2918885988291	39.3615638755962	0.104586183768117	12.7775225640778
18.2032596687391	38.6168660874225	3.98847209641252	14.0021934422237
12.402302478519	37.8940492448143	0.687005009608162	20.6340814675459
12.6238990952565	36.7121669485912	1.90101537791326	21.0997430670558
11.5820757979832	34.7924670513157	3.3168447588095	20.204660596328
15.3509975229694	33.9475783991065	3.01407821610311	18.5929887644035
21.0027157844045	31.2080547538527	3.62818552014565	22.1991100685791
19.8926704533457	28.4806650526763	2.27024039794605	28.067559243149
16.0277304674458	30.4476380589599	-2.78219305011542	21.8993969550288
19.3530085232999	43.9506575483902	-5.36655307327926	26.0773211793241
11.7729927146024	40.563069414546	1.65905088733383	23.1463104265823
15.6911854477509	38.3407040706779	7.67874122994489	22.3800744517075
15.4704051039675	34.3533446293716	11.7355672089188	21.3649023819308
16.777490739043	35.7989477414901	0.250064543569803	22.6128110955804
17.4997427671269	34.3449518509986	-0.359456469752068	18.744826018985
16.4071634046785	34.173938000536	-1.15741331054766	19.4369486325206
17.1600014537625	32.1733587443011	1.22628723517687	18.9801277884561
12.8915554489325	33.8506900424251	5.60356351560608	16.3033923860793
17.064531102332	31.8480414518915	9.31861478898648	14.2856473690052
17.2365894328782	30.763950794049	8.13857109206371	24.6144573986023
15.4127145661292	30.9859563698408	0.486408617949261	24.5282195661641
13.3576997355809	33.4082940602091	4.18759496104546	26.2063384558498
9.82007215186456	35.8243692533203	4.88632131706756	20.2655565775423
9.54225046865424	35.3906781978063	6.95774872194808	15.5668753643664
12.9665969789342	35.9835609359855	5.22896938089525	18.5713514938418
15.777904541737	34.1286951379761	7.23093583993336	15.6215365585617
19.5318040149682	33.6351028530876	6.52646933779344	17.4412906412606
18.6401614654274	26.3779877153242	4.36151945362091	17.8353546173882
16.3997022449435	31.4179561221058	1.37839391585583	21.378130560539
16.7150753765823	32.3162671885752	3.61164602366193	23.5309738100901
15.6456379947709	35.6648514982787	2.04585168658672	31.1933064918021
13.9389198423838	26.7304708753128	1.15900926319939	31.2097480388989
13.4890460935318	26.6471678668615	4.90727876051247	21.4798911557993
21.3023899183505	24.8437558627563	2.67509318160743	20.5060015492601
19.1299044191734	26.2898870674173	6.92528744432062	21.0420590606047
19.0715811868615	31.5823571710127	3.76672302326367	22.3309544407371
20.6821894135387	28.4786423645194	6.94025390325131	19.2602536574545
15.7144934231733	32.0105853933121	4.92145637626184	23.9766952512564
14.233521191178	32.5702769346889	4.58381743513403	25.9364529939173
14.7193099684114	37.4157846756634	4.77213281948715	18.7238144061229
12.7619513133573	34.6801581097417	4.95646879445853	18.3837608956037
11.3040853976304	32.4266378841013	10.67237317931	12.5807868768698
15.4851243707387	30.817382512827	10.8406737320693	18.9849129434506
11.8205754556853	33.9569464234901	5.89236617224382	21.7150506771932
16.7463394737519	27.7792050708894	9.21840738075434	24.4241015492563
14.6833104513712	30.4945789528994	8.47925352434276	25.1616456960333
9.63760223792738	29.3429999793863	7.94279230561687	26.1570830731658
15.7516218394117	23.7724785677962	7.2835198446545	27.3291825568308
16.3146264130954	27.5209882382608	7.27572565778314	24.8596819459114
14.2464724721201	27.5010275677336	2.01328600404008	30.8965688610103
14.8126431464031	26.8226963490737	6.82551621690476	20.7888738196423
17.475949252401	26.7341740393826	6.64125796405682	18.076760455974
16.6429299802972	28.6212365427878	7.49612966270945	20.3394340780107
14.4938810034654	28.394314495929	10.0883531054584	18.4971181690601
9.75531904112298	38.3097737079398	11.0894109072266	13.2765397306897
10.0761800254047	36.4935937505831	10.6218390020059	18.2961997769592
12.8504172535592	36.7018292733153	11.3891474480211	18.5785500782361
14.8574801339773	30.4192709296	13.156324311166	24.3831108619483
9.53043967317373	37.6452889556712	6.97237171673698	23.6926539911761
9.46473614781011	37.5777761227671	5.85821329029402	26.1023524211592
2.87240591614711	40.2035982263494	6.49442911807781	17.7574386540207
20.4563098582586	16.4737090572332	0.291970851443311	15.6006032416399
10.8661601280463	18.9774289714721	13.9577064356614	27.9890068691958
14.2427008932125	24.303857169929	13.698795695867	18.3002131713357
22.1593756065505	24.9072843840113	0.886117673061095	26.894525937749
20.6153820119572	28.8327444233342	5.77997289418772	18.8950011934739
12.2074961519423	32.0329261867125	10.8397037427312	18.112047300939
15.8230710049714	26.6842341018669	10.2340146068855	17.0378925971658
17.5252538636881	25.5166900801301	9.83568767481514	18.5616962217745
20.7753107926432	25.0389591665217	10.8660239915446	17.5145668694006
18.7296874111969	26.9191934884578	7.0312378950318	16.9739079874457
18.5799546204088	24.1025399876811	12.6308392277645	19.3490809626114
17.2152266921057	28.5189028454986	10.9899519899154	17.3181965823635
18.2846846445045	27.4017165856337	12.4683150675373	19.2150474113493
18.2525545698172	29.2503257187916	7.04409122088916	16.7317395221523
17.9283939841775	24.6166691774688	5.55477316443957	18.2293858176178
18.4090589007843	35.1382836265675	1.67361873163802	20.7776860959161
14.186569702816	36.255186217964	3.3244678793378	13.8430195647556
15.0566170345487	37.7818857504498	4.86649107373859	13.9692764724531
12.4988892750612	32.708893024309	6.07291613185215	20.8972302377151
12.3025315047782	37.546506905409	1.67581526507991	20.9684538603687
11.2767065197945	34.680510437528	9.08416909857801	17.9993749710072
11.7736891259224	31.9818022585869	6.7479619712865	28.7460305259835
15.5092321464799	30.9551422705989	4.63762329642449	24.5293887148572
9.96459684223005	35.2650366456363	1.25315545521387	24.4859084091502
9.80085574127136	34.7178748136177	0.477652263703907	26.654722070542
15.8198200172321	33.0791075288869	-1.73274637864236	26.5969345509213
16.0132910022286	33.8813714440793	-2.47767985997055	21.1448122607682
19.0280760216983	35.7739575817009	7.17055666257653	9.54600427357011
22.5647608491117	34.7699019247425	8.7941541562168	11.8851291300287
18.6682486974159	36.2470998633704	11.5037420027541	18.8482557870862
6.52183490441619	35.3309099503959	11.2599887732657	28.3238122843485
7.70736762459458	35.5362967285327	8.96170178173085	23.367635443068
4.66430084648604	29.735007355921	11.4295961705593	24.0249464225089
6.15735097875001	34.6755574890396	4.88164077817299	28.4332115046744
13.160631001048	30.3670400629368	3.24397893797169	27.7718221820446
16.0090666793124	26.5288531153201	2.16215687506304	25.3680539276392
17.7828803255991	27.0376104031669	5.69374646967018	18.1166114291118
20.4878783843549	31.8217544754946	4.39895394466558	19.2607578523042
21.1403207749197	32.556909943733	3.10485844097982	18.7611587606324
18.3030540329181	33.7922368648137	6.44910943374672	14.9305902890014
18.7673602686929	30.9054733377557	7.36200504219291	16.1133067653129
15.5805079607027	28.9488542182239	4.2365945058888	34.9611581563351
6.97983586363963	34.1818036292405	6.83769381353764	32.6814184617594
9.15439998070007	29.0138599181752	10.970752606169	26.0000256281226
10.3255514479346	15.7994314979966	9.08518418462328	15.3092997423253
26.8863568948685	16.5086610427331	11.7487977307973	16.5399202443572
22.2686527062141	18.8381081445347	12.3553744199028	13.1130805976531
22.5581016155475	21.7450161258848	7.6140331124197	26.8548396385117
23.0234884729663	24.9566576855102	-2.01208362225904	19.8664302534266
24.7951157673316	22.8416932203652	0.437782082143283	21.9945210828393
26.6608712149838	25.2590692152114	2.47330771220142	21.165833496949
26.5131163762936	28.1219542576973	-2.71975977049888	23.5582413761824
12.4325400174649	40.3005763804319	1.63318881581734	17.1460878085292
12.6357594727539	43.4141190103034	0.255667509406451	14.0237053361387
11.7747740949504	43.9134537003855	-1.23517509904332	28.2038322015331
10.2088998121868	32.2606947247011	2.88231506886345	32.4236000266369
10.3967477963532	28.2929578118098	3.58495024027902	31.8208199676569
9.10141113263975	36.2222601517175	0.575570260604974	21.5129825893848
14.6050342755417	33.2048581910391	3.79715524051538	25.9969008497547
14.8222904117107	31.1588455990029	4.63362244039104	23.7226398468602
13.8116547768265	31.2739904203061	5.77102686745147	23.1912150185141
12.2771751508377	31.3627022277356	8.37568335820205	24.5452520392351
11.6551233428847	26.4193722331689	1.18012765787561	33.0936424575262
17.2585142656546	27.4944641795733	-0.409228979252516	34.9574414013401
14.9734501778357	31.6296505541281	2.05133311110337	32.7140994045705
19.0766618590285	31.2404789320359	2.58519346360853	32.4068999991041
10.9523701570429	36.185907797871	2.7382029615043	30.6011596645892
13.7220698348355	37.35995309084	4.1538590815993	21.6584333795526
18.034500270856	35.7226957810369	5.68197364500546	16.5897019929848
14.6326721676229	32.6860341510061	6.57677136343929	17.980361746218
18.124316093286	29.6830719802203	8.89305609260711	17.773075245846
18.8620248287326	29.8500468615749	7.08459336931813	18.4448170569389
20.9551463132202	30.379776636728	6.37605954804097	13.8916241354904
16.2206607726812	34.9662616021306	7.21585230876767	15.6976407615771
16.125082615922	30.668467476953	7.72350950374344	23.4450013182287
17.7058385756526	29.430034698329	4.5604594445143	26.0150887203564
17.6762745018776	29.3616211943158	5.02335203553626	25.6082852840437
14.2079639955085	31.3144740665162	7.87477789207675	18.3056323104442
18.4216098556366	31.6263880643824	7.44776872446142	23.9751553356457
17.4574974168581	30.3913770988098	10.0686336129844	15.8332025775375
15.3292189015565	28.0410219099818	9.47222704800867	18.6423017739174
15.9997290499053	25.0626500159948	7.78605703123492	28.6378756530985
16.4039200904061	25.2661783266748	7.10521940633396	25.2404592958406
17.3722279687507	23.4010943020629	8.61696584893135	20.0889550479256
18.2560012702286	25.9041766060262	6.8184526658381	21.8918578516819
19.5208552785605	26.9015485608753	4.69756001352766	20.604716130136
16.9799510718711	32.1059494722472	1.65095281533399	23.0191975473024
17.925246039258	32.1765675940546	1.47432040402168	27.0797813622828
11.67079527191	32.5128389561636	5.43683886241389	27.846261745251
