20.4024486705678	40.1897368979537	7.31329734895143	17.6543009685663
13.0513876849501	40.2006121968548	-2.69717781810139	14.7373669905898
22.0600815504154	37.9241291653993	-1.20285058114968	16.0102107646633
23.8524100594519	28.9260453159618	-4.00029225228644	16.7596046291981
29.9576479676476	31.528913724595	-1.31781549334124	22.5897005414008
29.4004207048862	21.6414045424379	3.37440399006562	17.0019291815784
26.8716364603825	26.2193680762001	2.42841705447424	17.163990603457
26.40433662742	26.3461368342549	-0.589730804782473	24.3128654179187
23.1687315335106	24.4949052580208	7.68359583570052	22.9042196824894
24.9150441832713	26.3362994160162	7.49068894026265	23.3004727326089
16.5978872266767	26.3871284293376	3.17834820899576	26.1072171940224
15.420368436797	34.3096824893533	1.31879839648888	20.49796428099
14.8632795204626	38.8489821483856	-0.456776683779838	14.3401677303627
11.4517647753687	39.4443092780109	-0.260854158180239	23.0470163050585
16.5110324401381	39.767950203355	-0.264970422704827	18.4652331416165
13.2574628240549	41.7932016356352	-0.187782851329745	20.8066892279205
16.5220211375336	31.8371396917758	8.0601786479825	21.0181968692063
13.5174017590336	29.1557033882384	6.8966422749223	21.6748426282151
13.9409960997156	31.1234750352708	7.27464068285244	22.8579656812667
14.7510632155328	30.5218776613016	4.51535339769962	20.4495139987997
16.0772807807527	28.306161940052	10.4858460586989	19.9130683261759
16.5782143156841	30.9903883641168	12.0557094966376	20.9365379173425
10.9237119064902	35.8455293087924	6.98649694312751	26.5926719297505
5.94630635224777	33.1245617962146	0.771556333342338	32.2224899082295
6.72800563180105	33.4669522159728	7.39823231379566	31.8020860132611
7.4087184887761	29.9765494441854	7.58816335954768	25.4720475666303
10.7323806309558	29.2031117530975	3.91937662609038	26.8633566065504
7.91604277635434	29.9003127996256	2.8268161531922	24.7668297532786
13.3241842328418	27.406868756414	0.86469934083638	30.6907258378826
15.7109927569356	28.3662232534081	2.40961739322287	20.0810511652865
18.0090627731509	31.0111302602831	2.97437416151283	23.5539727165206
20.907370071461	24.2091064446729	5.07723142620293	30.0271759201615
8.10984378501174	29.7095035589072	7.93430194248181	22.2234728346421
6.80037246602003	31.6762605556059	4.06142788695838	20.1267435211531
8.70116597385112	37.5739058865938	5.27368612307548	20.1381269326276
10.225518845881	36.0280951665058	3.32985654659062	22.9770409829372
8.84249625440928	38.4915909681155	2.74165146338994	23.3913853849677
10.2732383779587	37.7624352295331	5.03141967400218	15.0602956876551
15.1650043570773	32.9493101029032	13.0717025912111	13.320415516762
14.8850071633571	34.9972301925839	10.1151139108209	15.1107366036557
10.5356320167225	38.4032431375108	7.99263475982949	25.0940635565382
11.5110461920472	37.4450699812581	1.182419436241	24.7246648851422
7.27912655860703	35.9296592814899	4.15462470555643	29.5665770345182
7.60673109030341	34.1703482413304	4.74908718669647	32.9674735218101
11.5707216675672	32.752012525721	2.87965019123361	33.333442712253
8.41107680839921	33.7925360718392	4.42264032265839	17.6543871150441
8.17340142936881	42.4678461177856	5.64842360275534	13.607657029004
8.99915167221656	43.506389847896	4.30623672961212	26.7707085127928
9.37616948030853	39.3625776925112	10.3822496439801	24.7104620977506
6.46202071982336	31.3679559651821	13.7982553635443	25.9394802913712
14.3371814055026	22.4161308749912	7.11930581095616	27.4121859890985
13.7274367504786	19.5853681569001	13.0753978406138	21.9657401682453
15.0419982506558	19.7208266668363	11.316740421491	22.8909747750531
14.4594529059262	33.4906198409465	5.24648785109368	24.5611021766472
12.0401111033292	36.2835632467659	9.27101955291594	22.1326568099703
5.35551122042514	36.6953203059533	2.80698672643641	23.6678464128804
7.25337810665338	36.6224245623912	-3.399026114412	28.2024854588166
7.81301233034651	35.6890625894972	-3.29360354204016	26.1356923921989
13.5244145132795	35.2911865743019	-4.58639201918902	26.0067375482002
18.7241305280911	32.2459578499339	0.28325534214912	14.4556609178719
19.8584548067424	33.4463357442431	5.52137853529151	14.8908875892696
16.0901432846281	35.7962091401663	4.67528850024413	22.162101075078
17.4065507002841	24.5832273913935	9.05059470284538	27.0421277447851
17.8560755072292	24.6635149433665	3.89238277155359	29.6035391274156
17.1759077864902	26.5149121449106	2.02675338425805	24.6976303225113
19.4634518815249	27.3394516014271	3.14730086420313	23.2902635898012
18.4187897407494	30.2827020917796	2.99836614262861	25.2029958152331
15.1005972163688	31.6518771745258	2.51507299347398	22.0058259587038
16.9797395552444	31.0491689950221	3.15762749501121	20.6264186357383
13.4158279966499	31.8952529106128	5.46540584276047	23.3987581226462
10.9154946460324	35.9479447889817	4.11917069405065	22.67536329949
10.4861900401185	34.8469910962611	7.41286474223927	17.4552991930927
11.9040787131409	33.2919615722365	6.32723787477268	20.4658018614405
10.060650565353	36.5362096001497	2.39456435110448	27.1316556612269
10.5011855242729	36.523451046656	9.09592728144005	29.5827069232465
7.89196023998077	32.4979212992886	9.15169849691166	26.3685767984527
7.21291546044316	32.4273152782065	9.53111679499217	29.3574111655864
13.8067981435822	26.4109569984208	12.1506089158012	24.8899493349284
12.6012215793076	23.6394738566908	10.7710309582418	27.8550284874194
13.0655843328628	22.0077266705068	10.4369651452819	25.9631529922165
12.4625493080299	20.1688731902125	10.5904147630738	25.4280740690241
10.6227953901458	31.5204048736798	5.24378570072415	24.4642712191502
3.91359147196963	35.2106729497048	5.70235804570759	24.1074332214715
4.91723871586596	33.377901805417	-0.694485037835992	30.7659372899615
8.87005853898267	34.4302070521203	-4.88952569684003	27.7575775285185
19.2078081840966	33.9193805516525	-0.0404929076254739	26.4706063409214
15.9641358925031	36.6195941866283	-1.89225735619894	21.4833408710201
15.9656986326944	39.4501760863606	-5.78899772142926	20.7853528788226
19.2755540184596	38.7242134436393	-6.17655231570687	25.4367562553607
16.1539557742805	33.2386436438547	-5.12614668469089	27.0012010622019
17.1701442030089	31.0487868156643	-3.04191053795754	29.24254673346
15.8702122404157	30.5656555772015	-1.01623789590909	20.7268400587363
21.3267361752606	33.3588554837928	-3.38399507271975	20.7933443556925
14.5078941698103	40.3071797363924	-3.01838472768356	21.2296697567952
11.4235301864906	37.0101436208466	3.33471028549905	20.222916218277
9.97473972145495	37.1093422066363	4.59735739818079	19.4316597990376
8.83325448719812	34.0026085664393	6.63815240690993	22.2110497564693
12.8330942661877	36.1330406138548	3.79544087970836	28.5616529904921
11.5293307694982	32.7763935969542	3.59777087027086	23.2735148244221
10.7404158765134	33.3084579099793	10.8806019930301	20.3540273741478
11.5356180619133	30.5545464072315	4.48672821765223	29.2627222056495
9.84225027111573	30.2362448892495	0.0370697283318009	28.0597214506002
10.3660681010405	32.7027689089686	-2.2566508336792	23.1646792367322
10.9484559695843	38.9570249489726	-3.20304580146341	23.669707434451
16.9287770360383	37.1207364449705	-2.6407584404112	17.1759670546407
17.9540200649993	35.7786740792411	-2.61757139540325	13.7155915293971
18.3299165482428	36.1342876128879	2.8491901116571	13.8060360850177
17.3708368798513	33.0700878561126	1.16214096072452	19.4990061932352
13.5915997777807	33.1286865328091	2.27747938120757	20.4613013290832
14.5762186945471	35.0264142757749	4.54361854603723	15.7506552823612
16.2116290397338	32.4699433153995	5.37181220500007	25.6883922238627
17.5115085101413	30.0214743010053	9.62574855404832	22.5623136628493
16.5226283417882	35.3119356228888	1.85899896660685	17.5874332894616
16.0701815043444	34.78871338972	6.19850238818806	22.5305887782542
18.7043336090145	31.6678499134796	8.15625328604263	18.0902999582791
20.4340299670699	34.8219776744856	3.71223663944882	19.428512711634
19.7567739905072	35.9168268780987	3.67303830480855	16.412372683608
14.724838881216	39.0796140466502	5.8419137234898	16.4947354921843
11.6717181619471	37.9542519759073	7.07045795865392	15.8622078702556
14.4828426121722	32.1303084096619	7.79904644815313	18.6108503079182
10.9367886866431	32.7687124954284	7.24005399150836	25.267084656111
15.2170860297382	31.1424550708397	5.77346098022597	16.960518495147
15.2109870741051	30.370982791281	5.22306816997068	18.5121483857248
15.2115055229735	35.1243790136489	-0.71195609716967	24.3073709694173
9.8992175949127	36.4592918390766	0.205636872388706	26.7009634350862
9.54953511609851	39.9068986471169	-3.11973414942655	26.5599419002857
10.4565414799486	34.6099633383922	0.409406234044253	28.5043404403579
10.9526435526579	35.2271384219997	0.303545146572879	28.8289037342319
11.039972427164	30.0526742972791	3.63012451617747	29.8277114816146
12.6117332759975	28.3294415926701	5.23736112130894	27.1729972208986
14.5663532210244	24.9977265625053	8.34957058386965	22.6405243014962
13.4980223482205	26.3659585943238	6.47492949963301	27.6624294275463
15.4254418346761	25.2762667527595	5.56598687424495	30.8618092185863
18.1301058890028	24.0656199897832	9.79402485970568	26.1329613492262
15.7110516801266	26.9260475365448	1.52497432395976	26.5073998955705
22.4154899646317	23.6160172025965	3.98981689863624	17.3745994184793
20.0679518610477	27.6920814482626	2.47992884529009	21.2111619961144
19.4981453470686	31.5218114991454	4.26347366128248	16.6887644225261
16.5751291482197	32.6120054208455	10.3008627222305	11.0985434373936
14.8613079746681	32.7470820186441	9.87333213516164	14.8146613703205
17.1515609873416	31.4343226304059	9.36965697516341	20.1771929770294
14.7494783183759	27.4465198122404	8.92538241925174	21.1294122220772
13.5305335463337	27.2837719001056	7.96824302873099	25.9817978253018
13.5693515637105	33.6994322730021	3.65422927058706	25.1824172918295
18.571556596069	34.3455707913376	2.51394377308208	25.1344730326505
13.638054787873	36.5172224697374	0.740624335727525	22.6552617724595
14.8253453200356	34.7566942134123	2.07081813163761	22.3902768067925
14.2393740317667	33.1429459940981	8.3617389912131	17.1838850083091
14.8180885547008	34.6881123052242	7.70351843140118	24.1929224806168
14.1234007093357	34.7079914564227	2.86198191274918	26.8087785909201
12.5974424204893	28.455274488121	7.27325599337958	23.4603883660647
12.9254853880017	30.644340132947	6.9466906057208	26.8627205103884
16.5540577098463	29.2938469901545	3.52902451922877	27.0585129767905
16.2218424472242	31.4217338959681	1.21296558223425	22.2033255959261
14.6504543911881	32.8524882775685	-0.539316586947608	20.9920108124945
19.9148294543131	30.4086986101186	0.890814194338891	22.6056537933048
8.00928201815499	38.555482130992	2.51299441361291	19.9131507838477
5.65060074250789	40.4088588301379	1.56933259492604	20.1894050544001
9.32594862721525	41.6213384745929	3.17204782547294	20.3343453640923
6.36860946549915	36.8396981675464	2.85596583312242	26.9710697686338
8.2948195353431	32.5731043876435	2.99183939158781	27.4728615722157
7.59538187890326	31.8081892221521	7.99889714927502	26.2695839796757
10.0655799523277	29.7126427315904	3.75836546071894	28.4512333437411
17.8040875588824	25.2864932334916	4.24702940047808	19.3743711742283
20.4398244631521	26.4498781665163	1.39652737870846	21.1878280769744
18.0489630147859	30.7865455528507	1.05869796679022	19.6468421476603
18.0864111315086	33.140773668084	3.45020137016117	16.6652067527451
18.7862988194661	37.1414693769882	5.67760015126705	14.8213852499291
19.8664728255221	37.5299636320094	1.10474860748663	22.1642465637072
15.9913118585223	38.5370541504258	2.18288046600506	21.5831915463841
15.3726018374875	37.234610059975	5.68184199104295	18.6642221931301
13.2511855206284	37.3119267480165	4.90945648069366	19.6594427402251
15.7169397059448	37.7811608409121	-0.592746670245581	15.5397868078068
20.3818073982183	37.7436254081379	0.951623933609268	13.4081658176944
21.5278780573789	32.0043377602536	3.4531005362381	17.9440329445754
20.6002675763036	34.1987443413648	5.89625296949937	21.2115472449872
12.9500673358618	31.4665898309152	15.7170517857813	17.9065965732511
9.98448295014026	32.955239558015	10.8076049782031	16.9388242333147
12.5675379198139	26.0430881086551	16.5421381464194	18.6379988194736
13.6273031416805	25.9465607007779	13.0909009871039	22.7962229222655
17.7317908740815	25.5296646164559	10.9243113323935	17.4181042340249
15.4781899004456	30.0108326567639	10.345337978553	16.6128312129192
16.5958899966654	28.6068996266764	8.25333979771288	28.4952322262514
10.5815097548115	33.5076502521945	9.91479471417891	19.6638168356097
11.4331478480268	31.6313955446748	11.4163190581905	25.3145651154867
7.05706608153378	32.3144913902034	12.4323037133556	19.5096388708019
14.2976809697383	28.2692130323959	8.93004172546831	26.1323949088035
13.45723816224	26.3794279458206	6.47485731874914	22.2347316072691
12.9571519945505	30.0345884176297	5.81280356978388	23.4786854154066
13.9388441028474	31.3628965156478	-0.611450597575443	28.8605389002028
12.305876416866	30.9988521231664	5.5635859737714	20.1250902110518
16.0663806489313	33.5531573771825	-1.58848536058717	25.2774446995364
15.5824157461168	30.0384931807732	3.0164281991551	21.6814943359073
15.3463197952011	34.0457661550331	3.18989786097234	24.6923591315586
20.1539214217368	28.9003745654484	8.59515602711042	24.2450069057324
20.6824049788278	26.4327470727151	4.60098089637599	27.6003074202285
14.8091963704119	37.9220030969867	1.7902903158895	21.320974323746
12.7766209350853	32.4598658528106	2.02953554854982	22.2250026385456
10.9130106609053	30.2371678688491	9.73895167063163	19.950331278105
13.1358129553235	29.6767081603193	8.81506160197021	17.597432606833
9.95122930141659	34.6039123662855	3.52888325291858	21.2636561319026
5.79326574961353	34.1045889851988	8.51288147333251	17.1931744273546
7.5566667037701	41.1563122004622	8.99369190323426	20.6474210531103
6.17814106081562	40.3969346374768	8.76183221159768	30.5068642172593
2.77605902384271	40.8000181746105	4.91037793087477	18.7837092644124
4.43035070280525	35.9429949123171	16.3673133319494	26.3344377779176
6.35221227499484	28.3327287200922	10.7059509258119	29.0222630334792
4.54349967946605	29.2309371394486	11.5619923243768	23.1491261917872
8.12158904605622	29.929906444489	11.3726485770157	21.633675103965
9.30792692218984	27.4369917503521	4.81104970628003	24.0705759793815
9.98772365375498	28.6126399362423	6.71516737619022	24.601695387303
8.23053177853197	28.6989819075326	2.74284752036983	19.4669633509173
13.6650310939838	34.134915168711	2.34149385717885	20.6581495340495
14.4855653302473	34.1911398374439	3.11021351320568	16.4367284582154
14.3551754379964	33.0278607261461	4.80895320586617	20.7399623943305
19.2489905014022	32.451311290646	4.26941924197356	12.9273294457046
19.8741039336069	32.5512962726944	6.47689780293776	15.8422989510252
20.5674847365377	35.081956435148	5.31016377890889	18.7479598739127
17.1952412436314	38.7958139704163	4.64350473794	11.7460307908468
16.6836421340678	40.9133711555962	4.00490871903476	22.5647623058313
13.2125602875741	41.1416289963196	3.71894010101189	23.3877516104534
14.2634003474568	27.779658153666	4.31250106069003	25.3638405440949
14.5083203471964	30.205712093324	2.13486968919061	26.0379299167187
11.7388111984124	30.0145134733101	5.43084432802787	24.2658022551321
17.3848194883627	26.4032168115097	4.75859175701789	26.4821353687428
18.5378520877573	29.8355509095433	3.6609504206897	24.1091048268125
20.2197330272683	31.5914941965651	5.68567603581536	21.3368121703698
17.3477723615025	34.0378352090766	4.65303177234668	20.5450223685183
10.4429088791613	33.087774843406	11.5199124462618	15.6047768471609
11.8354802511414	30.611795984336	12.5126934609092	24.547088143191
15.7253887461218	30.0223067639344	8.88148784072119	17.7144046090865
19.2834436129307	30.7293707229146	7.75753016716782	20.2754236478811
17.0061605241609	33.1986037995097	6.38288724522042	24.4916038110109
12.0282571430291	35.9047278696102	4.84109555889788	25.7063349347749
15.0031258826822	34.3988018598992	1.03800770713161	32.4249551447771
13.8651572315698	32.0053100396921	3.10428118664328	29.0619730671353
12.1936020158402	29.5700433053382	3.65047299268293	30.0299086509305
15.3226212224001	32.5179140572079	2.48902360963152	30.8162288084671
16.9730164719705	35.280578175526	-3.058475229662	29.9656056634097
15.4431326481228	32.8399147384682	1.98682144346465	22.5197710237455
