21.3855002791639	42.9747435895381	4.96036817223269	16.6793879590654
8.53181215988709	32.5249543835064	2.79253075832363	22.3472793041381
7.3840635178869	31.5440020035081	5.17084843206935	17.252102556138
16.8172173041177	26.222464679807	7.55600311082929	17.9606585031959
13.1566331501319	33.1438290861444	-0.633246335320623	25.9596594595811
16.1622685509003	27.9154952137618	-0.289884447239787	26.0062661922878
1.03888023444756	29.4613370294013	0.303434588739902	26.4030458748083
6.87789444856992	33.7994021870457	4.13244034052166	18.0913593854518
7.15529842678983	31.6299513997912	5.70235901051235	16.5955022258447
5.2408542894252	35.3194086105033	5.56240425888772	15.3846108632703
11.087814677421	32.0045292461693	5.32746551303516	16.2456696781871
10.7676160157733	31.3895490197867	4.55720823701794	15.5754727286828
11.3508453019038	33.7372221509397	0.856528070069356	18.3049974863162
11.5586464096985	31.2346114581853	2.92579758424635	16.1943441959126
10.8226708894788	34.1982983776913	3.95923694821197	11.99571164045
11.2317004952772	37.3523299025851	-0.420792354344098	24.2127236649346
11.2857772958284	28.8316120908143	7.12535604128737	25.3290799115737
13.9052118536836	33.0984655560473	4.72387344462831	15.0978976678106
5.4827957848413	34.9432741247596	6.85618870778044	14.3732366994026
12.3483715731546	23.9435238128476	7.59400659592857	13.5629027293998
17.7007834277011	30.6609402730078	7.90324930453707	13.4063963945027
11.9468517937691	31.2096344695189	6.18048687003605	17.9914025546986
8.69149397928202	31.8255134862017	4.23724320847882	21.8695394083015
2.74120087173582	32.6067178853824	7.22963096704675	25.1542713551822
6.90284658802283	28.219695498146	7.20525037628008	28.9088577370323
8.54188395139843	29.0348212694785	7.19114099971758	12.0564539424218
13.3835824985657	27.5215277116782	10.9713080417487	12.5314233771407
9.57138622055237	27.6856706262602	9.83109209305898	20.9458875353894
6.87804217496512	29.470740968272	6.12275021904123	24.3678812217413
7.11426932145065	27.7751687274429	2.09851946271	27.2935169563143
4.30964573243776	34.3732838251742	7.7448698299601	18.6872493784694
6.22678627585447	37.3381568365269	6.02319088691644	20.1277685138441
4.08971920304103	37.0584228417258	4.54694739004396	20.7838725294962
6.70211719561551	33.3430614660243	2.47768635788731	22.8039846111668
6.70826431164568	32.2156691400248	4.70817013315105	27.5360908507017
11.8567403792632	27.9207701411012	5.39387941399345	15.3198098539023
19.3066248707702	27.7463377714776	5.88598570825288	15.8644964791829
12.7403521508487	26.2386988056603	13.6587437176307	17.5501066599249
17.0755279371682	34.1027168866209	-0.854022485734559	17.0947638097427
18.0287225009488	35.2661387101081	-1.73043822670783	18.4998864460869
20.7951197083935	31.6901077998328	-0.818177083001301	16.447928353547
11.9191227815941	32.907302003968	3.96739363235394	17.5122888015545
12.9938282337867	31.8899725513674	3.65034395161057	15.2555507400035
13.8821093049314	30.2895928115451	4.74816967065419	11.3789340503347
17.8271114742797	30.0976010655851	4.18296718944715	10.5545073723254
14.8929843362835	33.3646410237818	3.35164071268322	12.7064768400991
15.3208140280997	29.4037975021459	4.65800008944155	14.1110703641565
14.4039847499031	30.8495103707358	6.53643584379542	16.7927815129458
20.7199240692231	29.3576276348724	2.88042764726643	23.3603742734938
16.1246998708035	28.5871018243444	4.72861064786564	25.0389855714462
14.3291966223305	30.534904183117	9.50649946883794	23.5974543159191
7.22023479125207	28.4058327723716	13.6738358987171	23.5830306857188
9.56569164077292	26.9861430262637	4.70632930372178	25.052398821741
13.5233087955835	33.1927008720731	4.65322089700296	18.0216738571708
11.2800846745965	32.6721268267055	3.51443218386068	18.6607267767486
4.8986388867495	34.4663241765146	4.69187798995792	21.9878074961173
9.26530488739545	34.7509124319685	2.87071596218541	18.0714432049001
9.26989800735201	30.76042729464	4.98283975718886	20.2908670801128
11.9250216252548	27.4216122584476	4.13968519501731	24.6962920591625
11.4280832169847	29.4098309855035	2.28468425148508	20.0514982292212
15.2757493988895	26.8944106888367	1.76051077780136	14.2736504408839
16.1336245980192	33.8698548366656	3.28838506129392	10.851514882867
14.9061162128191	39.8067172167636	3.71381013196676	25.1819200941588
7.54864863553135	26.7266528019727	9.72202057927422	25.6006203435026
10.7244409639266	39.1471358796109	5.24255654749516	10.6862225488622
11.060187501311	37.8441426661269	3.83624090407629	19.0045563329805
9.92196778169885	37.8747991277309	4.13056447545127	18.5201550920793
13.0789722070945	32.7446828750366	7.17804115666383	20.8374227903151
8.9883047784928	35.9928098175407	-1.20149442990935	19.537847772998
10.9132429277302	32.5226121136646	-2.65912018548391	22.8474324870046
14.4428270072454	30.7554317202059	-1.39298800372839	21.9179090646218
11.4848119341546	34.6000631667905	-0.161416364060567	10.848893779937
19.3941277609915	35.7736978984669	-3.01177943527358	12.0258110395184
17.0559221506326	39.1958114134379	-0.613031249322315	9.99325029853626
16.4042138331777	36.0323661288478	-2.36315168637107	24.8601074011427
13.2972365274421	29.3837872512074	6.79232373404061	18.7038080610697
12.3039596538766	28.7003825356818	5.05409069571651	17.9134484207825
10.694740787432	27.8703957501433	7.64245423467837	17.4124944521461
8.61723262379364	29.1366054661206	6.6469204214216	17.4626716820605
8.44363702380625	31.8338322228386	4.71231467535726	18.8164115034125
8.62820574575305	32.011756888461	3.1383039896164	18.4589860161025
9.31294978496162	29.195954628159	3.69212609722949	18.6319895988919
11.758905640164	29.1779810236981	2.92502280758291	17.0716009729616
18.5147797691762	24.8307434268431	6.96218008376255	15.6402173122412
16.8720070745482	26.2269395020943	3.28449306512621	17.417079461368
12.4928724317763	25.3347458191369	0.912847527921173	27.7852032031811
13.6762431801012	32.2127835163068	4.18455022437187	18.3232943752482
12.5693006465636	33.1580641985143	4.49791740154593	16.788967572309
12.3508355916241	28.3641256768972	1.40584033442406	28.3229932113614
6.14140763044189	29.7044120320093	2.7551922071596	25.5987168912839
6.64577744422367	29.1086384992871	2.34638815197381	21.4835363606975
10.0921650664118	29.106602624395	3.47709623232606	22.2582420756649
8.73276946974741	42.0718918730305	3.63421194089698	16.0654895496697
10.4774688920112	42.3862360593663	3.77707488902035	21.480735850069
8.64376810351867	30.8668311395483	1.6569832160336	25.5194824368854
2.07277924916557	27.7282791644135	8.49241158759343	23.3684771501621
2.27689578685878	34.7469642031114	5.61270401753159	16.720396725843
0.424198525647669	30.5989144387762	6.44348885964982	14.9115202779719
9.58899667565218	31.0042349779154	7.2416689163857	14.4317800668521
10.8729757067206	30.619334982878	1.40606537096582	24.9259907170652
6.15543238474575	29.0264019744993	1.09958732534198	20.3799376803665
13.559865487034	28.1998710524105	1.95858774131036	19.7093265497798
13.8882604775364	32.2856596926043	2.35315850459037	12.4527665687466
14.4049712105556	31.8039753054084	5.25257849356158	12.4900518779272
13.6858235064796	31.2521011661865	4.19236773147919	17.2738142151014
12.5823386989436	34.0334450789055	2.92788846639656	14.8822950766301
15.046557269408	33.417592328999	1.11333856114857	22.0316155472649
19.2514773736471	30.7672566301448	-0.788607401887695	22.0327609999563
14.4654450511331	24.8025074735955	1.12113082646201	26.8933627115089
12.8780156852976	29.8752700187868	-2.47244627378341	29.8557441112112
14.14418398536	28.0463859554982	-0.28569430741873	26.1986895957156
13.2360333372439	26.6485442011287	4.93108196253497	27.5001473519146
9.16855850765817	26.1946120136088	3.13316320077128	25.3831265488574
11.8170083131613	30.3297526359609	2.44299188031427	20.3357282234065
10.3345173207298	30.1446699913375	-2.13023435083606	18.8767558219552
7.52201685972509	29.8906608884007	8.17898961490564	16.6734027326136
5.62202960663498	32.2448397484638	5.66887107544716	20.8436032500147
2.75624510356321	37.9481667452033	2.84002564718277	19.914138310033
6.4295852883192	36.2889535500593	6.30571905627177	13.0236116272977
7.05727427270583	33.5542719879945	7.3416675847143	21.6312058863809
12.5100711596133	39.7212713459763	7.0284326524475	24.2510665401461
8.79838487126102	22.647695119844	7.47897380366934	12.2288061266409
17.8371554803258	30.5684069628738	-1.06347572887304	16.4836467879469
18.4157050567834	31.7819263631552	-1.43818021649482	16.4850537003808
19.9719332395276	27.0730075527988	-0.530105545914604	17.9381010974977
21.2065713190846	27.6039729780944	-0.288683090622408	19.9356477853177
10.5937870460972	34.0928779730069	3.48345108228079	17.9421119397773
12.0526591138393	36.7580213310619	0.158851816228539	16.0921446495956
14.0812177895047	31.1154636513864	0.111306061877817	12.762528831374
21.0857072993591	30.2232994494451	2.12587613044581	13.0296978270714
16.686991363246	28.8610967766916	3.96492701620138	13.9415865429487
13.7883481229134	33.3815844626079	6.46884635094472	17.004691261746
11.9865668589852	30.0142927435309	6.15531908287956	24.2880169157348
9.58536976730892	28.7082770620123	2.5766052366413	21.9026629668139
18.9712143370172	25.2260951053353	0.246587741810788	23.0841627975755
18.8543496733747	26.2103397235453	0.293892113541844	16.5087711883538
19.9977124668044	30.9097502356574	-2.88531917303534	21.8265595941634
12.770530141363	37.3882150636098	-0.566459146027579	18.7154949686746
10.2045837024353	33.5098623004785	2.70523202194976	21.1673311257991
9.29661167349066	33.7844374613868	2.51320028554201	20.4038771136168
9.51563561728093	31.2381582638281	3.26016061475082	18.3460795727062
13.0958451276818	30.8437561750528	2.16761855177163	21.7924242943029
11.3863757263199	26.9480221518289	4.58139941796242	27.4280229923195
8.70934679510818	24.4937934628459	5.93279018904654	18.2808545781179
15.7643508435273	24.660758840663	1.9343110406934	18.7917239814876
10.4542759956353	21.7543259438105	13.9431406301609	19.6224205465867
10.2216765352173	22.9740950401214	7.49595927368857	26.4238510006486
13.8996025946326	21.3159113531021	7.30295490302153	21.2636707662858
16.7702184719408	16.7185676591131	5.40945891481705	22.3962688455612
14.6969840266091	17.0501169779563	10.1399562423071	20.837509828645
15.4461328299066	16.0630377459565	9.81814776164947	23.1223526200501
13.7373558488024	27.6789572237285	3.11607349747328	16.5269627165271
15.1369693303405	28.2095796028363	2.91606519617712	17.9667665705811
17.2788945576091	30.4937930590402	4.08340436875361	23.5191784266424
18.8677616637004	22.5674154178471	5.72768564217389	20.0257578611415
18.5612282688516	27.1341945549793	-0.520019800191365	18.6045014920019
17.3849093988148	32.9701542381517	-2.58616423034655	18.9573464348286
20.9094692933915	31.102167022832	-0.473267793951369	17.7937010203618
19.8866284037551	31.8696364277132	-0.545324577734394	20.3834786120256
18.5855383577408	26.7295477917508	3.56029893267401	16.600282009792
18.1057280072745	25.9834590746179	2.29454148556539	20.3302459220829
14.7308229495574	22.9954958293677	3.81077802502983	24.4327623548413
15.8629883240128	26.7523501678381	0.87330196927805	15.5642853409479
16.8395610878093	35.1020055012789	0.462929949976029	16.5008456387984
12.4153454813955	32.5192274274316	2.72712691814778	16.4369730965662
10.4993229544332	32.7059203530673	3.54975878127717	16.2864118522299
17.6409112334793	31.1089810789211	5.19573879760556	14.1991228494348
17.1879179178134	31.3439705721396	4.17033512477629	17.8618901237449
9.38735367185571	32.966720248751	7.68725775308087	16.9921360831311
8.91486654073603	34.6034950962008	5.96344705903459	10.1148820729529
13.7829561509811	27.0121165144906	11.8468241905749	10.8542587418197
13.4807905925005	26.017955920072	5.98454015473269	9.18305298742785
21.1922205446787	22.3408965243675	6.58913864211022	15.221284810751
14.7448347282481	22.4319801212677	13.2933338211554	15.0725569960841
13.2615618134734	27.3621660152379	3.99472612577334	16.9053191797056
16.0269499231733	30.5128577521931	2.31971850115588	20.1298498444439
15.8733108721922	28.8618972897896	0.596395648081699	21.5054278064699
15.8616600197558	30.9493921844019	1.69942580538613	14.9879299814992
17.408591442537	33.7010086171991	2.23969661213488	8.93643362435407
15.5007754930113	33.9022409224613	3.77894161585113	7.87822840024612
12.05998887652	36.5904459317876	4.44667082778114	9.48882153756752
12.0823557057364	37.0273504250413	4.22823219359788	11.257631811647
10.3984419314137	33.060206140644	6.77886588144745	13.2080932503471
9.06220160768763	37.8981251257105	5.57544943038595	15.8624614269378
10.9056537137412	32.5317088356591	4.38874433205056	21.2727785451307
13.3242228864737	31.1488746723434	8.95925308803164	22.674690671563
10.5162125295073	31.1827363235757	8.01263006862321	21.1465134527108
14.327002475577	33.3215894199788	5.4428472809829	18.125572760799
12.4789724931878	33.6368953157229	3.83646115366825	24.2153307490284
14.1320239417081	28.4480432066362	6.82719324909891	21.0572177844356
8.78452488833727	31.5991154562362	5.51675830230857	24.3315204044106
13.9964193003966	34.175832794741	1.91144358216849	14.3852975053884
13.1345330519366	34.5317887063061	1.27642588434514	14.9328974031947
15.8368561221983	34.80953287705	-1.19514220416773	17.5267840361282
16.4574854377952	35.1798018980995	1.78858433129039	15.9996198352715
10.6611526413013	34.3421428356608	7.30340737826895	13.7078155439636
5.45232656160645	30.9616051509957	12.6379567312613	15.1508736985652
3.92603896533156	28.2286083238888	5.71537024179906	20.7193538502706
8.23584134697937	27.8422836639676	5.29590092903435	20.2809717770179
7.22105693312384	24.2067091708761	5.03404542231056	25.716368481173
8.19309041672477	31.2435616116728	3.22424285300474	25.4572446408037
12.698310277865	32.9712175979968	0.112490704752757	23.1110725292292
10.0408916077322	33.4331694040838	2.13127716631095	22.4602347050149
4.04122796862242	24.6531018596533	8.91257570311825	29.5896464745801
8.31151380169813	22.8453235030565	8.42506541662406	28.9265427944538
9.86142137519692	23.2195612187888	2.56393645642859	28.3050481718334
13.1741196774316	27.0859381980653	0.759132527580197	26.1470444179246
22.5971480537621	18.2317626553691	1.13906993043895	25.9954274054722
22.4637507088031	17.6341970929397	3.29352295005957	16.4244028418431
14.409738962959	23.9056192607139	5.67790328737612	25.7326834211232
13.7850293702926	25.9316178326487	0.594503229747366	23.9152093257395
11.1916819926867	23.45493336773	8.1117216184646	21.1721233408893
14.4502115496019	25.3410605234698	0.146223100731534	24.745580320555
20.6895769633869	24.6037446903669	0.734745841423803	20.8164722931862
18.552327484777	28.5474579593589	4.1820211327712	20.557414609316
17.2864383438925	31.5185722966465	-3.43647225852265	29.1169096290425
19.156814171313	23.6746733552457	14.032131310349	22.4186039318746
7.6926244360813	31.4762604176678	10.6595088660546	11.9478913967696
8.13714267997528	34.0966262911127	11.4623687535354	18.156740261541
9.15554831436	30.0990607239504	10.2389535450206	24.4187267020543
9.13352083048989	26.3209002386054	3.84840776704407	30.5877231283312
9.79169625020132	29.8458260148971	4.92751949558671	23.7770101859433
10.7502649089709	25.7928572607399	7.29183601962414	22.6739836333518
9.6080344932541	26.2894233818294	6.52050367837784	20.5223397030664
9.13199798142684	28.4784818875591	5.33568075531621	20.0646654563379
8.43124699123333	29.2043371194388	4.56954710557584	18.1742903424699
10.7337696874564	27.4363203275363	7.51668698526446	21.832934533925
11.3669944369874	26.1227459381586	4.30766981474574	22.0359463218871
14.2734211318007	24.7502129212865	3.12745276403027	24.9720181935492
15.1842630056476	23.2613696707324	3.94410141541037	20.5147214885457
11.2522178983234	27.796946723226	8.23224326141022	17.1381663335954
13.1346016146161	23.5558838455263	8.97047669009656	23.4107848899906
9.49869065330479	21.0558582459465	6.44384519976914	26.4635325113069
17.3109111913398	23.1431912410893	2.94030096365891	27.0551035792324
20.3379595887898	17.7584149002918	4.50767409971736	19.5021245228952
23.1817080741721	16.5553319882036	3.76190076333291	15.9204490991204
26.2239235090065	17.5243227658227	4.69434258731768	16.4347036970674
20.5375508926782	23.6480109661592	4.69443287589315	12.6543384668651
23.2935549514341	26.5828027428342	-4.09247279511106	21.3564050355229
10.12698337578	39.3268360410791	-6.15268770483595	4.81531394225894
