19.7948307646332	36.5686905211381	5.89547388124129	18.0412811124866
18.1028399202883	12.7868859273925	5.29456280273234	20.405414641386
16.9854415004052	20.4796766410194	6.65964090579622	18.6469226833602
11.2575182456204	26.8411624771155	6.03952529499938	21.3867148049345
6.92674076208435	31.7687990708674	3.13048271105499	21.9727413702289
5.73822669508334	33.0668564496028	-1.268670633517	22.9918329413304
5.73157482371133	38.4569224670041	0.87944126938595	21.1437806366266
0.291918839323414	33.5457229202331	2.15607175166009	21.3935204823756
12.0782013773378	27.1295674804315	8.65707522053493	22.6778895636344
8.41197768591499	25.0983087678275	2.8300833237041	24.2722926889801
10.4396564443367	17.6355085505008	5.20781100966597	21.7534060515718
11.6334166488682	28.6953849864028	4.57682421831693	16.9886767254466
10.0495981237801	32.8857722302734	-2.17927907658462	23.3987780073912
15.9313130562857	28.4425166124061	1.72936428611623	24.5052198553906
16.0115167263627	30.0155892191038	-2.40719230845944	19.9629085183272
18.8225257781356	27.8168192217641	-2.76043278864027	16.9346050101461
14.2684290228166	32.7348614242442	7.47566967969387	24.3044270130934
15.3450215857264	30.2462465216085	7.65871581309455	25.4711641816652
17.4087518555948	26.2904977314655	2.70614520444636	21.747774651328
22.431389285242	34.7516838457554	6.84043874282732	20.4842134384075
5.20896483166184	30.4179404067466	5.83349619310691	18.0182510875733
8.39958192123961	29.7493954465384	8.19517902581363	27.3214801413978
14.9979962846295	27.0989154548405	10.7354297659561	19.1631908006075
14.460962172135	27.4346879826159	0.0848919964969079	33.3804710525128
13.2520364944591	26.6008190115214	0.866731709337874	16.7420088862109
18.4630508602329	36.394135862796	9.39216840604252	18.765884590535
19.0131809543963	36.686572671592	2.83208277504129	24.4314331125887
11.8023261082583	45.3760936353575	0.222020145974167	23.3037650117341
11.0206903990317	30.0563516579051	4.49387575225181	31.296397519969
5.94077266593983	33.6151714535335	6.26345266458389	27.2929093709407
11.2542910116238	40.7292068617588	0.978724774272118	21.1588469346375
16.1372932438514	41.2838977331342	5.6542164362677	15.3894156475295
14.9388576660058	31.8981548899831	3.45468725251544	23.6548267361604
8.44844547684622	35.5355424702214	5.88838683225472	20.8488743188657
0.272224892270875	32.1655432566116	8.96492823144306	26.0074881878548
7.62912937868239	33.5558333849197	3.26153243925421	27.2646247963288
10.1334124174308	42.1653814376926	5.04726490258947	27.9263511130453
8.59506608446617	29.2174944150834	0.870926974078262	28.4379826130212
21.6876669252244	32.2041985306205	0.115819329031797	11.9766648026144
17.6321188128506	32.8852677584873	3.4892265809398	26.0992745355501
13.2710134124593	32.307373742838	9.41010880119868	25.1775853465162
15.4840189228027	31.9072961574707	-1.7121519863256	28.7464861281998
14.9795824904187	32.3973919376288	5.07847446934122	0.585285340286136
9.17637103554972	27.9640004524498	7.30866194688517	2.09674797866404
6.68931591176607	33.7776827040596	8.13979611717898	15.8108277343138
2.60100227632739	32.751656227885	6.36337295042782	14.3736988589092
1.64158469396575	30.3456814886539	8.80497430785059	21.7214096434339
5.38257276586824	33.6927644285361	-1.1346675515318	29.1845068944543
8.55722388073943	29.0069973777036	-2.66316808659152	26.0408989879227
7.71507659981169	31.4682182736712	1.96230863089173	23.2425707419328
4.90737160302264	31.7717951882648	3.24749357633724	23.7561494806009
6.72050983713916	30.23145803637	-0.143419522419626	25.003305258711
9.39656765127876	28.1774674091967	-2.36512407571976	26.505301750281
7.36486763090755	28.1476450361791	-6.33565693772365	24.3797839707854
20.1137118866008	22.1723063732046	-2.47474138066417	27.2840271582986
10.8584639706819	35.3700874652262	-8.31452015293969	26.1725985336772
11.0455788124524	40.1416493812125	-8.69984990656583	26.2226408768121
8.15814675895768	34.6353168307661	1.61280954517217	32.9063045080709
5.55672015770231	25.0325691439183	8.79816804099272	27.983431884453
4.48028185248406	31.0482184029358	6.81683924067209	16.4120729523249
1.57963351985479	31.7952200816187	3.53299761209081	23.0103870713621
6.21617150622429	37.1348285068932	-3.93168288963472	24.592633815436
9.22387499845396	34.8432697130663	-0.799903061169119	13.2086285505913
12.6262738347598	28.212532843649	5.912525720997	12.9158307913225
12.4340387724049	29.3472071040418	5.24953569580636	20.0144292966802
21.8708473795185	35.1043022499651	8.21189201618535	20.8048695442407
13.1558991669937	30.1978058816165	7.48452580948351	22.8190436936124
17.2795161192875	31.7807360811325	7.31528265746301	18.8961483608141
17.8547292954858	39.6727807030609	7.36641978836721	12.5983499421094
15.7187201345766	31.5750708647343	8.54594591996735	14.2748249360197
25.7870659164364	32.5155920836361	4.29738105499288	17.9555462490367
8.87074327138546	31.1760297974789	4.29176871998716	30.7858222284103
12.8881527440587	32.9319539794562	8.39772931560893	24.5265430552929
14.9778207390408	33.6701643632099	8.45445337404967	18.7514988280145
8.34612472719148	29.2968718667894	7.5859892853012	28.4017066534852
6.60244104141357	28.3521805058613	1.93572594771893	22.1736318508813
14.5453911188209	29.5396377176426	0.0732802392975622	21.1063041102791
11.3195177896099	35.6398973667443	-4.55686311907459	18.5988969002568
14.6843578789533	35.6405196764243	6.98070246521991	16.5252109287024
15.7977126545423	34.1140372899015	3.77842850404834	16.8074095143525
17.5106165573544	34.403476245947	4.34289148050446	24.0284031947237
21.5392226007551	35.5918280583239	2.78664037575509	16.3867071420281
26.8834797325116	32.6532909372185	3.6902150470614	18.0164190171483
26.0396077808477	35.6230194683921	3.54035308838072	17.4905456498832
12.7391818791763	36.9705201200988	-1.67390380499703	19.2486857786083
3.08486886797648	40.9863408310186	-0.306166732348292	19.6532201068715
2.35597929473591	30.2684172154251	3.41751626444865	30.151569689648
6.87636084618872	21.4983565541781	5.46280760303025	27.5655520474778
13.65640688219	22.7928004502184	3.35249187642593	26.7469962924862
14.0969738370521	27.216048705138	10.7831122375454	24.5022370765129
10.2658815990916	29.4938928389249	1.27996103152391	24.9401111219201
2.49965713744711	30.0127216067423	2.39165306700922	25.3279573018465
5.09788408513451	32.3571665578755	1.80557091398693	20.546564021128
5.14828262255797	37.0172232896962	2.74119286010571	18.9849864868249
5.90170608544604	36.4092300825507	2.09858661052481	22.4033091929543
14.7514388560646	34.2269330511556	3.25077943927244	11.7762232855587
18.7888468890396	31.2865093017683	7.46218865391178	15.2441537676046
3.24090438450706	34.5761716149502	10.3271373932095	11.5138283326901
4.7693792678872	31.0576945420109	9.43772949863536	21.9978393995674
1.79226944686127	35.8972299509494	-0.713475333218694	23.7975290053995
18.5006707957257	26.2261319659889	7.00353399322438	28.8608497460229
11.4468500664524	31.0145567153776	2.7389627263289	23.8513117342459
16.8682224261154	30.8661074569644	4.17944249337204	25.3499698162282
13.3696766038937	38.3107209769402	0.0378583292793415	9.30876191439314
9.33834782794872	38.8390790866327	3.41411599799431	5.53241771479195
8.89562602686955	28.3636613196192	5.382909480514	14.3544438505925
17.3990076215875	33.8659237879433	2.61779263611292	23.4501701967239
14.4441417726582	40.2559730484306	5.23314222958852	17.8472445621169
11.0411191461722	38.6663847769539	3.54876361551731	21.9907137530049
11.8866064903897	37.903713867604	7.6281655616538	21.4979891886128
8.54199071937944	32.3250472086035	-0.404630437079689	24.0750382482085
16.9558359502047	35.5981177650297	0.911301981937854	25.2816160433005
16.9417205024528	40.8145066779683	-4.62649229550526	27.7722609755593
15.7133979089858	28.8873201417742	2.31572315871339	19.088861623253
15.7897641791595	25.0712995155537	3.64696552432105	19.1651067137115
17.4216362668222	24.9556234135907	-0.264403555149502	28.8958123285598
13.7768073026417	30.0862452463861	-2.39384272387297	16.8700569361722
15.8582410628881	40.8871821110751	-1.68342533053157	14.3988500942613
9.11930049845345	35.4677589546572	0.163474969911928	22.8421460173229
6.78079384452202	32.2593467944916	1.01728244623395	22.4410568212295
11.7107701622507	27.9778084813972	6.72059788773062	12.2851939720238
11.521034801316	28.1540791602682	8.31371555276441	14.3373180114623
17.6632283343305	28.5274720337118	8.55075046126025	8.5655270220643
15.821021738865	32.4800545645889	3.18453425480279	13.1235819628792
17.1790544031491	42.2289606386807	0.10957301992865	17.754975478933
18.5834758607042	30.5701748119891	2.57096045117767	21.8296601072185
16.7239313886061	33.3951015624892	1.76490660224052	21.8924738259094
18.1458900680165	38.4785922895132	0.828129749358167	22.8735267247871
13.5988957997057	39.0093038672528	10.3653415275482	16.2697574872406
20.2021077039391	26.6217343716997	11.3745976810484	11.1277952197302
15.0306495601982	27.8029032538759	-6.13891642933424	25.9855918528806
17.28399524219	36.3109951557706	-5.2369075828042	27.8922983201514
8.14612682429736	33.6419615403864	-4.91909531857619	22.016371860012
7.81402638852652	36.8186137264709	-6.83638260225735	28.3494416008066
16.9410851766183	39.4071032524223	-5.3190198597023	19.5295168440421
11.574802480714	31.5678734479816	2.30677722213031	24.6691574556385
12.3335527401246	28.8860662794275	7.17626636989966	7.40239830963358
14.546416817441	28.9169165806743	8.11700212928334	8.67311247195826
12.4441292430487	28.9383132814327	8.23164830372114	14.6476146256529
3.39827383213086	38.4586928633097	7.54264121331651	11.3677577701375
4.52643288548409	36.5086988757103	8.54974902622778	9.41140056433245
4.42266120591505	37.3046106212646	5.7687189367854	11.6405865294918
8.88796933408042	34.570075389544	0.510694678092271	31.5014628741018
7.90968803023626	21.1398576126308	3.67763152826753	27.3344847317249
7.63434004154086	26.6041286937766	6.84298901965843	27.6901556448475
6.84359060483083	25.4515650992524	8.87631552715518	24.1889022653386
8.84925749363843	25.9807862488796	7.78180149339802	15.3690999804172
14.247197545846	21.1983108414889	5.1499523829494	23.2686965155522
14.3865760057402	23.4867786137939	7.3063900810178	20.0892136082186
13.8094367677885	29.5061456492723	-0.553371705750832	20.3320481534249
11.0366653434787	31.2072999448844	2.92602164700358	18.549455177475
11.8243267176338	31.2327466531985	6.40109736501901	17.7007014730616
11.0391302317939	28.9029987204012	10.137848996387	22.7489037749028
13.468559426115	26.960405559864	7.99725010787799	14.246091193766
12.9478554193388	27.7994762778205	7.31394720984608	14.9250561657963
12.9159958158441	24.7443373544967	-2.12154779328048	23.3249514161279
10.5032722452477	32.3646814676811	0.0255194494871791	16.3891727624131
11.4999918884179	32.0007098372944	4.14624497083932	18.3399792451559
8.92571743272876	31.584316947862	4.1129495316285	17.2022454167088
11.3713908296977	30.2447566198106	4.30735159861923	14.8142658843519
11.3533302055639	33.2572525431323	3.47451391144609	21.7552858305956
14.1100947835858	24.9665475095543	9.04169344789302	22.6958943245793
11.7348619893741	27.3773525626319	11.5032225752152	18.0593018478481
13.6306896986057	28.8449688399987	8.08107498295732	20.8677116916628
10.8226272598495	25.7524082564175	5.79535854941361	23.207941602388
7.59216972334638	27.5426089779338	1.31085625856246	25.4377363575004
8.43421803960904	24.8205470681986	8.83477174027495	26.4450838951707
4.14210040395534	26.1432756243138	5.49516415896508	24.3604071899766
15.5623111197051	20.5761169960524	5.51290347215402	19.8837972759279
19.7209915745846	19.9625728750107	1.76517962918299	22.1554445117775
13.9225673832774	23.3585936709889	1.89804947175235	23.5756828138668
13.504504703057	29.3581281641631	-2.59144897866845	22.2126756316381
13.607919547657	30.5847633051522	1.02366079980657	17.2370400817154
9.52809479874235	32.5032682840205	0.568610632438677	19.8646248588767
9.18655846602286	27.6136645355685	9.7244903795612	11.7534875754107
9.94367881062836	25.3969612335765	6.0024929871906	4.18385454926898
21.5045424427913	27.021590624206	5.10042548050475	6.12942961578551
23.1963207747072	24.2861085891156	3.82309325375897	22.0984886057984
22.1390208683193	25.7895783319937	12.3454224589735	18.8652851753305
13.6619202867948	20.1969805852902	10.6945142206587	22.8400654224116
14.3280083455759	31.2799036913246	7.24987803826479	27.8765536532485
11.5932824435549	31.9026871053262	7.2391172688935	22.7799749517332
18.7854339153085	32.3343360045888	6.78237428445048	23.7277785048811
15.1904965393142	35.9602080802607	-0.149179081314359	23.4279719912255
11.7759358499875	30.145749143622	-0.908210465100709	27.0691258073593
11.3312134331381	28.5808957508527	-2.11996253860778	22.0624747570129
11.9076290981202	30.8743458661012	13.2402162952583	17.0863560354794
15.2251500169104	31.0191359964538	-3.59952489144616	29.4457215001332
12.3908603813936	32.5621576716648	0.164585607149824	17.9989507238843
12.7334742946917	33.1649949648286	1.01698005098643	15.6552286100105
13.1317813191844	35.031831214657	0.0657060012845667	20.015974284941
8.10276358862316	31.7488884208328	1.59274847634792	18.8806318917319
10.3991289018551	29.5434568851681	5.94708650674965	15.3784386452291
11.674182473314	28.1441375479558	7.22092503052499	16.0408122952044
9.75082800500566	26.0290742237885	7.62745287338565	14.0902662880666
12.4967895658734	32.6011784710694	8.27204620692889	20.7544972756015
14.0110123787122	32.5104754119533	7.85305438324819	12.1483490858176
9.08698858237365	33.1859769391368	7.5426539647658	15.1447011399963
9.82348831147426	33.4354519448402	5.67814149466251	19.9285938693159
11.6919834959368	32.7383849848234	2.51955159600953	18.5691960165226
8.14271839110154	35.7125636594542	6.14541738886515	16.1908993879282
5.0939099165422	31.0550285387767	6.03243370508682	19.6882045301558
6.4966686536369	30.8395809983817	6.37020834872722	21.1168300183439
9.00510789666191	24.3484611209441	8.63332382554411	29.028545395466
8.14469967460784	22.3492058038445	5.3632846180195	23.1934454650567
15.5449630862114	17.0383368910721	4.89225062391106	22.5837342831161
14.6196928836418	17.0602534374653	11.2613746275971	14.3105612689484
14.0285425522239	16.2303693069576	5.52522189997453	17.2016719350446
19.0457291161515	15.0097343218458	7.92783368883143	19.5061034424085
16.0210804879539	18.2360535403659	7.59098653771032	16.9488909274586
22.3344128205371	38.9730292425779	-0.196279530395371	16.8216265674318
10.4602957029769	42.0638070792464	-0.201432233593029	21.8892530100739
17.7168239212047	34.3768966541687	-3.14219047679619	25.2394642639293
14.9794167071964	32.5918228243539	-1.75012244672269	26.8863117151304
23.5689436006632	32.3385414492144	1.86753382578382	14.8471575694395
16.237371279457	39.9885355203218	10.883592934328	13.3489337087241
17.8602611013403	38.1726469361667	7.44904559043567	18.8728966376775
8.15735421840627	28.5793954465982	2.96206528258841	25.387326797539
10.3636512884338	25.4142207805835	2.58332408528437	20.8781592371068
18.669390788142	23.3889025176572	1.95852815623896	16.0500048121197
20.0397295524222	30.7712673471938	1.31369939877933	16.1426758148791
11.4861190631634	33.6791905068489	2.4109454538575	22.7736603539047
11.2733069446186	24.6404714701553	10.9352855835068	11.8763472163659
11.6792920708905	22.8128847327231	9.31359346806581	8.38929045252324
10.5408939059228	24.6479738505638	0.28026855544326	17.7428862755728
21.0762724249028	24.3533733489072	-1.52259745322596	13.9826838765834
21.8611365222707	27.1743709584018	-1.46669279937129	11.7519263612166
17.2790818418725	34.681069125819	-3.11109417271297	11.8468629813174
16.3950789400976	34.6454092221586	-3.23169576859313	17.7923916245232
10.8435774993966	35.1151890251105	-1.98520113879463	21.506840822458
11.2727392654749	29.2770266895434	2.42819036191681	18.6940454022807
14.5942658445681	29.4835108788004	3.65967314811798	18.8148622733389
17.178264421306	24.7576671875333	2.60187302094313	16.4072413585928
14.0260305848465	31.8409164802998	-0.064075977866727	24.4338520225516
9.88097374331513	25.972827253294	6.16853586292003	17.9440367437355
11.2171294332458	27.2726092545714	6.05368477419128	23.8132169313184
11.5403721936342	21.0431696990675	3.06233005026464	27.9796924771199
14.6364721654398	23.4554919342361	4.36060295101364	24.0737945985438
16.3284743971606	34.40477177454	3.9629491849146	23.8019800991596
18.715330862761	28.2336637753381	8.99664151738775	24.0408443842285
