20.0899598055255	37.1699698015639	7.67203095624371	21.0680394366669
18.2353942243288	25.3411361947614	6.71552247157468	18.5603490174008
14.6176062352899	26.8531763413879	5.76300920619198	22.0405616243561
15.0237617564729	27.1753516627094	6.61427409511022	21.6550530152975
18.7557665943395	27.9201122842637	0.644278299361094	25.4045508469977
14.7791966852028	31.0587875743078	0.815739041842486	23.1945532019537
15.5954176025478	31.1077841223716	-1.17002025803198	23.4511725925196
12.4003905845238	31.0856871661746	-2.66460223558673	26.1314627755721
17.8365094722612	32.5576080177927	-4.52010126378462	20.7028203401089
19.5825808653971	31.9187758991109	-0.389320110567661	17.6733236123525
17.5629299401187	29.8204552632834	0.429956360588966	20.7059258377829
15.6512551626055	34.9162350938733	2.66504947622318	23.55134034452
11.3617425097017	32.7311720802511	0.937171177412213	22.7200704526076
15.7601555275019	31.6989687933649	1.35211032004402	23.6785588964739
14.2793685850907	31.8638507077533	2.09671076691906	21.0422153002158
12.4771159073557	32.2336468157421	2.58052161609751	22.5596623402795
10.4502291829451	30.9041974214899	3.55451440764725	24.7264238401091
16.3486494581341	29.8660403924639	2.83071854175659	22.4912908231614
14.8361790730744	32.3772834243744	3.68433620853083	20.7811094611658
12.9404919872026	33.0006613328613	4.04804896170007	20.9118610225393
13.1914577843945	32.6357339974752	4.41423334022371	26.03844546999
5.59709679780059	33.4272525902165	4.90198347883075	33.1033764458928
6.96485741275825	28.9090672554707	4.49209988943855	23.8665031620305
11.1871766390046	28.7307945769699	3.80745662984502	21.5474315669572
10.0852848782779	31.0625227275724	4.6683908361296	23.1540611782305
15.6598975330234	29.6089113971632	5.08489815427986	23.2933880295798
12.9197088413132	31.8295623148886	4.06332458390079	20.6509078457214
13.2212107412708	28.7374769659808	3.0454605330915	19.2231734818973
12.464000169952	29.3400100205072	3.67072255273753	19.1545396810591
18.7973401665879	25.2289610674367	0.616078724190206	33.4481373569191
10.3994082704833	34.5830347473156	0.0676789931390296	19.4750624495059
10.3650303665059	40.5655572111242	-1.98515441624321	22.2589014225396
10.2718929847603	37.8880692240361	-4.44885070791342	21.9504017580057
19.2761314682724	36.4836236987773	-3.26745010047867	20.3118350833411
11.2505409330191	38.4417684971865	0.784001616075897	18.4480202884169
10.8443973460871	32.7866612892232	3.44017437109437	23.1962852773013
11.0302735553759	32.8850930578243	2.60327489371032	23.4440530102456
12.3224110332581	29.8449011310562	4.55452101802688	21.6143388329333
11.304363205745	32.1102212905511	4.37320777246963	21.8864720297691
13.4463217189196	27.3964492559674	9.63732916428011	14.1315040371094
11.3686353925681	29.9508735991597	7.06578789292973	12.9418862896685
10.7663961293241	28.8529371318921	7.69383838355948	12.5504809577663
24.4056192941143	23.0224258787243	6.25086420604819	19.4411239228781
20.0995221564161	22.8634343495102	5.89711420529057	24.2241208779495
16.4963406249343	24.3935587432676	6.23652022473495	24.7789040975068
14.1461322923621	24.3112701120296	6.52588915755339	20.5167883749847
11.6378341267316	25.2036818148869	7.69315690711442	22.0437471835394
11.087147309581	24.6687913718003	7.72328459402848	28.4008462272105
11.8614599682052	26.9255814197774	7.33214898385006	22.4161763383527
14.7177877221849	28.1712537034716	4.27645039503906	20.146504939672
14.5672464695495	28.2974195163067	5.12276617569361	18.9510065164868
18.0043579810682	27.4120064274709	8.79409252192337	13.4069558226922
15.613212660062	29.1947901357942	6.52336128220759	15.9140296230486
15.1905553954883	28.9831173761794	5.92134616574314	18.8598578000835
15.4358773775628	29.3629558253182	5.65223626113864	17.4852269137932
13.0753654618046	31.5731689707411	3.34197860732343	22.0019867771621
16.0296341760672	28.8902511684124	3.46585573684093	19.637566188648
17.9512175528921	25.2748769720052	7.9881486115944	21.1616323826086
18.1170743967063	25.094987015516	7.52002756868702	17.305473756414
18.4746549982527	21.405164600405	9.85296240481645	22.5075574705076
14.6157812961326	24.4472827045993	6.45454567642545	18.8792951885242
18.7949594275109	22.166920504749	5.76215825527569	27.3132356766409
17.0282248013667	21.7862240893726	5.19072303799575	29.3771004558338
14.8140692956412	23.2180054715945	6.40856719307676	32.1715708841283
12.6368669494434	27.6759322343938	2.18132898408994	28.1724381129219
14.8490094700276	31.2328396558374	-6.97356215713472	32.9266212865672
17.3845486874698	30.31869962139	-5.24141402707977	26.9644103998819
15.5086391402119	35.2075557715999	-4.69757697174472	18.6091856480145
11.1639290598344	34.1581940317682	1.37233170973615	17.5881914034055
12.9442155836006	26.9011737049713	5.59924684990676	16.4446155339048
12.177390267331	28.2040699229868	2.96405374132575	25.8947696963825
11.1450874875891	25.3238862486247	8.90225368611993	21.4576050693669
13.7580972875847	24.0133692010928	5.67926926827874	24.2423670170364
11.4693841362887	27.7508727124583	3.44731490091388	27.9998027150986
11.7257336132743	31.1360047044485	2.56472932383063	22.9594378349838
12.4784096355133	31.6665816467733	5.95942403479844	22.1892706155313
10.066939080667	36.8077655576647	2.05616275738624	22.8022045808396
5.59294911845693	39.9538418555179	2.12447657248784	24.9428869694023
11.9996753662622	32.6690158690713	2.39935211266668	22.4771627179939
9.98055306279869	35.316170432829	3.08691063092368	22.8902663734402
8.85153206441646	33.7424995654641	0.229053653463255	29.1157413415272
10.7265020366261	32.5974064061797	4.62247492885341	13.5073048995468
9.77346633888187	33.7234360874702	4.65685760567843	14.2490508711558
10.9765992079806	33.3524405989867	6.1801574181628	17.3863384548235
12.5892207271058	33.635078378099	2.52211897520838	20.2332719579931
14.7332538547445	34.7949766294225	1.45907742789505	26.7096914110764
10.872075397133	35.774009106889	3.86999401843738	26.3202855866238
12.9335046619891	30.1411839032689	5.8344668728886	24.2462610166018
12.4287874454278	28.8221323902862	5.42849391161888	23.8527535974032
11.73220682122	34.2327911144266	4.33230478012427	19.8646162707342
10.7161775740576	32.8010817496001	4.97373058156534	18.7841529819166
10.7212137198981	34.0670529978748	2.23902673907821	20.6790390192515
14.0505553456928	32.2217875432621	3.3010890482219	18.1932737632638
15.1501884382192	33.067267659812	2.48816087324301	19.1763297011586
13.0654822986973	35.5190937455767	7.06066279154108	17.8948852338287
7.30290658830891	34.9040137382087	9.32692384295003	21.7991256818566
2.99349016721315	36.6965857014607	9.28156370116055	21.3412019249442
11.2669578077547	35.7259616564575	5.34632294197271	18.8836110413415
13.5136750200107	35.9563713177655	8.69157517736807	18.1094063236288
9.6223668497331	37.784013904779	12.2163085774761	21.6793973265884
7.65941604457071	25.4994126130297	9.71403868359148	24.4733806437705
19.0571340524828	26.0416284032102	4.26632813250799	13.6986143944995
12.4130876471365	31.2561566839862	4.98666890271161	13.6374471568748
19.4475377701438	31.7776340548646	5.17369345601801	17.0122294624095
10.4709836888655	37.2681562846219	4.54799375569601	16.6088547494953
12.4342686946248	33.7812525615578	4.32213033393221	21.5657039925215
13.4237765621138	35.0188289396015	-1.0646079240161	26.2623785862458
13.8939043723722	31.602277783632	-1.7127750224228	29.8729183788171
14.8789423105983	35.6892259022703	-1.81946399035259	18.1171045734562
15.2052690910851	36.2899679628188	0.945417145009459	22.2390175567023
11.4091198735615	37.7441683036277	-1.26057298771612	22.1819241026182
11.2121031580237	37.527343558334	2.83612538932358	20.7964430472298
7.95645390476337	36.0341529335828	5.94246301439126	16.9488139965056
13.6341927673412	32.509249533913	3.76584637062443	16.5657418759024
15.4472361895216	29.8907264195521	7.36693240872048	18.4535817875859
16.4449373953005	32.7876977552411	1.48153694236071	22.0967036093918
14.6880876646582	33.4223291232203	1.35342207990556	21.539216068788
14.5627938345039	35.0296284142514	0.102340211688907	25.0209071154059
8.95162428335392	38.2183279728734	0.778842959848407	22.7670881051855
10.1667665301553	33.515761581085	4.50080876658286	19.4117972539498
15.2161033615349	26.9541148797826	6.09537164648653	21.3189872356921
15.2519995803074	28.6555407082879	4.48069639208304	25.4842272333659
14.8852021348501	26.611613710712	5.3022659898979	24.6690482043519
15.3526934872208	25.068296508699	6.26057481910081	16.8779293614061
18.192666841933	27.2891957681858	6.6922694985287	14.1717346784924
24.7887916218316	22.5561744856954	3.3963874849023	22.0626954645184
21.7987363692563	28.1572744686509	-1.85301629851343	18.6955587894388
16.5773197670484	37.3087268398373	-6.6977168127084	24.2310773653641
16.4698484197353	37.921129541343	-3.68052528436573	23.1224631846614
18.8875410590746	32.8654845251973	-1.27659969813177	21.5901385164839
18.2982604569846	38.3641647926803	-4.8121078180986	19.8565347371472
16.9000858221262	34.7119059963641	-3.32838340644419	27.2674999870209
18.249979628771	31.1216625050199	3.91988640203446	22.2492814045544
12.2698169244075	30.3694051425462	3.59172726765963	21.3750833324301
18.9626305080572	31.3864063712179	8.07200742411367	14.4849872833012
15.6828732318798	28.5588710623204	8.79155644156307	25.5519198219968
13.788775345319	28.2369797923491	-1.8617615738298	25.7794929401694
15.7117150930708	24.4854521322885	2.91172112789582	22.5908344281565
13.6924389383827	25.4041803632585	7.22013403751794	21.6541644950125
14.877540160164	23.2609089724442	4.74253184491565	20.984021725199
20.7666634774839	22.3504324494583	-0.382587770910459	26.6671491829406
20.834384370323	27.4045835539341	-2.92181121509289	20.7809173612611
19.7996377528978	32.6567558582515	-1.61381349500745	20.3184168900489
16.3749707796013	35.7540183804572	2.94874362624696	15.2435670160722
11.2187382503837	40.9603961404987	2.14153233731793	15.2780508265391
10.5044586305272	38.2443210377001	1.62602268160451	19.7581299714547
12.291318064262	37.6275009263578	2.59455853451594	22.102784774619
6.61097093725344	37.1082612787351	1.20583874383998	21.5540460212873
13.7488823556156	36.1885162538926	2.76715750783739	21.642448408042
13.3168711283082	33.9891303962174	0.937140490636798	22.6170466393018
14.5167660034589	32.108124967486	-0.75034832269847	23.7905567540286
7.65529134336892	34.5930900672754	1.3689399360735	18.4375685990068
11.6425904387239	33.5372043940297	1.2716990978513	20.8533366468015
12.6985549986532	33.548903440038	7.66365710942925	21.4599603182847
11.7363100675104	29.803342491301	8.85133148325791	19.7919532106893
11.2217614079126	28.4795011816605	6.97601463101989	19.0143198994093
11.2397128194542	27.5244806031818	8.22028566539472	20.3742356234334
10.2060437830486	25.7499872101593	8.34802471317178	23.6799777003395
16.8843734706141	25.0716368737752	6.77253965526193	22.5363187615218
15.62555536156	23.7425292558053	8.56069145263478	24.885464820971
18.5504127363064	26.5840628680403	8.70484071060663	19.0209611821008
13.5422162121543	26.7954077063233	5.12069884745045	21.4550767339064
14.7046253838219	25.174564049452	4.14639625419131	19.1325568476084
14.2112231296914	28.8981277107851	-0.61108615528592	19.3786896989303
19.1650671111847	28.9993946859828	1.39238153410832	18.5776360824113
13.9823600715453	32.8288791864394	2.44747838923875	18.5076214951574
14.8658424714593	33.3328914916844	-0.0615043962730102	23.5845432124211
8.71923366386307	34.101404645719	0.154466661495901	27.3565694893567
8.59072427213887	33.4820448972537	1.03638652625847	18.9198907482294
12.9800826781038	34.6572178525171	0.0517027805158383	21.4600200060611
19.3733745868677	30.7436933936637	2.46983944745529	19.0918712633511
23.0503548563393	29.396538699286	5.60484070563889	15.9520650784334
20.3162673011624	27.1213728324181	7.21851349808475	22.3563297829302
14.2908886150447	32.1381250319727	4.30586026516011	19.9330597967552
7.82014057714981	35.6886679078466	3.08632245060041	20.4284989266368
8.29130641753539	36.6926609217203	3.67962836271564	19.8233809314142
7.0547137335402	34.6594650823419	3.32987214189434	23.1228446327884
8.17972746170061	35.686594504956	7.10095292639399	10.3330517545017
7.82379316721385	38.8274043661946	2.54437548627182	22.2288315704698
11.3647643881505	36.0966464880326	-0.0429970898271108	23.4418077706952
10.6527756792148	34.2166569552788	-4.03548436794597	28.1670573633327
11.8579214631564	32.7975859417971	-3.8274936899187	27.7062670316623
12.2688285200605	35.5384397501298	-3.93973148819033	22.2807327367441
19.3495004040362	31.9119681924754	-2.56176403881956	23.8895661384385
17.2424027412547	34.4931415858851	-1.04238525371318	24.7904147254821
12.2536076224345	37.7240676855169	1.17946913842065	20.4742879998397
13.3971028171768	37.0871140834376	2.1975841404843	20.3191103469943
13.9570590020471	35.0014674457222	5.2185816489133	22.1976074689797
12.2809205097783	34.0788277009003	4.60105629381872	27.8620444374888
14.9571593869438	32.8391966045965	4.09064301605122	30.5011817405309
12.2563196380742	32.1323859274475	5.72058577280629	19.7573128767361
10.808510781464	33.7557545911608	7.45909616308424	18.3446938014639
12.627499369853	32.3789772922031	8.09794173575313	22.3020459507641
11.9541970742352	29.0725284833319	6.42497376771019	20.148902526689
13.732596751492	23.345866110783	7.32926408660302	24.1506581897714
12.8343766186329	24.6871525817419	5.1044070407998	29.225499595463
15.4221219200584	24.642998587044	5.23012424453055	23.9258762266893
16.1621353049114	27.522648253182	2.28123647252829	20.7250153795834
18.0324146270398	27.6385276238266	9.03574311499284	21.3129021175733
13.0614363652167	36.9595132701316	6.39143633466789	21.0162360767637
13.9148056381088	36.5284400139841	6.38614577517488	14.8821377818015
12.9886319703113	34.4067871016862	8.5783434725436	16.2591948375793
15.2071233761945	28.4099336625488	6.10913474541852	22.9637466264801
15.377751464721	27.0713380892241	6.82007565126518	18.2861425551498
13.7116409975818	28.53969945623	4.78625698909858	23.9108797056512
16.8162001033062	30.0981209160749	0.0622654819438786	23.5136045409278
15.7569490935269	28.6615264452051	5.89573625443006	22.2637180420399
13.0582061017479	30.7760067038271	5.83995344543015	19.0913028963671
13.3513722372979	30.8141204509153	6.84824423075382	17.8655053851636
16.4496494043164	27.6787609652841	4.58763303843056	26.6432034703413
16.0732157393836	24.9347182409132	6.94390933249198	21.5749771231296
16.6661390103106	28.6312620899865	5.80879575396654	20.199441924656
14.9975580512252	30.5890970406776	3.6483493742696	19.6578365166288
11.1623886646409	32.7373234959972	6.18532274776837	20.4205817494158
20.9853959992071	32.7979872501177	4.05940057404107	18.330887855784
19.6665115377087	28.6065936260579	4.65953746785935	16.2216285759963
14.4652810555104	36.9723069607002	0.29772448765611	17.7718486831229
16.6793446830562	35.7713133847614	-0.399691666910194	26.1641613050305
13.2462632779576	31.7991404127275	-1.17547083618205	26.1781515174296
18.2060437467716	32.0587093135288	-2.22064360518313	19.7583328950979
18.7014283658576	28.6527749531848	-2.30825480160172	19.244449499046
19.4372959737305	40.699764921697	-3.66325590127764	15.6834844285451
9.90596788233261	36.7060753269067	-3.83021664406789	23.3410630905829
9.11413680270735	39.6797175154967	-1.60343845674453	18.95848470112
12.2224046939281	42.6915210051408	-0.108239580263522	10.2107606974958
11.5654043105659	42.5107341936415	4.44926817962793	10.6268720753755
11.4506768013579	36.118603295284	6.55688571572197	11.2576697283689
13.6001145741796	36.5152760060603	2.81322525306113	11.9559244081451
15.3262581931548	33.7719990267517	6.10479755051874	16.0304767010811
14.0174270117776	30.2495204052987	4.95434165191345	11.2564198449755
16.9917776993596	31.218039165354	3.15056127686493	14.2508126386011
15.9427038812199	31.4095622278849	3.43191302641208	14.3574948733643
14.6851931534828	36.0010824563081	5.24300862411865	20.6160058499939
12.3713031350607	32.0407743490869	2.79068403021329	25.8723817684506
15.3813438266488	28.4669232777947	1.79688381106489	22.5869380667151
15.5545877063022	27.3798089016673	0.553283040195168	23.7350293289539
15.6040027554453	25.6719657172006	3.55985849235898	28.0855120037351
15.5303641679844	24.7195209580164	1.23272995768806	27.1091479499493
17.1714373925848	25.6260131551956	3.51737339586711	26.7026076553058
18.141993470926	19.580085299708	10.3509102182535	25.4815096152667
