20.2898378506431	42.3670216558203	3.14950382720105	20.1936366663355
12.3453286173301	35.5222598949438	6.26548783904082	20.2308025232557
16.0174494574057	32.5982269935352	-0.825024197770739	20.7920159560669
15.0624149678144	38.311842147917	-6.14300010641901	23.2111463111866
16.0587270065469	39.6990031585408	-2.64890114717836	22.966941577069
15.0621118742299	36.811167581494	-2.2784860124396	22.4826492002826
13.4463510043737	32.5582943274854	4.35521855396401	20.9646273177709
19.1291328208931	28.0210677826819	10.636240216886	18.4388095692787
16.4812681047656	31.3475612726604	6.19967805412904	18.6036916341435
16.2598122713885	30.0431492145915	5.21658983039976	25.8810398852255
9.32880866601789	37.8151979302364	0.906436014504438	18.5479971239145
11.0116189657736	39.1907187120007	1.46068372675015	15.8672134097468
9.24349507478338	39.9563941595318	7.14386051199197	18.0884156308719
18.813950556533	23.6613587025405	9.56146221296952	19.651251150539
11.080437823867	38.1449102665949	10.7151794821592	20.8828826934779
6.63496771382313	32.8118583972148	9.74876788906566	20.9534397499384
11.7707208557443	25.8332606609633	5.16540556576358	21.7056217423928
15.688276464531	31.7866004742404	-1.88110567060333	27.8779662592574
14.5894053871201	30.4832445161296	4.16218571235392	19.0805663896031
17.5801026276369	28.5533159992037	3.60450184335045	19.7184468443193
20.3996274918767	26.1589730800949	3.82964954566543	24.0702956249625
18.1967993728334	34.6702755869622	2.94642965392456	19.3566338655872
12.0499064829789	35.768413240863	3.80788638106794	18.0700554741325
13.8278092658265	33.6180939650906	6.8132909954457	21.9122045265256
8.075252983391	32.0718962382337	5.85465560284689	24.0157151186584
17.0464835224186	29.5926284753261	5.82739977947683	20.1475370150736
14.4055645378751	28.6574715059725	11.9630135179653	21.0754572135427
8.16444457422626	27.1085479695839	10.6191685402922	18.4104725044251
14.7996847555755	35.3360624692113	8.04192307672568	18.9837181554496
8.87115710997766	35.9541192806578	9.73479772736123	22.397435617174
6.08767193278305	36.4748646591111	8.84910883200159	16.7528636078415
8.39525138388931	33.1011905754848	10.094357391864	26.3971431530146
12.5224844703675	27.7786648043107	5.66782033121949	30.0270044547571
11.3395605648458	31.0288664593864	4.95538032802128	29.8341364204017
16.109444149077	32.418125927454	2.38548045325779	19.145140866692
12.6339998757392	40.9445606830262	8.5640187868824	18.8079585896097
5.72750315166875	34.4383680081659	13.2036341964243	27.9391827806946
8.57071360499748	35.7182724481438	13.1439384587021	19.3244242831249
11.3531590429987	29.4929691926545	4.00616563175857	18.0683509570007
13.9840437674519	30.0755449604212	5.18839173968002	24.7817591748561
18.4487608968525	28.6980692470415	9.94616352461349	23.0878595006406
10.336820531092	32.9023272744836	7.32999909875985	25.9924837929301
7.36774564606446	31.8447823634892	2.4304391817462	24.8513043584319
8.7459204287951	40.3359045756807	3.91853589287663	19.8134488664983
4.25312829294541	40.4376183539045	1.77095150395624	18.0404359789606
9.01925031815184	35.3404207908932	-0.189361080458837	15.3407254803967
12.1292401735903	38.1559779899579	0.100210386396868	24.4125817064104
12.9521584259252	37.5989109457565	-0.314183761745415	24.2823637928722
14.6729342594896	32.3121582221335	1.89590826674514	19.256661845444
11.0494972814027	34.4490046559928	1.2977460214929	17.9860384988554
15.7499153195438	35.9949759959231	0.914716538393525	21.471610836224
11.5829398773467	44.359174220544	7.91260958242922	13.4823372077852
11.1959621663449	36.2057202995761	9.74040011236205	22.2883716773944
10.3612882965768	30.7936633422116	10.7924892666167	9.20700069208069
18.4971830524097	30.5429321897292	1.76136188966914	29.5374942395529
16.6971468322868	30.965418280427	-1.43516440945995	27.0973620340401
14.4021638480994	23.4183695845759	-0.370330081877537	27.4256463332067
18.5525778869576	36.9946959245471	0.878013744294464	18.20545722325
9.20463479764139	35.4219853219099	0.450811788249581	30.5776048211517
9.00910056003012	31.3801229132794	4.08014920669106	22.0016955380739
8.01887275646491	30.5952244896896	4.63127750333828	22.4563957234449
12.9059446719109	30.5246509464912	2.74332164450047	27.3564887252241
13.3295362329349	29.3074909427658	3.73255443699015	21.2597119873926
14.5542123066099	38.6536130930751	3.22881513898813	17.8551986343291
13.1092975069607	27.1634665147856	13.8445747054144	18.6570785003778
14.0540147215725	25.8085547240905	10.8575363919504	19.2495982251194
12.7507051532762	27.2922731137358	3.04252912722454	20.5155739043903
11.7860423990549	31.6079655957863	2.9348267855659	19.7698485497449
12.1673004220263	34.8603642748192	-0.324589543657547	24.3470094464783
18.3818391950824	31.209812657208	4.81903238347135	22.4017350488804
14.320357635899	31.7818119054632	1.7385765643265	23.2500219178134
20.674318740915	24.6075772574447	3.2066828187961	17.8972871294924
16.8762832616805	31.0948272473328	0.514172007184094	20.1437510276971
12.9897852048627	38.6133697718379	-0.17222767126117	24.1256582463918
10.7508688581945	37.926945956051	1.35372516570311	16.3995768461865
17.3504050284461	32.9311177689579	5.41919985657256	14.8140783299165
18.7121544676436	30.159359063354	-0.451902298094574	19.6811966708334
16.1822603284916	34.9688748207414	-0.707454236993435	24.5617979083615
13.4889098344429	32.4960231316452	1.96521453366292	16.1982151696863
12.3492598551064	30.9934150312272	3.24311917706865	19.1318562690115
13.6383761563262	30.9336470953365	6.15672292376141	13.7414266357231
13.641533560823	32.5295044832108	-1.15720653718134	26.3415250727097
13.6515120791786	34.3854961638515	-3.65246347105255	24.1263115438754
15.4370188668885	34.3696255657067	-3.35696713952472	28.6997180110884
13.5606585654742	35.1454969474517	7.64867366994639	15.1653386089204
10.7953997077817	41.2571028831818	4.07195237469767	11.7484086051278
13.0841110112371	36.6818263849646	11.2911460307756	15.632318537692
12.0269630232061	29.2469943074427	9.84520963545459	22.0587756008547
11.7739258391949	33.1108983679582	-2.71186614424237	22.2539863809441
16.7130417968274	32.8125024963078	-4.25140360764564	21.7869854163807
17.8515568012499	28.2560645326879	0.222422008650744	20.2618288602178
19.7556140911893	33.0145951503068	0.16952252715398	20.691176343659
12.9874956827009	33.6734172122664	6.20942868584213	23.2329142770677
13.4760437411322	32.0204031703174	4.36721057033127	21.9046507614612
7.50793251852235	38.3250367573152	0.353463016058852	29.4978114766853
7.52991672877212	37.2712545427407	5.99330391333601	21.1133917390483
10.3560828253469	31.4305564439768	3.14893006744209	22.0780987913834
13.0151573139984	32.1094204257155	1.64635122193631	26.1140650293904
10.6771779744906	29.0950602926227	4.45363766333155	26.4560797894405
16.6829005501153	23.5167906412311	4.83908869531069	31.0260384957416
18.0384936136824	30.6171107263819	5.90419326996988	27.7567446357138
16.6789314391479	29.2829653038995	4.53147004213742	27.3580642495803
18.9972116118896	29.432264854199	6.98140561960201	27.7137854215256
19.1150609907144	29.278044870473	-2.54477309806686	29.1207505934439
17.3502355129839	30.7775960085671	1.8520697304957	27.3755647478692
9.90505641326932	41.5070939317003	3.56791605226511	21.0854242386391
5.27677578117874	41.2709555568497	4.18453647691817	17.6064313602681
10.5401143058855	34.3166852605853	5.47660657374248	17.4696502928766
9.59777080893019	34.4368129636281	5.2314012587606	18.2062998240495
8.77470164274099	35.5378410223138	3.92432030290526	26.3013402161337
10.3288350093463	30.7167177633401	3.14325908431944	22.2237706637867
10.981066287183	33.9521099986805	6.4165775112922	19.0552717125057
11.305156120961	29.6998842070106	8.6321176875497	22.3761335386813
10.8852846073732	33.8781863437261	6.44550376442637	6.61412766506957
11.47902131813	31.9680331512893	6.83923162067722	7.64490898845408
14.7448977552017	35.5726756742941	-0.767228114284174	19.552628535593
17.0907453078439	33.6867811512919	-0.0333493434410253	23.5086911398198
14.3016024775466	38.4942813851657	2.79935542072142	20.5285164158055
16.3814268557579	25.4242533148045	2.80529272786314	20.2295010423483
13.9559535608954	36.3108698749694	0.560653002904449	14.2190687278925
16.1968128446161	33.8293707745845	2.5551615695037	13.6706025587254
13.2097069357772	31.3166215930013	4.10619115863648	15.8028783647253
14.5491811705543	31.907445877592	-0.596347215063571	21.1210806712417
17.4177148102573	39.3661842151696	4.75437706643548	23.0548032775521
13.9197673000452	42.8680310984388	4.88395450532815	21.1207300971153
15.5959050992266	30.7343258034092	5.06892999995056	17.0174039701822
14.8286504369721	33.3581159640038	-1.89950399436538	29.9549543915207
16.5002157819949	29.7390132773602	3.49794046617563	30.8460337586592
14.6551801809235	30.1379437052164	2.61329433371834	26.5133312435811
13.7584684899907	35.3570594807606	0.860967836887587	21.561691642086
14.1794844287291	37.8075742926875	2.25066952922898	19.9539622250295
12.2981947101047	34.0463970457689	4.34156213422411	18.3503812103007
12.7300166158385	34.2548058247679	0.954555869112847	23.2322818614315
10.1958464537896	35.1618008427808	0.322478357712862	25.1982849385362
15.1232477612942	26.4517376847119	-0.266065583553972	23.6917968756419
21.4205415319883	32.0042443193689	-6.91190005004854	23.818350125653
16.6514172340975	38.6957086540952	-4.74579058656858	23.7873217240807
16.7406897850814	32.2030567738421	9.50848359811403	15.5791567119078
6.82203506804209	35.6293327815093	10.1843038300619	22.2780501231816
16.2647818615942	36.3341208500067	-1.95043933659864	25.5089675233964
11.4731324585437	33.8481782779827	0.26421924563955	24.7781071550477
10.0608034119212	34.2187881337277	6.77283137970967	33.3383182340652
10.4435401686673	32.0209578118593	1.62375716572587	28.7765138680366
10.1718257354855	33.6681818469733	3.25882499189488	17.9108474286906
13.7267600136454	31.6649128679492	2.72619718337499	21.6226297244131
15.6050044584716	29.0849147035115	6.24030120873261	23.7477290676608
12.7418793442356	36.5461701832675	3.31269651643336	33.3317900434078
9.41654618761668	32.8946079479494	7.74832849524451	18.9186490004488
11.5884684229007	34.6038744927347	6.88070021465441	16.7501537388728
15.6454972357226	35.9621321156584	3.10817332194379	16.4197287334762
10.4937237063995	40.8870597549326	2.61282802979654	17.7829812605566
15.0245551650467	38.3251158234275	3.58404378037905	20.9687091845382
15.3463384005992	35.480381715352	4.46531771450952	15.0385383020449
15.0727453870056	30.3744846051035	2.91173719732664	13.3027127560658
18.363623843264	29.5168751282965	5.85037102782932	22.1003455541526
18.0152745458448	27.0293877567513	5.94012787482924	18.24810522501
18.1043692297239	26.0817780662676	5.27515879848129	19.6307548723295
21.114040556304	26.9946517736139	3.91791106242325	16.8064438626441
20.3471782048567	27.3623961087435	2.40234684670426	10.8200648082691
20.5134156714097	30.8617300952903	3.89042167697183	20.7903797437708
12.57080854214	29.2825455430731	7.55637064906976	18.507847479299
16.2719279027485	29.3563817071564	-0.00502600236588791	24.1569554742764
17.7649136780705	31.0743591635939	3.00027523138031	23.6160109082576
15.3475236132684	36.0546345527665	-3.67019458593121	19.3476706168022
13.4954524747039	34.1555505300321	-0.841212262986907	15.5713884229678
18.2376351147305	37.3671068142549	3.79578650690339	19.1581041793468
13.4908838851778	39.2948658764765	8.74006339812785	6.72671727890176
17.0459553081742	29.8339380068176	7.65479220096036	15.0175653384061
16.0453544235787	34.1540234009148	4.56027226075544	16.6061371925586
12.1630347454919	34.9344163086939	6.22211777390926	21.4461134929765
14.881334483611	34.3522560790923	3.73128159531163	18.5143070374346
12.0274686436044	36.3476583719064	6.51500695478874	18.9927873879079
8.00869932231991	36.5312934853708	7.74175462406831	28.2210786727514
9.03090064301735	31.3218623533387	2.58285361251654	20.1098240998831
15.566713278826	33.252049267384	2.94489345859057	20.2454069191946
12.1496331577669	31.3467787924211	8.20210181988097	13.2166684493778
14.0512482036185	33.1437617399442	6.49092543497238	22.383537241759
13.7283211260923	32.3727531997464	6.64874524036588	16.2524976328959
14.0587336006655	30.373210064274	4.52435968369412	16.7024395894773
13.5333169549784	32.2503775697837	9.76605009213256	14.5308743854855
12.495822666221	31.9988235566813	6.32499584155323	21.0366334508775
14.249723998046	32.4788232069511	7.75168198319318	17.8001706714048
10.9682963762046	37.310534370184	6.74312547726803	23.2022055879513
10.7065705761824	27.7833954219405	6.49779965896679	24.2775639787594
10.4192545955374	30.9990514533293	7.99795463569547	23.5659296997468
9.97162909498989	29.1755307664654	5.24544022632848	25.5047907494585
11.5958429642077	27.345054877311	8.30312851704742	27.6452764939162
16.3785798008456	24.9503532940973	4.65627862736362	31.1603404640687
15.9762774018212	25.6266505465947	-0.64959794655325	18.528038748866
18.4543852095134	39.0860884226032	7.92728242862378	16.2885870928006
3.21980166950614	42.1770226591371	5.74588758104821	25.4614107683153
9.45984139026982	44.5691940500752	-1.74364020666982	17.3291437653677
11.5125705085862	43.009824555868	-3.8011067494571	24.7297356567202
6.69166191922173	38.2149716755726	2.95643892662527	13.955995425195
14.8185316214678	38.7463269369097	1.80246504547002	19.0767922867877
10.9276796583566	32.3207928063699	7.27832183749582	17.4236071830095
10.514997612661	33.8428085423426	2.6391363358914	23.5491727572705
9.42852019587079	33.5629819762313	3.87894615780655	26.9340363984483
12.3916553374871	31.6004588837155	4.56434686685074	15.0906374645611
17.3856243650716	30.4941299311237	3.26571114999693	24.5556521964599
10.3795140636411	39.2022313606345	6.05554279298001	18.5577809232091
14.1951884653231	36.2979787015707	10.5214234025494	13.976738000963
14.736742593119	37.358308391215	11.5140531686563	21.6759455070514
7.30660093335782	31.4204880415754	10.4385377629112	25.6270413704225
11.8449602231394	35.3317654334319	6.75692789011858	23.5263968303808
13.6238943276445	32.0546493126152	2.60329975149182	19.2275096595793
15.2296056624952	31.2589672843384	5.01730913481207	28.1105782723559
12.5226829305162	23.7819769148623	3.47724052330943	31.1350920194334
19.1723539896007	25.7034112107003	2.06935741657855	35.1382547615108
16.9589058528864	25.6398300395414	1.46572483560753	32.4213784232747
18.1786621579073	31.2575918282873	-0.0404422415717605	14.3626139371758
21.5007042065049	31.40401566732	7.66527729692691	18.4080505384206
19.7497151196857	25.8308491228891	5.58942400703542	22.8625475410048
12.280085260134	27.1101291640175	4.64027970183976	23.5508446402979
14.4196127784362	28.7156782439879	6.59700782054554	24.1541769339834
17.0120749126879	35.1435981816859	4.52824359774784	23.2764040023343
7.80641583230562	33.1334768408225	4.57091803857581	21.2233821043068
10.5853023291823	37.9364596220891	0.692738161664963	19.0798119754785
9.7335166465749	40.7116524421601	1.52775490401363	18.1247540241413
12.9639159903321	40.9671705114494	0.844339755071228	9.55881884502189
14.0334105778249	37.2230396271522	4.12765187088949	15.098447945332
8.57114794736224	32.7578610918324	3.29888992580603	16.8919978276843
15.7529480257935	30.018346068992	4.49668061745125	18.4167680381535
18.7208649670638	30.8856433424453	1.82879579594249	19.9349799712925
14.9630707726746	29.7182042513764	1.80226167771856	22.4568242892433
17.5672405807934	26.5459879477299	1.52051366452626	22.7713682838526
22.906985266377	26.1175628327189	3.12800536683327	26.547562045585
23.2063422885358	26.348583138892	5.7575515776093	25.1855224034689
18.4424082225506	29.873610179959	4.78499171304837	23.0948022936258
13.0163272623775	42.686904706139	4.68642979752221	19.3029553270453
8.60023672833258	40.2338623395971	4.86470647280984	19.9283306466318
6.93978302348542	36.5308222914001	12.6255013949707	17.9715503033153
6.37597788413621	29.7461466618373	13.0290031891786	23.6432762726113
8.81171568397678	33.9691320350318	6.76030191884789	18.3227698618011
10.3974675932737	33.7732694105535	6.51413506747451	19.0363640075026
11.5620855704404	34.1528742637775	8.98218786728796	19.2429374002066
17.585575878293	33.0226153222202	4.11244904679019	19.3150317978259
12.2265472562506	35.7968417106486	3.34688059840224	16.0076689668411
13.1052924405709	35.0571959929705	6.67401250734925	14.3884691589798
13.300755619352	35.6378375375964	10.0925000366196	21.5761769469594
