18.9155778975107	39.5936028787395	5.93912745983927	20.3474746044046
7.89598946687224	26.866102040512	3.92266372521391	24.6925330981864
5.18015990773225	33.8294715723724	4.55715284831904	22.8688982602038
7.54528765048901	33.5401648421554	6.77330738576737	20.1268382249839
8.60343197231163	31.8144264247058	6.67556236435725	18.9986649532276
11.976112611209	27.497847188261	7.65798846429576	20.6479321025459
10.8615108131788	25.5141991572424	9.70441449060172	17.3610031266236
16.4460262531445	24.5798617890074	6.6208387946685	17.3576858650432
17.6611938577956	24.8288990419609	4.42816483443353	22.9657874998597
10.6714185181885	29.8030838572439	2.8668433468487	21.6874791717356
14.9239703751049	31.0499351603929	4.05663014454302	21.9614961476265
11.8818486331685	33.486365447009	5.44807256729809	13.5297282778409
16.3570720573096	33.1542107338367	4.41095960082263	12.8545616932896
15.7157167313761	35.4042283274515	3.3575386433796	13.8578900382463
12.2512813039265	34.9067750928938	4.52644744529049	12.6381978728764
12.3117154078699	34.5317778253943	7.79747032991107	10.6503767041445
12.5700826790324	33.7477079322962	9.28577090652814	11.8828396695827
10.9418016402961	34.6896089375216	7.99869460791504	15.8216125187701
8.41228197112322	35.7785083883639	6.94249599745652	18.2728670300221
5.22442190278515	35.89170571292	8.2955135548689	15.9208029973124
8.23668808380084	34.5143339592361	5.72774279339966	16.7217124402532
9.01208407182189	35.1674543060691	7.40106635958143	15.028990227534
9.08452426994477	37.6902865171762	4.41293842856028	14.0400771412175
9.56936111284797	34.5292739193284	7.16081962610447	14.2965282955499
9.85361509733262	34.4262155210928	9.16393105402532	13.1726196863981
9.49618994268018	33.0041247415812	9.54486542511374	14.6917832281931
8.24146337230713	32.7237766128864	9.65210965964585	15.2040695973645
8.12180093145952	33.345544965462	6.62502139703944	16.0172730490538
13.3741418312626	30.9585923365726	7.96184707948441	15.7523757979796
14.9814834625782	30.172334191617	5.23421558174457	14.0646672428066
19.8041635622555	28.1436668740535	5.78744023085587	15.9454957202489
17.0050246930966	29.9349864684861	5.44039312131694	14.2561487201747
18.5135712239479	28.8983659442398	4.99138623614068	12.8579329644651
18.7482115894943	30.0246053301614	3.91659775920683	11.6313846772977
21.701862089879	28.9548740037912	5.45405160427219	7.16870413538748
24.4313049719411	28.5081165175064	4.89883393704366	5.704435619104
26.1216001010242	29.3664697897256	4.4349767105889	5.70712892159128
24.9054464282	29.422353707106	5.0367213833381	5.79448974444571
25.810928278623	28.2473363142764	5.64331536878701	3.30103018001407
26.1571190869639	29.9779359290801	4.65568247225716	4.3013547802032
24.9214700552674	30.367835099647	4.46189545604825	5.86307655790832
24.7771321500265	26.9770665534219	4.30458860464926	8.59931792946932
25.3812881483461	26.285479236947	3.62158474039818	10.2951696480106
24.268182032265	27.4485382179096	3.44237622299532	10.7114639453157
22.6469134031926	28.4214121422269	3.75387090300518	8.47511543164656
23.5552133781804	29.227661371582	1.51573581172483	12.1432217626709
22.4957814056277	31.4272172771178	2.17854901542403	11.3214062912215
22.9428008709182	28.4089896128297	2.61150459926192	11.7718150360084
23.2915432994228	29.2954671765893	2.62062229643112	11.8246508136692
20.3233469122709	29.1133878770947	5.14144043733417	11.8768598980571
19.944965526701	29.3330597695643	5.3856170236259	9.63606175764678
22.067651192446	27.2463672793603	7.23971024041459	8.75595184820172
21.4358877780735	27.923729172828	5.90959940771632	11.9287145319007
20.3188604894525	27.6728931867336	6.81915124148323	11.4753809612788
20.6775867995305	28.0828780042594	5.54315217040672	13.5833029720671
21.1918443348166	30.3272629955127	4.3395479625669	12.8109552286024
22.0991979702283	30.2845310735772	1.90332489272559	14.2858309483144
22.3327694244483	27.6320669431311	2.84943586166927	12.858184499013
21.9883720057817	29.2613536549702	1.53734199188629	14.6641521797274
21.2808606008668	29.4993009650332	2.40501860120613	14.1371736261528
15.943029609656	34.4164890942743	1.9673767681307	13.7830710788723
18.151689204218	35.4462458642779	1.77149279361318	9.08636651521757
18.924946186429	36.681337094367	0.252101160971133	12.0625361108228
17.6550369421863	37.4047901284268	0.740543458758534	12.3753043809069
17.0575310979881	36.039607386416	2.32849639738758	11.2220006247884
17.1613800321397	35.1560643063356	2.30172750751335	6.67945025065101
18.0974765215606	34.6695577765356	4.98084432318816	6.7607788955339
18.252469081643	34.3378302337963	4.68549525763797	7.85790400354942
18.5563212279927	32.9509183280764	5.51545171931344	7.50707226460906
19.2119298420368	31.5261137811089	8.47974954010501	8.87154257886393
18.1448617192438	30.1634704036797	8.7815207617431	12.0027995648077
13.2563589011772	30.2592338554681	10.0566107543175	11.0928617437889
10.9429240906207	30.4313325093248	10.9303578289027	12.491175832698
12.3417722630316	30.5570709917814	10.3661234208184	12.4588400853541
10.7479854221191	33.9465826752715	8.04026750838365	12.8222711628579
11.1832719430897	30.7265907645345	8.81777162863677	11.0053470854468
13.5885176865137	31.7819479739413	9.06478558401381	12.8360634960211
12.5464490136816	33.6508432606938	7.58153678604435	11.6068434291939
14.6695196010857	33.3816303679491	6.30838311698574	10.9596732161428
13.5464189172691	33.1785102391257	5.88314144973217	12.0249468200329
16.3061846475854	32.8991587010786	3.87817031812055	13.2740124672413
16.877257076382	33.3803946983642	1.74295627387373	16.0628975308794
12.2432102425705	38.1343886086359	0.728861602372459	17.4101369628045
12.1163675611102	35.8328205829128	1.28552351042159	17.1328789383697
12.7200444557898	36.1812474037548	1.24034361110531	16.9330009460973
12.3096627535493	36.6462971217957	1.08745331868759	18.1780765593575
10.9826671311826	36.6098081037468	2.37858917917552	17.133610864781
11.0698134990603	37.7969507973415	3.0425036929122	14.9452442458423
7.94338834900151	40.116380322937	2.18356956097056	15.5737988819982
8.28339829612814	41.3196801145162	2.2435200038493	12.1524365927707
9.68378149669756	41.3454575936843	1.882820606305	11.9898029274919
10.9507333766497	40.8762568871575	2.85914163066581	8.66171969500997
14.3000992655373	40.2076100204271	2.07325270695568	9.35263054881848
15.4317302943758	36.2420434310117	4.30932157969059	8.85222903064293
14.6839600317096	35.1618298274481	5.95315886263988	9.57450427491336
14.8367483905697	35.0255656209543	4.54466983986981	10.2638408462901
15.9643178911078	35.2072665489253	2.38425115667246	11.7273396447115
16.1211018765475	35.7773588384676	2.46817187018655	11.414627552595
15.3344355065168	36.7718316623751	2.4571691743721	12.7585663885055
14.2410230853387	37.1459191604327	2.00720960848673	14.6767600922846
11.4551370657871	39.3756124793102	1.9345469687705	12.8370764667214
11.6377841189394	40.4644362299253	2.32117695584555	10.3914143766439
12.7631410616615	39.5240204737094	3.31491815468576	10.0142097525895
13.8373831855298	39.3437714551147	3.35632887076747	8.05746775079866
15.9951171544546	38.3578007116682	2.72051248744742	8.52539761416961
16.6978574095509	37.3180782445061	3.03380808071322	8.65484455094089
18.1647754896648	34.8373819217231	2.97032982998864	8.72036687562075
17.3505925867928	34.8492592044911	2.20715054965914	11.9742266553415
17.617118894126	33.0659554453099	-0.308241381278626	19.4234198604999
16.2049981407698	35.4021735405475	-0.496280102754006	13.2146564934691
16.9464630726835	35.7793954489678	0.737616405593237	10.2256128319274
18.941304980036	36.4217787984996	0.935402922103187	9.49091612104382
17.8164698492774	35.3533338244471	1.15570100671116	11.8725218151395
17.7514914149178	36.3577981374314	2.59242220963147	9.4799691268873
15.378074085409	37.2349524061301	3.85776289974776	7.55282574419425
17.9782125311973	35.5328601720091	4.88508724593389	5.40725418294173
17.6785377234615	35.9741908712592	6.48946763807937	5.51982529156235
16.9098992234787	35.4996249864471	6.89406907463683	6.39118191066343
17.334072632829	33.2357043751272	8.64755433330549	6.96103052233069
14.4069654540458	34.7838590498302	8.86488683652598	5.10841583878063
16.4868381628808	34.01831330445	9.46750913287323	5.44707816547652
14.5220671698804	36.6501992493156	7.98284458955758	6.86886667447353
14.996053833736	33.7275987840913	9.02764190717811	6.97614564894591
16.3566510954256	32.6078965701818	7.83241677330107	8.07639756982792
14.3139208925338	36.7252466339342	3.46130271050226	8.65411836232636
17.6905062680161	35.0058516472803	4.49056372982269	7.58843465338402
19.3082717459141	34.4334441389509	3.42106189858506	10.4624192810139
18.80261429035	31.6996664355291	3.80306616598222	12.2470499800757
18.9794857416793	31.3390139510084	2.37950395778741	12.41535559147
19.8991721601717	31.4670726421	3.22336434654082	10.9707313551508
19.7784699025101	31.4412719097472	3.33018171776508	10.2873592343122
22.3672029944923	31.053305693671	2.68158661584398	10.0791942398943
21.6184604479342	30.0953315507959	4.33365304956598	9.18056497569967
19.8158216666502	28.8766997612416	7.60637045797681	8.85792153542598
18.5899380405892	31.4331341141421	6.94291109650986	6.69033194676426
18.1093603416978	29.419712096225	10.2560609761964	6.80256749268855
17.7676877962003	29.9137486333545	11.2926188201051	7.22589818991955
15.3005058412017	32.3680920351167	9.54444073233904	8.42854665621369
15.0014223984149	32.9663594533761	8.51794719132831	8.16212282582183
14.7974182795925	32.8770928551515	8.5207993061771	7.15625080240028
16.5638981354615	32.8876905679774	7.64386350889927	10.9918792681496
15.5841273409506	31.8246340907557	9.10450836778855	9.54306419398368
15.3932209025655	30.8699418234349	8.4694724054064	10.8932207672114
16.9048674397022	29.1448008144489	8.42291259104268	9.4364179992528
18.4316226275839	29.5162852793575	6.68812352314904	11.451329475417
18.4388830819687	28.7991208413569	9.70999795412478	10.0910289545164
14.9915726696661	32.0805581815494	4.75252457596195	14.7012087367796
15.3408340058072	31.0183641172849	6.79773637703031	12.7584560530855
14.4809174254319	30.6950181831524	8.12436183592647	12.6333801344632
15.6596127321679	29.8614367217525	10.4766089526666	9.53058657799968
16.2452207365606	31.0378077408181	9.64357393896104	7.97474871071815
16.8028470903099	31.9091209356909	9.2789982983804	7.43988326183297
17.1861401033929	31.5459181710837	9.20668185963875	7.87150509997755
16.5494407578139	33.5922667834826	9.1021021366643	7.58715900003463
15.1171070086809	33.5664485868087	8.43810555882632	7.02743439105291
16.7734095286241	31.4193657033373	9.53662842844658	7.36362351038127
16.9306786157781	30.9513701555121	9.79221000060479	7.56310211476139
16.9295920920814	30.7064322345398	9.20063618617751	7.86287691192902
16.505026992175	30.3442533150645	8.05373456273715	9.84081717387652
17.7299318613163	29.3378382152276	8.48784182218862	7.43993572581243
18.5989293047836	30.7085151643822	7.83691493198449	5.72248483000007
17.1683862344229	31.5273778869414	7.76011386351483	6.10184506902155
17.0270532420703	31.0222833401167	8.29389258451583	6.754399429334
17.8379770093464	32.2090559640699	9.04118717669089	7.63657716640984
16.7466429358351	33.3069343989601	7.14468255194415	10.6372297236488
16.1378683461806	34.1943922391047	6.97265280328278	10.0737674208895
15.8722343263523	30.4642247533312	8.86484792606492	10.5821838230432
16.4603608185732	30.8303385118259	6.64370645968901	11.8813161291899
16.7572786564841	30.5600570613746	6.73472084112494	10.013629460779
18.3190382308259	31.008432172602	7.77166781488834	8.30285377396012
15.8132634604282	31.5593171193171	8.76681070425792	8.75312279592117
15.8650025776298	31.966605182169	8.68706624219043	8.42625241315063
16.9459852243884	31.0763522364358	7.05859033297872	9.48969706411269
19.2815443393514	29.9122683251885	8.00559942239773	8.48756635778379
17.8872669812343	29.7512736930189	9.85274838973284	6.78342870286135
18.0334755735068	30.2886028041769	10.9042417501458	6.299446302824
17.5574723863214	30.3722238925923	10.7211259114598	7.20660109733188
17.2565712058038	28.3554955864031	11.112120024134	8.35572131924299
17.5952708255552	26.8453794032041	13.1257676921976	6.29089369144891
18.5997366438919	26.6733676655183	13.1338079102173	6.7672513811798
18.9673275670589	25.6686541781726	12.7497746072537	6.86147603865744
20.0569195367671	24.8861993471125	13.1543144652362	6.25314612689484
21.5512274200814	25.490766202921	9.24302223592276	8.38255112441564
22.0834603170547	25.6163003226137	9.77710224009513	9.59100615365409
20.3110134212374	27.6108188648103	9.90202553188847	8.96670569715168
19.047654604733	27.6721520533554	9.50883260081009	8.94994361142706
17.413688633319	29.650104110649	10.2166320521104	6.86926515589546
17.3162228619335	29.2930364236903	10.4157422368705	9.05448260722025
16.9617007930569	29.795709592357	9.78407560170734	9.29349825776371
17.5579770075638	29.6498821692589	9.39188615808747	10.1998861361916
19.3749154470668	28.3812588749501	9.13118754336426	9.63396233287462
18.3083852441888	27.7616756791188	11.0728850262745	8.80051111039255
18.2331369156856	27.2393865633251	11.8795355177059	8.02210954518406
18.5402159827161	26.244969175333	10.8239293360533	8.54038168012513
20.0176157664368	26.2011626374469	11.3054931572561	8.21625701652257
20.4022020056704	24.2513441853208	12.9358506541843	8.5902727277617
20.7173812856758	23.5348444945633	12.1134682594943	7.16909639772828
20.8755037423083	25.8955198791707	11.6052110646064	6.82406299876705
18.8300496334575	25.7153785680318	11.6637863491693	7.53757044638956
20.7501101502299	24.0985280633802	13.431292836436	7.0452178968281
20.8131948816737	23.8890747733853	11.7022122500713	7.25523968264698
21.551144737415	24.0240016546145	12.1235398208392	8.88468189091962
20.7691536491178	24.4593575915331	9.19332195970677	10.2399531115925
20.3457477149926	24.7356705846939	10.1184173483726	8.57634719155337
22.1348894174583	24.5526797751705	10.5497302357318	6.81230968379886
23.8667249526621	24.1807173966698	10.6481892252552	5.23713433308036
23.2391264785351	25.6238614348355	8.68367111198573	8.48333218485777
22.9567701201149	26.444353309284	9.0120626313199	7.30607929014325
21.2520400550774	27.0126365102716	9.13008531210853	7.23821066402106
20.1022868323697	30.1025289095347	7.13652849063387	9.33711853891818
17.8257907562229	31.540124284417	6.98157934668325	7.92620140615792
17.2572823202509	32.2240627332033	7.36668379969671	10.7426565614227
15.987306944919	35.2819758958644	4.63540308211917	11.4918295534957
15.9542345491757	35.3937851294459	4.25152413205885	9.89648914195369
16.7815619514692	35.118749083491	2.66347700388812	10.8287652759125
16.9146215184086	35.0176859867024	4.6558882171749	7.68973631416087
17.8184874796693	34.9567198377291	4.6106066712196	8.89676681864891
16.3174836769579	36.6015991605064	2.55537123130812	10.3857528758783
17.2615816434338	35.5882576750947	2.77542137718005	12.8854039716011
15.9494430236011	34.4236596080284	1.78395793707285	14.7130034129049
17.0522026265464	33.660203385813	2.78702026865621	14.2829217376101
16.5898184049367	32.6421027847706	3.22633112016309	18.15594412488
16.5276766055451	31.071925866391	6.13186189789051	14.7189305686306
15.3056862088107	31.5289845829564	6.25753899920457	14.8884954430077
14.7050849853536	29.3713441973461	6.17651079846161	14.8435726819199
14.8031903573912	29.1873149613759	4.69207747963276	15.6944288325594
16.8052442025994	27.4309220115031	5.21424610666198	14.942004105721
19.3483161839226	27.8953563765506	4.51288653758821	13.1278983576282
19.9356087713603	30.1091765573441	4.61544735822258	10.7617971525353
20.0448525597244	33.1210466784618	4.26377394500092	11.0065058937026
16.9855931743429	34.9437174685679	3.08929245771413	10.4901696548483
16.9749463074085	35.1676016110375	4.51103378172537	9.97451088979162
16.2881522024226	35.3427601996963	4.52062642923523	8.23508294201062
18.5220196101991	35.5389609070487	3.99289421418885	7.08641014803161
19.3374729634417	34.7798682971018	4.09635310441459	6.00545979678089
18.7821582996441	37.5093547475632	1.63009460487596	7.52087109015648
17.6289217186315	39.6655045277719	2.25441149406639	5.97692648742889
16.9811257799898	40.3260697891292	1.15134727879	6.99101075627558
18.5336360135858	37.4097126933102	3.28628799779722	7.38640297848714
18.3659542355628	36.6016996125676	3.97053691321185	6.89411707382894
