23.4823132087973	39.6243170784146	3.2710090097447	19.6223607030435
20.7475768356906	17.5924297791066	1.97456072725839	21.3602093895729
26.5602066417003	22.9283143905543	1.27363567078035	22.975830518158
7.11823435991648	37.9019059682816	2.5146319794051	17.1558047800223
5.08697237687169	39.5059520587876	-0.801640616593899	22.7460690859603
5.16838811221849	39.265287395063	1.25605770046284	15.0609906266341
8.89611279699691	35.8262814860411	3.41571316113325	23.2754998949254
6.03337211897517	35.2469333141616	7.95310075152295	23.6032103164937
7.33759379608547	28.6308466122674	8.35102635185336	23.5865798033658
9.03611310512242	22.027291722242	11.8402352345279	23.3759496889728
8.55291979396001	23.320716911749	3.59927122918237	29.3363688506837
16.8203044706884	29.6845396067164	0.745974861956062	22.8034346921307
15.1040128130394	31.5837554791159	-1.10586130159455	23.4945483577744
14.8254555191031	32.7837721858322	-0.764200771940993	16.7657665398278
20.1333181287502	31.3330271450655	-0.365535359564159	18.0643487314331
15.3126571626973	31.5366297140784	5.01403186357122	18.5521575128979
15.3946728465718	29.1485755454105	6.12879346745125	19.8448543595469
13.1540995157894	29.5148799737272	6.62552710777184	24.0510269203543
12.043500969548	29.1675128560801	-2.18117585018241	26.2383909914962
15.2800700076746	33.3826810104129	0.53975479041018	19.3981954334623
15.5813911169658	28.1126156525043	7.17913837234281	17.7260340000822
16.4478379170301	30.0873536180061	0.74433027422933	21.0760174105263
15.1668374806936	32.7508964846187	-4.66199338146071	20.8680772301302
14.6770898004356	31.9997208603003	0.946154290191217	17.6413090815328
19.2567122036885	33.6845731353578	-5.5797139246303	18.1179085682833
18.7030307211275	34.4760603792601	-4.06955813693882	10.5311203614564
19.2354058158317	33.8431712272213	3.83027106434266	6.64034180693181
14.6030895212398	37.6880436795399	2.34158200122575	20.4123073109488
5.7233767184254	37.5086949678249	4.83062019100431	19.5956666575125
7.11022191818819	30.311477710397	6.62112451705477	19.0871988696358
6.92046645132437	31.0041396845777	8.70945822053656	15.7175389903909
16.6054608785571	21.9986396977948	9.27266949054963	24.2325228958702
13.1244248675332	21.7699255173321	6.96948724635705	19.119863432677
12.662635565471	24.5062881279464	-3.40812669298783	17.780316534297
16.7898835276403	19.2079054273269	13.5596545932899	25.3005201735845
13.4040276804757	27.3651395252927	1.67350160169328	27.0832342275318
9.68991575583859	27.3355493046364	0.336192762264108	29.1572538291004
7.29041936283602	26.2919530385291	2.52041035620446	31.2577686126244
10.8930705481921	26.8395841972958	2.47745373574967	19.4694815616023
13.7240945983543	29.0905374820104	1.60837944457997	17.1435203862276
14.9829180385869	29.1289356622759	-0.127628298003783	16.6877982851949
16.310034718284	31.9963660363022	-1.0037143797657	18.3015250354953
12.4171305451669	37.8596046093766	3.60793546642675	16.5869043399667
16.5381201673398	36.7085095394317	1.827874724842	21.156450737674
11.6097338907651	36.8137172439512	-0.0888271875722779	20.3229912225494
2.07594339096795	35.0915527336676	0.716097839718232	23.995790136453
10.4653378941512	32.3344963665497	-1.073102958245	15.6192012545058
16.8003470424516	31.574151414931	-0.987221338065139	15.2576047134693
14.8905994973099	37.6087466152573	-6.07513359490989	20.4579483344327
16.4731661809562	36.1065429137277	-0.199884788358791	16.3792303593921
14.0109831860243	37.5168242324971	0.82281445875557	23.3312253441788
7.32632794234605	34.2334508030572	7.27126488951759	20.1581822123505
5.35161590167783	35.8980722069636	5.49820414768325	26.027717636563
18.2627835696932	22.6886961779859	5.11148484285292	21.1532869609308
24.3016883208786	18.4470022606606	3.53533416683818	25.9020505031172
12.1600263851625	16.8209253762471	3.96945562143842	20.7662102534037
11.9415876026239	22.7745165651287	2.76180256088297	22.4597160611835
12.7800651244723	26.355859162155	-0.604917191201499	24.0910882712875
14.2480324884781	25.7699393213447	1.46343919644723	19.3541699811418
14.2963944422917	27.7809432730857	2.75889516238303	20.9623450147757
12.0329149098381	30.2041687397134	0.556832662673598	14.3238579216431
13.0746759481974	34.331494439378	4.696092279065	14.8738103804354
9.85840874822664	35.3323935787041	0.155824848353463	14.8371709512722
18.4966425410044	31.2552798248702	1.94058976690313	18.1272354607646
18.0780291323122	34.16710445589	0.32155828890322	16.5543831607502
15.4086107264967	35.5807450560995	6.90299108489922	14.8592559362791
10.8420445532181	33.4443052632876	5.26809146260417	23.5495637388116
10.8568652947077	31.0310112832256	3.9721291778194	14.1217309802918
19.0542663512395	31.5223326564909	-1.41583934383682	19.8886818215362
14.7172512202167	32.751331831736	5.5174430909082	20.4863721723779
15.1412091211092	34.6520077744357	-0.166562124463623	22.2999038486853
10.2518320146624	37.6218903709021	-1.33683820891277	16.693391888578
10.0052188268022	35.6068662059606	3.9879835353294	20.8843234811803
13.8858541346473	35.1376834178438	2.12146249120873	21.6150372365235
10.8191775962097	31.4379132671377	0.267405696081044	37.0524997479252
10.32769000274	32.7088185088926	5.26409127391969	17.194641975537
13.5324908843753	31.6217705063739	4.1410305400103	18.7795506542383
9.49085399748643	37.4290390097511	3.64309669775465	16.1552069113097
12.8709621238545	38.2673108665247	2.93690339732492	16.6968580287799
8.76891791820751	36.6635980518711	7.25436641672203	16.9760062874077
7.27303848602103	35.7578834980252	8.4236285291569	19.2139645458913
8.38546840430244	35.1524078830686	2.81329109482035	15.691240537238
7.52895388181318	28.583733057033	7.7082490400368	16.4280139354771
7.45431003751482	30.5678340041896	2.54555729366407	24.2663385116278
13.9869791603808	24.2748180584868	1.28521418939131	23.7850932474637
14.52950104458	28.1721520092224	1.75983828161511	20.0582576449036
14.5646929226854	30.9918953095911	1.32468743151653	19.7155665721751
9.39704392785594	30.535252745205	10.2506767436363	19.3794876848354
6.9111281159184	28.1085444771406	11.2531986510125	23.6372986487402
8.04815665215972	28.9307409119033	4.11105977665219	26.934830518934
11.9714828287509	29.7455676805918	5.74802564803532	18.7353592394209
6.87853206755523	38.1188065230605	9.00486585797763	14.3976889835029
8.55313896028087	28.6677167213281	10.4538200723121	17.0960407405572
9.37603472323865	30.9023906730806	6.21236187661589	26.0318400444992
6.71249996229783	25.5895690198747	12.5708642161876	21.7705097645119
14.1965490698406	21.1123765842431	7.82493106578067	27.1394790347203
2.902771258741	21.7568300093843	3.16717301052586	31.618069168217
12.2632250962525	24.7865878359734	2.86768919578344	25.3058103658626
11.0662366129282	25.6273699836298	2.30888402810842	24.2013657432025
18.207416023818	28.5659738269011	-2.36492583970949	20.8773546283109
17.0405382275185	28.3488986501348	0.0234654557921967	18.2457142778648
17.5848803630633	30.5166983650875	1.80564118670607	10.3082312796241
16.7857423502555	33.6879686382477	-2.42666911906623	11.2761037036849
14.8611049212533	40.6068448509362	-3.13925174833858	9.4951542591749
14.653992081571	36.2253134647657	4.75545105809145	18.4289459254972
15.9813775066729	26.8009768260788	7.42695807065614	18.1177512439492
9.61465103928705	30.9389080570224	2.3517976706455	24.8050920222479
10.3665364843381	29.7475633907277	1.49219045001813	21.7187550337578
13.0302425379704	29.7975234287284	0.17775199698271	22.8388850902731
11.4756563747141	30.742631787011	3.17853410281951	22.0628338306735
11.784053568781	28.9504927971881	-0.00259301605855278	14.4457602500508
18.7161810180602	23.7498681077283	1.9963118092521	20.667006071607
20.6407433791516	22.5942092498314	3.84343531795822	20.131422886563
14.3494803105911	27.8863755234067	5.73483599597258	18.4192196232325
8.76402155509833	29.3043534699192	6.20537511135872	22.870861740704
15.0564762516757	26.7093669673111	4.48908581926908	26.3001032680415
12.6965810599916	30.1092179238474	3.41255470019398	21.5936705115394
13.7854816806186	31.4672125047287	-2.01046129923108	25.7681572990634
14.3077055913989	25.3214122678356	3.9976703631526	22.7673996723399
15.7967594262155	26.9959021944726	3.49045193849	10.9602848528095
16.6747922539654	32.9634998491945	1.41068342657145	21.2042249873423
12.6890521352771	41.8942087711746	8.76853300438838	20.6142241091126
13.9237349257067	37.6453452149246	2.11214308770808	20.4867752857772
10.2973914109364	36.2375389426264	4.48298050001698	22.7102091775542
11.3439297868691	32.6180352419609	4.15860633276838	22.8968171837826
14.2948802112103	31.8351900284173	-0.219400400610129	20.4694715379983
16.2987039130702	29.54670312209	0.332259506604213	29.925512102025
5.01654543119558	31.8812602917947	3.77024572043173	18.1614930495269
9.2402753463436	32.4254030101292	1.4318459893433	19.1442383090651
15.8928371753033	23.2187654725567	6.61556688070722	18.7038853029406
12.1766943755343	22.6427288069681	12.1050983264899	16.7508358774392
15.5757639245845	19.3476492113401	10.9772140798597	18.9741899814814
11.6377599707378	27.6034974952196	-0.341332361277187	21.6791184010341
18.6629840521594	27.9821537736163	-2.25303741960189	21.2796476819126
17.1691366888887	26.3591840395995	6.84711307008981	18.3770389831661
13.8931746482873	27.8066504451566	5.7164672361803	21.7945958604141
14.7015137579316	24.3694070943751	7.06738769094154	17.2312712497014
14.1712778711316	27.6382484085046	1.83387785003215	22.8864852352935
11.0443234837239	32.7978821991131	0.430784051014779	21.7174729159969
10.6195631998973	30.4336326159629	0.848529422829596	25.103083213424
19.9841659868518	27.3616180596167	3.17209341821724	22.5819669262905
15.6650983219417	34.2359168678815	6.56577220426756	14.502260732677
14.6184602289843	32.4317800756837	4.55408029793399	23.8968458363187
11.9203406201028	29.8238300141971	7.89586194715381	21.7684973878457
13.8358637661619	28.6607498983946	5.91624387697235	20.0028261546671
8.42736129126898	26.9973924787835	5.97742146999431	19.6470850427322
10.639780562286	28.3834944627367	0.793717843022618	24.3829916068971
21.2995858005329	28.461277095704	11.1302449265569	17.8343854118041
18.4109320798038	28.0000040166148	7.64623040939494	15.6304890998131
8.11385322575153	33.7185171632784	5.85715832329168	18.3224350247024
12.3702864626753	23.1567276585603	12.1379017960107	13.5446895430842
13.6749214903835	23.036808331007	6.61179837908726	14.6859175576874
20.2861838849645	21.0250088236982	6.03800194714951	21.8682738863909
15.2845599215342	29.5575512330735	3.48920019617902	24.5273465541323
14.7435463009319	28.2975465841348	3.37886114646347	27.4260856266876
11.124115644387	28.8045302645885	3.25349134667443	28.8709200508704
11.9784449253517	26.0033268698141	3.13979950541595	17.1161152881676
12.2774480538551	26.2317081107527	1.88664594938943	20.4169858706289
16.3159032980088	28.6863079466626	2.52184866735676	25.4127206346136
12.2255816625786	28.082181751705	5.84447271697188	22.7037815675255
13.5484121081997	30.8093030766367	5.70224007632548	15.936945147824
8.24000848164973	30.3926690218066	5.37209156010265	22.2567070154589
8.51031245138687	31.7117018109104	6.96634369710425	15.9313444695551
10.8886186609623	30.6843867215336	5.14684550272266	19.2652988410347
15.5565519260276	29.590382738226	6.10791362077589	12.7078273680592
14.7269064510493	30.4759278024555	8.29004015960391	11.8713799839252
13.5428734615741	32.6435666551566	5.02308004256929	27.2057997507355
5.6546128034069	29.6911039153797	6.94442842935349	17.3292396429307
10.6638994794748	29.7502512668012	4.41420814569246	22.87363145755
6.93550589765084	30.2838845110979	7.21181148511495	15.1455157718002
8.15358116357595	32.5240422042567	5.49238509579699	15.4833441858912
7.55446843582224	31.7986325904745	6.01596239802565	14.7323020014713
7.85880308139823	35.8260859447048	-0.684810813170415	13.8439855866866
16.0022035260527	32.561580642637	-0.550359018732351	19.3503907954121
15.0294835489086	27.3768798748512	9.35518822687239	22.9153638801338
2.39713914295339	38.1828095225737	9.81685894237948	21.373971307444
0.481292294009665	30.3677659879822	13.5505576773931	23.4934503574921
5.12421410700783	30.8578963923205	11.190815394969	20.432065810456
12.7275716463907	27.6601973443983	7.75219737628571	22.6217524412803
12.2835010439867	28.0064651815704	4.35916994252992	20.9711770232551
16.8834862006606	29.4902834183088	3.55507485233838	15.5802628911321
17.9010704863863	32.6810613138153	2.25618578444873	20.5500105606612
21.6605144907766	33.1216262319045	6.78794873275098	19.6139834094372
6.48685948746739	39.1982867234306	7.59609883760283	21.4804473503281
11.2432092314003	33.9051987956695	7.37565853276471	15.4566944490906
10.7613486332872	35.9748308144856	7.24319189421871	15.2825268572949
9.86850094806497	26.2928619299431	7.82402206717558	16.9150440865949
11.0884156991923	24.4801512540303	7.76966643093653	18.0341233970419
13.3277325268099	31.6720777411109	5.04840831577618	15.3516127226163
18.2867804990021	27.7151966221726	3.27287448422639	22.5219954559947
14.4534598825064	24.0365589164293	9.65667308626352	21.6141427019891
18.3084393710393	23.5709212404771	3.85820603083474	22.3468771995576
11.9400357889181	29.2346790539249	2.47949607434658	23.3625555550279
12.3167942502705	41.8471591301002	3.02279944150888	19.6164817764999
12.0215667389383	41.8229898911418	8.76132455351717	22.7770598737035
12.2698558319505	26.567538583428	7.083656149058	22.1795909596305
16.4996709196973	27.3538956001963	4.80282104367636	16.5668295324478
16.4205235843822	25.9195966202253	4.62890962735768	18.6599567719433
20.1339049474959	25.2081346114585	12.5034990670888	7.1934155097481
20.4349677288596	25.7167111269779	12.6435225907636	15.5797727785463
15.6277928176027	24.5304436093493	1.31323783508664	28.6659443501773
9.75930051418659	41.4740403103918	-7.50591338354646	18.8020642062107
10.7795880056804	34.5621007266995	-3.17461602785534	20.8376584022696
18.5356653538496	32.3866899572854	5.63074706880378	21.753866924642
13.1043650802188	27.4710004736805	3.71479447990659	28.0302140006967
11.3861326883511	28.6316713231751	4.77372533002871	10.7357022428613
22.1804552488924	28.9900692768531	1.8767178413831	10.69682671086
9.66469147111856	33.6646165332893	8.54065535836022	14.3779827246749
0.655112645509264	35.0403578256423	9.02626204317069	25.4522878897683
4.4786243112872	21.4539912113155	7.12274932676225	28.0834771424838
6.69089967259777	21.7800212607885	6.09703409393548	26.5065535588496
10.1102586124615	22.2361479216056	3.80096044765084	28.0472413197979
10.9897026286751	22.4899227235001	2.94976271275264	27.0534471612311
9.77527874320728	39.001020370078	-2.73571411783474	17.7801895098648
7.66679627782262	37.1147072456849	1.50189263110382	9.70864627286693
20.6224512281694	29.8161164882664	1.7742621439263	15.9326934174382
20.8268684238062	18.9974964338059	6.06547858346359	19.7840592230417
12.8957842468164	29.9319087455684	1.88052607247712	20.3259374852647
15.2744912887312	30.780226813879	-0.441593397462703	12.3358272690681
17.2970025790137	26.813780416053	5.15803882846799	14.4332412813735
19.8002578843598	32.1251348148543	5.01020943740573	23.7760760143344
11.6068973335651	26.3898174708655	4.28787859577273	17.682525764561
11.7797916455787	27.2925640997014	6.17747948459869	15.2406368806979
10.8876047775742	25.5403507877206	9.38185336100746	20.3267075610896
10.0995178291236	26.0714780524047	8.62385909596726	20.205856480225
12.9306386107044	26.5891964153255	5.96268552225907	19.6882652072785
14.8493675909402	30.9477277108277	3.67372446796749	15.6426782510793
15.2121954020105	28.0627947726504	7.7183892553785	17.8220011438812
14.1156569290899	29.2087012429194	2.65344207137698	27.1678203396137
15.3310150140268	28.9890466376714	2.3249043607684	24.8836283672706
14.4069906567814	29.2427898503415	0.927193032389326	21.2727296200579
15.5273844452234	24.5628726873271	5.34352062530611	21.3364974047986
13.9528156162731	31.1339918858175	-1.77373384563457	21.0536227945236
15.2066620681773	30.6597795360569	-2.94005133191515	16.6239556662327
17.2162939753517	32.2358544356968	-0.813904907353413	15.0275902232675
15.599607998146	32.0115014421601	-1.89046726836311	32.6184662432906
9.25551796528697	29.9818073482813	4.49836608212276	31.6042855441037
7.80049375203059	25.3761682365318	0.830225251547434	24.6416418283219
9.04627436949492	32.4629999449967	-5.65164658766863	27.3579346479052
18.8102903204809	36.7897511142797	-6.20952616528226	20.6885780073372
