20.555809788214	39.8143896657548	1.85304414867973	23.7767563973515
19.9838708043778	33.3932438434122	0.588272974505924	20.4561409195433
7.32003124257025	30.3145431598668	3.33477255145204	19.6601034618463
6.90156596804386	43.7329080741004	1.39719100391608	21.1767668746236
6.29723947527376	29.1763817582362	7.85223292142269	18.7264316693321
3.87838867443986	27.9993895062328	6.04858605146524	22.335539640665
6.82113068081687	25.3182374989604	1.54023694994044	24.2783011274753
9.36819368643934	27.1255595750165	-5.05076543705422	22.7811418531803
9.70627064021552	34.0918989247632	1.85296724246388	19.0372265048666
9.66736108206436	32.1931415087923	2.97326764020642	17.9451351144622
12.8141094852672	32.9039022648458	1.49781237517988	23.4527549191649
11.7604735169249	29.61804032286	5.71849568406188	24.3680855329127
18.9302639808808	32.7410073241482	5.09775259248109	17.8332722644629
18.2486356963705	35.5468705727982	-4.37053465801164	11.985734595571
15.0054805592004	36.6841609179452	-3.54094556167496	22.0023791835141
16.1738196415754	33.5880550401695	1.48262865353147	23.0221103544776
9.16523216105271	31.5929225398637	3.42481244332859	19.4543792487551
10.7447304584518	33.9033308796994	5.30741561880106	19.7968321625134
11.3990321874835	28.1073941764831	6.48680164381184	22.2650074341811
6.95704415489027	27.9522788185307	5.89000268518958	26.6469498968228
4.63180472932898	28.0668989835594	6.92095958074588	20.8609644358773
8.39691058682177	26.1625018168791	5.27349692681837	21.0505493392963
7.6033729860535	28.3327946846924	5.32702110620249	19.2170066064363
12.0045901738488	25.2591981191738	2.77577032480422	18.9250400060927
16.1653987893319	22.27466068115	6.15977655152592	18.2965748504785
6.22994448961225	30.1594669316582	6.29496475105644	16.3725902190481
7.7299115842528	24.7353133814933	7.59375455965969	15.4152116538192
15.0336284575372	20.0291071247929	3.00796902486611	25.3770484877916
14.2887496474972	22.5694650455998	8.66544925821501	26.5622443223782
14.6339587068027	20.8978201611169	9.17690298346068	21.6266530083902
10.4981249283841	26.4577942292693	9.15671294613938	14.6787234472521
18.7587006439146	33.4049814695651	4.93080866543158	12.9015341528366
9.65278238548603	39.571441720535	1.67938921352349	13.2318714308972
8.26318641218063	40.3722807596577	0.5740823038208	18.8688537409949
4.88513044791304	42.0086413756153	0.904510173622858	18.537344664936
2.79128393864411	32.7497431654309	13.7757021106336	15.1243922721083
2.14667315982813	45.4535939143797	16.5275437325063	19.2575918946674
3.77785655803349	40.7648817972657	0.569211988541031	27.182949683003
14.354642683016	38.3665460568298	1.53721064650204	11.6479218644261
7.88971769840441	37.7374577420461	0.871972334449481	26.5108704358553
3.82859023912235	34.1082909646197	3.92700174345572	16.7466612999542
6.64588119664849	22.8259747581309	11.3029495765169	14.7072513542352
6.43822161136406	25.3903179401974	10.4036436036767	13.559043500687
5.26714111316984	35.3614007933508	10.1938307674209	9.348925100754
6.72550768991945	34.9972310591377	4.88033361896667	25.8608177259062
16.3879669770246	34.083063979548	-0.917935731187289	21.3487864333634
19.7978740904148	31.8956855264572	9.78740585612151	16.9683049711151
12.8212660375073	26.844914688178	8.90009005503774	24.8773676043158
8.30769086138029	29.7400135716363	8.83411261668473	26.5588580704685
12.8270961450376	25.9051422501854	3.36017607661009	23.1862833424862
15.7848015673422	24.0340694977842	1.45592800977969	21.5440512149986
17.1329471755227	18.4129884315753	4.15445903932254	20.2934025930632
16.1049778561269	17.7077399713098	6.16867239413732	20.4214657614399
17.9203855925242	18.1217569151364	3.26434991567407	23.9550051842276
17.3686544901208	20.7296441813402	0.00146258168865465	21.4356930206823
12.108145986776	28.2003617278702	-0.818261899864185	20.114991049336
11.9590972236045	29.5872335991739	-0.855127054649364	20.0909289931701
9.51794395806868	33.1614114361732	-1.3315362887559	17.1705323392348
23.650728483292	31.3921906054624	3.65470320323073	17.8805140480492
22.0992742088425	34.0939951950129	7.45021942408346	18.7724323031372
15.1809820754685	34.5375204696116	2.77856983348318	14.7734029050823
15.9640844597712	30.781627807884	4.08274972782177	26.0062623502154
15.9063211997277	25.6034695572466	7.04666194418549	13.8243206691953
16.3543183082952	34.0987031214186	9.20818657061189	14.7479534832036
9.40484911960129	31.7403273641446	7.16976226488746	14.9141264411828
16.392071594601	33.4018947532253	7.01142424898839	19.0141718702598
1.44825977047824	39.3884041771672	-0.857742445593114	23.0790207426271
2.30610954073367	34.2513820115856	6.59465480777121	27.004490914589
11.4157787881924	31.9717825507781	9.65866852818109	23.9257288018377
1.11280723267344	34.4637916615632	16.8989175770996	25.0960059526512
8.41163410017694	33.0420468698894	12.3162540971136	19.3726085771011
13.4101732648393	34.0286078768437	-6.12347080565819	17.1482431019792
12.0663669044567	32.782026426739	-1.55865595636719	11.0867803987917
11.6921989923695	33.5682851445015	-2.22277821235188	13.1210084074979
10.5724716993461	35.2203990626786	-1.93457149496124	14.5889170252674
11.0456292788486	31.473034745146	-0.143502629974941	16.5910542354875
14.4490503782516	31.9412361262235	2.64445012827162	20.5718675413125
9.12557763169298	32.1862369523335	0.367445613846842	21.0836300248427
7.22939362172747	35.208997817612	-0.658153033691731	18.0748651217566
7.06314208662714	34.3276052143398	-0.84808982918342	17.7754027726242
5.45906245273402	34.3539766408993	0.191140817052193	18.5184167259486
3.7965018932967	25.6070730742557	4.40247621237119	29.7035937038364
1.25138161787277	28.5475061404706	4.56185097029353	22.6083330557795
7.65901302452143	24.6803319118173	7.26604445316498	24.5672028306054
10.3522113850242	28.1248869853281	-1.62680818521749	22.0969316227893
15.1709173508258	29.8622177900841	-2.98681453856971	19.2754267058329
10.5578987128285	37.6068787915727	-5.71847510579373	17.4868540416826
10.8998130655934	36.0718718204742	-5.0500644722186	16.0728472608496
11.9631987016734	35.3011673280133	-1.69402136487662	16.5750111730192
7.62347223917886	38.7060382377155	0.487039726472757	18.4489465271848
5.71379861044459	40.172002636528	-3.96437841536168	22.1103306417147
8.58406935060047	36.8992899614125	-1.17880016630294	13.8817383094131
9.01742850049347	40.3825090895146	0.237631575208343	6.78609514369098
8.82577128778275	38.217403504172	5.37340812606537	21.4707681861932
17.4855921700453	36.6767967808622	6.02107978940148	23.4337733254924
13.5773610545817	32.3041097691444	3.08049740797327	16.8794560443766
7.06695200531684	42.0360866246906	-3.95645777167334	16.3116165261872
10.2498216598656	35.7930435484437	0.977943700891442	14.4048392644308
7.23358696034528	35.3361316202526	2.52370635166265	17.4129727494128
7.84403923553257	35.9146813168969	3.43322181960069	18.9612635839126
19.1627786285982	30.1321330396058	8.67359581056483	21.0620361924498
9.14729344284651	33.2083916998999	6.61010942540564	22.6243448964647
14.1656910194878	30.0443523184693	3.96471183453379	17.1223591812282
13.3445942501775	32.8832606077734	4.33401137296734	13.0884711010708
13.8510222589721	34.1070684083346	-1.361221642287	29.6375275342121
17.7627429754128	28.85223501126	2.44370324392103	22.7929344404162
14.9920607841119	28.1691941502196	3.53206229504962	14.1461088092671
17.1517944643441	24.4390561384772	5.23398372919131	13.6503893140376
16.3824183583372	26.0276880045114	5.22859667779616	24.2141703954206
15.9487907119207	34.3571408649991	-5.90734173424803	13.2247841452516
19.8311366696023	32.4053608484651	-1.61158153668307	13.3140855004347
9.79627614230567	41.2641536025407	-4.94831616405659	19.356441245969
7.56881818387782	38.5616528615432	-5.67970939955821	21.354543901705
6.58022368693595	33.1121901339453	-3.63468127601927	19.6697286583528
16.9702893043144	29.4969267361399	-3.45881489847934	18.3362975038633
16.2483289887377	31.6641693246153	-3.41628045885794	19.731999768135
11.0042474381652	32.2303161936178	-0.182353142825589	19.1700325700056
6.66138388406153	31.7174642070494	4.94451412121795	11.3617406842199
8.8445985776291	31.9161370764724	1.98417388333228	13.151715245181
9.91923364339533	40.423165034551	1.7672593678556	9.04900069610528
11.8799544603302	36.7194662509037	3.6620300808892	10.8103627482035
16.0018250278404	27.7854651321876	6.95877441351312	22.2549807847454
14.4611167164726	30.2680134903267	3.06127373275357	21.5070342053503
18.391546497794	25.4333854993858	3.70777102100673	19.6392633896165
15.1649864695241	26.5336120585964	3.28257445159378	22.5397445973784
15.2044489027207	24.8477625376641	3.87277844042527	15.1142574297278
18.0963857171332	29.5493287655191	-0.773725530611181	25.6545208497921
17.279939749485	38.3468376231978	3.30861069968743	7.19234924355996
9.83992998742723	36.6541172659618	11.3094369788545	13.8498216977628
15.3811098541776	30.9609874389867	6.16693916459819	18.1672740653126
13.4128913026946	30.0929392646799	0.25307183928909	25.5481600313113
9.89184793659897	28.3742397065444	0.722754119423353	21.3585379527548
9.22604536028415	27.5266212269273	-2.58559479471935	27.9483849997195
8.89119831235915	26.8562087294399	-3.01652766519869	23.1186968472007
12.4876481255166	25.2229553664788	0.833573469541129	21.9857121013766
12.3482683715237	24.1889058559887	4.59406579986276	20.3984396250434
10.1883747045927	34.2139416228734	1.8104169981358	17.9267307027112
10.5573588192155	32.4821937404327	4.32319512676358	18.2942093082994
18.2268294995988	29.0163888134324	2.0177099024123	17.8343285548729
15.5205692203665	35.3570128236227	-0.218514431343376	22.143980670167
5.3060527068512	35.6313335596845	4.33464917905539	17.8369733811411
8.0988598978335	26.3264846632314	11.8637663763194	20.109623815311
6.40638387578885	27.7403926342313	4.38019598162621	23.1195902991163
12.6258471639891	23.7454527365562	6.32380627227612	22.188019269608
10.8090151623583	21.4303394016397	4.22246090501211	27.4133627945521
10.4900051118861	27.6438805745502	2.20458608473752	17.8524285452404
11.1863871091325	18.9242167942334	3.62157744708572	24.8929289858752
11.2840492647896	18.3547391820807	9.2735255708938	21.8195741119055
8.92652701176108	26.461224372882	4.67754128913026	23.399346874394
8.31237501791477	26.9785958775752	3.85663818546632	22.6905621443445
12.2292130962087	27.9255388132729	1.57853155300439	21.836195403667
12.0131902145866	25.8429732164245	1.7144374213782	19.7391244028526
16.3358728732627	21.0513610453222	3.45950637847603	25.6142307426611
16.4084929899896	33.8009808272931	7.17497216216697	17.9305874737975
14.7963024132722	28.7075193240184	2.36616977635248	18.109396682478
13.8340857221582	25.218313611162	6.08965816222991	12.8548346422061
12.2790051313886	24.6998341811159	3.15058024381216	19.9368689404249
16.9745771253319	23.4243601305168	-0.64881244660427	14.1488172099374
17.4075228984345	21.4507379708387	1.48809038019237	18.0629039570694
19.3323977159214	23.3332166471094	1.80537216281948	19.1587226412446
17.7045581936097	21.8099728579092	1.11662074693422	24.8127135302127
16.6369535548529	20.8857795971837	8.70335828049984	25.2778231625632
18.8573840314439	22.5441646147844	6.65840467773117	18.6326544027031
18.2757183683953	25.5592208750513	5.81120380875405	22.1583433489502
10.9891108638513	33.4698933641393	0.731582038334867	15.0847333337367
11.2578085186797	28.6119584250605	4.62221040833121	14.8449901269225
9.96605181655833	25.6449813605628	9.93238113219492	17.7415870536527
8.34914944737893	26.8279009172524	3.8697158974094	16.9707084816481
10.5570319062679	34.7681211540306	1.28968189478975	24.2632637824113
11.5566050786918	29.3425844865682	0.465484869285785	23.6168474679994
22.6170185940615	31.7092685656637	2.77051224553333	17.1458027774498
16.1910439885653	40.074535016372	3.85868309386611	19.6950661821094
6.50393633964257	33.6323166796296	4.46130402241439	18.2806580790711
6.11437396245922	33.076452021938	5.2156668696839	21.5408006797005
6.11796934511089	27.7233465602475	0.81084906871501	18.4869338534613
21.6766619405221	25.1363609921972	-0.163946852059331	15.1221741558824
20.5702160161431	31.2187857015295	-3.68516425916522	23.2056353599605
19.2299504603702	31.94295116209	-1.58958971807781	10.8177267327422
15.7709733568573	31.1554568584314	2.6767447110086	5.93247297550382
19.0145304132694	29.0138676364211	5.52693054456575	10.0064794932466
8.33694341215056	35.6160060537169	4.15894833304299	19.5008735199433
2.99081334324214	33.1815376469986	1.77837265799133	26.0435440464021
2.81442327916297	33.3490280608767	15.7499363932139	10.242648278484
11.2392427712205	29.6306680526705	5.26846339884616	21.4487331130448
10.5784829737501	30.5714222226897	2.11774614734689	23.2010572918596
9.74982944399807	28.0591799672318	1.5836790044602	24.906180774633
4.75370893131126	25.4158968009077	7.86040749203376	16.1708215007821
15.7099293192655	21.7880010298476	6.74080879719791	19.3828883922262
12.6531128978163	23.6042916020556	4.14121430659529	23.2595583897026
8.81468959665902	29.5745213600053	-0.129007475836666	22.2089017550051
9.25776528325108	30.8560902825734	2.73519990508026	18.7960388273621
11.1670041359207	30.7815016285878	2.98041720802484	20.562176354664
11.1855153771082	29.5228727409978	4.15164097140131	20.5148312118525
9.82751496255962	30.9948116742436	3.09260547787471	20.081014777037
12.618533584583	24.9667173339445	8.03238876476851	19.285951596188
7.61313781077413	31.3502235972746	4.35290033398978	21.7428769905222
6.34036879348942	32.5489730260372	1.64053629320897	23.1147647456815
7.79953975021279	27.4003581889624	6.40939220954514	23.2312300935006
8.76424391311964	23.9581516176181	1.78371073380894	24.6278047074808
8.23060694330963	27.6615691814291	-3.81719162984901	28.3490875222887
14.9165274151008	28.4022470895965	-5.87793872290441	20.0262898752257
13.2434288398236	30.4428271140736	3.5914913442064	19.2969369986945
12.4656685544051	31.9503598131072	4.20102111586731	19.9592368449935
10.983253185159	29.4362398825419	6.02270311687236	26.7268690068377
13.6595772891179	27.2981855721977	2.23527826380079	29.9712404489619
7.80726980810328	23.0828116607685	0.0634031767221295	32.1564574653385
11.8313088239991	18.9495223651479	-0.0524636066268407	27.8579395710732
15.4710641009622	27.591632020923	-0.0456855177629016	12.0950089141436
14.5219541167319	28.7374097395527	4.24909493543848	12.0003475158184
12.9802227451876	30.2260814219609	5.81436765701881	12.1864073074132
14.8455780514791	27.2425105384549	5.31222292067537	17.0455999473598
15.3372849639539	24.6249523581003	2.15624047055894	23.3604002894391
16.010176285546	23.8199813348431	4.62991491736898	25.1021527467903
16.1709283160229	34.5749068755477	2.3984484313025	15.6769580097747
13.2859539234901	32.7876216971136	5.40664644140118	29.6839020577588
8.20880966003948	26.2978618901043	5.06828835887125	27.3743100307761
18.3665742162342	25.6827472739496	4.50631741621753	18.8157242642646
17.7343536304037	25.0390178088673	5.40171322675365	18.370947447253
16.7414491479943	30.7766468643785	4.09683522242841	16.5277364317023
16.5917593958514	30.8463905455699	9.46507519051221	18.7536749921435
20.9836497085938	30.2107356530507	0.140691345425065	16.4606445655244
13.5833666039536	36.3712139097933	1.98652702556711	22.8279550746101
5.79161251083616	39.5292811534327	2.94414358914864	21.9298520637694
5.00180394012224	38.5340839760338	0.659549815666201	23.0288965618399
5.80937183429207	36.33051474146	2.88943669325862	26.4427181999361
11.6884437319024	36.4768504310778	-1.06836470160631	19.9751236653117
11.4504905603027	27.6342848179198	1.16063631754371	20.0383816789997
11.7712553748632	28.8902828659198	3.33423099976467	13.4444696483984
9.81951395932163	27.3231757854379	4.4214080719507	17.9271556631758
10.5761785399242	28.784827462238	3.21797043066236	18.8764377563901
17.7132614202871	25.5428736503413	0.29380070599471	19.0970941001258
18.1317562816444	29.1468156557707	1.851535827235	23.6799062960424
17.1137898226048	29.6490549973816	2.64179150953246	21.9829563265521
15.182419835754	27.6221071406811	-0.884104076239193	23.561808326305
17.2963240811777	24.4831938245722	-1.35965859049473	23.2907983656419
14.2344222473156	30.6928307232835	-2.98499013143016	18.8937356453232
12.7107427520079	35.2261715936863	-4.40030887773088	18.3873403520782
12.0784538968421	37.4795986498163	-4.12741174323608	17.4272523407351
9.26411133733707	35.9372044245859	-2.64396966158412	17.9424251133103
10.2718719745595	32.4077026263259	-2.66853796274401	30.1782098046031
