21.3978761401799	37.6441365523416	4.79105946385513	20.8211869326657
6.28888950399755	34.1481421111321	3.20350424391011	20.3857646937168
15.7191096148976	32.163528058788	-2.47861203267445	22.03818912179
12.5191979571768	28.4750486040657	3.9308257541133	20.6325375477669
12.17180033218	21.0970763434864	8.88596245124613	24.2293814675165
11.0089029139269	25.1984936246857	6.21995673478809	28.102560294565
13.1411172232051	23.3904406868407	2.59815394609463	18.6137609345001
12.6059066576328	26.4404438433723	-0.350119904975919	20.5231333093257
16.1698300347108	23.5173199370058	1.70318603479532	24.3312559078918
14.7944618903477	25.8704884680776	4.73896550833396	22.1816347855806
15.0895483980332	24.3944685419377	6.47373982825465	22.9677427120889
16.8771646899552	32.7044862742741	0.587298044328197	21.5590937145328
16.2907915092774	28.4564372535939	3.36973360853307	18.768583376733
13.3461008053974	34.3482397583207	0.316895759869743	19.3986700157382
17.7231244114202	39.0563695091893	3.82789489853134	19.7277682829692
14.0224430221107	31.1425735932829	4.90080390874215	28.1159595349847
12.8197173177756	29.8292446314411	1.75731985879981	12.3200576130586
21.6126873516038	29.7635931356518	5.71913711113884	17.845677467945
22.0900660865482	31.4147476073677	8.35802254119917	20.5512161577881
9.79410896141959	32.3363312827638	6.95047172332881	20.5094040326603
8.47207387361697	33.1306903768493	5.00259925277796	19.9388336648063
12.0918770172901	24.9326032708561	6.50422438179967	22.4217850370085
10.5546166512077	26.9506331166415	1.99355814923229	23.2139470013641
9.72088930182639	38.0307893367646	-2.88163783642767	21.866595760148
13.6455525421357	27.9003435868001	-6.70234353788531	23.012765675012
14.6153287506482	34.9735224686016	-1.20116831310427	22.2074415801763
13.0323592501631	33.3439913459202	-1.49600202976226	16.8545507512446
11.8379819926744	29.1477466604752	2.23626668431108	9.65838247103795
12.3151523804231	33.3526463431386	-6.8274078205576	31.3150934287996
12.9046999009265	32.1480640300629	-6.86076471250261	20.1239841356592
10.3355279423235	45.5447507568373	3.27266125636453	18.778331379644
8.22656640150235	37.0907900584426	7.86955150664958	13.2739113944446
10.1518184931076	37.1455652531732	-0.0670228979439802	10.9000456098331
10.6974396276339	37.1528572646441	5.48326159486968	15.7295783505535
6.50343281007388	39.0591227227362	-1.00141022927638	21.8870071853413
3.39791708914444	29.2895440183175	7.20027793548378	19.2343293918199
5.08669513566301	36.6378597059013	5.04170710034639	16.4075518023125
7.34015997098324	29.4246354331919	6.28348895250651	25.9819714511647
3.34024702445971	28.9794581275967	5.21335245012137	24.8864413654334
3.55849013829365	29.9433750551728	6.02733445023018	25.4688064470789
6.81022059038743	22.6283704896989	5.07582553131829	16.4923360241479
13.7056473210128	33.4898403461623	2.73152436297709	19.4577582388296
8.30040658224836	30.608710426611	9.29156701946954	16.028885925498
6.8051841771835	23.7885769261672	0.851121674574412	19.799995056469
12.6501458056352	38.6179677015795	-0.548234400988125	16.5576659349017
11.1771205684251	28.657506943334	12.5918127216753	25.387160561163
15.3082557542062	30.5385959940502	9.37190033704925	22.6699305701457
16.3314707933738	36.6205991405178	8.89082857168364	22.162895654181
15.5608343658967	32.149398260563	2.21657983020964	21.9662909035418
12.1828588447531	30.727127540204	2.22264522665628	25.0972591626617
10.4428054508751	27.9553607086084	6.35330261874461	23.879888570604
17.0970830518829	30.0559865245018	1.38474559157604	23.3218105309321
17.0682154770086	25.2674190517869	-3.18127993387346	24.0073109031333
18.0192436199001	21.8285339911822	5.54835961540054	15.8643459165147
8.40906358001002	32.6046181567367	7.31294892610355	21.8143210843698
11.4103559721559	36.6106240362283	-4.17863354670511	17.1710257239195
13.4828113449155	38.7451210546538	12.428468611959	8.39368676155282
12.9341486479529	40.2866212672785	0.350924405169913	10.5499326772377
12.60654773595	22.6622449465327	9.01171874570964	17.207100174012
14.5663598405623	23.396543938168	-0.875928636274061	14.6830913369492
5.08934370567015	35.1367467166478	5.82259854152171	19.885283069773
8.25584528036018	21.4107827995526	5.28094677880573	14.3173935870008
8.46722689922502	34.3127508391761	2.68188770089465	15.5473180495871
13.802384391912	24.9369743955456	6.74150253107938	20.395963037933
11.0887442226714	34.3230584054389	3.52720186617624	19.9375018939253
11.0074172772289	28.8217927243793	3.06195194917277	18.5032133707653
15.3513644028277	34.6337354586692	-1.18567166300013	21.4652656364131
16.9419792499324	38.843234680331	-1.57881329781515	16.896576796114
16.504162110745	39.0090712399395	6.58267723149481	15.4346839110417
18.9878242563812	39.7410765731825	8.12078914703128	13.4353843518149
10.9060523294268	41.95015918921	8.43529990951484	15.0065035161877
12.945253354825	34.42167919121	7.42005084959221	27.1270272895794
12.9843746078791	29.4776691325511	0.171393938048888	25.6585197445105
10.7481428256856	25.9601251074615	-2.7505413192934	13.1784304642218
9.40495865487504	32.2497840799894	11.4663751882823	17.6889099961775
9.30709036600786	31.1325100778173	-2.68672250738876	24.3255564699578
3.08464565382349	30.3892685139123	-5.20981715821239	14.4027193180762
7.52235017117855	37.3371580344183	4.89899719537658	18.2191530819824
8.23204994533954	30.9710690812068	4.63655280585823	18.5888173892005
7.55905747960344	27.6998135996842	9.61295801618559	20.4219542155874
8.88556165638813	26.816847330043	-1.15584680858575	20.390910385348
14.4472563641096	27.5675768806707	4.29041270351462	17.7400212880038
12.5171778073485	35.7767670793567	9.17723990909989	22.2344470910947
8.64429228414713	29.0107188389764	-1.47636477203806	21.1489506859551
8.94833741650848	39.7874571247579	-0.898230812405514	19.0711782246116
10.9485712277331	39.9034566857589	-0.744735997529046	17.3577145186472
7.95805198630318	23.0839267431557	0.257447937528012	21.0721600447399
12.0021093599471	38.0948643931604	-0.744521347315642	24.1155060821467
9.99162626330294	37.8437765068791	2.37344839892012	21.389378537263
12.3863205672239	32.5986941243204	6.61060042585021	20.3345138027755
11.6136102407181	32.0063833464551	7.29531773737406	23.0151929201049
13.3942873102438	29.1645622314568	3.02575941172196	22.6893452489384
11.6536024532783	38.1120194695573	1.31313300826236	24.0965974451609
2.09373483566067	23.9083300103116	4.75767001897784	10.9981409208484
4.42054501530309	31.1461815089601	6.96251435237252	27.917440786134
7.56875559262911	31.3028467712672	7.59266711337739	29.1910529077198
6.91457000684636	27.6134383319423	2.12618369641029	15.3331808731505
5.7266836486076	27.0621746209928	3.26142485983917	28.2379176633883
10.0148572696936	40.7380303047243	1.88345916705477	20.7538760517337
12.0721497245047	42.8110388741474	-0.0996654420505143	22.0066321938155
10.5385143540117	33.2321012289149	5.99527166594091	15.5447179903185
9.87116305949146	34.6748968534152	1.73272111822191	24.8974502832545
10.3882883400473	33.0696150223304	1.0627196783098	22.1404540539636
11.010607618951	33.3824838237417	-0.0115096335622402	23.5223396280227
14.9113985133551	31.7070773386949	1.61333492654529	18.453290726714
12.3127443614483	33.298427018706	3.0351249486351	20.2416140259517
12.4374572429804	28.5703706412988	3.26338013766754	20.5290463519556
12.6917075864037	32.2042770308854	0.713021251302694	19.0335878333351
13.633060376223	29.5902850686053	4.61955861088309	20.4745629757903
16.5949754743537	30.8378426015469	0.598383004706834	29.9884571835659
11.7275101598984	36.2286465594333	-1.11207880399926	22.684080341877
9.40566545358657	31.4536827293012	1.61814040649877	17.5546646461666
9.13422332384422	31.0693722367498	5.82439069730747	21.0593091527775
12.8209226304865	23.4390941708797	1.75603139666572	23.9362735365362
14.5597678743659	29.1104083471998	0.967912013263095	23.7501372890142
11.9631228169802	30.5128179795414	-0.0873988431469392	19.3661952605066
11.6265098045025	37.7680435918577	-1.93975108430098	20.026609631931
11.6632979705374	33.0176439070061	0.587349934630741	22.2804562518611
11.9815878902511	32.0983889637932	-2.65375101926113	18.0514577725836
14.0711643250608	27.0012754926584	-3.1224765065274	22.0675676958635
13.6405285570719	36.9409952641591	-2.79877431120529	22.0443262127548
7.98612866615365	32.353399383739	-1.78914479630729	20.7930967243138
15.2226436091438	32.9175365019791	-1.36862842783993	19.4293232784513
15.3358960919865	36.0271306175009	2.24370034202532	12.5822944822611
13.6858657631772	36.2857947284116	7.08422580570123	16.6163846009997
13.2909111570898	33.1568402280199	8.24947625090263	16.2849807527502
2.34488688075564	31.1010378226464	6.18491815793223	17.2897006359537
11.3274835018899	28.8680354115224	3.51884445816722	14.9127113149006
15.3962205668438	32.6332446868202	2.69888320572847	13.7717812049162
11.2445578783754	29.5280600507414	1.74809426868508	14.7193530068692
16.6693118061526	31.2259002950219	3.79634312454784	15.547224882241
14.4174469678149	33.1801235887267	4.00546797186309	14.5438622069419
19.494574117443	26.387753144563	2.61870180590251	35.1104252167517
17.8239502124529	22.0026381938388	2.14922309259398	26.3298284058276
15.9870016872185	26.8267968083402	7.9056106681235	29.2428257950399
14.275844030137	26.4142096970743	3.62579903679964	29.9380252422582
11.6623456036289	29.9442173482453	1.68406529233855	16.1243230985934
16.2189902160865	30.3181104464716	5.74421913710487	12.12964828053
16.6849796629208	29.0173427281229	5.71893784028502	12.5657951635948
17.0679720646399	29.3374612804839	8.01886117595272	21.7071665194624
16.8552564481314	31.1602040515643	7.7863187642301	22.2513442579464
13.6307146084293	32.1940816150894	3.2019437264184	18.1934255291515
13.1092190217025	22.6204975907606	9.13354250336983	19.2391354031668
13.497021259813	26.9750238858581	13.4712946564389	15.5053966145959
14.5901662656836	22.8647065032095	0.659550434021416	21.209042640682
18.5577187177329	28.8667874210335	1.44178091985377	20.7467059700746
11.6143674567581	36.5097898300558	0.138976792518223	18.8076596473232
12.4712430407532	26.5728628117444	10.9472896365376	14.7287898983627
15.3317266959936	23.7533810674304	1.94571640363917	31.7239351694293
15.7632974652812	27.2782217088466	7.48448189276367	28.33057579264
14.6219870682113	31.3126453336374	1.96720063381924	17.0914959532168
13.4517822412519	24.6549979548947	0.269717001882447	14.8715478110174
15.2818371946643	27.6079128164568	3.9944405137236	18.8783449724364
15.7207175134679	27.6269215712094	2.02578227751983	15.537527283619
17.2058110587387	31.5559210715585	3.82601491073872	9.01150310501717
7.86305065639773	32.7870266227978	9.87038891818914	11.2705984603809
9.92435508547806	35.9108503745535	9.62696134634856	11.8748298272685
9.48787897581714	29.1282797750231	1.40140771012862	12.2315351918134
17.5887255567123	33.8206695887405	3.40226253945266	12.1989002470798
11.2377651139159	39.8219971317943	4.40916640300311	11.8113621669761
12.3483457500497	27.391154340576	6.83317923069008	14.8248226406945
18.3904129467355	27.9213020816591	5.62613025855281	15.0449040813332
12.465628521467	27.8237894136604	5.09492101928227	16.296887872923
12.508302147916	32.7146990998793	4.86749913392596	16.1020925014241
10.7704076795745	36.0062219068553	-1.42996491696679	20.0350479534836
9.3263433663509	27.643330233951	2.88646957306198	28.2720661824578
7.88339997170113	25.4377823992044	3.96356227509684	18.5049140206547
17.3796829479405	28.9633624062152	4.8550997458399	19.8529013303431
16.5828095379735	27.2968111342961	4.8291139181704	14.1413496538387
10.8154230311962	27.0267094548071	4.22922361424602	21.8913922422888
9.23804696256859	26.9847716763793	6.12015132757164	23.7716385243783
9.44819370464264	27.261159719234	-3.35421266535037	17.9578954830157
16.1826150556359	27.8128608871318	3.66912853636108	18.2887447682531
16.5551466023813	28.6738198647871	2.48637601465247	17.1063432936288
13.9884355115369	20.7129994710375	8.0905493642868	6.27538034196593
7.20075229514763	30.7131517143388	12.383519826989	26.0760013246979
14.9903225697735	26.7248106332706	-0.508816063803291	19.2329236259754
8.2562946816133	28.9365167523945	10.6815433074453	10.5003740871395
14.1649162954928	30.8657974311361	5.50029403676405	6.82368893023815
12.5444543570557	32.3244554903849	-2.62135808209763	9.54000248708468
19.3815289496026	30.1375084234651	1.72780596797481	18.2812347412639
16.9144096493302	27.3596062631596	2.54817441019356	17.8654543517431
13.1263449431114	35.9216304220509	1.31452937515578	17.976733077373
12.3654447197668	32.1817641289347	4.23510379584737	13.516529829385
13.6587559063673	30.0537917579898	1.44023177873575	26.8122399674303
13.8208021605774	23.1389394300186	4.12520579023518	16.5755056642501
13.513192213004	28.8874813087801	1.17744386622914	17.1019389128345
17.7135955750509	35.7423339743057	-3.06337881406538	23.4730375926925
14.8948185842983	35.1417921179737	-3.07747028197625	30.5878494443355
11.1601590960226	35.5736894252541	-0.283308043637284	25.3138942964136
12.8804018477849	31.4496333579442	-0.613314519626703	20.6214872858165
21.037429332634	28.0756795205085	0.548864668818912	17.7142275807155
21.0876674776837	26.8464308333492	5.30825936015774	22.1846333432415
14.4277925359956	34.7008157644147	14.2948727373909	8.93356919376996
8.58883336549024	28.6865996470821	14.4111963495556	17.4609716256195
7.88515783447615	29.0988514310827	6.1874804826397	20.1268272033633
13.800332181359	23.2745676146656	7.39791078141748	12.5714911708348
22.5072375569304	24.2056543807335	5.82350858368768	12.6633929178883
22.9402253242021	28.258235641551	0.365355006631898	14.7563880747414
13.0112069983682	38.758307400421	1.48618445757159	10.7380081021933
2.6490674845923	37.27850842224	-0.0753799078302713	25.946073106747
20.5767431789157	28.8942740114766	7.82431267584529	26.600240416332
6.87884409978185	28.2414619081654	3.13476711183209	22.9058402157117
10.6918565572732	24.4923903806294	3.96715578527543	23.9673504475233
11.9274962433122	29.8112683008244	-2.49187409776525	19.7415135089492
18.5565052289402	23.0310712593046	7.16702768680377	17.6477655662407
14.5096651782168	22.329326584134	1.12708549582137	26.1818743181599
16.9879836545259	22.0227980172631	-0.106459803798064	29.5812685053048
17.691166620043	27.684517314322	-2.5229190901203	18.995210631862
15.7909808534186	27.7130722760996	-1.18241000725462	11.5870165475236
17.3620943388168	29.7774303302942	-2.30079098875209	11.919035217684
16.1350949586567	29.7749301692313	-0.330055817407954	15.6830433010647
7.17108319703039	30.779240293785	9.11296562486754	17.2066464913023
12.6192278410636	31.8424827692872	-2.72625371606663	22.9860607901558
11.9222798892624	33.3077094209222	0.534879718138462	12.0919720170989
18.436136925334	36.6720845451421	0.359087513165911	10.2329271570144
18.4633013161103	26.8110204632331	8.19690492131038	8.83928559527902
18.4120681321162	27.2438508034659	7.92562952616558	10.0777563678572
19.8525433443853	24.2254198259814	5.93823214710002	14.4930043926002
16.8342328772254	29.1433821237055	6.17301417231803	18.6098729392985
15.4864980701662	32.474168067832	7.71649431882389	17.5666062852839
12.6180496701973	27.7059117365169	4.46784571482551	22.8614617830613
8.22090509179999	27.7965369732212	7.55633221330519	16.7122425411368
20.8170796960594	23.747012913702	0.591150523672097	22.7198042597161
21.3503944554368	33.8862408685165	1.41025561872284	11.8292228009092
20.4261844844559	30.5596545023511	6.93013324742316	10.1074219129271
11.5938928912126	35.5601947136822	1.81953335202732	10.1417713512766
13.2808661766083	30.4267453692521	8.46873052207255	16.1852162800973
15.9334836319798	26.1701128945353	6.58321107234899	22.9509179181663
9.64873309962096	29.494938029595	5.11907232589697	26.2883682133874
13.7020055991695	31.2200031855248	2.17566750840892	27.1449274690134
4.12409531224469	28.1412149901623	4.9750708776244	23.888431579317
16.0402844239596	27.6844387418591	0.624260128168113	18.6486605359009
8.05345917340479	35.2038256102228	5.38024892200282	19.5893950704253
7.9064465075072	32.000736013923	3.58450134851536	20.5464356080396
11.0012959515063	30.0791417144743	2.15236677889278	25.4886617189361
10.7872644488502	22.3845607683567	6.09896422697729	17.4979546064599
18.9177884242821	25.4513052426365	2.94305858677788	18.7736707463949
17.7024539467216	24.3612640201642	5.0513994583397	15.9540146642421
15.8397015254282	34.2608837890035	6.85452811117631	17.4542806449589
