18.1024820509128	38.6561608079639	2.51736615280053	21.5051541136445
12.7650255153462	30.5846957219714	1.72198766803733	19.2026552282573
11.4660227207654	32.0129328010216	0.723303369078603	20.2163443050804
11.8490865522147	32.0246714748963	4.09120624699972	21.416041328338
9.32671264443698	31.7373632489876	6.49032044300104	18.0074347311156
11.2557498080454	30.9481415493063	4.37590299042445	20.9957411966743
24.2613446480069	32.4988507326453	2.77990610333593	25.7406194632222
18.664029951033	20.8786707113126	1.2508061415705	24.9255309913588
8.98838366876617	24.0202870916204	-1.2740726043281	30.2116326972191
12.3869305083647	21.9557436699823	-0.848526777696991	21.5723835102563
13.025284901087	29.0429330575124	0.409402944132804	20.8145662004086
11.2811771899581	33.3322061090574	-1.60329170154023	17.899484113134
11.012824122154	34.6890248834955	-0.0915953363439748	17.3225159612253
16.5686873087664	40.8335602480787	1.81732416235856	19.4056223568785
22.2030803961623	37.5230877146484	3.73084107819399	21.6099114142811
21.3130737214945	31.9653861946348	4.12109328538728	24.7796288537314
24.5584407488425	16.7231169474515	3.99771096651641	23.4159905169612
14.3420381324907	43.2370425751277	0.641865834480999	20.2991772137495
15.6146251152079	34.6425398779053	4.86559230089211	25.0443344961322
17.7198580555158	37.2778398860197	3.43514699976829	26.5494129052345
11.6286056956084	26.5250218932131	2.88359462086588	27.5044927476585
7.68016397293609	30.1476834736119	3.94228964675784	24.8317884966411
9.33098536732994	29.4223462554162	2.51484843798172	27.4256684695236
9.14674524648983	26.8847353488222	2.20162799477767	26.280779259549
9.08292838803429	25.7104641140454	2.48999190179821	27.3853715563095
11.5133525746796	23.6430308164113	4.16355507073911	25.4057944759629
11.7213219021368	24.2873998579584	6.21001355929625	22.3949218222774
13.6981795502319	22.9762187960573	4.92609781493055	24.7437964340574
8.0069944982804	29.6462668292265	1.0763272927198	18.3906662774174
7.39237095520875	30.972230215561	3.93504723255144	17.0031540538783
8.86367620137004	30.9109617117833	2.33979629724381	17.7150171716364
11.6020857227775	30.526426897854	1.71273206653825	19.3490691295569
11.700807145453	28.2028716653991	1.4318706806195	21.074856531625
12.7838137176479	31.2236123407204	-1.61824049638874	22.3392634601926
18.1288174087862	24.8033570045337	-0.163805559056915	22.4599239718816
17.6664756053824	20.8652254951849	2.64152366855041	20.9796205791361
12.5892523072425	22.6667729871079	0.417311903562848	23.8883523782431
14.1825546401574	22.1186140820196	1.04704774870396	27.467200919026
15.1755571163281	24.5385384153304	5.86083203508377	23.9159725699365
15.4575427342935	34.2601352696574	3.62523225788817	17.3371560384981
15.3032861208341	25.8773427199839	10.1320423893539	18.3092864931091
13.1106805918536	21.8043716349115	7.55000432801836	21.3968599126715
14.4630015922028	21.7268019336683	9.48150354227631	14.0207322131789
14.1255829916689	22.1873493488904	11.0784809559053	15.3057091041688
14.3583887661835	41.5808014850751	0.421706679893346	20.1830528803389
8.19315002677573	40.5203236206011	2.26376906937143	15.0363847600516
17.1843356870938	34.3876287739045	4.05584465963157	16.6022107411395
16.0879507757048	28.6814295126787	0.398876959075338	20.3644310134683
12.2439003440538	33.4028122200361	-1.02019799735015	18.1813540793433
10.913991096291	35.4279125177963	-2.55525879589787	21.2865064287967
12.4411897460352	30.2192896114393	3.07186610888884	18.4454856062717
10.7830261239597	30.450597036209	3.47186056611285	17.4147292351541
23.2812835718643	29.7912573641249	-1.72658968269553	15.7699810931677
14.5668556634475	34.4192604407751	5.02902908465165	13.9606736393501
12.1900320061573	32.513125577391	6.12260406224942	23.05886950836
7.63946693222976	45.8983953471287	-3.02382823448823	18.4507710270716
4.18130247686064	41.5241284819312	2.68778957988872	16.2644292156773
4.26694773948006	34.4725097301965	2.56624191397606	27.5116263476661
2.53496879850725	31.1201095296009	2.67237547183215	24.7669788922933
5.43997882222294	31.0007451538867	0.434325021200698	24.3049259019664
8.78484733324174	27.4542837630896	3.1339070903816	26.2246693700933
8.58265407075088	27.1579165080977	1.80180289593793	27.0805908746986
6.49177801724606	35.1766380604255	1.39761034210481	24.3933706304844
1.13660295821668	41.3928259822438	0.85754066051252	30.6053468585814
4.47304339155708	28.9779494662667	6.77678328982822	28.3863400510765
10.7682079952512	28.8783103375885	7.61915390190936	18.5640256718054
14.3246556103763	24.1207048608179	6.71550330326286	18.3286996664531
12.9026432395063	27.2530277198369	3.273782958436	26.0175014230475
9.96764087482245	30.2738329148109	1.80199344314765	22.1605914697103
15.7022679955842	27.4492140885688	2.39702714122384	24.9609425466734
13.8422413156511	27.4924335515372	1.13285967828258	25.8657494181333
12.3064938592868	26.7761505398214	4.27079408353774	18.1081334262652
12.5720415739486	31.2913802269161	2.70331692181623	22.4456831194083
10.7243046515503	32.9928657069033	6.12858051503584	15.9991332340661
11.0545302260646	32.7440265070401	5.23615286533834	21.8066954553734
9.91516181713206	35.4266010424694	5.09579691185729	15.0970549147252
6.31250570740787	32.3965425358276	9.50939179160922	17.5151207006212
9.59547368745923	31.6478308119061	8.08258821490816	24.4899129934272
10.8763781597795	37.4283555421229	0.655746334700311	13.0199538290642
10.8665442581865	31.112554610262	3.35792048648226	13.8798524488836
12.0376374587086	29.0911248410328	4.23473149532603	14.2827062241874
18.2286547509582	28.9066618926942	0.445850412306957	29.6706098777782
15.8863616548176	27.6251700254594	6.92705641645749	33.8585622703726
8.19317455295898	26.9393861949877	1.47091936797731	20.8705674439738
11.8262409788576	26.9671630037614	3.98540436069378	21.6318818154682
15.5184941712787	29.7670544981567	4.71768072328436	19.1360254768219
14.1099404615002	29.5027982194501	11.8020042890237	19.0560610285897
10.3500725342956	29.433178085367	5.04959705811765	28.3155118833233
14.7265817158233	35.9330414767605	5.18348905876387	22.2574903304904
17.9691311261301	38.8785855038038	2.19843978686341	22.8089174307698
7.82283896314682	36.1620064390769	1.64632882828278	21.6888284898178
7.28884067120733	32.4789934753387	0.0777920931429925	17.0742662791909
17.971963541677	21.8570933363885	2.802171119474	19.763752331142
13.0285443264077	21.8121185587836	8.41218595651198	24.15841373304
11.9632238707049	26.3363799508327	6.7703456131484	21.0920730269044
11.5014323616659	29.1618848633529	1.01701880075288	22.04210275771
13.7525039963133	23.3112961537712	2.58885450015843	21.1754468524447
22.4995207501372	25.5912826275029	-2.6560715673764	20.6273326424906
19.7226318664645	24.8019357517555	0.590362104653124	22.1808103619168
25.3188922995498	27.8981772281743	-1.03152875925521	21.1161416451947
14.749062056074	34.0872470180086	7.35476410345068	21.11312337184
9.48422806978052	38.773140413152	9.98832296705032	18.0331093930793
4.17749921822687	38.3813077300552	10.6509815192239	23.6466984056209
4.32182886054468	31.1619714511729	2.45176419430302	17.5318384683963
5.46725946652888	42.7217531394385	6.38940659085281	16.5191703995091
6.95183588771806	36.3257604911163	7.53196578402059	15.0679833962711
7.32199345126138	38.3591682770461	2.7407672461401	25.2566949775572
6.74591720679165	38.5128443867785	-0.365881310282341	25.188197918156
9.63918935779315	34.8114131011885	-0.739217685078375	25.2606220388914
8.03051480633429	37.7454494492036	-2.25509088046465	23.4227117415647
3.7052241436752	38.9208510278609	6.61154893409409	21.7765996753367
2.02497118647449	32.7812887345854	7.55358071947418	22.2161157175303
1.35708042525479	32.4875223324116	3.85816662521981	24.5920142028176
4.02193153551462	34.0334666487243	5.17918176921857	21.3950123108217
4.16786785428504	34.047236169431	5.4831439463499	20.5928522493915
4.64144742073097	31.6284407155809	3.85327020081013	20.5671150894444
8.30498800522869	31.7498112625663	4.16121414024213	19.3074975686047
8.03016785372772	33.9039301166531	0.619848122352902	22.0597253044159
11.2704240339026	33.3840483597548	0.764150580427986	15.6846906480402
11.9931910838228	34.3312231784755	1.16912170949308	17.8858423817133
12.2069488641146	33.459956886533	0.567952407830481	16.7935585535293
12.3991408365057	29.5532392945151	1.87404699914017	14.3174625027155
12.9181116985367	33.2034474403607	-1.73963597685239	21.6611149315137
16.7227105962322	24.6997593618574	9.46085602321799	22.0989979974764
16.2325597591355	31.3524327491856	6.10293506203369	14.1779638141393
16.1616871170357	34.9703195045331	3.23969716230557	19.5687565180997
13.0710949136932	33.829303332677	6.38309233147801	22.109124656618
15.7386967076428	34.9608164862188	5.64409703066825	17.9186446790772
17.3142046326731	35.9629447726184	11.0777217428611	21.1782146824214
11.309297570005	34.1645488444256	4.34236373946401	21.0794975978012
12.7247699712419	35.1135285523261	5.90383836384459	21.3997277788207
15.061433017962	31.8987783206167	1.42829544156408	26.2875346148775
14.3938244746629	34.7710297092336	6.57758830826347	11.8895954635502
14.5900713822435	35.6047650518368	1.31778784063614	14.7257544969984
12.7973945934888	36.1008355765144	5.22663659769783	14.8408197992325
16.532040142139	39.2549946245592	5.16706689496158	18.3809722130072
18.7615004433938	31.3052804877836	3.65530362353565	10.3154155746722
15.2624883289137	30.7282563781221	6.56781688333394	11.9695233212537
15.8531471593925	39.9144728263876	4.36742653838264	11.5362669354479
9.91831984796235	34.4767038112191	11.3027418567883	23.0963996840333
8.25650603178797	33.7014279791015	3.99445443420289	22.1082085273852
11.7860114677644	23.9233692848916	7.31556592053628	24.2001110169336
13.7333524864097	24.4459349583857	3.51822890351421	15.6230437586314
17.9938717357744	28.7344294084204	4.84217547123215	7.85097025548351
21.9471983130951	38.0676554372502	4.31259716705926	16.3241788975519
17.4790987657014	30.1052996194126	6.01116021241568	14.7945747036881
19.2151056281853	24.7221765834042	7.95805009893431	8.11752914668599
19.4039886147346	25.1321073248911	8.56851427901947	12.8146170257944
19.6045031170923	27.224169813555	5.64169778836496	13.562074911152
18.2666555138239	28.1993087286854	2.46482777002298	19.5358639348531
19.8596687473291	29.1048033173025	3.2553535449601	25.9199719235439
14.0425360216656	31.6068836963565	-0.879362921279303	23.2643376185697
11.5541957730069	32.8636159222402	15.2325922312066	17.8274843327688
9.22338784729624	32.4698360058435	10.615241325524	26.1022193426757
13.323559622525	23.7640079254156	1.93296154717123	23.8228478952866
12.744158335337	27.1739570859066	0.469177297072646	22.3941844403546
14.8264752048137	26.9562466132632	2.41097674871082	18.5516924102197
17.7552385338235	27.7173069764106	1.42784740010495	18.8883558677847
19.9210193105487	33.2635279068756	-6.09797694734613	25.0707395578141
28.7339219148027	26.5996072128508	3.09876821957775	11.8036476171179
21.2672840605786	32.0288070467393	6.91999071533107	21.8628240139077
13.5927962509093	26.0929727800283	10.4057889992768	21.8418333486823
17.8014226213396	24.4239890518691	4.28782395738108	28.7037890770642
17.7345984256648	26.5136676575991	7.90987864534936	28.3750041009096
15.8685246229403	28.1876354155135	5.40086428531148	21.4456728216583
21.2478955093071	34.0364821257781	5.01364816058326	18.5906841548839
18.6067383669548	36.9901582692874	8.35903608722467	16.2444840237156
9.65962090326921	32.7002484003206	7.13535429596535	25.7080204340505
9.95768623922468	32.5935026945141	3.12002128088672	26.7894949063535
17.4650869583227	35.2303386477811	5.03173938978575	18.493299949229
14.4183002958764	35.9665119646175	12.1670669365189	21.9450930815856
14.65592736322	36.6562339964305	10.8874936920843	19.1639937677614
18.7216700854516	33.2785920858518	12.5946252493433	12.4558137274549
22.0901355172779	28.9386964197769	12.5289526913599	6.3046102143421
14.5197648417476	31.0945355454027	7.77273639740706	9.54811854486682
15.0327472489172	32.6664676405056	4.00382041324393	6.5544771655775
17.3052605438613	32.1756219750617	6.44272772687019	7.4128874620735
15.3499543049008	30.1424971761529	9.83989509612784	14.3431873189864
12.5626331963613	29.5999247630474	1.01913747469426	15.4685063667368
16.9503328218384	29.0511910858545	-0.0672562352612567	18.2192866325151
13.7472424743131	33.9375865772794	-2.03449652380128	14.2821138382661
14.046117232089	34.8896663204263	-3.97282377433781	14.4494226023327
13.9046227437454	32.9556357535336	-1.67304188814148	10.9868016892816
17.7313234421815	30.8951331000577	0.253425293041914	10.4956341956335
20.3907832338214	30.8064405265999	4.00431877901087	13.8359875888755
12.2375948110107	38.4500500877225	12.1475263090126	18.8269081867218
15.2022309095542	36.5309335002446	8.34901870436482	19.6176475765569
15.8784494805554	36.0503794173932	4.49316231043525	9.99831218280574
17.6089327317136	37.3309215625818	4.39462361832596	13.7103265028054
16.6194460029187	33.1344989037211	6.0299403148096	9.23673401852398
17.4045596025363	38.3160291556169	6.32434368388454	12.4763030489486
18.5011199859656	32.7911155772777	5.09741456807009	29.3358921160749
14.1834133231034	27.208825507262	6.47637629974983	24.8828668598764
15.692659332373	21.2374080028916	3.65201239334769	31.5643311120343
12.2821501826893	28.7999252363978	-2.72888248606511	17.2263776735176
12.2608440090581	31.5027412091215	-3.70239333069809	21.8867418702982
14.846147063715	29.4452782836281	-2.0822134991821	22.7545642314769
14.246588331352	29.5790723860515	-2.8478039131213	18.4454360157558
18.2188911259482	28.319564716341	0.197118292345862	17.1550884768673
17.2630976356036	23.8381896711979	6.77293532506303	13.4407981224664
13.3922008174873	26.4095646339471	6.91802919708781	15.847694479891
10.0553717177184	29.8391282105948	2.01409364684142	16.7286459596246
14.6253345547903	29.7268685921225	2.21914142003871	11.8322787938068
13.559559647898	33.56597405739	3.80209634164906	18.0427407721418
14.4843455903843	35.2737866306851	1.20645802385072	21.1019254747207
3.75320023678838	36.0190950554969	7.58319833568965	17.7858584340389
12.6253426800972	22.5203103484081	4.90155591398056	17.8947191931035
20.2017614016799	28.0941337258981	-0.875028446302307	20.8329198319079
14.5350552517479	36.1964738181419	-0.424353738749784	17.2195813567923
15.1796566965828	34.9996944931353	3.47035922933907	23.6185138052345
13.5915083936155	40.1871188980569	3.79615527417921	15.0304930709476
9.70350192408446	33.8184459175956	0.586868685935066	21.0914903639485
11.4554292226153	35.1242256601383	0.752458524576638	22.7427104644146
17.8645146318654	33.4992867819075	-2.44126533887011	16.1860018554474
12.5444169004612	33.6844642361668	-0.435835977854556	18.4812179602915
11.7369676415973	29.1570590493903	2.85193392030497	19.6502744952133
9.61050609472917	31.3034504655963	4.88126205933814	22.146360160402
9.67282895394042	26.7398323128177	6.98938004161765	21.7248725015741
9.38307308414653	28.0171179967178	2.01101435768952	29.3426082152944
9.17283026124007	34.4032269120394	3.74664614406109	33.0919276058074
8.60165426421267	35.4165279083131	5.21802114775566	24.5957514464475
14.3778456180748	29.833539983741	5.79731289838421	15.7619523309249
10.5764287585784	34.3550729019958	5.81622528070759	17.5308186217289
12.2211065461319	32.5346954157035	6.81739469571192	14.9387437034811
12.0753247071993	28.3652532812599	3.78150801919553	19.0510378428216
8.76115919098148	26.1613072351943	3.61245514583995	26.8032856541167
20.0684308575256	22.2227971940193	4.32793001609552	24.6097586140449
18.3206365477022	22.6618990210803	6.05579815348035	27.2668686113911
18.0527652623791	25.5775208924201	3.97139490059803	18.3852579934182
16.706947807218	30.1980825666574	3.46641728835159	18.5967848613517
12.1905020549847	33.3912811604564	2.98578166904894	14.9692113116043
10.413302958007	33.574263087847	6.98202026651955	8.11339990216066
12.1083823182179	33.5555198834285	5.50928228499453	13.8026810751022
21.6702199743419	25.3914103125637	5.59919021119832	27.7416910265298
11.9220010465119	32.9665461227484	5.22927618697753	33.8163774331221
11.464701851981	25.7368342051359	9.52883313671773	29.0024912267573
10.5169304769135	30.0200983564446	-0.536537102599692	22.1752506288349
16.8567432710891	24.4571596784616	5.57215183445864	17.2011243345797
17.0676200003473	24.8987133760217	5.68096987841331	22.3311469521023
22.711696385417	26.3617862664451	6.49847149787151	21.2553151685303
