0
0.00047043040744029
0.569429314290639
0.390779295970686
0.612854798238853
0.471409750697203
0.555950600496493
0.471212786567181
0.508434129712798
0.496616786817905
0.56428919865773
0.5783093998192
0.624060653825593
0.254263681842713
0.121677117444342
0.0632511883701664
0.165421561573632
0.228741180303739
0.198369385540951
0.603086860040973
0.362880568480585
0.365632448598715
0.393243067070353
0.374112891532443
0.534124020438641
0.537190742111033
0.523065555716929
0.45069275212707
0.354441795410588
0.282146340447361
0.362608920844737
0.623730169005681
0.648766997621435
0.642524771020345
0.651615863661927
0.443606300357496
0.29391933914699
0.168252160851611
0.576829596448923
0.517347787538225
0.621326229274932
0.409272741103519
0.256458434443222
0.565483666983899
0.317604541859124
0.396292137085621
0.493693114940529
0.2688014597781
0.461536851299927
0.531827027632622
0.43619660131508
0.485157013888471
0.577186502035956
0.606520101705367
0.582419943140096
0.5399126401057
0.48802769490052
0.26987406801457
0.239404049708559
0.258636450503487
0.489391196610461
0.647634860506875
0.644235729453363
0.52386644549013
0.466518353476422
0.545630325361031
0.414793064412242
0.403812006356831
0.500104837593735
0.488111617855172
0.383430918661412
0.562096081276864
0.463000840859721
0.463949093325995
0.430487189904524
0.173684118477162
0.243373509558151
0.348802185515594
0.573880923077231
0.544314873819298
0.582354043512174
0.641215627697722
0.401373659110957
0.564319645445328
0.548753325143848
0.46326741162807
0.484881740492128
0.636238273119114
0.375624896338246
0.622359719807968
0.635705307395033
0.576772270768568
0.510377563838754
0.532165370831224
0.525543620386656
0.533689380581556
0.534688350347327
0.540902373515535
0.375818838452796
0.293383975563878
0.329407175262502
0.326991437858669
0.423768093073275
0.509688188185114
0.403688794291551
0.522448783378815
0.426254914333244
0.438930768136913
0.652939868352609
0.623143310760687
0.63126360854149
0.62181651456641
0.626339829232329
0.649569355275501
0.592167196755336
0.601983264521993
0.619965002343757
0.577481255193445
0.561617853741623
0.590093111887023
0.431057960224804
0.448383431097908
0.492405859603457
0.410049144620855
0.617523598423221
0.273666011269979
0.26484301528289
0.296200852078386
0.365707859339771
0.545508210020266
0.336164206001908
0.538066750136845
0.542725865028716
0.515094969175989
0.491896908428853
0.535469958434512
0.616600227851396
0.514903885995796
0.213421671947464
0.142793115888024
0.358069426570134
0.593293808563032
0.651223140652221
0.513891897720453
0.396619446207917
0.584155178183224
0.540334110540166
0.529858430417572
0.549743764451591
0.362209589679493
0.301374212320395
0.522470187802334
0.48637184472747
0.282981529039564
0.545969512437983
0.542398915624207
0.620675747929928
0.649508463905892
0.496703569537491
0.570355868148531
0.53041850379285
0.545970798819914
0.574417530550363
0.4836076681193
0.640395660741311
0.456935382566416
0.559847224857655
0.612711278130895
0.616896505030803
0.476588977248928
0.636761786416233
0.545599377188077
0.608144103026412
0.450988160441391
0.494258458053684
0.46136789329513
0.591049494332532
0.468780311163914
0.44770511967293
0.449286746435168
0.422973610094838
0.62179798069734
0.571235674699003
0.446224264663514
0.614347906155349
0.267433454803424
0.622072364957649
0.581817870836192
0.601206649108557
0.540366474669911
0.506939844702511
0.578159269692576
0.398386039167669
0.200261739064706
0.159437123579904
0.567086065622745
0.463019097108117
0.46549841423806
0.465535379595471
0.543255313648636
0.55536484991405
0.624752352894794
0.538860552673064
0.639770194303429
0.610202112952527
0.614295855532834
0.570140591618855
0.515422408826882
0.502742846774869
0.569940248034662
0.608458886144361
0.586579193374111
0.54202778772774
0.616570073712138
0.514839558634209
0.621884497646243
0.592261680733878
0.430530770990066
0.399146619958105
0.589320924513448
0.573152851205611
0.550665888726479
0.493577880353005
0.627100017637732
0.560597637327155
0.551185021479795
0.547925263023624
0.532123710290923
0.539850859944549
0.560594250671566
0.607361538024621
0.607202697852932
0.639043730248259
0.639355773544081
0.342338248812259
0.556847454401665
0.441725765424376
0.590016949915094
0.400351513242121
0.334164010656663
