0.385335489448127
0.133871462441282
0.327223555051722
0.0977730925750958
0.351057102484861
0.399653432396939
0.352842935161665
0.575123375475166
0.405783472379718
0.434927238790086
0.28553051547613
0.232874672994517
0.234989993024138
0.387330834638793
0.577699009853648
0.353665045429057
0.509960669309367
0.506180997396306
0.604295501905921
0.462998933411622
0.45975094502662
0.552615068827029
0.35658759641064
0.344790400492144
0.348502372498215
0.61236780919251
0.469450907735853
0.610274833933664
0.594590658730015
0.611483325450335
0.542818866385248
0.434240979308231
0.541247155729749
0.386411083140876
0.462916591663379
0.528121516463069
0.557292526372636
0.529859147975236
0.446900624996983
0.362116960778872
0.332285672636821
0.160859939161688
0.307882828695141
0.592938211648795
0.39472855143993
0.628443420831347
0.611850460961123
0.507256214758128
0.432185307248728
0.368494888194917
0.398739293890759
0.393413497108709
0.61109899772564
0.550071966206076
0.237422235544049
0.538413204859614
0.579406439673828
0.487244292470068
0.504871810078055
0.647847055057177
0.633100231136968
0.594588396136882
0.550749992153005
0.577917381101987
0.406576582248106
0.29012951060175
0.623755708556622
0.150233531321399
0.302743919177679
0.569867140744485
0.536380408158744
0.505301941021495
0.588802675109122
0.496969170507044
0.430344067021329
0.529413258684799
0.548934059329333
0.595630923491039
0.58861198729948
0.652793786791919
0.572118097156752
0.522762930079313
0.641524433946797
0.627546252661933
0.645952858212062
0.553473756589694
0.547293361688643
0.38767508167983
0.54583568377861
0.572624589047142
0.611027659327025
0.564054188522637
0.500700272369091
0.521480014393339
0.457903613454707
0.463574598989804
0.24329593880102
0.38163936431578
0.643227251743459
0.582176627851091
0.581837838618286
0.54540727231384
0.371170899776574
0.391883110339252
0.31395241845886
0.525363047113409
0.624392789914361
0.645862928977223
0.594038584654247
0.556757977180304
0.615927911935496
0.501490332371938
0.579841084323816
0.604814605280757
0.417889273578534
0.51274042967963
0.629947045047703
0.472822641059524
0.471354473620227
0.445663008518127
0.198807029386025
0.345793065506034
0.594203721930506
0.577876198292703
0.394437402154319
0.581214399558026
0.307153354637791
0.368671633416876
0.334365258339793
0.566802163241855
0.553773109002634
0.453656017962556
0.555768764112236
0.611878479721328
0.499120353677458
0.607787635125081
0.587068820232758
0.427258857327231
0.446529259460399
0.314742677804827
0.345838783760089
0.323843384812586
0.375242462542374
0.283407272951023
0.177035214715172
0.316796140404185
0.334466428803047
0.613509620998753
0.600925606862008
0.553565961301996
0.631271653748518
0.520312775321282
0.531152768504234
0.378762241747696
0.223628538459907
0.633106319365092
0.620709922152592
0.299771682876426
0.537590106823249
0.0752385376326274
0.626356547540985
0.566532650526601
0.547546592377359
0.617780017940793
0.509405252932508
0.580026587951566
0.599353906335164
0.651616737420916
0.556465218678874
0.626116626824485
0.558838595452323
0.589936265900853
0.546476918130806
0.595241926525127
0.564285360568123
0.571347091193302
0.574083149269509
0.453692391164082
0.593173593225607
0.523895673625468
0.545272043214225
0.573373655141498
0.434874732477125
0.413456251094009
0.47320727892872
0.553272006500611
0.490521251629572
0.433000209409976
0.59225592925758
0.565667605941417
0.340091233772691
0.330736109847901
0.577797226514667
0.635610101154397
0.484655971459439
0.467517645920117
0.552329824848644
0.622824236943395
0.606540011051577
0.51840297797811
0.52731897588879
0.455174734691158
0.500329282606391
0.567413164028373
0.614627739139134
0.413087187823657
0.518258432695109
0.599484044047538
0.377890607508144
0.519946377397049
0.449869264356792
0.495079916286282
0.350001496305224
0.329890108617756
0.499733748625731
0.625467445976205
0.619414470405595
0.569176940853313
0.482534455984949
0.526353581158915
0.518744566191555
0.612569532538997
0.634562365516579
0.426192974052392
0.638348196780858
0.346333308865474
0.323766909644241
0.440844792654505
0.400729766468191
0.364254112518625
0.637864788285744
0.622229119289811
0.514441945138873
0.362088885017205
0.544521892217837
0.542018675861182
0.575015806517392
0.587010482353621
0.522112192079891
0.520625780449372
