0.53944816499543
0.155920482599409
0.0832031764874701
0.634775722251739
0.52354494375702
0.0945663317523431
0.482798912132159
0.243721479563741
0.544698307687417
0.488853208430577
0.255511292465497
0.646253061190157
0.64230324416632
0.49360215282998
0.588417610284004
0.500961103627225
0.645780100620817
0.517443317060126
0.414959821419366
0.357897929816973
0.64104673866136
0.64335096250362
0.47860182551138
0.563122287279461
0.568681694431734
0.623669383275788
0.618161593797688
0.468024835034225
0.0327974695344456
0.443306289348053
0.491192724527587
0.45523804962367
0.254063063815469
0.431422543513659
0.363959536229007
0.637248135455186
0.651023540666709
0.649700587479085
0.49832876775763
0.484350344911218
0.605140122253913
0.117011939238524
0.421418093443848
0.509224378566111
0.586796217431134
0.44248284523122
0.588522039799935
0.630901933178592
0.522754860646192
0.636435479428818
0.651405409087565
0.483963114599379
0.516299064750666
0.604550625644179
0.518633876333712
0.60529888126645
0.409907872826532
0.338669267781544
0.425372506373096
0.394918483518993
0.37994444514229
0.43356137132342
0.432392997342628
0.612664038264385
0.637642146882313
0.640545836152188
0.554271303353259
0.573321425993132
0.606535224578343
0.432962724093767
0.527540453653748
0.41833223657473
0.359181601142551
0.474524416602224
0.623264518977148
0.555071605043353
0.604673767961789
0.644367559718033
0.634760055567725
0.507782949038439
0.488034578241326
0.476654839737108
0.451750311577579
0.641271802840243
0.512006883896158
0.520220992679708
0.492517325208979
0.323203600723296
0.614947601182041
0.614257613444801
0.506955232785192
0.388505133252358
0.381242449889107
0.345140248757321
0.496738199531566
0.557155800555178
0.549752005242207
0.344284902327023
0.548179323635763
0.547750052095702
0.498372970948927
0.565696245264728
0.626569916265333
0.60997109545744
0.527717512667045
0.503555957477459
0.484126965056485
0.211930054575903
0.473972106779789
0.3831252656586
0.523900526759471
0.585417290606339
0.545357208793718
0.622112309045368
0.439855905338423
0.388645784376521
0.278715356180677
0.285674289676498
0.326343148053624
0.235165396545082
0.345666670958279
0.473219517028398
0.475483775335728
0.637367514833471
0.476789511407958
0.61794193394727
0.625851863620637
0.552818664583374
0.524915402398445
0.574180325358046
0.436124832809645
0.642467195750177
0.644869751336329
0.393870881954388
0.400680043645511
0.514885222026016
0.573090436690386
0.622091933459298
0.652519918701431
0.567585642249556
0.405992514832284
0.52810888908268
0.222096528436523
0.477871456136928
0.430033991103918
0.459702089724357
0.572739237918984
0.606973453751252
0.153370434022509
0.307273423019331
0.39559310871684
0.475402090064017
0.221294200410504
0.250438854595413
0.319450858343509
0.345120175886201
0.592734689571121
0.584205870400447
0.48841058706029
0.607453636617866
0.396101242924652
0.3308207151182
0.209436326942714
0.644742132113082
0.624915336071747
0.632349802451622
0.550549972057808
0.307191573749296
0.588103995900053
0.600969942114007
0.441471967821242
0.440048145285121
0.571066226180851
0.397405958805233
0.31019032792776
0.414829433138246
0.557267485678842
0.608751490459731
0.52951828343345
0.652758877768679
0.633660758263498
0.360990048083942
0.392164938313188
0.487300631866558
0.45749980249672
0.383830836846959
0.595829229799565
0.621139508866427
0.496361571806017
0.486128045813646
0.43241418611025
0.46765838019969
0.401627432638639
0.512646157047013
0.530333101041965
0.636467041799888
0.570211408184697
0.392759753187815
0.442011617211858
0.642066283651013
0.513777029057791
0.541614423065891
0.627032198287323
0.619738286763538
0.440031332890586
0.510020288691265
0.589931112043445
0.589582978201715
0.527298114034917
0.541631209621439
0.592444989314816
0.612721612151712
0.59560522493391
0.423378860353553
0.608350785895229
0.627298362314924
0.598541773622389
0.630129747306425
0.596894312077202
0.549271664001699
0.630117190809042
0.429507468046867
0.42193851222631
0.35484709773236
0.254427231920344
0.385520707640231
0.476773883937439
0.481243044979303
0.290173454135837
0.465653809738673
0.278816870584318
0.294310599117307
0.196747450863654
0.400470706965541
0.58233766802796
0.547823251409345
0.542550029258084
0.342413330817625
0.471801725813883
0.58368346054932
