0.653
0.542926172455074
0.00314061030978337
0.647691458489746
0.530154446449547
0.532117878760456
0.24703927117982
0.372888448946876
0.569618271275889
0.355679128844989
0.195160265811253
0.227677492370363
0.323526025004219
0.604956345521379
0.451282992146676
0.53777369702657
0.525133978582885
0.542036604955508
0.332108798213769
0.436098946213024
0.508320498447909
0.548192349374527
0.523551022323547
0.465244882336352
0.582240127331416
0.52220147785265
0.646346598952109
0.472137647101707
0.420363982505522
0.246323263640055
0.521061059934553
0.596379845112562
0.522124439326354
0.448098883228977
0.139544744396505
0.233817355582025
0.647699360382045
0.615643129638862
0.457169091093369
0.536980378326702
0.594213078701262
0.512067773286719
0.643762947340348
0.459268927781843
0.467961409367128
0.510826516591716
0.531337537842104
0.290302488806192
0.638131096850615
0.303034058874181
0.405573019565862
0.452112504134886
0.612818932312584
0.499537343320791
0.566777563104008
0.543663576721239
0.55929676836476
0.504702804587051
0.425226930507459
0.373708973369885
0.645484056611594
0.483508065041388
0.410064926646417
0.481762621976435
0.516607183550008
0.635803191714723
0.627581275771355
0.59910684007256
0.640419147080962
0.611686155992901
0.557616017762638
0.604167540558189
0.606520519838952
0.585296503126855
0.50256217967473
0.548906472462095
0.510298176341718
0.583914580191625
0.603726652304434
0.470654149271541
0.305788928799331
0.458298767383732
0.583224217315969
0.585600965070616
0.438758259739385
0.493387641205452
0.552014248119952
0.20766234734538
0.294798472739523
0.329241576075554
0.384500488504767
0.612319797340485
0.613002230515775
0.566794544401963
0.542530715993489
0.625416674033551
0.616083633684533
0.534537677187473
0.588717155422982
0.555256850355971
0.568534950143789
0.466358399989043
0.487950812561039
0.518403939069312
0.535579353096748
0.644529941729481
0.476618614305277
0.444126762623754
0.629428751664935
0.601635501484233
0.552392649892721
0.47745717729209
0.614389109232015
0.630239683062469
0.452288557529793
0.584764089431847
0.651689647446333
0.570560181708381
0.525476599746313
0.478802069337567
0.594731239609374
0.520512033118866
0.616052602599774
0.62631595309413
0.568866284787379
0.642374973957187
0.560538983164979
0.631850430628421
0.511454889552214
0.44973863102936
0.535179788665506
0.553123138137838
0.532376761136976
0.566315542478528
0.444334004841512
0.280492354969727
0.587539599338646
0.608385396137645
0.544880588238733
0.369207671859767
0.562561351048915
0.639801987797913
0.540768104437527
0.570243274269858
0.368876497202043
0.393081924673142
0.578306071915297
0.536730353939114
0.575510070200609
0.6020118118912
0.396340160730761
0.370674224551444
0.375628552074311
0.547736784008742
0.647234881891435
0.637314587461117
0.637367637048399
0.556969906138659
0.376136498871725
0.50392976961221
0.266573644498213
0.230279428311856
0.640242617391748
0.5808878777196
0.54015683690249
0.583999320115161
0.503314055906493
0.432549427195622
0.450649930479882
0.56464657908368
0.564702275261853
0.576566676575842
0.464315386611482
0.475355861717098
0.415926363437669
0.552155736244498
0.634154842995573
0.538144478200322
0.650774892018642
0.613233043119223
0.499680844927992
0.53327079230788
0.239270767783411
0.144494189887773
0.309449135777568
0.639832277885405
0.641911535981842
0.590646316867555
0.589302261986267
0.490301515330324
0.521951175393499
0.421094201080161
0.324826970391232
0.412256171260295
0.428391155532936
0.61848886089524
0.532987429886909
0.599330760067216
0.518349861589493
0.623638323500985
0.617826833170984
0.526280602462028
0.423060963087608
0.556776820549043
0.521620538968826
0.549965892297332
0.605151082504515
0.651209464782683
0.622767805154328
0.529634539689866
0.329000107929608
0.594266757359495
0.592975322881248
0.53614367724373
0.477292553101474
0.277781101738801
0.0759760794579051
0.338597103510285
0.489256085934434
0.65118129866637
0.377325739668217
0.270842744655209
0.619678629821632
0.639295944826542
0.524585126083339
0.549270163500864
0.577326324940193
0.644836184740796
0.592570434207026
0.430823845092408
0.624725649192754
0.219824583958602
0.522292214256973
0.531468406011464
0.647153977775015
0.640308131386213
0.584584025241965
0.650279778410994
0.60625804181577
0.531557610913156
