0.644772357682336
0.0436098743241746
0.22384629684221
0.248995911887877
0.0875469870003872
0.180228050370934
0.616908941083821
0.539985542067327
0.138991120704915
0.477554873436719
0.525523668091977
0.48845277605471
0.418656391496029
0.353117211693665
0.440098559553502
0.370207187420921
0.35723788561835
0.456102567030583
0.362312718245434
0.62170095505286
0.357453942625857
0.484977533970498
0.481912691819186
0.620690404030967
0.308403909940505
0.553250477135786
0.46992767647258
0.368771214587148
0.236382513280027
0.224274828656577
0.378576560582034
0.466236436417073
0.120824653889751
0.178943004850764
0.533774305184139
0.420086263120174
0.588131503292495
0.424512963301968
0.491058238523547
0.56797379526133
0.62841176369763
0.570466341698638
0.457313039762611
0.383680386281466
0.428933997468324
0.570096852993811
0.607911067109786
0.462160330387233
0.478471875654567
0.143929280408877
0.443152054938296
0.636012571186147
0.618738793291928
0.551076366280685
0.631200890545491
0.433210295133893
0.382927039873205
0.631168552693547
0.440299762168434
0.426294002815848
0.577316651648376
0.627283740370198
0.456861373482526
0.306966415354284
0.375501718663121
0.43719917656706
0.371700253718533
0.573050839924424
0.523781300649126
0.544485271314858
0.565098876772216
0.47762616221698
0.541727114842506
0.567943320251617
0.511346863703337
0.528850685665005
0.512533410989934
0.630254979319405
0.531447532731135
0.509517283495735
0.483924933854639
0.429923083802685
0.551972465680799
0.544729650712646
0.594884779447024
0.570845391986193
0.484902107717535
0.486510218684096
0.198160648814635
0.551300712641561
0.580476350444055
0.572396393730591
0.617826414742274
0.372229970259828
0.487752455927984
0.452525062033674
0.40235397436982
0.495359753471101
0.566574769777057
0.438561228519806
0.390687395441346
0.534228072485887
0.491849062057678
0.528850641796635
0.442571551111061
0.615943665954716
0.616082883710886
0.526105649993289
0.603010131543935
0.523311213190716
0.635110055791369
0.596201862850579
0.57007323776148
0.40664059100453
0.629400248263963
0.498452610004634
0.497732145558977
0.450213522156305
0.57454168145963
0.631928895610152
0.628466937307358
0.635207375566708
0.523159836389578
0.534109661194418
0.536534899495128
0.575153715444227
0.14529069965845
0.149155871970346
0.407327470659744
0.281238936694805
0.44955963372509
0.534187960300514
0.548799211870327
0.498515986791812
0.596940150104596
0.365532246745763
0.347224980038776
0.430228509973249
0.567395781170442
0.550550852208166
0.638955466340436
0.395478884617636
0.584607138849699
0.627906121402485
0.573285303798095
0.454855922206077
0.0617103269738145
0.641076852453174
0.372009286057707
0.368102155160837
0.562214420521448
0.58864782975179
0.604158994455571
0.483151155157036
0.536613577995776
0.550694149474148
0.566224467252411
0.420521385806548
0.442064074264374
0.574647341222504
0.31117767484322
0.421205767831976
0.594802986278393
0.580218943776398
0.420560444846418
0.559215799322213
0.476928024992452
0.50762317628617
0.583916205958278
0.583610995593294
0.604939232699898
0.595086988162948
0.638472339376782
0.496703087642801
0.589351939106565
0.450626735680969
0.471451630679841
0.405556299655
0.503640923518162
0.434912903897894
0.44363011326829
0.134343532680985
0.234581036002841
0.567640964205516
0.563399013055426
0.639051171044128
0.634223187285296
0.3614499048281
0.528481165011083
0.610494730143963
0.575733763901196
0.577711050255883
0.576432604275518
0.602623981969121
0.53546778496078
0.652725434177955
0.645649403717657
0.437387621802278
0.345277487748768
0.454476905754767
0.482704661849188
0.427307176139439
0.392461339322617
0.538131276175892
0.474413680399799
0.59575155004383
0.611548444356846
0.547219329461011
0.529590814157622
0.451722086770759
0.531755027714884
0.623116715140175
0.55565213404526
0.616907412732851
0.624362494690884
0.582125752366608
0.526480282514834
0.513079663558165
0.649463922521298
0.530994112456393
0.559804120280547
0.348456953754881
0.525060257623743
0.485857558460821
0.479068450717023
0.51516483888356
0.432980430429103
0.430132560043829
0.598023307805648
0.605456797012012
0.631234845983847
0.360595235902803
0.221871024306165
0.330472055205876
0.587732320069297
0.518945754383061
0.48676073072046
0.43669688241696
0.6381947199731
0.468359117830666
