0.255952941043555
0.0807390712709166
0.514375320295105
0.528254013451766
0.249064081934979
0.285344146184623
0.432202091072919
0.280372873608489
0.429210003741318
0.404111027212091
0.638077494835555
0.382269254135666
0.238048008415907
0.3371323805172
0.223831028688932
0.412329129024409
0.636187316334574
0.603299387210874
0.572788081205361
0.630707295135059
0.495859669599682
0.459670487982221
0.580633028172258
0.525352720913906
0.534625521170485
0.321797305860324
0.413815840661494
0.365308312190929
0.534370671959379
0.404485738412781
0.583616105502637
0.465597337018931
0.310900816835929
0.612483883838694
0.47014820961712
0.62277599302316
0.329818998100608
0.233270027911326
0.219249493654352
0.485599708325082
0.636844722170045
0.579982141001684
0.631522526586894
0.401675146574012
0.314826469723368
0.434598341394914
0.144804053290281
0.460005399303948
0.499117446029792
0.442139530770258
0.47973814266501
0.409342865317972
0.642561404372857
0.599139315454658
0.610862624462206
0.630522786297277
0.565099116259392
0.620963274906059
0.28241695598384
0.470608680990525
0.553198923895812
0.56039283423989
0.529746806215651
0.526385873978717
0.64849237919178
0.647934157720981
0.233282800593025
0.481148800536226
0.585074869237838
0.547760598772325
0.606222210638583
0.631247100644512
0.615113548503723
0.584175183286935
0.568850224463968
0.562013610604199
0.272394278995926
0.590078517322334
0.585295095221597
0.553648847603746
0.605779262036212
0.419761567154434
0.406654824301368
0.624676984543679
0.607410469127217
0.469378320718968
0.571508765826002
0.598260173166125
0.581769972307737
0.557759168142665
0.302967326242244
0.648946593037341
0.576601233944185
0.46640074041671
0.500930096001597
0.394439018669855
0.32289031673877
0.522011389605858
0.480643970333273
0.511502776100743
0.5236780387084
0.465345759483105
0.394578826580563
0.264002500382139
0.636273004118353
0.415106992469858
0.642717078395397
0.640810863794511
0.435003848664463
0.269621865065572
0.546603339983008
0.496000725211343
0.617247583905673
0.645323532663361
0.631131471092334
0.527553860071691
0.529259033972682
0.533362325806234
0.529577660063501
0.593794741093734
0.511325799306423
0.572507897984398
0.316228395854796
0.309058547957335
0.344407892049989
0.457665854092455
0.443268739842269
0.369410925313802
0.622538701289333
0.590993113617263
0.645245388516959
0.490973055842552
0.319677769491285
0.358132013322786
0.390349148236643
0.352009477320593
0.539216577208245
0.595086887859726
0.651774494697806
0.512299824845353
0.452013355946408
0.547508713608343
0.544560375064424
0.550840137865163
0.412337745640612
0.486457141095311
0.571134334879036
0.642257207377566
0.647065901619848
0.457928635456366
0.345898737826617
0.306678503492129
0.209318603918655
0.617879421565682
0.625626003447384
0.610139264491747
0.301064096717745
0.297742603051476
0.541740477194311
0.558847281998433
0.59349194707804
0.615343915530024
0.489250863823483
0.512157092964044
0.468315675782626
0.449962269597221
0.509872560009826
0.636663556063599
0.489039380680304
0.586971570273796
0.558545907328051
0.436491645873938
0.597389749415158
0.646231695132479
0.483194288521707
0.462239125347679
0.513399742382054
0.507000724676174
0.499312646418165
0.28914757398061
0.455501156140817
0.485161879123761
0.559264605595963
0.294311370712239
0.553951000645356
0.438422003723914
0.646698983774767
0.576018905137483
0.422002661202197
0.34573065753393
0.452382198084166
0.486377692427253
0.444682412516879
0.485446018021985
0.446905009091403
0.333468445789069
0.413878748441348
0.53048918934904
0.549143076417968
0.507895903924247
0.381964602764304
0.450393844156293
0.221734300876968
0.370161411345507
0.455939844120992
0.348810635558327
0.491564695648616
0.331498068317433
0.456564483743161
0.447627497104944
0.451548224140424
0.526934008009965
0.367286486680363
0.385078752914909
0.61931422614641
0.54260337149608
0.527877509123879
0.490273752697297
0.394739274737962
0.422185638376977
0.45005609034524
0.53725683096343
0.497980398195097
0.243654400521191
0.331360387915503
0.649905399249867
0.589042348990874
0.451848102517349
0.577823315849761
0.650434177485985
0.312482450372772
0.39298400328611
0.525550323562891
0.564151166647952
0.612556238789646
0.495858715835174
0.362655330412092
0.332259765209397
0.335805610270855
0.581428298444487
