0.142103080880312
0.356125797406804
0.384934887785465
0.609287810714338
0.338419584007031
0.321898851523453
0.263786925830135
0.477619178434012
0.544776364364811
0.34116768274596
0.299690919495099
0.360010449906209
0.459028851303745
0.397096162147587
0.604557248495286
0.464207717095712
0.595827534250939
0.568353843380464
0.639896025377856
0.539980247891419
0.537915784767642
0.626066229560963
0.40008130390849
0.410218506771432
0.6117642288891
0.580291887713697
0.419867258023704
0.548108488097872
0.589645625657472
0.616898042567331
0.570815650763231
0.542534821785987
0.610691817874939
0.608822916855168
0.537938057718786
0.563640339103843
0.618503058133886
0.570285461818448
0.638094342325116
0.616149161968613
0.619658703096649
0.618813253994505
0.53466387411353
0.649575329638552
0.477102335502912
0.612864510165601
0.625778859045672
0.638292011173051
0.617501238479052
0.574630001910517
0.440018819360295
0.491755312787597
0.549186998794321
0.54686113537645
0.624053415358428
0.640437166429259
0.605918115025505
0.572121451444793
0.438733646633486
0.566942178865855
0.55834475702577
0.566239790672035
0.538473267860086
0.47557061858191
0.614179107584659
0.580735150969867
0.599978292360474
0.545439136331246
0.568397068508668
0.53448124865909
0.530471330342496
0.64792066743598
0.634802836249362
0.637309335463204
0.649744237397631
0.650812121456523
0.587625852630939
0.611757050492891
0.615686683676377
0.433263463613344
0.438793148202309
0.537790648790855
0.643017465908419
0.576791957965163
0.639516299932163
0.542286226262238
0.556852132210796
0.528350498489803
0.600663036680382
0.636669771750582
0.596584696586821
0.650635044773928
0.549670272494434
0.639568415072281
0.611192265527155
0.622765926219001
0.58847652488408
0.573213170573453
0.564878155551708
0.637481281137375
0.628858409145918
0.557972991122163
0.593678584454116
0.626675989809515
0.637984105842755
0.605862624735676
0.525941736532298
0.592876562530873
0.564411715641516
0.556570918631062
0.548958789913615
0.569736395939756
0.554155454858905
0.633597386542341
0.645384899924532
0.593197636438134
0.490408323723711
0.427763059207704
0.487305364214117
0.410664132229829
0.496829444544542
0.577394385807969
0.483689001326456
0.52649505894803
0.474478262568358
0.562044002290566
0.649790089281204
0.651479279131861
0.581956427028972
0.597661283633457
0.587459752751037
0.634631795105322
0.610671857217044
0.636517850531573
0.62644880903926
0.599406905290617
0.543581101248615
0.584060437521472
0.605613782789076
0.339061813624576
0.586618816587688
0.522203299219795
0.277298237782205
0.352758412600262
0.547407043707888
0.647375028124087
0.615520269937528
0.414251662506882
0.451465392805288
0.392830172436751
0.406780055817762
0.389541263570039
0.277104329210008
0.321119781626117
0.33810234700005
0.565427706186707
0.605003919252956
0.63644554267816
0.517192894183952
0.415966794998166
0.635328142623425
0.322387320386566
0.62242284399051
0.651489136086078
0.636826096608087
0.651029344393477
0.611724794712725
0.47465172050213
0.501891827737214
0.463027857911559
0.633583002875677
0.648628815230655
0.562613020403677
0.595675581937246
0.516447728004164
0.558197659334735
0.598054921414687
0.517346358683813
0.621041914155707
0.475351163879275
0.603946263507386
0.574347191799632
0.622220989692672
0.629512776029211
0.543772334473673
0.497754087785716
0.472788575187867
0.436054184736684
0.498727634264321
0.599869364873273
0.631133353176896
0.432701708471603
0.326084546496737
0.131996115047579
0.290477566813119
0.453997286958655
0.497176544015758
0.567712749047023
0.45178218468232
0.602640191228468
0.281321152377408
0.639686561063662
0.553395360155648
0.571942019804491
0.599775378680734
0.602055531620952
0.572328591519363
0.552027220105732
0.564043483294314
0.534478101841185
0.543999942307379
0.632119277236553
0.62947358751146
0.597334637927307
0.626024010346271
0.650106890566666
0.558106600884224
0.54788173738175
0.591173626998377
0.501353861941464
0.371787245236819
0.633137860553717
0.635107269671343
0.50568158856164
0.614782708767135
0.618643192038841
0.499095978449682
0.565131542580854
0.615210473934654
0.567408495589787
0.580323622973929
0.489408355499407
0.552160287488718
0.544899462913013
0.617152694992721
0.619987394403486
0.468673974099768
0.525334814492846
0.484091111468492
0.532316449874731
