0.135359716742035
0.336535390009198
0.45079643745767
0.383183238413436
0.631795088581741
0.626236896504881
0.511210196813762
0.574839877072341
0.0983527773590759
0.551030480635352
0.417901543357482
0.542637253692698
0.555018739728835
0.497618860737886
0.497994362423041
0.627738519372186
0.624104051360395
0.56035605211828
0.471367295345337
0.50843243380462
0.503649887405569
0.407198298990827
0.625292127622776
0.546060538910242
0.583870225818129
0.594209905678427
0.412899442590472
0.548991694676396
0.435531181271421
0.381287717876723
0.315247408891562
0.26951013817545
0.413823782755062
0.491605072337203
0.290835413428752
0.166233035268728
0.443074955913005
0.4586854909085
0.544106648046457
0.539309068294009
0.63649554050945
0.420900162131991
0.634142384512117
0.639258780572015
0.518360857295384
0.607257230465497
0.570949949933895
0.606731407354239
0.51391393370975
0.415373355996022
0.530254513710692
0.499338973953964
0.528859821690945
0.541811055400875
0.56134958486359
0.589792679819723
0.597349432761132
0.38356813266655
0.617336699022679
0.43617541362741
0.535123420298565
0.574578410016163
0.555072178442359
0.581251474792283
0.408137033992214
0.227378686265321
0.319046084315982
0.305189155668758
0.632765161904739
0.425034027664766
0.368451160049997
0.472065282851923
0.572233880943852
0.644761657080051
0.59574812369328
0.501427024300796
0.446754299844272
0.469116144376112
0.61309977261598
0.616839257404282
0.281529064968647
0.582486691336148
0.616062662366626
0.519895187293399
0.6491213006787
0.504433296209114
0.484073025150792
0.398073695727706
0.43658861115179
0.429151385636302
0.440266700807959
0.528957641500459
0.573719727931589
0.446267250616103
0.349072617885776
0.524933094196022
0.650002749365475
0.408135562260402
0.262975856893332
0.538056920845062
0.556241209146567
0.451536231731996
0.490840451406781
0.469245409188969
0.461822074597469
0.323671696116102
0.581389895520454
0.506736657623852
0.534107134860869
0.589985525451633
0.614674245013356
0.598209783326248
0.480525370946853
0.439498886235126
0.576957297432535
0.56809501734572
0.600641251156536
0.571871466276956
0.52111108937012
0.543112379510858
0.417057562028587
0.459464524930204
0.474700425874204
0.392990784256658
0.622634302737657
0.569323192730057
0.362726746843538
0.413809924598453
0.424097846117455
0.531947677561082
0.524878293015296
0.643989170096116
0.628969126699077
0.616379241351705
0.51432462159871
0.604616457696084
0.45769832710072
0.564335733809851
0.623442353954894
0.255435847205343
0.647861478026724
0.46005160006761
0.612935124860611
0.357587099340398
0.551309322263833
0.419313907068623
0.400261033682618
0.573052404523764
0.623583608678077
0.633972898343687
0.58945433000272
0.440664187595248
0.242087588144699
0.598928847771099
0.539196827500122
0.537391987830135
0.567578531413106
0.40032335164235
0.644291453167563
0.637950247000743
0.536089587633227
0.612006030629836
0.326538158747618
0.346881774400594
0.340535893973662
0.426720203799242
0.605204456242966
0.556438498580537
0.544344068530016
0.601719686264639
0.620957791739626
0.49608968717584
0.399799301240593
0.62470565797374
0.606450994070096
0.558559968317632
0.651511740294687
0.630497167009176
0.63178153695155
0.614256678582953
0.443361808302114
0.498067506393441
0.636408479160164
0.471716312108483
0.574731514000647
0.492078806853743
0.523795520001749
0.172445342198247
0.441825908527244
0.538129238010717
0.5584902603996
0.542566011486417
0.19494356105593
0.334764180065598
0.0753994895988144
0.533045268083457
0.41298556458453
0.649160107874777
0.365574002864179
0.624969739367953
0.565009988123784
0.58170167618616
0.480103414061911
0.4767379591643
0.570700817602185
0.439086744560955
0.625699655215294
0.649719959814792
0.470887101576789
0.526879357043188
0.640836702157281
0.646792175618932
0.474385726907412
0.449114981886232
0.522212186943503
0.480816550764839
0.339933687895359
0.342384490842931
0.602256005303469
0.369332582325854
0.482017078279899
0.26838758259361
0.150139314486878
0.614313990090974
0.445002079805475
0.399007492497563
0.585169619032761
0.498759771842583
0.526412522501008
0.424242570834504
0.63755918232468
0.509119267605276
0.625989433602409
0.527898618953929
0.512937981051682
0.623819798980141
0.615755238427018
0.637733044074613
0.650857671167489
0.35719549791771
