0.106047751084985
0.0112250841919038
0.256900674344739
0.440433449542616
0.278109434286814
0.575116286093835
0.402900094453683
0.312955316067536
0.0679493035690393
0.28107887111255
0.42102284340145
0.509339104198468
0.490185816126643
0.447509595692623
0.501009445152013
0.604204028201991
0.597876291429126
0.590333090071334
0.351317499582423
0.555192348579318
0.578896811484395
0.552802906349835
0.392714851816883
0.454254613283789
0.545413629403105
0.22072817430855
0.473777767033952
0.592381197976181
0.61655528786895
0.563200123799732
0.160502596155818
0.464156103352085
0.554663010765566
0.2682170455663
0.359857801926322
0.341143128778965
0.597773336894112
0.436295582747523
0.386134119025897
0.417934575703461
0.296641190435505
0.379414817958976
0.402701298820321
0.406311491315253
0.481275980777573
0.503890983074904
0.382930400589391
0.451319822083227
0.466252068995498
0.418401720408816
0.409269733093072
0.457114202373732
0.389652249618696
0.447797993692834
0.362103121285792
0.425843185529898
0.493387925609591
0.512659816985096
0.450419672341846
0.634723531664417
0.607049115553894
0.398285068003461
0.438468983601467
0.328773821696173
0.605200177082485
0.486701079425732
0.406280362362973
0.362648828106544
0.314999826503452
0.32108474485809
0.504292972023599
0.615732939840031
0.628846575005859
0.366169831153238
0.237936135501646
0.400063223196659
0.334657917989907
0.29212649194221
0.556358475904889
0.398429848100059
0.351547844371413
0.447368419392463
0.48592584901955
0.629811126253171
0.486919131005881
0.486305759254377
0.547039130126359
0.380335641766907
0.647877601244021
0.549999248667087
0.629169734530012
0.591409416618582
0.480953178785756
0.467113225587135
0.374391696024972
0.38257803912973
0.523468207153492
0.29790875989598
0.388707218298223
0.550519750750739
0.349928050502203
0.384957983833637
0.334657533482881
0.472485803154297
0.489652990523959
0.56873817104244
0.315276481383773
0.287300151805161
0.397242283859821
0.425216423132922
0.594768021460623
0.450766520372715
0.648433120547453
0.613132311989088
0.615720265853562
0.401610482643899
0.273020200653721
0.332182770525804
0.457575928611373
0.609585218035743
0.509840585729385
0.460940094305901
0.37186794847282
0.295204760422232
0.465021162446229
0.481293868773602
0.568004222154194
0.567082655944883
0.531355311284307
0.533400278068837
0.639736506749703
0.564951634996171
0.554670592039881
0.506866574695101
0.575628836986785
0.639745163373183
0.440050796534866
0.434360567612806
0.395001628484439
0.494586768603651
0.456838639263619
0.380149093251675
0.482266134371133
0.615963292926972
0.408805437566713
0.201802243930986
0.473696149010677
0.492143066924249
0.359439785544528
0.51122133197356
0.527917989958776
0.175321404001676
0.209177403718466
0.356144942910178
0.594518077307846
0.586483864950287
0.496296610546804
0.345549590435578
0.391910971224075
0.119084615638247
0.245178569316398
0.57801261680163
0.46693746651127
0.480914095295276
0.442829996947665
0.440063739260659
0.36508099773922
0.515004822846311
0.554010272450122
0.454704832368217
0.47981029730329
0.522099143231288
0.529089596042217
0.405942122839178
0.624016208388836
0.451172165261145
0.422137911779495
0.441371128497316
0.576858105722779
0.470130902294925
0.516416216410748
0.522635665520473
0.119516017633723
0.431691910223104
0.360509970231215
0.419431316769449
0.273051718320465
0.514168218437815
0.534246220374516
0.445678540906041
0.428005031398275
0.553534807550147
0.320092616995331
0.282383926571517
0.38943462362007
0.193812795600388
0.245202110208316
0.485880592354108
0.619736733783225
0.541225316574444
0.573904208519962
0.641130400562366
0.535720354601237
0.344960478997091
0.454577721604587
0.552583291707496
0.416941434960812
0.618532129454892
0.249080917985948
0.482218424008228
0.592959240773139
0.451949940257473
0.488239432126813
0.487373108795801
0.321940691681764
0.249038275087252
0.362690394302766
0.445275856206112
0.382399616125738
0.497843758745097
0.508889621500892
0.502174826775482
0.230069698622683
0.336616789259179
0.55188827070361
0.623945308835389
0.476221729590092
0.640923792952905
0.413681762122705
0.489582729671859
0.52823288446432
0.597800724187622
0.543403826511465
0.392374031265499
0.646184636507872
0.356510313413067
0.342876600296149
0.469262318531517
0.59602215635567
0.355687135249665
