0.170362593599222
0.0269763974643235
0.409305057524471
0.207035758134676
0.20214806456957
0.0897219258032274
0.0662699628518894
0.465250932248775
0.644679765805137
0.644707288102247
0.472791443507215
0.51522138896212
0.460503234739648
0.383227438663133
0.325892740952782
0.397024356534415
0.62235677849375
0.5572253095333
0.554636622917147
0.535117382245138
0.521902778259927
0.470168915362097
0.646428198689417
0.625810734562441
0.631204763580961
0.508683445405215
0.45822518866502
0.396455815479979
0.597973675018642
0.633249911038978
0.577725714766574
0.333960424600402
0.290652167080056
0.253307289953482
0.415744241947308
0.530269976215837
0.29642257129647
0.275707298126305
0.441121692001121
0.59478341853537
0.501787594247487
0.164431333582848
0.33418303939281
0.342866311560468
0.578799823692921
0.322823989719293
0.452645128209847
0.428001987536093
0.466849835043299
0.467083079845832
0.586644573562671
0.505659394955719
0.512910981511938
0.595182974057633
0.384721313687216
0.613331360326634
0.391080363716392
0.610415563779295
0.605356847382384
0.537921725440096
0.612195583023479
0.410946028411865
0.418996875679719
0.607469126404356
0.613996972977184
0.441691373798047
0.270128001901787
0.526430126716953
0.177150356130101
0.291851708058035
0.28107643088095
0.489121122661724
0.468009509107331
0.461790844133108
0.567599449921865
0.59349869069221
0.581432350219206
0.642445999844465
0.600417344450242
0.5854608148713
0.634118522739721
0.580970885413699
0.324600546130445
0.577386307133827
0.39376964152198
0.441483250591671
0.601107482667624
0.630352265696415
0.338676887709164
0.642758940504398
0.619202468680665
0.591412271481828
0.624333030936774
0.577705669400707
0.509078947551773
0.473853374007646
0.563595369996969
0.601216222369345
0.573081786614526
0.52926000594371
0.36511594264073
0.46413522634253
0.563989471407322
0.382071550661489
0.391662581816083
0.404723897541806
0.623621455295477
0.62776124680962
0.487302023834774
0.576667542654309
0.507633614879465
0.534071406866809
0.634284806415225
0.605750060764906
0.647725849146242
0.649842115098442
0.560686350569702
0.590806261010092
0.639254738698481
0.52312878911366
0.608397937107482
0.478225326121785
0.487486725355224
0.431836156836403
0.294261065885293
0.57626702318066
0.608246614206254
0.575914241073956
0.590842071417002
0.64725721383456
0.599766068890333
0.503642582342544
0.468826939515304
0.524442317634061
0.484734339543237
0.454151968302321
0.543786955601243
0.582644062309603
0.619583695761699
0.553977593940916
0.531197907499997
0.64119636277275
0.370727174140047
0.56196956156802
0.608900995152071
0.517006247224899
0.538547390296565
0.55168620435847
0.225952037035022
0.176066296162606
0.206404012903153
0.603904359224253
0.234608304091729
0.317627182202879
0.483823743761051
0.54648799468996
0.549004186593462
0.640703446031913
0.440099392419914
0.399852504078676
0.512995730753755
0.300599939804291
0.305832299428293
0.493078804070602
0.597888555875467
0.541040905869588
0.60230102410034
0.531545931707991
0.470633251211502
0.472407674102014
0.461291716867855
0.455787918675225
0.433579724915955
0.579992053766036
0.276248706601327
0.434964959519682
0.364997657109104
0.415818488840712
0.565347205192862
0.629147858426528
0.637479616928175
0.174195882046828
0.450510324431351
0.59649527266214
0.239434916925043
0.391929706866944
0.508236618352821
0.422904113098165
0.46360816590826
0.247736293096328
0.600587685242528
0.649684922790409
0.641594881535536
0.631722528011108
0.530695692793233
0.609754158235388
0.625221281909088
0.562930273814745
0.582095674524446
0.48076588502517
0.445880090440686
0.529504170605824
0.416625598980735
0.552270428522257
0.624908463306602
0.607559075297148
0.558019118111816
0.287686383188935
0.52212872732128
0.598056274936162
0.592156465443592
0.496832331545021
0.331110588351618
0.532571572955232
0.24454233337726
0.244497366692405
0.263543894862796
0.53625125703821
0.548827059989693
0.558382104310989
0.613479120038143
0.510541172194474
0.274097816930153
0.352858818462351
0.267204934687121
0.138479034205666
0.111342213563947
0.114251405189512
0.564613219690407
0.517079462967418
0.557390900085784
0.452583114606749
0.487910668655532
0.5176903902716
0.630104019918081
0.370825893684656
0.652537754782548
0.570593801123692
0.42321915117275
0.239384024684167
