0.169593996198187
0.471989478781121
0.305647590959707
0.139251606349509
0.128203511707485
0.205811955966754
0.263106863704743
0.341658114870545
0.643115165455868
0.536313927852433
0.553784599271603
0.575635740717466
0.167446998879081
0.460318598382184
0.62148194220243
0.483599769538082
0.652163306799706
0.557506736464565
0.541589114839686
0.495064593855292
0.536522234140634
0.456390513184015
0.459888671767199
0.575944235384457
0.529691975650611
0.616641437406885
0.278172934369545
0.414260595480072
0.381436601940713
0.388604380500339
0.177200864668237
0.18391503670672
0.479530000408879
0.572036580583639
0.433934718060074
0.369628642633777
0.393959015576867
0.259540037779101
0.622272467589239
0.584552290971357
0.438382819928695
0.410600622734288
0.483885861942312
0.505696992007941
0.605290631221325
0.496421144408174
0.187022536851699
0.180005849404828
0.348924733092344
0.436332995247198
0.605756207638777
0.632109347697583
0.631907729801504
0.428071570992776
0.616536616501398
0.56452101741657
0.576368570833467
0.504342850537004
0.547732403991977
0.631995248660853
0.645416359366849
0.652532739765975
0.296901147077791
0.361709972762503
0.389902355680673
0.378422154021449
0.220028916740324
0.567483006429252
0.535436383005284
0.612907310848533
0.576595469423739
0.625434586878014
0.63933281279967
0.484483513845023
0.457337767854476
0.329481967502972
0.407617564496369
0.451961234430783
0.459349562843778
0.408047867721645
0.421055716430536
0.29545955295725
0.0176709750043228
0.638479241092224
0.603863476703875
0.634143175747548
0.443095657462953
0.410550528103776
0.55899171808688
0.569425474709307
0.465115862063794
0.555424921915401
0.556174127215287
0.496340038978428
0.57928449207854
0.455619253470634
0.570808542526699
0.600143278175826
0.591545626967418
0.645471044564162
0.639700896555942
0.553785680727754
0.564377674219043
0.556681839458136
0.214978461528884
0.63700794654293
0.534185587250011
0.388072486974532
0.280430084771095
0.544054821687983
0.574235183717039
0.350922817677998
0.452240663240431
0.4748031841591
0.54003424539358
0.580719436925922
0.341644380854586
0.565438936582118
0.549189649888082
0.368530947831227
0.573256110473901
0.599794360068394
0.564328762877535
0.583326094487216
0.395204986921512
0.624072980790865
0.613192766718101
0.467932916430404
0.503408180237748
0.584706265691767
0.650132185630396
0.299406849280406
0.64126758589461
0.535196777015334
0.571302205757736
0.633510127461515
0.432410947301425
0.432138664517849
0.632793692268586
0.547943997438885
0.647757550723772
0.474746522713382
0.624411346530076
0.612189811586259
0.536466336056866
0.0467136756787077
0.376824914958095
0.538813314208251
0.311786945343483
0.570950698350323
0.613497673820471
0.430169878759762
0.63712197741641
0.497639833454528
0.317608635466012
0.177478136508958
0.0963023230454419
0.105421424214495
0.597483835995896
0.58290690579093
0.571999211634044
0.601639005824297
0.583606335016226
0.528878872182823
0.612812098864953
0.529982985397791
0.482784765115943
0.451561538525391
0.615864107104522
0.617308040998643
0.576086650457089
0.498045452694176
0.473882435952471
0.419425904773604
0.405218027393025
0.54847074547516
0.500244030620523
0.488828347027078
0.529751473806513
0.464285305419773
0.448007034343872
0.600707700988575
0.496681118164496
0.619912870079046
0.446337921503911
0.584202884636505
0.63973980421566
0.446006702392362
0.482653479486704
0.650494822646636
0.523461719106696
0.219583048898261
0.335913759210147
0.33111244855652
0.484117683331407
0.399622463693144
0.497578804744777
0.451794466529648
0.535455312705142
0.491118541065698
0.649235208453942
0.479202899043448
0.552895121601756
0.344122463348554
0.407604759680806
0.38172809678245
0.347877365842224
0.464850976357702
0.440993790896522
0.574031554826585
0.600001341243224
0.501908595817867
0.498356958975241
0.445778785892351
0.212728337114444
0.199334514574846
0.451608070945134
0.50226402856037
0.498257700665371
0.594775591685383
0.362305102271815
0.359969054816257
0.325913989618254
0.509716475501036
0.445653485380812
0.463985796629061
0.301714633283482
0.245817739553517
0.549464741497999
0.547463335198841
0.435735151836062
0.364889823273756
0.418930411174893
0.613275387890311
0.584023489201175
0.527489661222388
0.592651809014147
0.521278432687362
0.51111137759177
0.530259367687844
