0.262650925907384
0.615844071964035
0.208311499056174
0.439524004424457
0.473289605143247
0.500183538938329
0.0685930262922775
0.439725751344588
0.327528412893647
0.401138276761398
0.17617726819939
0.632779928331263
0.581423500378568
0.623476663187845
0.479040378027112
0.296684684143066
0.378288176253904
0.412251963753719
0.571966234576779
0.354005339427282
0.616519920355064
0.578702802864663
0.373116618292724
0.361897309370218
0.180502150842454
0.221766452591633
0.28029118154617
0.429604443374788
0.52744755438203
0.612775602234819
0.342299226395083
0.513075262958417
0.592934842242501
0.621975560471509
0.469458581266459
0.253257071865257
0.496711093612626
0.635458402550598
0.593765282451031
0.520270954152307
0.498767602724542
0.546189512882847
0.270799298232907
0.525767090353189
0.42463011832349
0.417529725239845
0.536263254845282
0.565158672711581
0.525898214413753
0.638112897949465
0.383212475955021
0.440241313130129
0.640213457672291
0.235009578678661
0.498958521191729
0.37781307416223
0.419970833889085
0.358274911778212
0.572955931575503
0.604779480312337
0.560789857512806
0.62550492415065
0.539171325903386
0.641081020878839
0.405030434244113
0.41745983196632
0.537714569114847
0.28826557594561
0.507118411726086
0.309014416261347
0.60272663168842
0.612028492740948
0.58012808538768
0.641791103248993
0.590403689441612
0.530730980996423
0.533147643089689
0.526395553304586
0.340711119609885
0.545261986089665
0.439007778223371
0.381696581546217
0.333538644834959
0.51794876245979
0.527504634301395
0.640798507018906
0.55935483172629
0.641852092321145
0.525161881139735
0.510480920677159
0.39841705795404
0.317465315106548
0.504092650775332
0.360595955916651
0.609125799905742
0.608537128515338
0.587605162138864
0.471852471032164
0.539502770761534
0.491857942165108
0.335007222738816
0.310049606838031
0.58018580011325
0.577458300829114
0.635622233828556
0.627067033347478
0.58892339965996
0.367826517311658
0.528777345747161
0.435917441238416
0.447501379059626
0.614362282507354
0.537184761787205
0.489544637960798
0.54331389623203
0.407132764037931
0.511928483753232
0.488795187228359
0.434119710491737
0.48594359300111
0.549305531993315
0.602086632068879
0.639310025527793
0.259085450850939
0.39353779650596
0.601966928379281
0.63150885786786
0.50765912856162
0.596524865276791
0.60331828870601
0.60899429504294
0.55407524860022
0.62012670498799
0.571686693543968
0.649646105580754
0.455631687751373
0.638200907086112
0.652749493941306
0.625680021851385
0.449776167166281
0.495768736730632
0.633953443391001
0.497918673185166
0.412034308520252
0.367726372993486
0.369631345721178
0.325871047200169
0.318872190232156
0.394618274040986
0.593405947409574
0.375395221918821
0.54946554900714
0.494092303356156
0.606897959816621
0.505725157884648
0.403851921708556
0.25646419031336
0.246022979852511
0.329087037982484
0.652007313396083
0.651337480002828
0.587138639615616
0.523269456462003
0.564845023263282
0.580596432042873
0.550549577502874
0.593331501962482
0.551654910279572
0.553941462060614
0.51045808875734
0.581683880591366
0.600527635391802
0.480680511244806
0.652971148312846
0.633891891091865
0.580810182062118
0.329394469245803
0.347522182838526
0.483287732921529
0.527261758594165
0.495045188432792
0.352589275657439
0.477298711563036
0.507203846822027
0.169737972940551
0.347364411667921
0.50987479159098
0.4638306641027
0.394574722334277
0.49310457413759
0.635861274422231
0.638443634024477
0.64290284615146
0.320480545431841
0.601555726268096
0.597743549843002
0.376802588380342
0.514943624060834
0.557526167438565
0.387993088411633
0.48963127462903
0.519641419951303
0.603670394460438
0.613196707857773
0.630199757601525
0.635370941612912
0.541013060595005
0.595943781389798
0.543656535587267
0.519554004199546
0.393646251206028
0.295093718585599
0.202105720656413
0.533887877572561
0.617460304697306
0.460697481424531
0.591272522707973
0.607308369532296
0.609843485467722
0.549410575541139
0.648241295282283
0.640218349999531
0.622859505229016
0.591315260938602
0.458777664479134
0.469174882762134
0.407830369396373
0.535370128617855
0.606195588179559
0.576049090849469
0.627269242746271
0.527743556120234
0.639283293209387
0.338629754671129
0.447063850125933
0.530039509153925
0.416479305090383
0.50664814608619
0.36381645459868
0.509816721775103
