0
0.0157284534141171
0.238690915200394
0.444693096456816
0.260185299462172
0.0571250499698799
0.257744669055799
0.354293431192484
0.593801302561071
0.618714098545761
0.521592530875001
0.443493319246452
0.539408986312109
0.505363578221805
0.588851131720793
0.450493382031098
0.402573298746953
0.651228358066093
0.572703005797463
0.511824275188465
0.490272140647285
0.150610838962719
0.280265990983039
0.584081438033842
0.356402475792503
0.376100072762594
0.580137646191977
0.512037519011414
0.646619935689607
0.289688952609325
0.532526568673551
0.593771626750879
0.59847475493511
0.652306535292968
0.632725948711686
0.605687836674042
0.536534310595598
0.418120929030934
0.51045892685093
0.146688133491902
0.316399832826806
0.409220393871423
0.386723898040961
0.272473260669503
0.226197048301576
0.200268805810018
0.534698183764704
0.498776896307663
0.525456535379868
0.574803331903954
0.627910285564598
0.611640012547183
0.560082986644982
0.497666786437621
0.370272489078395
0.408129365782952
0.317615721583835
0.540091420198055
0.455212626262503
0.449752148457755
0.417844233430876
0.38089639062155
0.348802365410142
0.612378475143109
0.600984685495481
0.606439158397475
0.614721224879355
0.647154532421868
0.504811220674145
0.535548460246762
0.565483343393859
0.332650322082904
0.563539276872546
0.38093292504197
0.584644200835409
0.543866808899191
0.641863844653576
0.393818969500251
0.421113736872561
0.589662489339934
0.607724136667792
0.471078319623515
0.643045575782657
0.496910737869381
0.391556345432997
0.483200032464754
0.409959181476684
0.371817188436398
0.552495464070234
0.493941854256627
0.43182614716018
0.470216160820874
0.502294822948775
0.570245031087129
0.621215814659761
0.634249498928454
0.620265265594607
0.478275957140412
0.476560495897304
0.259231893581571
0.439714625318069
0.64715819021779
0.620335287979726
0.533289784899691
0.483904376229235
0.646181688340148
0.509588993636362
0.279545498368098
0.583563779323068
0.638479078411125
0.577917862813406
0.64102014279838
0.640415620737125
0.635247527869907
0.447422205909754
0.434247101279077
0.470536741998182
0.502388765874513
0.384669282004004
0.50077819891223
0.617182520521772
0.520820665781943
0.487769292505409
0.570932210935745
0.45589743124105
0.615591695853449
0.607993062586498
0.595801941489568
0.345769639686176
0.504274615440207
0.467157060137467
0.436478852285109
0.571934216125868
0.586685421695284
0.601833677452755
0.624257567945478
0.634155255673832
0.630869750254683
0.61797156372809
0.586191865507518
0.527692274502829
0.640649112627728
0.588324759627604
0.619348750872472
0.542488724860903
0.297758628203999
0.619485130992951
0.464990538039943
0.386618819302414
0.582717437441541
0.512882506990487
0.560430313705332
0.531340730722415
0.578289324169393
0.478721376977861
0.616483241424967
0.335711315987608
0.323156892164145
0.563359705595765
0.329461692572804
0.445636147015977
0.550504742806755
0.550541447083962
0.549791198801771
0.568250250163013
0.610969011093262
0.597277431441014
0.621579148617379
0.625398767891806
0.591489386157832
0.498689960847842
0.556141234409753
0.458290389086499
0.517516902183899
0.526600392972809
0.381689161353169
0.49272734123577
0.62291873681667
0.643690644587292
0.555596804835135
0.492972229089588
0.561479776712585
0.549279623690526
0.518962128559893
0.256093003434362
0.64639976372174
0.578159953145818
0.433821689950555
0.563251250892353
0.62998905305486
0.607856520594267
0.573363703716713
0.504136480408255
0.596519520974699
0.5315277529452
0.374199727340805
0.638177911642022
0.519963310248654
0.582864660086738
0.476874522653185
0.176452854694333
0.433072501089424
0.494467071651947
0.633510871146013
0.589546586882983
0.532557058241241
0.511256361015141
0.336826802231657
0.408335477262037
0.554025039655389
0.634770936205619
0.467979089718312
0.534635196375782
0.447689647121483
0.40718134066
0.163156582279364
0.1841545824965
0.377077769873224
0.351243594319327
0.599864210771164
0.536396894100814
0.57834530381739
0.475405521772343
0.43102961000769
0.297603597373702
0.555893557899277
0.401265569400042
0.325966413674608
0.469550900965696
0.620479499694118
0.596785230020912
0.544167976651129
0.462155079856613
0.490349735437745
0.521613865711647
0.399818353477865
0.569097904156661
0.610737211533589
0.61570630768715
0.507952349856496
