0.222684633625544
0.26349401203217
0.644056789787253
0.332921641548945
0.617688427726115
0.549445590400334
0.621890648968285
0.188471522196895
0.475624930025311
0.44886211049858
0.626535104628299
0.491115129016107
0.620983219848712
0.612540716983395
0.376044913997896
0.533772284533224
0.531660414769357
0.561170555513604
0.29283035771572
0.439421970839147
0.317226051663049
0.599009997798497
0.274336184626083
0.494432426190691
0.386190089636341
0.487529373046709
0.484886662075995
0.603727471510448
0.620504053371452
0.629227932431296
0.576422528786885
0.523891878057681
0.415511176907467
0.517548617038643
0.519864170845831
0.552164838996445
0.321263786202297
0.392278608462308
0.404693367435104
0.481750034564408
0.625444987373161
0.492117963119643
0.205708520897228
0.38983379904856
0.571791017443854
0.600768234747619
0.599938764851957
0.475231180276545
0.586169664355064
0.595731434824091
0.645621890638858
0.56556505557755
0.649654045569363
0.430055228532047
0.562177979737773
0.631805229456546
0.308953038621927
0.454458803428652
0.627327945404098
0.502019147499687
0.4310017710705
0.419047758623489
0.550866378927903
0.607694463514934
0.329463228793495
0.461427581059167
0.489665213092433
0.568448071235925
0.579830617740543
0.56120900476864
0.470088424859336
0.535517983357395
0.537728649943612
0.630654350435659
0.517997333293332
0.52737159457617
0.347254708607874
0.460986564846011
0.509080191512559
0.501170367771752
0.526105683965309
0.630432981177
0.542145617385631
0.470634345234813
0.474760430349968
0.261985594843651
0.62809115148359
0.518980810045498
0.615658321924973
0.404577501470318
0.492005508179236
0.649233440221911
0.412863379077589
0.625895579852164
0.544198567163199
0.575834966741302
0.439891705915746
0.529071876087725
0.503828529648949
0.485152579147161
0.397437457291643
0.531478036537068
0.379084028458456
0.460701084524406
0.488619400286753
0.616510381513508
0.619082637402994
0.534960842833339
0.564199804736528
0.297510338871511
0.532488830377951
0.378874692548765
0.51924916011219
0.525413801768075
0.497330130706396
0.49723206331511
0.598541382185649
0.479472531410167
0.641186942249769
0.524420425378292
0.234644011424433
0.572583101729694
0.489021703196055
0.649394797719974
0.561773146582491
0.317056122039816
0.494358383666273
0.516524390469449
0.557011988243421
0.271562287803318
0.457057958212246
0.514712268625866
0.543118206596451
0.611337139430187
0.604919818951986
0.652782430436827
0.629842874603339
0.593861353005115
0.622611375342577
0.387499820314581
0.209244604999898
0.177195930261631
0.0827938734269701
0.422777108235285
0.196036508477293
0.426560343265389
0.300099008451008
0.322177417241968
0.390069046256365
0.606248797896784
0.453077750232887
0.162368950943695
0.608818788115667
0.417445257108193
0.471968439868275
0.587410919052846
0.48708924812041
0.424103555990178
0.421644741063174
0.461846614983329
0.379218470095191
0.4773355222377
0.538299921560577
0.626566323484843
0.577399412063849
0.416019859320011
0.307524946842234
0.483576158700478
0.516025490298155
0.444916995908235
0.537367536236494
0.460386545358247
0.586786458575617
0.43511171660643
0.585379902501923
0.5079785433379
0.285184480645937
0.478600833932403
0.464187646456994
0.560708948752377
0.411730899642739
0.58659876875818
0.609921438677377
0.55707291185623
0.488830053077823
0.490573364142465
0.652602605576923
0.628633366967583
0.527281764180248
0.588505140777206
0.474337797321421
0.647399545604682
0.64296252561423
0.622787455304859
0.0923649811409414
0.463427104413044
0.500136166018667
0.430278396213116
0.649621223344933
0.587220458782045
0.585490994497901
0.454807157109642
0.523119653858947
0.551796968445415
0.625189075801003
0.619183695843536
0.57180229778227
0.577232998772687
0.545719501756385
0.609048683405686
0.571048075151164
0.632168220465696
0.398500344767085
0.459053494805501
0.570144276878158
0.586707402504806
0.23355729068839
0.188156164278276
0.597176150847692
0.548646125397449
0.549996878289867
0.616071569770396
0.627723629616711
0.483719238183228
0.323462704047095
0.296205184869003
0.160618709090399
0.188425662740182
0.433357936024433
0.570491492620079
0.318459358951678
0.518316007495698
0.449101398014464
0.608189012413236
0.603979904674061
0.627793247339663
0.559434854102787
0.470219220153514
0.552172190659668
0.530508875712452
