0.324067520775169
0.258237266207347
0.439650236595189
0.402071876221802
0.251718406359665
0.262629316531355
0.0702506322064437
0.5858291013157
0.403280241141378
0.4946028070383
0.509592268470817
0.54191736609947
0.484607170068581
0.501454720807876
0.416760552484893
0.530905135495397
0.475963332316108
0.550922965761274
0.628318007083377
0.568972458176548
0.464479616306955
0.458993479658853
0.5931117484672
0.61539315447025
0.53146323974078
0.36396383880917
0.35754758592745
0.484268346643541
0.290428824819159
0.170787490133895
0.40755649736803
0.451184843598865
0.645424171181454
0.455150668075075
0.51377358103442
0.554973726327567
0.212925180437166
0.180349963738583
0.42169240327226
0.513742017067522
0.479293376189191
0.464071604508674
0.642966588815444
0.616572312535485
0.535044929891255
0.645692515434134
0.533321787615719
0.60982816718868
0.620519006895186
0.603213803826373
0.591457831815762
0.483044310551284
0.494787235268143
0.590272526640398
0.515226104686905
0.454592517747825
0.516184707544759
0.534151512415802
0.363714086663445
0.565041065950951
0.459224355897401
0.498759616735018
0.534449710499595
0.57104816271546
0.467932745452028
0.505895305016487
0.438593418856869
0.579423531521112
0.64580850229281
0.504088993032752
0.480590095370542
0.425767711330732
0.525186489922571
0.556541195183964
0.61393707592506
0.639421089003011
0.618267278138179
0.470327273708801
0.512067690129083
0.456016595543129
0.48492820185842
0.573632360801566
0.44160667993431
0.523841224879026
0.644153017552826
0.527242337192874
0.488119138080078
0.399076451387035
0.338797702836804
0.521529444952802
0.488565409088234
0.401954018478747
0.538480639367068
0.643580635133665
0.582503271162556
0.483179061674009
0.441668318303048
0.586128590807136
0.57053572191506
0.558221458193497
0.619803546890718
0.533177857609201
0.457701759483432
0.467795201505683
0.517267883739434
0.640417767989158
0.567317235616502
0.579394258781328
0.471806330961612
0.482752197332786
0.434378785825096
0.436540206531063
0.456645213565051
0.531758222192936
0.640094534797382
0.55155946771699
0.289666095094522
0.322480515087256
0.482070550597063
0.518667583799844
0.621276474813813
0.619906756534623
0.565036912205846
0.512964339383179
0.55482803770898
0.599713732401566
0.460135255077987
0.640111936892164
0.630981845827057
0.415899898355418
0.580132256746292
0.618932366024763
0.544455975067705
0.491781040762509
0.550742252314565
0.485081819899473
0.497114893244821
0.479519250993742
0.548811664327575
0.412267636785284
0.378589864399051
0.40184407904814
0.195018812923227
0.25301836259081
0.224261449580546
0.534075881617025
0.58624777469331
0.645091747124354
0.332709723249977
0.165610118697863
0.603684819733654
0.631312676679823
0.453514967246912
0.360732184194087
0.533801138291135
0.492134611268777
0.523955719244951
0.400896502526117
0.474491314113084
0.502023722644586
0.546415142086321
0.599358432041481
0.606120188909583
0.623242106175781
0.639562052064082
0.523051501102892
0.623979240752311
0.540576569329612
0.638543190072444
0.591772666584305
0.405844735631678
0.644189278397374
0.578931290138206
0.54509841848092
0.556030671525281
0.533676458033255
0.616462343153311
0.573514787589903
0.602640044155317
0.633813918449916
0.610522223004593
0.6093301433039
0.527631935163168
0.64190095105466
0.633244710359722
0.611952900288964
0.358111571302405
0.377188001686707
0.613776610785862
0.641994452631815
0.402192505929154
0.399749899019105
0.460262554267483
0.372184945661011
0.438070075854426
0.529427765239395
0.511158602597891
0.55645982933347
0.43881764686293
0.391807568018202
0.439899547550708
0.419171780308354
0.63099233578467
0.603546917674512
0.470887553120158
0.507993530624748
0.599358049208764
0.425328297432368
0.27222261354532
0.326284030198352
0.575556888721701
0.620423745916727
0.633043619949138
0.361659816777656
0.334283460111608
0.377770392267266
0.172645481608575
0.397737139361212
0.539271337302326
0.619328566883728
0.530229078953248
0.575378868341835
0.412466873157101
0.412390330566093
0.421852264362853
0.225348435271764
0.286352014874994
0.55473363725502
0.240420318973251
0.586728222308278
0.573932315987431
0.590695069504203
0.65121100921284
0.581644476397388
0.606354213525406
0.469073182834866
0.338460243157237
0.316627680781297
0.608528269188246
0.384141272263252
