0.152048902689032
0.534188563024392
0.356462258779444
0.327480077906512
0.305040837636916
0.595314912995259
0.519955317112617
0.506100979373622
0.587990430529775
0.305923818423864
0.347500295541016
0.607166648833606
0.596489245005859
0.626612238442866
0.651506463932297
0.604820132513928
0.54214339448954
0.488288238626378
0.544145795847289
0.609716681375401
0.38593995432495
0.424173586963443
0.638399417631231
0.467967751861623
0.590162033865487
0.561216805847129
0.589396077519297
0.610414457770922
0.345469618289191
0.426252674062736
0.394970786042046
0.148866049054777
0.313500653279014
0.562027306040283
0.423292687634062
0.59045432276302
0.613673616519546
0.561225489348992
0.561530926173087
0.510405600907279
0.496314712351654
0.615484287661733
0.619608781482679
0.608785227177348
0.595751513350884
0.496527430935348
0.601924757630662
0.628474009233616
0.535738346946891
0.433943094239195
0.532636466534738
0.605620294218965
0.565396603252506
0.578255226869835
0.568666001710805
0.531402458010069
0.595169307931805
0.600905529307865
0.565111970137492
0.598906159426338
0.639622870593085
0.637333639255061
0.474125060160877
0.620520816904777
0.408853319448987
0.548531288223594
0.61483781639204
0.643933755732424
0.599160435916623
0.403817022507777
0.613701645477653
0.649739117103482
0.614408297933
0.562214329520041
0.549022884066532
0.606739511349081
0.564764772998174
0.527906152552227
0.57630891217757
0.566915586536421
0.640666581886322
0.501879430336707
0.648528850192954
0.629559812846667
0.543483430842734
0.534915642349201
0.467847881835273
0.534176556488386
0.547886370644103
0.602215454663465
0.36641176072105
0.450103670007806
0.351381007257069
0.305512168486101
0.290207797746268
0.460790479781832
0.461817772157059
0.521972980171552
0.512523743889757
0.59529929551133
0.549645237499316
0.62749524716401
0.209064055598788
0.466770579269622
0.456977127041688
0.549530529090547
0.487343184723139
0.585573036244222
0.608198908684077
0.626625113662332
0.528535399850458
0.587702652994013
0.584286472988351
0.616120525838109
0.377988107254237
0.637113140550675
0.515568093599248
0.466265335715143
0.521768772637969
0.51571308460278
0.633536476326175
0.556821422085052
0.573159604815193
0.604950795055134
0.604460318709008
0.434728941324743
0.599906274173875
0.607054989473429
0.606132582970993
0.641540431732103
0.529767638068268
0.624512270298297
0.651155916287815
0.546604849763901
0.388252763712189
0.472429779888829
0.619783674831735
0.57829713292146
0.587152695575912
0.576345059810074
0.559560661343364
0.523781650759466
0.416128272667091
0.408677555933014
0.555099109005799
0.0860064058108255
0.508571573414374
0.553986501871376
0.578907589665247
0.579527301993221
0.520579958406966
0.368677102727236
0.449554087503643
0.464497891323874
0.535404619291425
0.455024238406448
0.376167967540436
0.513959035478765
0.626624620563353
0.224380141254282
0.459114502520533
0.557303310542028
0.50411141417704
0.454617126375191
0.559201591178104
0.558383905771697
0.646398000400315
0.650407875813821
0.616024924862115
0.490392612538766
0.644679346274168
0.560062096384201
0.644910621687537
0.642078048992849
0.633261094760966
0.407993553248932
0.361330079380871
0.474941293558136
0.573279786188259
0.627614489617403
0.448395604089834
0.401595398790669
0.608074108082032
0.589212568455197
0.598136764885961
0.549374491476798
0.329463803866444
0.61753137995
0.607064049659067
0.557367360219613
0.509985524126563
0.493875120440032
0.559326242604301
0.516648739697645
0.409157315263525
0.499740418550791
0.579212546365526
0.430677228026016
0.473917504823679
0.491765462148102
0.494299366493671
0.546678513159059
0.398334050522605
0.54795303357002
0.52693308729945
0.623642055010625
0.62397267339462
0.575975821892466
0.609439185617889
0.497580233013674
0.591301917802939
0.631916678141029
0.512876960529515
0.596239792672066
0.448904074848407
0.457814722741708
0.190004847657401
0.265796683168737
0.579662577245452
0.614218612319711
0.630691985280742
0.426011048919362
0.47154403559335
0.605414306498598
0.637664895354597
0.580589916028817
0.592227507915852
0.144157699086238
0.22873755646823
0.245945618908387
0.275438271942332
0.42083243190893
0.571176963923748
0.558202052191013
0.614276124847038
0.493860391262919
0.451615663439268
0.590535239684097
0.542174633821705
0.319073492116785
