0.468753767487218
0.346871516349269
0.449889406557428
0.290531181029975
0.158040549675701
0.277737669382244
0.427561223656871
0.416919900312984
0.365665648370748
0.597229052391776
0.539749514446361
0.535234490134753
0.623538297430845
0.648918720595772
0.522570504417876
0.648888357834285
0.617037534259027
0.594393188429947
0.572827081607422
0.510713696702849
0.543402941389657
0.540755059890753
0.453548591453582
0.175711464472814
0.250078056135329
0.30771437637182
0.24676615470089
0.463993212013382
0.314908549066934
0.631161806189761
0.650182553999823
0.292187013264047
0.38553924327364
0.257656416903824
0.139447198686423
0.638982375569874
0.267873166108717
0.21522284986102
0.358127460991703
0.476657866213704
0.349616440482438
0.260783907337044
0.404291041781893
0.521277328947792
0.636285149060102
0.583862099871106
0.582636440686136
0.583771631575181
0.637146771580022
0.573575560996214
0.457850946023999
0.646596955390645
0.626680555666305
0.485468499751728
0.550101048437455
0.38011631316226
0.636272343663499
0.55178198224484
0.483654438956641
0.511662241995102
0.637283269841976
0.639542831285366
0.356379759697244
0.460404040775728
0.494493839838542
0.428662219697706
0.300156366499508
0.510413183510536
0.393179091372294
0.295447649840731
0.641499247845262
0.465647267649183
0.478460985809798
0.556785809515976
0.566320922587043
0.458824848265134
0.361473190574907
0.484217550123497
0.643500512563856
0.509381094826767
0.509172466682177
0.573943123594097
0.51017004725464
0.446548727655051
0.632614814465633
0.598575894618342
0.638007698938786
0.550374333902371
0.558077183482936
0.516596620626515
0.590477089557419
0.622869907490416
0.427460083594679
0.594344653392342
0.629101226729544
0.523186951361178
0.3864059342191
0.502408207345055
0.605396046533482
0.479396670010789
0.588198767044766
0.614133063475648
0.645350823514164
0.614643659841269
0.405381146051367
0.396080192837631
0.622612971674754
0.510997480934314
0.504772057369584
0.292903919441698
0.441814697333313
0.585331598315992
0.598008054819725
0.439962754030589
0.505007299326664
0.585020748185556
0.373926141656935
0.384412606806727
0.536265240162844
0.622179187971739
0.593248924117934
0.637730081533649
0.535640310492071
0.57512012460758
0.54498894621025
0.605388669325737
0.475922228933719
0.604523256507702
0.63938535444337
0.633124567707753
0.14647129744672
0.0391397422419395
0.553519811608829
0.561727442775239
0.541693361395079
0.544225371191491
0.58768727265182
0.415483924973989
0.402206173768772
0.50279613441322
0.568794455503906
0.523648035752587
0.445196772343246
0.551465072320559
0.198572922401596
0.342328007661272
0.615132248550736
0.194910832203459
0.367038805623073
0.647273261790397
0.419557906534523
0.330146940786857
0.550304382741218
0.395091819621874
0.301106083578197
0.518652776228497
0.445757733359921
0.557618482426206
0.53303319603707
0.567175182632869
0.626046197124342
0.485240875522557
0.594857020793017
0.471599136278732
0.4967278193609
0.402801930763526
0.376894532122462
0.525919827527241
0.56205752283199
0.546650783357408
0.646961224983037
0.425228914889386
0.302957596088061
0.476747990933132
0.613370052930899
0.557253195422367
0.543668678089644
0.614122556783583
0.537757741434719
0.600691800841829
0.493352390035754
0.648926147771255
0.583251618578495
0.341575484778438
0.630616421171566
0.610339286175898
0.351133505739039
0.146255635451525
0.448548115181452
0.551686866459449
0.593679371709004
0.499441306899512
0.519998116277783
0.317373128960093
0.647848944284255
0.556162427566763
0.244618734242162
0.345422360740835
0.393939813419873
0.65102905948005
0.522928047817376
0.555532720794628
0.514745864756097
0.317789385100239
0.220104723851895
0.364825934909284
0.62384118558856
0.651949863359619
0.488917489206186
0.574125862581655
0.625129708907875
0.563124705770762
0.62523573834769
0.528723011449143
0.637322642313614
0.599694367452389
0.610383834340793
0.516193878783612
0.517382275880767
0.592160701132917
0.381978471870488
0.318754427665146
0.652833751988627
0.359785544408895
0.393271124607368
0.421985593230464
0.636086820801287
0.510339147299971
0.551272484836722
0.578719713501522
0.497226799532104
0.511492669235865
0.629667736553962
0.605270865823979
0.44188569032568
0.395675439070445
0.601993153816257
0.442791588719962
0.0987252676633652
0.428594124373755
