0.424681128903439
0.28219317733684
0.552642173686298
0.0828271617807914
0.606448543831706
0.289935242458712
0.0716213600370102
0.0938763590967283
0.0683973490572534
0.13298364372272
0.627690762739163
0.462369121501258
0.525829384722364
0.645016847579973
0.489311370621074
0.554640990315351
0.474314249615703
0.471771314524058
0.487385864558923
0.428166521288132
0.572408951512713
0.296198488641297
0.611251333872857
0.398948812194579
0.304648878053995
0.51956715038393
0.459574627823738
0.578547424777411
0.474997279158172
0.474270012610587
0.605904858911497
0.237366968571081
0.441079688197468
0.38055919249359
0.518030787852127
0.643803947968643
0.336115442228055
0.595465926568257
0.453086279289099
0.268732513095718
0.444085121460725
0.638610469966902
0.593230701951077
0.641527202256484
0.435627829749522
0.541165385520155
0.554205555164022
0.471610671280883
0.379460919058416
0.527618331222329
0.456752724171383
0.527950552850517
0.510313494640798
0.644758073310417
0.540139382573953
0.55401020298712
0.607750148080126
0.578100898027406
0.43850529507827
0.529185869727487
0.371938720451887
0.374206476767547
0.373263865434012
0.535497269370128
0.455558645299297
0.38393340302282
0.524283427722794
0.134449268607656
0.216586685182294
0.228371321938282
0.336693221679377
0.633534392986691
0.583480233326783
0.573354867288843
0.626994969140971
0.566245587609667
0.650138173096813
0.550123563817465
0.252001895811176
0.347752470519583
0.577372281806068
0.479773882519177
0.477495490012792
0.59615772611741
0.642887757627155
0.484996045960245
0.584579593580547
0.359553119232645
0.348193171674153
0.548457073333208
0.606364303398978
0.44921812033467
0.38388994310153
0.587155451494417
0.432584483321241
0.344724660124863
0.231652308550198
0.351989364311332
0.547253547120977
0.61905035353689
0.631960258688352
0.534488572214981
0.397677767046853
0.388997748373595
0.474550914866698
0.522418718727596
0.5240431451706
0.461034991816385
0.302821495763338
0.385010042804293
0.450971413531198
0.588586262403253
0.547905711967731
0.63243918034295
0.522539097387344
0.515921616122165
0.558275305218633
0.601407089527276
0.603395062269796
0.391971858982502
0.4279910310735
0.357105040360761
0.633340826886249
0.602713209627822
0.379311340022779
0.2538352175334
0.459258000021102
0.10507394726947
0.267499903798802
0.449643778325495
0.428089127408845
0.565391215448991
0.593219291164307
0.641734647094561
0.420790142317544
0.485095790466587
0.398068060998937
0.509581352337218
0.391832797364469
0.554011727739984
0.566853362925898
0.462926182702417
0.455132153558042
0.355123254371341
0.366468179428377
0.266484926730901
0.518951811911538
0.529755510003418
0.59879438641551
0.488634630257962
0.606078511836473
0.522525619936321
0.452835698425227
0.488609977306194
0.531520054015691
0.538639399585134
0.647190378240414
0.596590006438782
0.645596652899403
0.565740953948425
0.573373245843919
0.535251147462986
0.386784392505676
0.325585576995838
0.352293099045521
0.446792859107489
0.546335617064771
0.551634442425566
0.58442285609672
0.395782281478634
0.619814679384621
0.553135639840071
0.650052902260217
0.586483829795383
0.345517814266483
0.408196680180961
0.459670795988153
0.619415505763143
0.617689163151409
0.443787932875531
0.395833619496914
0.441514558831985
0.647652098182976
0.585610355087732
0.65042461664808
0.377237411433365
0.544439691415755
0.527109795992855
0.554656442450011
0.514576385285738
0.648571534251145
0.470130370595369
0.587622983659155
0.376717993216624
0.480223877866985
0.590973739231409
0.647240317891239
0.459102008239449
0.535694122393083
0.649506201574346
0.581171144174179
0.478687301391456
0.569809342507273
0.394666332937243
0.493455205022404
0.554063726906238
0.553113154681923
0.207348328863674
0.563165433803806
0.613336911197067
0.0288005874119699
0.12959493804723
0.0518980223329272
0.562742761701811
0.550112351762914
0.374468791829655
0.47779931554766
0.643335868648952
0.478486841112175
0.59136702193071
0.531131444147709
0.340890569057479
0.449332950520031
0.65296983899417
0.652847313601989
0.633675200884929
0.459136686350643
0.129384602028877
0.286888235052349
0.226768315752037
0.438800662226509
0.568742077313542
0.526793088824131
0.533435585888916
0.614944428112171
0.65045938475263
0.390013390875785
0.606765033180461
0.604249931490284
0.592410794558931
