0.180157710637173
0.508269112086819
0.536216918539834
0.498493956825284
0.49829594023223
0.0415026567741297
0.0392246558461338
0.582287430403754
0.375379815187163
0.577077366008431
0.48497453035336
0.290807360555962
0.206847949947067
0.286248439177172
0.0489481387354899
0.575167434809398
0.536320953282108
0.426069114578261
0.456665253934966
0.475072199433362
0.606229148507838
0.634810576585916
0.554322473282247
0.394934989926271
0.582680655185315
0.607792323058242
0.100493688597344
0.307334937151987
0.543872309232905
0.630866663748631
0.145232656258624
0.626991950722411
0.52142259009392
0.474035258061954
0.348037534818752
0.559283545604408
0.180821406113682
0.320246492637787
0.374874677674845
0.259135089053307
0.588136513770092
0.528755639802897
0.616861169654035
0.557099768985296
0.44390609136736
0.295624557781965
0.395386070489015
0.495243714107433
0.648321531835723
0.363754755774878
0.280196932901319
0.498707032348129
0.595340889739477
0.557608355843134
0.552230109979655
0.53793755569466
0.412671255912124
0.568672939771554
0.522960479140082
0.317009460500035
0.508545063784006
0.53227540607399
0.516300163693459
0.455366645051396
0.477600780571726
0.506507244227454
0.584803371977855
0.394114927013638
0.555243914714549
0.599032951557543
0.609480902947653
0.631279289616673
0.622689549971532
0.587901380591095
0.552983292747105
0.445151592305163
0.575739310611032
0.547060515700762
0.578857908863782
0.448293947559781
0.292442583902273
0.369884864340155
0.592665387564572
0.649235198194856
0.558513126832754
0.471944910326414
0.422904205939351
0.476321223495388
0.614314203170096
0.309179417068698
0.519847476420226
0.615936074145911
0.416577288687387
0.613780844848926
0.479665116143434
0.577555201262367
0.592469643459738
0.270056152806152
0.266145331506006
0.591696161855711
0.584750771172829
0.600479929529486
0.538648555208929
0.476514428298976
0.517078382934535
0.516078720319078
0.471244535269914
0.445584133577335
0.400332570795436
0.594277307898553
0.593906044201004
0.573269516878296
0.635335086725822
0.631924720426113
0.579728346021588
0.496144202109012
0.412146735537332
0.528714184705867
0.553145914237293
0.429013117506138
0.4948078056075
0.492785382640815
0.516233769363882
0.618073766933684
0.337716342610045
0.384757532548622
0.556557497223067
0.412324192927572
0.637315012423813
0.590651301309713
0.321261994312715
0.413781884416114
0.460261634835914
0.600823028354609
0.591371537737383
0.62119969789468
0.608783986133288
0.483441965912796
0.478493537336361
0.368118047177164
0.358502708509564
0.334888318368515
0.484802493916126
0.590393707785523
0.599594944012803
0.515425474833464
0.553750817562377
0.371732138301712
0.394799322259742
0.465049322332327
0.648996027330124
0.403911663529463
0.647288214463973
0.552211587035618
0.529405793083908
0.438088650539052
0.568047973722918
0.517443082945771
0.622406700670871
0.456920741292769
0.558128791429911
0.588532379469449
0.629099900793517
0.639053772807354
0.534273007590091
0.590992475738594
0.648473766048439
0.517026141993672
0.455211746661484
0.626206131555313
0.569565396236989
0.641001398677508
0.436345516704223
0.490877181957001
0.504285320352095
0.602768151394268
0.62830091386128
0.616628844132566
0.649809565790929
0.572909518177271
0.648923943509321
0.566079749099781
0.435648820936373
0.516147732845508
0.602373612529871
0.476614492087858
0.507312070681059
0.539813527913549
0.617859110364988
0.199985877228202
0.147406540827127
0.0446550660247449
0.342932970928494
0.502415929527953
0.45611354176158
0.513818382595823
0.630545076056151
0.52357570956042
0.388638129980447
0.592245308629703
0.610740318590542
0.4673688461571
0.614915174038454
0.412667522026204
0.381448908246835
0.555509618039353
0.453377425858987
0.484253182332497
0.409783226040599
0.611457873750478
0.531768451599378
0.381517582924804
0.552486493347911
0.469031674742699
0.530227336341748
0.448279779204383
0.485285090793706
0.526861296987134
0.344134333443362
0.633299051956255
0.634387717713338
0.626676710329484
0.577517479166734
0.4384040342598
0.450065429568373
0.604102272792254
0.30114242420741
0.568384989056969
0.643127112780113
0.628410931561263
0.560323586572195
0.604754577808548
0.518204065049268
0.507694672346859
0.475878872484202
0.536750721442493
0.533780347315465
0.53696281610732
0.539314932828532
0.462052320653806
