0.108929351881292
0.614638208352029
0.358679810451809
0.389624739568181
0.437176081278983
0.418451418876415
0.395478997082217
0.46888741808959
0.485286372456992
0.621203643504414
0.482329452489968
0.524220960741824
0.577095106545371
0.516317550019361
0.421205134002725
0.127166736701271
0.485724485243904
0.537415457885452
0.305131475518389
0.337270004469901
0.453644573606085
0.318769415915711
0.571711617599919
0.49674599195621
0.467003182529472
0.604118568421109
0.641877159363089
0.454100464884425
0.221047256481135
0.208986701028189
0.200821366407946
0.5914579866922
0.444107798026212
0.33107270381457
0.188633960490581
0.268951224910095
0.38702103900372
0.437305011123885
0.322762780488212
0.40209645559174
0.20289759279904
0.597152315177955
0.187016345443709
0.493079520467203
0.559405684362346
0.504229976604266
0.511792735993286
0.60416591946443
0.611850692157742
0.523107812528939
0.569566107505467
0.64959477430044
0.478531336870932
0.61108553040114
0.501869717629259
0.623747796530084
0.614293627596631
0.647296451790021
0.567251973700978
0.607012451943937
0.359965424443595
0.564848039115531
0.405704651433823
0.535161954857063
0.531934482193249
0.491145923331846
0.53317491483043
0.597795310650498
0.609148352407353
0.604178737413361
0.585599308830792
0.53587719104151
0.450081977191614
0.418695595604135
0.46420062430366
0.555405628822477
0.57925469616899
0.567364479649049
0.554470491252433
0.577637135998113
0.377778444525553
0.519319614457248
0.390679888848914
0.629323850214493
0.647060726277124
0.648131687077681
0.619213980911142
0.50917248718133
0.517366899112524
0.499803288887779
0.351455131441122
0.600461012160406
0.526484083587607
0.444679821323581
0.454850715871522
0.61330340993451
0.5306123685843
0.623794461999168
0.613399426788475
0.59487804889031
0.5688026691298
0.548304280419448
0.503146368649811
0.457198741301342
0.336901951710694
0.374874755670549
0.47227342478529
0.457431796594128
0.376049757613801
0.458788025378314
0.537335668829044
0.630166004717527
0.591246978907653
0.522715658676054
0.624459648184647
0.617503848569601
0.606626573631176
0.588304345240485
0.636199703134141
0.643475331556336
0.625920809643754
0.497053198487498
0.389151234473179
0.389786006906955
0.621835795800077
0.643104367631889
0.646358942107136
0.479439574804157
0.472467990978784
0.604731598846382
0.51197386691698
0.537392410670174
0.641240569541929
0.462173266991436
0.376204054402653
0.471380877308108
0.27368169494695
0.274216188410996
0.397445407548114
0.632730461570202
0.50613960805293
0.293452345940052
0.290203867891999
0.357507701343391
0.527166264318163
0.278495275783719
0.140022777721443
0.217721221703976
0.235818755310727
0.509200424144092
0.396303479572739
0.0696636698308867
0.320217200157465
0.384817675749538
0.648472603258677
0.645315019828154
0.596475725854563
0.546486268398974
0.437112795619231
0.497240139899543
0.442173330130288
0.607850286497557
0.572704697201278
0.469053865812952
0.616646614048669
0.566009298070846
0.590694947281373
0.60956395410748
0.487953605518909
0.500624681851128
0.430856498690151
0.365061001333868
0.515058840455596
0.623095814925884
0.627722889010353
0.570312881241747
0.650206713843589
0.576353497993731
0.609679372595376
0.431595132534812
0.592518849670402
0.553950179468935
0.595681832824628
0.54930543481031
0.465491322003771
0.44254641135195
0.606928503389881
0.622360316420981
0.557246810821431
0.595464957475429
0.538547791223009
0.559530541162941
0.418474977588598
0.344974891722451
0.467850668107277
0.572245123728179
0.532340791843539
0.491954466989459
0.460687400652771
0.468125873112102
0.634871046251248
0.578874227691442
0.560374202362085
0.338126894014655
0.613058221999323
0.567471198681044
0.59562677894737
0.489281510051766
0.633751700835535
0.425584885433384
0.623519033404067
0.390935773598496
0.556790853465154
0.534796314407289
0.638378272840055
0.597081734757895
0.499037435360253
0.258116660522064
0.274040269827533
0.394841838617344
0.386920439790469
0.586961458765436
0.54259811127116
0.410493542448388
0.282621729248257
0.30530867336574
0.301351278496672
0.457981513265241
0.437989966491381
0.532770705563727
0.47578496809744
0.606319511023301
0.448872705665219
0.470759126081027
0.457614935516613
0.486176881234825
0.399950301457504
0.186521878927713
0.580008885482326
0.535595134062227
