0.355480662594759
0.358769854136044
0.243017121793935
0.174910010347193
0.372615128280362
0.54208828573511
0.435734163123768
0.586412277983437
0.623653618425653
0.619649265522755
0.575777055784643
0.517171269587122
0.577315572167241
0.495925636734261
0.510464449303533
0.633191732840973
0.609726204536541
0.499470313458772
0.643494821310043
0.620007728242083
0.544262358029588
0.547768303605495
0.552679320776358
0.426087949764888
0.492059027862502
0.453359490487957
0.301755800871877
0.599523216743954
0.509072988452575
0.314134160541464
0.457678049166319
0.652017194049232
0.643623370910793
0.615164375736611
0.592622589257439
0.558377643157728
0.594691768686234
0.236843136297772
0.533906418200582
0.582548715122257
0.598340327207463
0.632837546783732
0.589069193448157
0.640605457274512
0.58650412517368
0.549689378705341
0.57660252328217
0.387869080015261
0.352967372833387
0.447853209189605
0.455841282332782
0.483040320088388
0.629601140568499
0.488164146789117
0.327319082441875
0.348692359842826
0.650689693494467
0.636411236968867
0.578458761574719
0.580168325512676
0.491451232529059
0.452006339532921
0.604226423543343
0.598990973754797
0.551379495603872
0.608939637675218
0.52414325724763
0.374063307804933
0.401994048674908
0.553699868310427
0.462464305121618
0.541294596176285
0.598064304061966
0.575406897007524
0.35682899396731
0.581727350042321
0.546344957947839
0.493126323819393
0.627072467071703
0.594128452730831
0.623160512484474
0.526568154400007
0.592096340454881
0.377013915426331
0.648789377101663
0.527453185547896
0.579066693057744
0.357181124954142
0.552829895588331
0.320760389076006
0.312560866182289
0.497299817864318
0.352481048343629
0.501652634310953
0.51978440906317
0.538426495145289
0.618707699176902
0.544864992844264
0.502466660877407
0.566300949746485
0.632001552453096
0.60915621858497
0.603087076182986
0.57830678073814
0.544441685551766
0.511049723749348
0.604455060797915
0.624046423741539
0.575941668158893
0.566877381395387
0.5437227833636
0.435865569762195
0.547790137932213
0.603370753395835
0.520929735895762
0.395742765657204
0.530043209093801
0.568207008751854
0.647398354224275
0.547671824720403
0.520498185922133
0.42025039329729
0.528339555373183
0.588305271657134
0.417141088145969
0.58077428576164
0.561956643778195
0.494850714182547
0.538676207145118
0.523002437816999
0.356002590545654
0.417166811275927
0.382744161053072
0.621564884437178
0.603573290882581
0.5702897667035
0.5161910316064
0.42766052480787
0.579756420426902
0.592907030050859
0.616141229800516
0.641904161457411
0.63019297108276
0.55307298819987
0.308683913151268
0.556024335932685
0.481595199356026
0.301821555675789
0.156222926527495
0.134513950156514
0.207333408899838
0.16497453154996
0.567050547017483
0.619769326602454
0.475061477197101
0.426952253594671
0.542452615529764
0.61654945796961
0.623055367641617
0.53519916623288
0.543794476663682
0.511912663224226
0.584133646807633
0.524307794423075
0.511347951234086
0.565403962448786
0.52973232230562
0.650359922071229
0.606821433418718
0.498943943292834
0.37983685485716
0.381404599453664
0.611996131060144
0.609682546381209
0.509218789814439
0.621468477862672
0.640417005408
0.459611099937865
0.616923360139131
0.601731945323881
0.609460150800689
0.629868071472473
0.624064465750242
0.470863884260522
0.530027448200517
0.333320267481962
0.38559213812626
0.346738789456902
0.584492820675718
0.574444394559666
0.588444902988568
0.602155116498686
0.631018676226878
0.592195306548654
0.52699856899545
0.59349535870878
0.594382477319798
0.60378265193252
0.55894118260456
0.652471729620127
0.474405644027832
0.457870916962624
0.544019459530246
0.55475227232658
0.599777976191267
0.592490049115848
0.572564902519443
0.549468787848251
0.63563920253725
0.633162791693828
0.541746606299952
0.542397277859276
0.619283326474437
0.6474918453319
0.36244655826618
0.281011363625759
0.301087767358869
0.316233695134521
0.572992525396403
0.591836481085077
0.621130877661333
0.428477137705311
0.489121439179988
0.62585632606419
0.629993240134357
0.27779127837502
0.289687482793815
0.497664561355487
0.521003019418276
0.580284937359014
0.526036286768022
0.496725730270279
0.468745840706863
0.350699330610806
0.464510465251792
0.352961288963047
0.617043002601081
0.265435915857245
0.514369391861372
0.615096688998159
