0.435359021828485
0.0416451312082354
0.449184933998622
0.162708933459362
0.43278059752821
0.565288079907652
0.509874825819817
0.515018009917345
0.4305098302837
0.469409948767607
0.532202656313777
0.31112614080077
0.178518128039781
0.335673000153853
0.324728116847342
0.332469900810386
0.545054277346004
0.355592350390526
0.411874440978048
0.452561489524553
0.46038212791117
0.500393903459075
0.555105002663184
0.314720773684792
0.262237814101085
0.33366277474747
0.515546122937463
0.539416279861952
0.53780226451417
0.541308316402825
0.530443699466763
0.325089763468132
0.253137716999976
0.201531544558704
0.256968857163116
0.623111144044932
0.488764094300611
0.341308799870589
0.590809655820241
0.63565005619778
0.588475424567005
0.380506027018738
0.63829456621888
0.414852148364764
0.33314853264764
0.403838023117278
0.306601338500379
0.587876927960781
0.22959073931654
0.25523225272214
0.556081552395597
0.489396648464909
0.651188046212075
0.59970116212585
0.536027397643866
0.369993105176138
0.37376866162382
0.502597951601879
0.632970494066085
0.47031013243855
0.516681646478633
0.527204216095803
0.636600761552762
0.633170999474972
0.640402331983762
0.438639055734966
0.55965325743123
0.463159041842911
0.519225109717382
0.445027270497056
0.358941370704218
0.381798960562795
0.571424345139341
0.5370030106448
0.54489015370654
0.633410896831302
0.522196959761148
0.521037755635884
0.449450006588525
0.601466468910591
0.405353029538286
0.449168344071289
0.571286440058135
0.650501428694924
0.538778007657252
0.551733852740144
0.387222015275154
0.62792854288513
0.543490116367349
0.616879516441118
0.579194903615927
0.525117657786939
0.507334625733737
0.340839129869826
0.487648633952253
0.634454426777083
0.587974407778875
0.488702099279035
0.552420014553005
0.392876566711813
0.476994217748055
0.416462161948568
0.560766464730958
0.635036940890752
0.644672763519473
0.462636524531156
0.64500764794173
0.55478507661309
0.489408430507407
0.640254282331824
0.63597419741364
0.491453583593314
0.360856308256509
0.508031789469766
0.428329413550547
0.377417016089925
0.644501644536098
0.413673628860852
0.524540411491199
0.415518393882271
0.589097397078109
0.594146656431825
0.477881783356627
0.425122673998439
0.544882094302448
0.433333830169799
0.59203974154082
0.368305752338842
0.151731248321943
0.0601672227068339
0.636685295493808
0.632323678539044
0.642093803514219
0.646864647437365
0.632676759650669
0.568646316457537
0.370987120297479
0.257983097971417
0.394610573571322
0.290631516954396
0.395901564581785
0.307616254023438
0.408258873773273
0.403206271186223
0.46860776641639
0.368313872178934
0.577177915686742
0.243454143955518
0.600964551516343
0.641655410905602
0.118634511397919
0.255496534705162
0.458144144429592
0.636841439397307
0.496302901855903
0.452368591399631
0.529070168808103
0.13564287032187
0.637140912646894
0.485497394346003
0.607868069656714
0.384278365576283
0.508560829130515
0.507414849294818
0.490707596594934
0.531181860340937
0.562440474538105
0.596783607840662
0.512748434541141
0.522270465281326
0.505164970107245
0.497267803488326
0.416916694409361
0.512852423909353
0.3597779585011
0.226714559835382
0.626361124353251
0.542331297418551
0.542065345541791
0.590684145338541
0.622745454006632
0.599846905899232
0.322851907704286
0.245412640493463
0.638573097747751
0.366262706856942
0.499260382508626
0.361835119616826
0.488720389651833
0.410882151645651
0.480861925148405
0.541453150901478
0.370519866059288
0.596951593453557
0.614896739988733
0.542575321625685
0.302973417197381
0.463830621195724
0.527357840989516
0.462609435154767
0.402643440991827
0.391651596280746
0.392273996681208
0.369296411443269
0.617267599399314
0.488331147451419
0.472720469856298
0.400358400489374
0.365617546477228
0.566707894346519
0.637270307077646
0.59032218828384
0.651790422955976
0.605741118446192
0.554438285262183
0.601015014961538
0.573928829232833
0.643739992825082
0.491639773583971
0.499512709585616
0.651467220475388
0.558844189126951
0.54116529809963
0.629313279252499
0.343615829706891
0.574944104913883
0.633787268111348
0.628052470586348
0.470784006972823
0.580654614097215
0.368783152491087
0.489132655366684
0.592430818664321
0.533233215850445
0.468038660129085
0.534840820119716
0.497123712837929
0.377231814435997
0.641166517046776
0.594664800911443
