0.0238512979383216
0.129136160471709
0.614809426255757
0.61164473321382
0.064796033476945
0.306912970660254
0.331925444756169
0.319170874554431
0.417583295061486
0.615114721632475
0.5297459042829
0.610874127697373
0.55878742042603
0.333919025851734
0.231983408221742
0.408575546726243
0.45079617493234
0.510320542250061
0.418824156243121
0.609667303708848
0.635525305594845
0.490956781163812
0.59128024345194
0.535608772612747
0.499853525753213
0.589829631599831
0.480871904576078
0.383061016202904
0.497158671790006
0.638751330399653
0.301065679826774
0.299809704658808
0.607575481416192
0.651416982127948
0.39399559480208
0.646837561364984
0.578047333044466
0.586396229914939
0.617869304605562
0.555025347423726
0.586074370950374
0.536233352465634
0.583743797095093
0.555939389184117
0.512000401722267
0.467352326575667
0.41912150147199
0.405918928829569
0.228832962171323
0.295471233390426
0.297743008383242
0.489258807379287
0.511080276367937
0.568849930138491
0.593583147548953
0.410795253001402
0.431937258732929
0.585485706430827
0.588287952110998
0.595944705379177
0.649586031240735
0.645726066591668
0.544649039980025
0.284327369045046
0.634291547625514
0.536454430574518
0.555607697187448
0.491505697447574
0.652034923165204
0.504112675831077
0.379911669643168
0.253637410088209
0.54325478538638
0.47556629694454
0.596490207727878
0.568602629412232
0.611076923571439
0.557384885843015
0.409105764055857
0.425858537750899
0.533566644433653
0.562646832140502
0.467062607502332
0.611830259211444
0.479616377534811
0.579524092310341
0.64277020031428
0.47703000724371
0.274792935021687
0.506456208367944
0.561917661823764
0.589053062583418
0.625217692282636
0.570867278920693
0.646952383921673
0.542895897350507
0.640904995075893
0.64753241604884
0.297032498077722
0.576825833802344
0.519810929460018
0.448366135083292
0.415248268272589
0.45359908427191
0.643322507134422
0.626640502038771
0.526823309099413
0.434954325953266
0.461296900199547
0.648026321857396
0.651268539372522
0.506689424100565
0.492912219173717
0.623350712582735
0.511612405156553
0.487962635384174
0.409936681431447
0.630049916121765
0.650047699761985
0.562590275406234
0.579245754680363
0.47242923804719
0.475713855484639
0.547546827428741
0.287601113662822
0.642927862780169
0.608620899365215
0.463972909976928
0.510069968451971
0.471335644318726
0.632336445028703
0.496520957373245
0.494557634396725
0.393623229721431
0.349853109131194
0.413997176632518
0.424994162419195
0.493120948534542
0.469827165135243
0.541288873108148
0.549444126654516
0.622718050457031
0.464334547033301
0.502466969430447
0.424471251172246
0.562854043023428
0.631073176305043
0.424785784927696
0.525944678718224
0.353553581544198
0.521660784718348
0.555633759442795
0.357552233547642
0.354457669499583
0.471097774568945
0.632340011120541
0.457479756797664
0.614644355264958
0.426350208527409
0.518659835675964
0.481693696731469
0.393452943428217
0.429432522591336
0.485894897849541
0.486310233744793
0.588322946805343
0.587363323213852
0.638641433820403
0.521461262703181
0.383942215174725
0.537522892712069
0.563807778656769
0.522729545229891
0.543597347028498
0.528350502390135
0.490258015181062
0.509674099150964
0.631888573954491
0.499436942585977
0.495242399583338
0.520830889976755
0.523137009660959
0.550010301957737
0.582377337824108
0.642645713243168
0.57813843931043
0.401028586217668
0.157481692664558
0.357698805415072
0.506295612385729
0.586125682371729
0.499326136088581
0.42879133945438
0.503453728816938
0.543172139930006
0.496149193687141
0.514728903288067
0.568747238551742
0.583369683041511
0.618925484598382
0.565210006485147
0.588498176402518
0.640418106095919
0.534556457150373
0.451718673098636
0.575671378938016
0.53901950080297
0.529312547501628
0.610108974682633
0.579693802493403
0.613349966880738
0.609505311451208
0.524388578799592
0.646461426351466
0.5369009877489
0.594671265258042
0.421055012820649
0.60980317739537
0.379285898197352
0.415451672113055
0.645983929851325
0.560659540650836
0.640662185856608
0.633225306637998
0.263004598564934
0.366982854271773
0.543974649036651
0.519162424494297
0.61318253274669
0.451093131126331
0.493523899808733
0.442084176174831
0.525597778977971
0.46164077873962
0.491736461945665
0.63357071629562
0.589238516719561
0.421624946870375
0.581176324720893
0.443199064825967
