0.362323404401893
0.503123858832056
0.505741052712502
0.0816359964821022
0.210640764365482
0.631015173043357
0.452329131336965
0.192625582692213
0.210420732646796
0.151395654547028
0.137707861027913
0.605180401789956
0.500307588582643
0.627705085405204
0.642986789128974
0.620491395711282
0.45440597025794
0.561864057837985
0.457287550033473
0.592338117804192
0.421692241969819
0.382981474115746
0.196488105036982
0.36595903926539
0.331769229543372
0.402384905007199
0.357964003303337
0.392628494841485
0.384168121136958
0.357372591801919
0.225548722243349
0.370216670519249
0.564419131284347
0.622360564269591
0.569806307812578
0.46535634716833
0.571464855576285
0.361717012292938
0.367769539119411
0.402977829864846
0.458335174665116
0.402298125813283
0.623903643298196
0.485185380398345
0.534597389795333
0.444931911163493
0.476422332109418
0.527991422417696
0.536635050611007
0.643816719923981
0.490332789540345
0.640346062779993
0.390298114127943
0.314404221048346
0.549988799938325
0.363361441494199
0.366744571465068
0.622877815209562
0.391533746160476
0.311542519935123
0.348458724546246
0.321518537404981
0.571189850512659
0.615586827764795
0.634478819845656
0.480269218499205
0.652026086844143
0.652480016753421
0.61381271246057
0.638425117533625
0.556819150969724
0.516210212422069
0.594892665134044
0.648266722725937
0.623076865386244
0.454674067036715
0.584756223837825
0.319727570339572
0.59104847412277
0.637667703920801
0.483996577833081
0.59014941626055
0.571993860761967
0.621309027330286
0.496310108886468
0.474180074899477
0.521437501670326
0.593234454650738
0.440464291418891
0.503828201397158
0.525152171263005
0.345165598048301
0.295098100618464
0.56338404648914
0.626737353419383
0.427813327689608
0.607662059426497
0.644865898194396
0.637605269276935
0.616296364034967
0.650055576141069
0.584316553350473
0.347921448779292
0.611968544123657
0.636316533756587
0.646704462018265
0.627312418043846
0.544752685982454
0.485697498758789
0.60539870462101
0.563079609257321
0.533885640177173
0.449672089590861
0.370060771543067
0.463688064252066
0.482642815221245
0.486632366213513
0.464920194884762
0.463867692217753
0.639053959206445
0.638368005401003
0.626980841220529
0.57672015678346
0.574825847019121
0.497899393267317
0.33052106048679
0.472329966274991
0.512779958139325
0.568239075721164
0.567712762172567
0.633566337586267
0.58874495106289
0.558534915726809
0.652049057518132
0.368841358572012
0.518395987306489
0.609285476196709
0.650361114088288
0.622885337251925
0.457163121577941
0.625498906675232
0.434012328862104
0.591575268243825
0.612967848485397
0.647677921358549
0.32233587638638
0.290194738576654
0.50351162515875
0.628350392642317
0.626693163622171
0.628842379834853
0.618576458654587
0.59579891955045
0.621252733445158
0.64598789338063
0.543155999341514
0.601419156178328
0.604189768268656
0.561688884057561
0.59869343691005
0.595198014114612
0.458023408435131
0.524513932052767
0.433319881640441
0.493622413331258
0.307655094163027
0.408042332008371
0.559304384143758
0.567356150453629
0.636390927265532
0.641541594985356
0.602368897854937
0.602592674724265
0.627292396030791
0.578333537592339
0.364386355776462
0.467410011012806
0.6178934992318
0.502473377419463
0.405130295175128
0.508234556375876
0.58710186561464
0.500382828815349
0.635407581083088
0.616610545088827
0.637812673917348
0.600901555177923
0.631299126231112
0.580715982965775
0.625776766556793
0.576743553933553
0.61581905356332
0.620269108700765
0.541843069815166
0.580269614955352
0.592631758394066
0.599467127174438
0.488558110542363
0.49414604788934
0.462586905591847
0.546244414648206
0.599746913351015
0.646238249098191
0.650262843897061
0.622541766013502
0.644283476865961
0.507906788658118
0.607034022751506
0.621698366964713
0.647810110647559
0.648180624035306
0.571290229375902
0.59175774092497
0.357364769881824
0.396551987980728
0.436248529659119
0.62173418426374
0.533892048138194
0.610982566021552
0.570896294922841
0.5737495828918
0.555937335087581
0.604770060838123
0.597849520786541
0.590236141096374
0.625610696372763
0.577579116316279
0.607957967557179
0.625654480549889
0.559354860049141
0.483036981760856
0.481424297287595
0.55849976188219
0.508064616153446
0.303811830776528
0.552638157477017
0.401415460814055
0.452000445787876
0.333108851410729
0.268358552339408
