0.126168320983121
0.261697210392216
0.414058626452927
0.52788969845082
0.440422570130089
0.317483658551704
0.211543587532593
0.397218616924016
0.254036454067231
0.443250716876471
0.415637002870906
0.644824012599627
0.337338131361175
0.615666334349196
0.61043897094232
0.589969690194233
0.607053414284935
0.633501626490122
0.421155988875033
0.549514377434187
0.461845983397681
0.402976892004954
0.380372102473479
0.613135358382715
0.628403664789138
0.64116374635977
0.633984816490919
0.637016385662221
0.636274051344837
0.619791245128261
0.597175935380879
0.197502864971058
0.173294011026155
0.134009510733187
0.00353105604625307
0.331726522869431
0.61602306931925
0.603884370452561
0.59693277759709
0.400380223547357
0.58915881285429
0.267966705353465
0.561304628098151
0.433236439840762
0.314106610117247
0.483662384331925
0.609793462695063
0.6326985753146
0.651655711801024
0.52076037481621
0.436690473211877
0.609181801287797
0.603794847059562
0.638019418794765
0.617452611826009
0.626555961249176
0.584411180057237
0.395487224129575
0.559296270787716
0.423935014521282
0.409184497382679
0.525785667986725
0.549404377202324
0.343864678073719
0.467282655485105
0.620245980037718
0.399326194936162
0.357415984472302
0.454346712831408
0.378497024576413
0.534929346966049
0.595216352646488
0.5668100306708
0.569136733550346
0.472669226860899
0.304533564977814
0.617067669966629
0.474767389293797
0.338130937324138
0.32234751614744
0.547092503666412
0.611005183902652
0.531427099108463
0.459000145613773
0.550609452597358
0.455908627213777
0.572295187373307
0.616275377507478
0.643319875330731
0.39978449007314
0.542401935129671
0.625910838574846
0.609995961157919
0.627219000570303
0.644360127397115
0.496749848344639
0.484521189532617
0.313504814114189
0.437640642756363
0.289611345484223
0.345501993899001
0.224341696287072
0.615611648261547
0.540888721751893
0.468738035358954
0.433416429070435
0.58427382774232
0.511624649217143
0.589109373860606
0.562015628223564
0.56366039149824
0.321899152438389
0.424037405855255
0.616153506484098
0.615250845477643
0.64318999779919
0.48584300131385
0.560925598773873
0.555924458687969
0.502129415880423
0.507598264529671
0.643227399520344
0.504122172232352
0.597091000519693
0.452582558095222
0.340700632912573
0.613591234942344
0.450952685502707
0.509222030527771
0.561623279016698
0.563333051590016
0.607445884457932
0.596816635122185
0.585420750397984
0.480263253704231
0.61413212270649
0.442589289608363
0.40327035806491
0.614095043686916
0.527438780538121
0.431369057381285
0.302937978115864
0.472277822362958
0.350868410656858
0.61180438890052
0.539043943886488
0.550651324663078
0.648556276814292
0.490559467881468
0.273573113352186
0.42291349296685
0.541037727382733
0.547090915274088
0.503961774177785
0.524371824280874
0.460467283916977
0.0531424761821982
0.0737865550022107
0.193596116995672
0.336670277101453
0.349294889735291
0.477152619421948
0.507080576815643
0.511813838267586
0.529200144620612
0.369947267115815
0.371487736295633
0.571126799487484
0.555233047921211
0.632724213391505
0.564615181513066
0.46354711818034
0.484683582382149
0.633732942891178
0.551577537160017
0.636811809775862
0.507222042065874
0.59262650530564
0.566649230686715
0.612489688903633
0.486066506625754
0.511903652535984
0.613388356226962
0.448688320904505
0.522320417653071
0.551428925453851
0.511837193633298
0.442352554459891
0.489639448006637
0.506469514071476
0.514785211699011
0.488365718333042
0.587634045223926
0.514396487760742
0.531921261200536
0.510747659283665
0.360799749327684
0.218014925950672
0.387525842600735
0.523755686132229
0.335388210925972
0.405544984044274
0.363620824729155
0.627966297541047
0.627828971766967
0.600089482701487
0.588844175567812
0.500610731040191
0.47507367464229
0.523782660981849
0.454088210336483
0.599034352756392
0.540226936546426
0.599073909651704
0.559312495380018
0.412675637774196
0.508885732889678
0.616160756265745
0.590268501483088
0.546297776069876
0.486093134753872
0.55272965054798
0.499051343252334
0.624865041995211
0.629716517130392
0.560408400287153
0.642977046735585
0.561527447998075
0.429602064581821
0.420713702797543
0.472925458402839
0.393353044023567
0.521493979044332
0.619477126418298
0.480743190284405
0.239537192012659
0.516809660495957
0.60803751484891
0.496771369295428
0.427877146031267
