0.306108127247706
0.56492911722092
0.524462460188914
0.325358238366433
0.583981035364559
0.560996678939
0.333453554884009
0.555994459016714
0.556828533174182
0.453821696026917
0.505826569312747
0.327727798953652
0.574427308679358
0.535195515313443
0.501213278276473
0.601490382135846
0.524864566075383
0.615596314579714
0.527890869964677
0.588272759694707
0.431924327446001
0.463578654873014
0.378208504173905
0.482809578875
0.379012929696733
0.433085527071814
0.431432975213384
0.411680926033296
0.542516427918098
0.48799060825827
0.548988238573502
0.565314879682418
0.496456339296059
0.520606375597718
0.485354916955144
0.608425577144516
0.520498690836132
0.597480612933636
0.507635676527158
0.583499837500145
0.641123937017691
0.635715327854584
0.422686715324373
0.53642377889861
0.633088674286528
0.544684415025637
0.397439508019948
0.591531057249138
0.537447066747511
0.644377013810698
0.629834150356535
0.588406891533316
0.554400332224787
0.512374674068764
0.645568926389528
0.622999192113753
0.610734164363048
0.641341606724917
0.425018898847601
0.328350493430462
0.340131949628061
0.386960573825752
0.564630706324714
0.332150835313834
0.540250999998101
0.553529639523709
0.513414286415791
0.639081584041589
0.607550903810482
0.627558093085621
0.431783495499832
0.437611567834489
0.455722387051934
0.529443172166318
0.560769485537438
0.523303044256217
0.505691730913443
0.461652497792663
0.45494305126369
0.392525320929049
0.598712794151118
0.528642268511501
0.637857315552706
0.561299996722164
0.562604449126602
0.61424072578974
0.633627656455142
0.555047136890831
0.627616861286882
0.610252506805755
0.598849063074418
0.521361915571289
0.423002638531915
0.397154335076191
0.495833116599685
0.567532745838884
0.619128192846539
0.61619099328569
0.646562618937033
0.636417691741923
0.589002946563306
0.507512282911474
0.528538438984554
0.421447807625275
0.52682983250753
0.431768403027905
0.437633075140434
0.647115508723627
0.588347073185932
0.629823818618393
0.539750969643466
0.51378613877806
0.575583616180511
0.632888750381703
0.570171050672687
0.633793365159956
0.365769760625204
0.451868308957588
0.545673128060244
0.599221095223048
0.618190033934581
0.547273522385071
0.522150384000994
0.409043058433861
0.584632143961731
0.542389119120315
0.465470881586837
0.628102422970117
0.528669374273159
0.488867444547538
0.43818932745842
0.630190713443561
0.642269916093212
0.545103570575005
0.645829650232183
0.497696079372594
0.438212770592189
0.486757971296909
0.498676279063337
0.552702522003889
0.480668821315514
0.353656976177357
0.363990953089165
0.216789661239787
0.384679588839877
0.449093684834008
0.438745225786929
0.57303928693803
0.455500416778028
0.433971723144874
0.398307925001951
0.586607109998607
0.578733079028423
0.566207466377877
0.48186894064349
0.564955110011622
0.596398224731907
0.563645898378014
0.516069424702087
0.570313262509113
0.501120419495905
0.544862207374303
0.541555180258548
0.432899623782501
0.350010443524942
0.634200439770939
0.50431977822299
0.355186177525562
0.470710681279423
0.602329219351291
0.618790853102935
0.567989108067167
0.568990741679102
0.582086289010046
0.623027730511061
0.62424331386402
0.602239478558785
0.633395786084544
0.445802903866272
0.405535722161667
0.517521843359388
0.394541930405128
0.632146613920055
0.48800764375472
0.177608315612972
0.39353922156198
0.528415024047252
0.568398725628863
0.546409377692852
0.605059509673678
0.612772608133626
0.582883575659247
0.492118562068789
0.626037538844296
0.63931973944766
0.542356331654957
0.644382504659596
0.580315948450484
0.583732921138226
0.649533159137513
0.509989762619371
0.609360967938263
0.548956091277808
0.518780658320058
0.467088836560724
0.533039892584522
0.5214792219387
0.505435781145223
0.326058158895234
0.333476412152749
0.509566887546098
0.399838350510349
0.598086353152718
0.541719855894186
0.499434116989654
0.612495858947525
0.532916948161859
0.55854074847833
0.620001754166326
0.607547168499588
0.626657314039018
0.302020460822387
0.556558579749661
0.462632851044415
0.625299076009581
0.586936402379302
0.530865300802378
0.503423479813252
0.516172830586089
0.521940202836909
0.484628280573036
0.538411292637383
0.652204008064738
0.513342858243227
0.534072578628972
0.574918216078309
0.532148373975829
0.613988087574049
0.554642183841453
0.371952385833549
