0.271848840034987
0.271248895947048
0.464452327084728
0.020663317152299
0.540416904228739
0.458798383788527
0.490808953211203
0.182201153470902
0.451422423075885
0.389970470671755
0.183474580975948
0.148558230568888
0.281986551729926
0.426225446851948
0.560508542849462
0.570312548595015
0.353404636659427
0.253166975225883
0.648680649274495
0.526632750731689
0.575786730089952
0.553928926293738
0.511519359946018
0.639351193890041
0.370941887344234
0.382877094789552
0.640853069245583
0.625303929575791
0.205816612295108
0.444816200823048
0.385904197524842
0.149680773331085
0.350190608065575
0.302538314123572
0.428849787041778
0.434987571675069
0.601451305148504
0.595386621661019
0.650749346103406
0.562798278604933
0.59258528156695
0.447513433117089
0.471533441789134
0.419561381220352
0.473115179533139
0.513847715057527
0.492770597283694
0.0704210734979715
0.558988454886479
0.476311070146467
0.58339430652
0.276951124208979
0.32708251966117
0.404814527243856
0.552527294534438
0.393747644328978
0.299306157772302
0.529468463947041
0.601128305620334
0.390480048498139
0.576651490953643
0.474031980062582
0.469061230904823
0.452696359149413
0.513331123260969
0.588597070651129
0.65128279857833
0.494107375952319
0.4171691340697
0.571238215907477
0.604023607740125
0.510998344914312
0.519651310229674
0.511641006894818
0.520860986356856
0.47394520082768
0.567420737177502
0.5023709014729
0.575709464863874
0.259041677718284
0.633275425919564
0.481643933499548
0.490071040810319
0.326152768444968
0.337172888869878
0.551353979602689
0.288572503486415
0.314586525136838
0.255983064221044
0.623471338042524
0.607281370572275
0.467657643306081
0.469628186802845
0.514862676530611
0.342970868278744
0.456672878609157
0.540115144387558
0.538355211770719
0.628547534020442
0.629162725165358
0.193174920730526
0.19178912068636
0.574524040687597
0.372226403972305
0.380887155056308
0.484998878615092
0.340955295273336
0.260315828318009
0.508290933618788
0.502673363700975
0.623091194509973
0.401614829229636
0.367472377746198
0.479344405498046
0.322441662125653
0.507392576053739
0.546862958832508
0.344421063897666
0.366725011819567
0.615292838461697
0.4527733176027
0.372021737264702
0.354449779368437
0.361338234836777
0.554294368249364
0.642430071640107
0.53512463447731
0.644913862094805
0.471982680318134
0.52166251658788
0.487021341576143
0.497201097796185
0.607918164953502
0.456217630181318
0.491747964429333
0.35112188666807
0.603788930090409
0.61887890322227
0.38757030228083
0.479735990043956
0.604928961506393
0.631271994524023
0.543458398173095
0.604799833135513
0.55485308875583
0.474283696277998
0.633265908619156
0.512948273332324
0.560586878986345
0.516673982053282
0.514144451022075
0.50072107922053
0.579180874449158
0.413006187389685
0.540034282194644
0.57482158586329
0.640571330939519
0.488427939208457
0.593039853780229
0.611237956849087
0.463677690928103
0.554664320863247
0.550594847872676
0.651693035144728
0.547125263534719
0.399553177581812
0.45380480278167
0.553193523216268
0.624192419864405
0.523807156002452
0.501950798805406
0.505789107762702
0.494559725227533
0.544739895325784
0.558758079667986
0.415471678888192
0.357448305713944
0.640145524425883
0.649786645076322
0.602679808009308
0.651987399708481
0.582119001340587
0.511086059109631
0.341566685964353
0.282765736818779
0.386434805085883
0.320819212967297
0.493837114080183
0.607527042204674
0.446244867684595
0.250690277657149
0.543004115564492
0.434930800436704
0.631271472263216
0.525546149422865
0.221092077668499
0.393668643772468
0.25871358110942
0.634648871789012
0.40361069692675
0.368038255711916
0.467799766190816
0.581015112807249
0.531716647330166
0.629273194551495
0.558948303805823
0.603328663382516
0.628294278144604
0.506086664707623
0.508371082027578
0.499941584359658
0.432627644246725
0.566910900497809
0.600565908933058
0.535833907300109
0.545855702793496
0.536202278588459
0.396918509066105
0.446640186949134
0.420463085676145
0.259074567883508
0.293091523432148
0.180768996634654
0.176443022370338
0.0821778948301412
0.354866742910269
0.610810954775922
0.370800763467327
0.58617139511928
0.563640024134191
0.639421734217514
0.58168110619678
0.611729321229144
0.517378819781821
0.51637765082838
0.535455464741251
0.651977340694159
0.611053078576317
0.566548361867666
0.499972938037478
