0.0464899051133186
0.652527805947
0.510017779193353
0.649040486182086
0.253837621260667
0.533537165706279
0.561491033541448
0.476370552692097
0.105028708848637
0.42575771925156
0.328885394931538
0.453189641386038
0.327323926207791
0.596569770518756
0.527200823338871
0.636201948679767
0.557662295443472
0.48003069294001
0.342813900983194
0.349264467204636
0.410146143004247
0.58115884476517
0.553567785502255
0.501207637710497
0.543673097634921
0.470675475569209
0.562697688822105
0.408981986682952
0.488181898489827
0.29480067942501
0.434336133884048
0.42970972951781
0.56449528914853
0.381417282425333
0.444976810012944
0.472039966023993
0.364175753290299
0.6512208425331
0.603323487537987
0.598765413367888
0.629072146570295
0.561475655351172
0.413383665449993
0.377243115002289
0.330134881612822
0.626101630211808
0.621403327224767
0.647766868178246
0.521496318724231
0.56133699661959
0.406695249390592
0.45531751457043
0.627379762089346
0.62066095017381
0.518826302227331
0.612785131475711
0.630626359332104
0.520353022605135
0.599047570962925
0.625225519971224
0.584615385106693
0.565661731937435
0.441495606905315
0.558592967404286
0.644158420014661
0.493060574835706
0.511093247670913
0.359978430151126
0.586567699047737
0.588267975473901
0.452768024634018
0.393425530583598
0.363524679205846
0.589567522701807
0.393648942817468
0.53637495341665
0.470743429291256
0.449359827820281
0.558932844748955
0.415159756885609
0.624832992115739
0.617438510315324
0.586729743409902
0.595369367798658
0.50214564262358
0.363965845346103
0.555737292735372
0.570084731084419
0.587500980606535
0.416477174405961
0.651073368917446
0.305219411310973
0.419762917732666
0.59888968629996
0.543047190348835
0.464257276170049
0.501330888255965
0.506071277544762
0.575576284789861
0.625893986595207
0.635534799557645
0.531228343399707
0.584811467816381
0.164388085344806
0.559536021069158
0.421923118979725
0.526872581541146
0.217961144491564
0.593133283187635
0.550907072898597
0.564999714630505
0.60182910341563
0.553077657716988
0.551295637165732
0.482229979643918
0.592312256767182
0.611151501138318
0.62175602300246
0.579954214024703
0.651698207301119
0.627935323862717
0.577165372821968
0.430269409056753
0.503041121505667
0.432178626358336
0.21936143654734
0.600248865516624
0.600035535040751
0.558108393933936
0.412369535051249
0.462772190332168
0.417740393310087
0.505449823188047
0.427786235968018
0.491677515638145
0.490850189466961
0.409931565670933
0.466906020003434
0.624027044087384
0.362175528223816
0.296405387679348
0.251357161576394
0.35904756263108
0.473095960800368
0.631037118196366
0.380030560298472
0.257171987434018
0.18711446398776
0.531074095567223
0.44546386097917
0.460314706750908
0.540397200679939
0.238175237773251
0.631432650753064
0.516981296505314
0.487240752754966
0.480136931605031
0.471868976606216
0.608198114283383
0.463884675107664
0.378720391502873
0.41222981300579
0.420867877687793
0.524330093592638
0.609068395395696
0.611072264320118
0.489076757972184
0.543489821255468
0.560601243887906
0.564462450980442
0.534008393859258
0.552987362611517
0.553873488513037
0.643523328126743
0.576245516248108
0.545191623927778
0.477292859195499
0.635328767812127
0.595731914947163
0.280106586355653
0.454176537799707
0.585322214769673
0.467827235925796
0.427284772823565
0.331123495981301
0.507761672947102
0.644052512999216
0.555395603390293
0.267660792735377
0.501919698979052
0.628340825054931
0.552100358219362
0.445306961905982
0.646347113549673
0.296203086586902
0.561213626571931
0.097380958179012
0.0978570605313871
0.416911119718105
0.500610018640688
0.637578784207612
0.472204952228181
0.230984880758217
0.129345796657261
0.271354462005198
0.514729408630403
0.516971235415462
0.636081387407533
0.603600832326888
0.450309695747223
0.630483908076031
0.579440801131289
0.595738008672324
0.57784346966941
0.595331870981968
0.493052422454261
0.440972118669787
0.314496628274728
0.442761276650475
0.44807771781957
0.503271301078529
0.586627060930607
0.513472046103945
0.40380087147816
0.587170574251926
0.473006826014553
0.511277941100438
0.319947982330792
0.605019979373552
0.582189070735176
0.621538022482302
0.454883684369503
0.64659312385569
0.590825873317896
0.427513320914935
0.432973847013898
0.468654384129681
0.614588655646937
0.646140359376423
0.60993358058208
