0.08743259505619
0.0616549477430526
0.127765532647567
0.430310578321572
0.515271951311966
0.30235690783686
0.426846034062561
0.292437744671712
0.21929163995343
0.0545733087493573
0.167587287677832
0.199145348858562
0.466615393664222
0.408034805949777
0.515080354626461
0.475811785719166
0.584774398897526
0.25385302543453
0.408253060888732
0.429197629721799
0.466584466923028
0.407499921107099
0.476874517024657
0.462422467657307
0.375424146345368
0.411726761508966
0.558944974637823
0.389073035757033
0.282699730255175
0.0953900585270021
0.0888464842572376
0.612251943000592
0.222062537108023
0.577484264873434
0.449290226552786
0.0686710666019481
0.468405761494767
0.56744066958191
0.509087823637528
0.319751030322397
0.338999682007846
0.55578963575908
0.194795312507078
0.532552207366796
0.206338623861782
0.564055110887857
0.624715605895442
0.269695280650927
0.446627603846136
0.620120048715733
0.499047419874696
0.629556457282383
0.197295887547738
0.257406556326575
0.421349607741926
0.385199377421653
0.342879964464103
0.298115162529439
0.321197877385662
0.457898505548481
0.407146718687172
0.580896937731886
0.429991451222609
0.448196708145474
0.478497075623367
0.605436600817073
0.107385499577736
0.345725770416902
0.425052686963801
0.396417684782616
0.287086569614708
0.441749374520034
0.337579708688194
0.211341750994302
0.511215074113658
0.603801987791925
0.592767183343299
0.557422127864112
0.401001700505381
0.317879259758629
0.358845815262524
0.605903467125958
0.284206204008226
0.575992948994041
0.440674228820019
0.434877928435655
0.467862056023441
0.270458276485947
0.602102430697065
0.48719477527542
0.624602927922548
0.647528805332903
0.552430850097277
0.4372504801083
0.457355967842423
0.640372061171257
0.200287307820283
0.266572910407325
0.518084736097371
0.570887723736698
0.520959301538766
0.615375209082151
0.546349162846137
0.451210877975588
0.507902170838446
0.270734244871652
0.415715686853277
0.551062175474595
0.276496003005188
0.322029790410522
0.268663841038322
0.226605678896187
0.214860292074038
0.478471054097405
0.622918464655057
0.600727253320082
0.584616794607328
0.387478035186883
0.493836207582206
0.628668839771619
0.598744163567433
0.172044413689597
0.363666249669811
0.601409412256472
0.608874743713861
0.566652197619422
0.531898302490109
0.390396393337574
0.525649212575329
0.330581409403945
0.525831678668033
0.60486795185107
0.627686071788727
0.331422013258238
0.571151468414741
0.637668988200881
0.486747214029543
0.509635713205906
0.455566234128239
0.458912314078865
0.474778372878003
0.4477439695918
0.279887175351847
0.533410480461083
0.19634357832605
0.149255232720403
0.339701417171163
0.347177017789567
0.120952095830115
0.322799420822179
0.188934492079541
0.566171088587027
0.600015176568059
0.466398672792828
0.54960958350101
0.567706109731924
0.163519003383815
0.185241266087396
0.604367103785975
0.362167322393274
0.134887596156125
0.590822193532251
0.502819428674178
0.515479246991286
0.412450236407063
0.56954494670808
0.266921699747909
0.616521990063406
0.502033801303302
0.603425159089267
0.58753432885278
0.541370272621999
0.287916288831271
0.268465505824191
0.49793230342865
0.538080175883595
0.331828761554556
0.316862788242851
0.379436499105068
0.285324235848652
0.536391308477945
0.394126079943264
0.269953997902133
0.382305606531451
0.241139928208732
0.276948540012119
0.27384642734821
0.48025288983644
0.403540144446539
0.602845669856809
0.594029216633449
0.151975321815582
0.268779604560696
0.225384330024897
0.350005040320568
0.398604286209637
0.383366234565639
0.568229529054204
0.385604629450012
0.305441550162375
0.381852938151453
0.340654980359117
0.480524246926885
0.517085943630897
0.418974370192504
0.614668058101954
0.0955219363187158
0.538192712606049
0.418183604753236
0.352347500907953
0.393251594689209
0.63953724993486
0.575082452378236
0.505744232919791
0.623992667258671
0.440546481130412
0.584356240699996
0.565771764749213
0.576712758275447
0.456423157807207
0.350805771893822
0.360751507375599
0.509166801678184
0.569734342936901
0.517545447470706
0.419898229616229
0.479823744243011
0.417486841333985
0.470491408126859
0.386687285695458
0.554121234053513
0.402357178155147
0.561065424181041
0.567656790720625
0.378502287520874
0.56107789625763
0.539121180381213
0.602920309770387
0.387104786556767
0.336123477192363
