0.451985930269689
0.116985914519755
0.308531531742308
0.649152866589371
0.281639969625976
0.606426757487701
0.47504769834488
0.528126689283643
0.636550022511045
0.626948009987954
0.560037342888924
0.573675341734935
0.603179174920205
0.601000536145418
0.639720197539315
0.451749821980484
0.592307327833958
0.268415099729737
0.526123895788155
0.329994734982261
0.507371202189941
0.652414524654312
0.622400477315805
0.616369608774575
0.632998270584059
0.637612254372565
0.651653094463504
0.551975146238491
0.395189834773541
0.585395265337313
0.565214357289896
0.547927540627704
0.41436024105429
0.635327320412533
0.553372186227745
0.352332459205296
0.477430497179263
0.644590049209504
0.420348383997921
0.309817006526515
0.563651264082971
0.60890378742525
0.545419291113523
0.612784531139019
0.6521704438869
0.585088601355236
0.509505713406889
0.639025922718457
0.595101911189035
0.544255887628626
0.633812773559762
0.327071872637386
0.331127671698341
0.521452746887328
0.516253527782273
0.488333027449837
0.583523840085784
0.529188396957928
0.53584565801595
0.47731345376605
0.592658310066232
0.496911739174559
0.595179447043254
0.641418005891431
0.529256399530737
0.558983320126004
0.514692119500531
0.625160784752807
0.355626653395826
0.638282369595487
0.546811079048552
0.362212363420594
0.390434258644328
0.399504493414124
0.638635694393888
0.64882737837849
0.61163790258416
0.633659484771144
0.634225768225628
0.497203513340859
0.432845510175452
0.414416823170148
0.438294206988185
0.588312917802292
0.534504621231928
0.588093779027437
0.627474476393545
0.509195625520192
0.465417389846117
0.337339010398451
0.404160199046368
0.540905193676008
0.55279852344722
0.555809210411931
0.498470027313737
0.619826828865626
0.307991584444119
0.492949577799067
0.554788353294196
0.52853271275086
0.63056720631104
0.469720490233973
0.498179365914754
0.621906561884509
0.499640053505628
0.604864354862574
0.574564620379881
0.582117659768483
0.53429049261543
0.463332047414268
0.607582056469284
0.419806161206702
0.454599961745684
0.463173500714234
0.499353487667613
0.63228271081214
0.631413558234884
0.51773280088379
0.640670051327107
0.495438655895832
0.171525792607339
0.19078893832257
0.571295214347309
0.640552700942811
0.613216946466609
0.651237130076022
0.589585534530043
0.651562070735963
0.64801115604071
0.58005867821374
0.544280615451513
0.575715323511977
0.623159391458077
0.563496237052076
0.609033883092531
0.46539151405556
0.44689206521868
0.55706610671974
0.601819305978929
0.383072745966259
0.380670137617861
0.446428671074012
0.548993027860077
0.199616921664914
0.52329991142801
0.64796869488155
0.515789645139827
0.632226400713175
0.40392593031316
0.43435572262961
0.556880304732826
0.591077076804824
0.496672820146068
0.617684234118603
0.495005506088492
0.437524075144881
0.523305527197297
0.456125790441642
0.609784173031554
0.555956107928686
0.46764901508973
0.433434034564041
0.465828560533586
0.544124925662408
0.535443312352236
0.540253540674441
0.642048064844763
0.635424317627929
0.567633689266281
0.419531220904784
0.628122271465603
0.619654523286305
0.613739478685955
0.637048766863186
0.638858712094301
0.605762858772193
0.540327225124968
0.642463621856412
0.61621172044637
0.504486331979527
0.441187873531681
0.600227417306043
0.591103527670685
0.518982757732358
0.593446834363708
0.624198706603851
0.513527988808194
0.341703978473321
0.342696523833554
0.421350115894719
0.592377851306694
0.517628847016653
0.545308314372785
0.486995970450196
0.471103199914579
0.560179855236551
0.0891689602804836
0.281881836912191
0.547217140254044
0.60532455610439
0.624244571297945
0.457414733010344
0.628351448052596
0.635711934767391
0.643130993663202
0.595460057924514
0.515950122478526
0.353357384793926
0.569561510015978
0.103456632294226
0.517638682160294
0.415353756087425
0.465239180865561
0.380722469474887
0.590498583576875
0.608886661334488
0.579247849711558
0.46856121833669
0.494744773059228
0.562302063461911
0.472101222603582
0.489722273054093
0.539411260578284
0.344348563925596
0.550226753297262
0.490742933106858
0.624921647794312
0.502296131926822
0.549899382275898
0.561881387936184
0.503140691656441
0.435796322741337
0.581803080943327
0.582129668338313
0.501724212079542
0.618292445418379
0.517355817942362
0.444342900088996
0.56135455489862
0.391556454775486
