0.518459484445844
0.488823289552005
0.470232842398671
0.310357641218463
0.000976128556765616
0.626254432463087
0.443449349054515
0.56990656088409
0.332427435855215
0.545823151442366
0.554516330645872
0.62729295430915
0.650430705640305
0.198581039276207
0.417713663741248
0.522514910707987
0.633282966538959
0.648074173192384
0.557977159994155
0.468859408730081
0.509928643966937
0.510118942763354
0.55582249319564
0.55202108314659
0.587785163191369
0.651990070415894
0.32094085634564
0.258776631286135
0.468398399186786
0.407098298450699
0.102010058582295
0.40437836128777
0.555090651330771
0.5499330211699
0.626494840921128
0.571691249777037
0.643040669680861
0.432295016759173
0.465914539650936
0.364682443490252
0.555900269549107
0.537701037423222
0.467740081232274
0.485906261192037
0.520761837476537
0.546509705020884
0.546230642660429
0.528044775096887
0.637714284855798
0.559002569904396
0.547816693022382
0.494468918586885
0.577373770964745
0.510412489888144
0.570473799359264
0.515221746395855
0.466756233935693
0.540224307823559
0.415988485992723
0.409988577860152
0.476110221490343
0.531658270852884
0.482994360515666
0.652510124640074
0.608736149526214
0.638727216870683
0.649467135005078
0.576729441464272
0.534248792214048
0.594485241675324
0.600993364118476
0.572080378079153
0.416469015130773
0.570822603647763
0.500219599750635
0.585106628317539
0.546448866389099
0.560402003533748
0.564017066950196
0.608849654487425
0.59743606736957
0.527838103757303
0.473088285975989
0.595034147669561
0.592619048136281
0.57074803818271
0.585895997674528
0.573676803301331
0.500121169855956
0.485147042775357
0.624310807178263
0.600781839967363
0.597963969140439
0.647136141746359
0.622290014941672
0.534865545670269
0.548044855220131
0.449679324113728
0.436928320692986
0.495366692946199
0.518563743751729
0.319878778572803
0.333503240584643
0.576097166867081
0.379138688079424
0.618664888009935
0.562826619730962
0.624755157570602
0.547299797826428
0.565569375292864
0.640457724459636
0.624048502982323
0.486247054335428
0.560284750032704
0.57962117473604
0.566001726312097
0.622914035266701
0.652959231660469
0.572679689795012
0.566631153038728
0.41745155488348
0.391493272479661
0.446725330183283
0.506161485468503
0.621821888228878
0.614543391305918
0.544520938181109
0.51171593542397
0.644162846926633
0.39166395928408
0.608780327817799
0.535692758362343
0.586605557548023
0.584924981760708
0.61383226351623
0.640762143076828
0.520881273608706
0.469351031271508
0.419820394312264
0.645811491585413
0.505832591722254
0.598479270969699
0.619777358842653
0.596167875182793
0.502508788203355
0.59797206940227
0.5069948032822
0.432188831061195
0.472846134652644
0.562423650258919
0.381726705399632
0.578108476727924
0.600560269026726
0.552452747966629
0.558557644745198
0.443866142158601
0.64329085987179
0.537675174290314
0.499181729085976
0.550681084537781
0.547078596419283
0.346203009256395
0.367020396830447
0.599647777002564
0.590082897141032
0.548719378147536
0.287183089983184
0.470149844448378
0.599954729493351
0.640262451562565
0.602410312616636
0.588862296193062
0.572474251049567
0.625136387027416
0.619213882932317
0.637559430589637
0.594691859294209
0.605790272383968
0.381584851908778
0.535810956736723
0.466621249605024
0.594501358407007
0.601075913930226
0.338185828207526
0.361899264994957
0.560850110194343
0.441218431161151
0.454392441933753
0.333606155858646
0.332005221590633
0.600550726681482
0.594981444162782
0.332145516706165
0.394245448492002
0.519153203240189
0.537565370789656
0.640066202168289
0.604912895526372
0.652264001668664
0.458214810818434
0.43405201143655
0.277307307937648
0.531704415688095
0.53804150269646
0.482887482608671
0.570859890304384
0.549480600394724
0.622414481344266
0.565883066922266
0.541938273103516
0.473857627736771
0.508954090642956
0.358799080008034
0.650913956535282
0.630181578085563
0.577523077945345
0.607665906379121
0.559795255719926
0.638976116756676
0.559892552132973
0.526270351534031
0.559734154230266
0.611317381850488
0.632173546782624
0.384863711459795
0.476444718235414
0.467622986722039
0.484096104594696
0.512710714076413
0.449171117790195
0.397518663966563
0.48028136427139
0.514757983889199
0.537227350955183
0.644460105684272
0.625951338371235
0.62428468460315
0.566082606695774
0.553322828597913
0.522308462071868
