3.87890254368747
4.4172683606292
5.35356137634766
4.35070119689161
4.4375227096181
4.15695912369225
3.72002952556578
2.2226964878988
4.38568699217077
5.23601267875005
2.52844553876093
5.53574921231047
2.9354003250568
3.68143923589318
4.95033679508199
2.68048156356965
2.30678683092406
2.87919464885777
3.22938323794663
4.22874714645642
4.08554079036313
3.93707040951577
3.78946416966478
4.04624793313791
4.03382979337304
2.77538932907213
2.69792431249682
3.4626799022849
3.21331599794709
4.53189192229192
4.07368563078275
5.46545862200588
3.81014842579327
2.4669181609808
3.41046342988993
4.29953155308383
4.26472431250444
3.31727925662827
2.62231210494824
3.9999330813665
4.3219890334491
5.41878454513995
3.22184555343611
4.49572130345842
4.63528710079327
5.16854565121767
3.27216028983189
3.8602600887748
5.52328971783173
4.09334838105061
4.98977364018666
4.56678868024648
4.33486155313478
3.96546464191337
3.28298399123302
4.50958197032449
3.8142164921643
4.39783464946691
4.46301483289552
3.99387408674048
4.93959303936569
3.99159637377617
2.43097156899395
2.84224907145159
2.57888795049187
4.78053381475493
3.58985933377281
2.43216518292883
4.58829443884444
4.99875361030193
2.60612961819851
4.33459100826425
3.17445116881783
3.97623764707093
4.76846600349091
4.07552297954577
3.33979045943176
5.04367935991611
3.3320617957111
4.03664810173639
1.86507239259388
6.74983844018426
4.20078147528103
5.04725468425681
4.3603698088475
3.6355275371069
4.67341620744708
3.93064434473701
5.09408297430229
2.41068919567232
2.75518150936956
4.1241561813486
1.5633703332194
3.47115843807836
2.92148078262382
4.95601668446914
4.95603650459883
3.13038007342836
2.98098799581851
3.71798114143627
3.87941451906434
4.2393493602825
4.05096283914594
5.90538428781076
5.12968442329359
3.42719100325263
3.22866488924738
3.69530276197029
4.91225329982324
5.12145494969287
3.22391211482984
4.36485971886778
2.95513059031451
4.51482821842102
