3.4771823841243
2.80085824357819
4.35862108466224
4.275606512728
3.5809297018893
3.25511155669992
2.75145580532714
2.84192980196131
3.90481802095756
4.16025359940285
3.24229853277147
3.28579500641994
2.85488248879374
4.45413117584487
3.87551647060265
3.77859708097235
4.31699169969
3.46894659240967
3.26340923976088
3.97773198420494
3.26762293712855
3.36373036035051
3.48998234008462
3.66587053175156
3.55580403152315
3.50231831758724
3.09315527349564
3.31632485330392
3.77616717225796
3.59718351230881
3.52178712525543
2.5520063688333
4.54345933006209
2.54073822575685
3.4738123072928
2.31466968151146
4.05770305423406
3.83630456225805
3.30279823978405
2.95790405632917
4.81109312903049
3.25399546151169
2.96418067095638
4.32277258478153
3.10711267309278
3.96994167842081
4.09101858635222
4.43213443544483
4.65570463965929
3.4380873034172
4.36220955332507
3.42799394806613
4.92291844561325
2.21957371577985
3.98812404236189
3.93959332752707
4.31615986250433
3.33647890506627
4.51443392268039
3.33513154968146
3.15654444805878
4.00893760329196
4.72721475421616
4.32459688286485
3.95224298590051
4.05413751929493
3.91950275536121
3.75343084257886
4.08466853558913
4.23424804825478
3.57506621564573
3.25655282258234
4.79197871142245
3.06544402552746
4.60832418681352
3.27446411272991
4.32059596341583
4.38127292005555
4.63676566552917
2.29975395432288
4.95933285929809
5.9134821049593
6.15506388952057
3.88066443346396
4.63602247023023
4.11573457792052
2.72740983805613
3.60135735357439
4.42550369184723
5.20321976273938
3.94655915557273
4.17160104546337
3.88545082079148
3.93439132963784
3.3822066651779
2.76798340398608
3.53917513229325
3.42560626473434
2.68133633949873
4.4908607980289
5.2150090809306
2.96347559032495
4.63816057714041
2.20228462640897
2.57628355413797
3.48943406156111
3.40733834002614
4.21914059843389
3.39273346746384
3.50339859397358
2.97346660648187
3.62530836050324
4.41178759585446
3.9243949327495
