2.57900845614941
3.96547581191747
5.21343555189931
4.11807324393989
3.27006858351653
1.60099617434094
2.39169103404952
2.94766484044991
4.17886248471985
3.68900288669524
4.26483939651063
2.84803242578765
2.86767711665739
4.63277980285935
5.29362616221847
5.21454675666254
4.12375159452867
2.63851085719891
2.89448420418254
3.48422631955016
3.30741516421597
2.50131674636021
3.75722801551139
2.71240142691405
2.50530318182933
2.11580765931131
3.65604865766252
2.17760265493464
4.45767506190657
4.36582620872567
3.63975362194795
4.30652261357148
3.28915155287451
2.65846219341847
3.17583236194232
3.52311869108134
3.74235271111705
3.27984531138667
3.19648340403812
3.78158463969605
2.42648727069522
3.88330423467887
3.67259792424472
4.38669365923586
4.08842673541069
3.47897821273574
2.74950445150466
3.63665487907528
3.20111647618493
3.45724856897553
3.64172477982087
4.07209741695261
3.12786918390793
3.45206096373749
4.47203692119819
2.38521280862642
4.9146422054064
4.85210052575121
2.35154230962644
3.63622349125662
4.47476365918395
3.19439536481202
2.6654653788015
3.27641767356623
3.7849170481794
5.76300425268788
2.33352617314164
3.28675980875824
1.91837421954234
3.03698240555323
4.64388462829933
3.31553197720618
2.02310380036632
2.28830742677056
2.75205242250357
4.0156232693831
2.3743795995448
3.06779167296702
4.43350330789651
6.99916591708216
7.29413084339949
4.96702605468578
3.29110197534593
4.47920405315859
4.85209925663216
2.99081560490063
3.44801411781128
4.14445958066181
5.51689859390988
4.15796638263519
4.5627507456503
3.29361112292547
2.30420028827491
4.24287236668083
3.83713010518817
4.39284059602876
3.2697736877937
4.47870313550865
3.46597654735941
2.38746281704206
1.92993824128333
3.00442435018916
3.35337499428851
3.97986333767049
2.07387795859794
2.58556505426548
2.83475796366575
2.59016084019559
1.89694433907472
4.188224767241
2.0101630916909
3.08347817211194
3.91595136442424
5.35485302860539
