2.2782315038176
4.81702115908261
3.59605430605525
2.1380358765626
3.32396111066136
4.31388126513513
4.1959666222551
4.83187327936518
4.42079451104852
3.69395738451036
3.90502352449229
3.34403493748937
2.96535083612468
2.14062686701928
4.6952327478618
2.32167436003772
3.38190097255273
3.89993501205752
3.20117535587015
2.56088102800387
3.57015370427213
3.16804753806354
3.07835470948486
3.79092177241329
2.79898116882178
3.07471719313004
3.30853737365869
5.27604972433092
3.87320137687277
2.40734906611801
4.59063837701292
4.10250013201688
4.53491528393464
1.87894530542064
3.58139852049801
2.27157335877963
3.62129029085376
3.65646501935481
3.02286861627739
4.08872160784455
3.07713536967446
3.54322621691194
3.15160128118653
4.46825608497268
3.97995229417241
3.23087136089852
2.46595506338452
3.01959922674514
3.17414747045667
3.37689157460216
2.28657809157256
2.77200711378314
2.39674448265226
2.36027179765395
4.64140170080161
4.56075557290208
4.64213184981238
3.17975142084751
3.40931082556857
2.13564675853489
3.08978892817055
1.83769120083533
2.79778070720341
2.80643355951
5.78437230900705
5.37090761978153
3.42108841524028
2.34736311163103
3.7879454640526
3.48008136180432
4.49329437885873
5.13412011708808
2.76189718700054
4.75219770409954
3.38497033695081
2.66363241313935
3.9914726252352
3.32077190134069
5.32543816273125
4.65580262378813
4.02136476100446
4.5412558345516
2.68138428291017
4.38671435534665
2.8126767861879
3.82127498973455
3.02832212723996
2.87231565860362
2.51241185145944
3.06850365080838
1.65044709834444
2.17352960819731
3.24495609900306
2.6827722599799
2.72255384642454
4.22091565726095
3.36744527254679
3.78030581332124
1.94022878182697
1.81650796054126
2.81647121194945
3.66995040914245
4.0815416523491
2.71451502476041
1.35118188008067
1.00365739960751
4.12100627506232
3.89003090292336
4.65024706329794
2.38244102532673
3.17639744119908
3.11782374923699
2.81136749890983
4.79820201860462
