1.92851816159265
1.80274429133254
1.75015103552194
2.16761422718818
3.01375092963119
1.70760197205082
1.75599743765745
1.98584924714943
2.50741505927274
2.10691941838442
1.92296734012416
1.76930842254546
1.91886579024212
2.26168665598035
1.9938776557839
1.93302678415192
2.7778644044291
1.88866744575762
2.29661786872243
1.95966437982239
2.18064967156154
1.84430016181568
1.25568144074423
1.83787508881978
2.0575412447395
2.55267801957872
1.6286447481182
3.06498590680767
1.97675400545115
2.10068379390142
2.23266070818273
2.01801976373875
1.87842365018912
1.84469069204813
1.72960651869107
2.28561633235933
2.09904137763353
2.3954938220342
2.18267288156931
1.96556619021766
1.76596046778969
1.95378802222999
1.69601491748625
2.08078759125436
2.22194318499354
2.34178438807943
2.47938291232083
1.35975718023348
2.05471357530929
1.25921617512312
1.68857002096069
1.55817523186444
2.25344104248256
2.18260062128554
2.17125392864659
1.95052600405801
1.93810762956207
2.54305692527144
1.85772527329625
1.77435546669167
2.02711363811828
1.30842505105919
2.15997510143185
2.3731934626874
2.09751654024352
2.18581688555128
2.16375356261919
2.60814559327469
2.44522230391476
2.85917903019294
2.11124084614908
1.92498096325433
2.81016731439534
1.75815321004338
1.90744590637617
1.79343719219269
1.77024573062338
1.85228341312083
2.5701338799
1.77821432130227
2.391473881198
2.14630324023689
2.26664069805568
2.3997033960027
1.97437370156885
2.63371249366191
2.29442715084309
1.85776010752447
1.52568570801674
3.05533695869764
1.89764975284921
2.35478257940845
2.11759177720012
1.33586490306489
1.73860642355752
2.36251594763381
1.96379051850606
2.06067854549752
2.2527374099806
2.15391016479205
1.93347642472384
1.63652256814287
1.88826944537884
1.9829723623186
1.89820530338385
2.17555227084217
2.08275117473953
1.85253647293215
2.16516009291079
1.76069351107802
1.73763596646564
2.34570137487646
2.21488389246702
2.05608539069746
