6.41182349628278
5.45894231112521
3.8272795293879
3.18557298122237
2.13240836701455
3.20177448961051
3.6323037160234
4.43170414335155
2.57741556922995
4.430781865881
3.07524024046375
3.13333545046674
3.01195183577661
3.69648088966922
2.3927481248467
5.50317049221219
2.79437895654674
3.42720817890554
3.69973859326797
2.9412745822554
1.79315078783223
3.31241191935484
1.57293926658303
2.88829214589606
3.83237689686509
4.37301737607788
4.87253893682097
2.1688937858253
3.5132427747557
5.58308186769043
3.10166908869223
5.39020684636038
3.12714556931385
5.05163561319855
3.50960323359967
3.16331875329262
2.34764185226879
2.63426699899726
2.12495132146774
5.69251224341409
2.32655645027839
4.16457991181334
4.32140981589478
4.16256320575579
3.60915763854777
2.91889505208064
2.51426780343581
4.7751726515677
4.89598477323932
4.1350904990723
2.95932637345594
5.82831377268828
2.46964712350221
2.49140355776619
3.42566575032257
5.87328618432506
2.7156386820469
4.798675807108
4.05630202092643
4.69381252927471
5.67212301604215
4.36852962184615
4.96337149263322
2.81006908641454
3.74184153162044
2.78477710811482
2.84273265947334
3.84194060170699
4.24878931890414
3.94575779094527
2.65550345260194
3.31915760479024
3.25574968674946
3.81311623241399
3.64514904531386
5.0906637860261
3.29521820094572
4.66358753419032
4.05590508712676
3.76334187412525
5.40187443419391
3.46065673030525
5.72801748107548
3.42061348724709
3.945015714819
4.40963202981592
3.53242106304084
2.85510354699559
3.45089458548453
5.63402946400445
4.64232079698693
3.5406997995962
3.919802222727
2.73112773489478
2.37283453442928
3.44289316681857
3.89586942704322
2.71227217495126
2.46730094153119
1.30870413174062
3.2814643964391
3.87761068859437
3.23216793785715
2.65702524354488
3.50311408664652
3.64202369515022
2.59473456838698
5.42894289394254
3.75092064550613
4.0618496598027
2.24546897827305
3.63950626223005
5.51912824172878
5.43408722854721
