2.27650973925009
1.44967175212205
1.81967560181852
3.41056572872231
1.66656778954775
2.36133015574835
1.93877975850797
1.97160767813395
1.96101327543475
2.04384588355576
3.66737154130591
2.35752058353721
2.97572937791363
2.49659397651676
2.75356793697269
2.74283193913311
1.74157088595493
1.85501368417611
2.98928607133513
2.7041861483287
2.33574813942418
2.20009645841832
2.23454986106557
2.19089451785049
2.30795709972698
3.17829924162303
1.2907936851884
2.51632986693162
3.09181824805575
2.00660110142507
2.4667916188412
2.81566020035909
2.468468326009
2.11961708614322
2.19032718490389
3.17727339158052
3.31273129987187
2.43836488933467
1.72940437688436
2.18248197897653
2.15014759959037
3.45629066349569
2.24895638588297
3.01003689869878
3.61548599311188
2.81108527404011
3.64375117295867
2.59421743067105
2.80748638925247
2.90139693379362
1.71568110964134
2.76339943545012
2.40330646586162
2.76884108063922
2.63224353466992
3.06312226961582
1.4503398820272
2.49919545461033
2.96741552288397
2.31557424001994
2.33200116968582
2.33113704537414
2.25377140767753
3.05471560067644
2.81203840661886
2.00447529440496
3.40687838765305
1.74350077556882
3.44668092010804
3.37034525666647
2.51157239588695
2.47841299584944
2.3741198301262
2.45246435680629
2.70656443533574
3.32881460830883
2.54071780337008
2.21955329058582
2.87548909595237
2.36165148375259
1.92786928749447
2.02576206688573
1.4098981093155
1.86315069367368
2.78984982225392
3.53759121608775
4.02801401811178
2.44323201654936
2.05317646675269
2.19248384256017
3.16398032094588
1.58358969274787
1.90382971081769
3.16528727331693
3.01787828021773
2.8916716629727
2.56174291842107
2.94934362908932
2.38778944712575
2.52299085637572
2.36693117216942
1.81132300953533
2.61257183806206
2.67091896114102
2.32984886939007
2.43503481481968
1.87865659820845
2.53991725926046
1.7901140494078
1.91745831018436
2.8809720426101
2.79523815781364
2.04215448547172
2.25928554232376
