4.23488283445044
5.13181823334083
4.28217111599122
5.49913729531588
4.93944432631836
4.80442085263508
4.19297897651723
4.09871039618757
4.10558815868065
3.8061367102179
4.02359961335085
3.75075333149978
4.34465219765681
4.84981291899296
4.97140420383624
5.24493853283298
4.8095545575775
3.48732591800965
4.00003731376074
4.16930565514886
4.11259722609327
5.15126536029285
4.07544217362577
4.2089504933977
3.3878819936883
3.95589085152736
3.91164513861311
4.19857422476122
3.70196743460464
5.06870548588244
3.65875865073738
3.17022060499802
4.26933065341906
3.91191286572693
4.20739947760804
3.58357583566672
5.12627779807067
4.63436147389525
5.02809843814296
4.08173291034021
4.52777768655097
4.36071176668983
4.16146963654466
3.89788691710342
4.2621794997326
4.112296157681
4.25104968011718
4.14660884454181
5.34882042069709
4.38247256797528
5.26421572050289
4.42111316110988
4.99730957400362
4.29017590133781
3.37402607322047
4.61898603597909
4.90904413944147
3.96148063038095
4.98446847480341
4.82108220905616
4.45284326683428
3.95238070778246
5.21262183261323
4.53277526271749
4.47068505116958
5.10819397510917
4.07496176171507
4.00280682752528
5.20280560946183
4.5016722992504
3.94661021714762
4.22393354836583
5.5700401691429
3.3472260898737
5.27792546910117
5.30719119589031
4.97976192247543
5.14872548820838
3.02821109015144
3.68787341166601
5.09665634323768
5.83254872133015
4.87114985982296
4.56928128312317
4.58654825357239
5.54450464866691
3.92047523347296
5.27962334139102
3.87711097261372
4.83228292144934
5.16056605991365
4.92518032222371
4.85985622772722
4.40190071521068
4.69262030073366
3.14829200666685
4.05350841742296
3.77956324690065
4.85617548706985
5.5883210624265
4.87313953040836
4.81722402327406
4.4212503209395
4.23671933632918
4.23183199522468
4.69309261694368
5.2474622198043
4.41375110611778
4.44441807287827
3.45630315150216
5.19037482164441
4.35531573135806
4.67162469691775
3.98179435312086
