3.1336193063353
2.48051153760574
2.58745066527067
4.66716224252776
1.90136227055681
2.04469002708721
1.61800028734128
3.96591312869075
3.1704884191451
2.58469604682915
1.70017088822518
1.86583633637893
2.94688901992557
3.12163517842699
3.06608287930741
4.29779181436229
3.95100362359093
4.16963259881216
1.87115743211012
1.5304996098432
2.05456820254807
2.12642218118614
3.24657898554225
1.78504501504422
2.83787762313814
2.29795107723685
2.6599877291492
1.32893953949401
5.36515668462237
2.82834862472062
1.87421846841281
2.18289153391569
1.63691690943323
1.6071857522651
1.7541853106834
2.58715164206318
3.86347095460381
5.5922639062533
1.94541396086982
1.99068693138119
1.66437041765262
3.32850684405593
4.56031096284948
3.96732800635384
2.65381486997258
2.49440990173198
2.49257870362626
2.1767338015545
3.29571616889732
4.10885678706208
2.31611165635006
3.0966193368444
2.50907928782079
2.23109932094146
2.0669646641199
2.61601034747192
1.63538267365662
2.91585903700003
3.54564181389893
3.10771914415781
3.75527043570399
3.85903894514782
2.95611604646144
2.92420036566862
1.9616176736772
3.45042317737272
3.64592969795662
4.38841709593577
2.93477392674846
2.97153219760778
2.01257018534731
1.75701171469734
3.04646394543194
2.79111163484237
3.86421046685431
2.38711458707414
2.73278919221214
3.78577822885518
4.90450829824914
4.21471559358882
2.72658534667475
2.59280173418242
4.37858925444018
5.3971071267588
2.61624737289037
3.90232089440624
1.77889573178463
2.12048797053494
1.95295253760495
4.98396083983906
3.58741747611212
4.68529893907038
5.66155244865925
4.25181937504469
1.86247859246301
2.0757902549063
1.5372203855169
1.69831163779562
2.22816272074992
4.87736454835221
3.95054221994779
2.39306946614361
2.27459802575014
3.37606240789739
1.69225155195179
1.26737060326835
2.94951289044717
2.79367726366116
2.05515925990147
1.79703390948497
1.70834148409726
1.37202055891127
2.58240010176046
1.9470589406554
