5.18874142389126
5.86434629174708
6.93081179854288
3.60399896930748
3.37113248246325
4.61002368355704
4.94492848785133
4.67321464157407
6.79094849544321
6.06692843955232
4.33890861680784
4.45689378341713
4.65000992676296
5.1377766866121
3.44140272479896
3.77794583541422
4.36948088211089
3.28551184277555
5.74393919511262
2.78308233302684
4.46792007672831
4.63408164109024
4.52005863365011
5.70482119348916
4.68844690667613
4.9156691240716
5.72447833839462
4.62040277477588
5.05860096903174
4.26805819932028
4.03793369923747
2.81296883369599
5.53134518558062
4.38059394272323
4.24049939859833
3.98668581768954
4.54258982292122
4.66163986265364
3.24034288055899
4.61623897176843
3.76394569167538
4.68262830708657
4.02039119421054
3.58926438536899
3.84110685292964
4.71525889024472
3.65340668543521
3.83850669054314
4.47022169745842
4.70328351855112
4.69942066714111
4.06562747933428
5.33359771457537
5.54546482998502
5.31759158604789
4.61770803890201
4.42250346475291
5.27901198020857
5.15664880401176
4.81514285226811
5.17007488359127
4.96561971085144
6.6192435188765
4.6370587835931
4.52331750768574
4.76896317464637
5.14652267075595
5.34038726791566
3.79670037629538
4.21910239355949
5.68638640093596
5.2154538422914
4.28691298847489
5.99300251655759
4.02026664137877
5.22045553906764
4.01820302040968
6.71108738224847
5.8201341591765
3.33057839140392
4.61982667654683
4.8188587856461
5.0556705047154
4.95691283656674
5.90962699897977
4.90086492484577
5.52314632665713
4.13468617266374
5.51615751261573
4.22768050176519
5.33486101142999
2.60073733818146
5.30715161119407
5.22716499086914
4.7753229452491
6.00599217690223
2.47998237669351
4.64180652140417
3.97387108664246
4.25643666687691
4.68937164864773
2.9794352923751
4.78749445015618
5.2249442796454
5.13275215320738
4.34206377556279
4.34393738928954
5.56962071798513
3.75175373320692
5.15732422271785
6.13776448309463
4.84373566453283
5.09121054138975
3.88423976893697
