5.47609032718956
5.18234241098915
3.68590702284631
4.61149372610767
4.54901690262628
4.49384793385775
4.09350923521356
4.77438550435351
4.56702267400686
4.72732906761469
4.99808726292472
4.84620939595359
4.77830350194684
4.8375102498605
5.65794521790755
4.27578472462689
4.711361950959
4.09441139804843
4.50619657744122
4.17151647032501
5.31200306236569
4.84036482617085
4.50462459050238
4.12121045700302
5.38753200501561
4.17151838163866
4.18181330026262
4.96793002629395
5.5437036166944
5.28505442996452
4.32043759414929
4.21255435595907
5.16704211105737
4.91020844069779
4.23611901416866
4.98200640604223
5.8988154866765
4.66717856103184
4.12904576357083
4.78604370209807
4.303851164904
4.5145090732963
4.70026010365739
4.95766247201293
3.58901975022211
4.49312548672598
4.80956719531529
4.65096073353466
4.78570352135234
4.85476028362871
4.4431659976281
4.58672564793065
4.87913258719707
4.95351778281902
5.05861810165579
5.08045435764762
5.57214267930891
4.47108726318218
4.42629426554036
5.21572688521696
4.56930613957224
5.1108602148841
4.89521944756403
4.66703281483268
5.34687966939724
3.98013692109576
4.66284214704589
5.25257509748629
3.98166576345575
5.00922647350401
4.1896737024667
4.57473640823952
6.55152280826656
4.43226683025536
4.09440501929182
5.15605562987081
5.32548143261466
4.23457307800073
5.02164921842155
5.16440764637362
5.01346460328994
4.26801369512135
4.79688032641512
4.00993697185498
5.3781131621741
5.17165461578475
5.24191005058447
5.37818585967138
4.6572126786498
5.44128564240838
5.57398525081622
4.24111247505953
3.90060343328146
4.64992225142372
4.76769089097111
5.11158402666834
4.18180730073718
4.95332826878302
4.23559467548191
5.39271729220301
4.77070878763211
4.55815621679814
4.98664380274918
4.74690190030476
4.31204674497774
4.83171187465703
5.27742270807435
4.35718258752257
5.4769091711228
3.76865022779553
4.91341550803255
4.42683373731305
4.83866601879415
6.57488859172386
