4.04276425435604
4.88892676409146
1.95564637753595
3.50676500548433
2.50239083191404
2.68516547443799
2.3691819655414
5.86211663619162
3.75402215908693
0.959366778846217
2.20305319849428
2.40661510238513
1.52070243717662
3.83184922958915
3.38939471577513
2.67149400571329
3.04074927591787
2.24317624717529
2.28804108731142
1.8890678988181
5.19386632809231
2.11318083692831
2.31921711752834
2.59344154558112
2.91797017968258
3.07263486611856
2.38695919846357
3.27337010351183
2.33669221027049
4.55558504143054
4.82233568537519
2.87776085317581
4.82062598796119
1.2923304718026
4.08160844103518
3.71141859555614
3.56168056940551
3.65102744054636
4.97328056175674
2.9144617995661
2.53901686707049
4.74542387984243
3.2846195667604
4.94688427222078
3.99289533783715
0.594139612407514
0.653864468441909
1.05755870788576
2.61361314107607
2.50110590404216
3.71921027515218
6.88830296554225
3.88589171837469
4.47109068725425
5.62099682893771
5.62627199811305
2.16822149234905
4.33774226626067
4.35200827571194
5.9490259272912
2.78095332254103
2.00864270788767
4.25108964174862
2.49110758266375
2.7296787225547
3.54722788416769
2.59808322886848
2.70017791622003
3.39614116080515
3.75143630780569
3.87476393902248
1.1825841067572
5.04307455038633
6.19536616168359
1.90458839820998
5.10485270188063
1.90955720148476
2.55143964959075
3.62104915982597
1.40761084294393
2.6782606011115
3.23314818437762
4.11641024349164
5.06463837837548
3.56222231966527
2.40532830260514
4.43366543991312
2.40061336182638
1.4086202586003
2.60562564876064
1.3911288355097
4.43775132978304
6.12561504431038
2.46006165163717
1.94319637012197
4.69906363484325
2.88724792846113
4.48121971595788
3.84338335227816
1.8248441335164
3.39847649122838
2.13699063401632
2.95486858315213
1.16631547888188
2.84306187112866
2.13458246512872
4.58711243263259
4.65908463116389
3.96661449320268
4.2735200046796
0.80008497481811
3.78131679287462
2.93739718149728
5.4169227489748
