5.2221144374147
4.21400807394311
4.7274069210236
5.33392696267854
4.46583160780291
4.69343031854883
4.06737658617784
5.81780870126853
4.44979916419539
2.83044215650478
4.1503216430488
4.97475376880982
5.21100742371878
4.7704796951382
4.37629676630727
4.26947076080373
4.78983439838065
4.21866330336986
4.49574441698793
4.28788491862917
4.60186655614401
3.23225629389478
3.29261713162257
3.45342182733523
4.25611473066301
6.56844007505788
3.797444080365
5.22154168408367
3.03343669532097
4.18862956270806
3.18867022897488
4.0530426818719
3.34785306030149
4.06360787544216
5.54951083566957
3.18897882834751
5.08541888246332
3.30452202459325
3.76174312008571
4.49398229305608
5.14350513826657
5.89411315559018
5.73963624618697
6.38244688378396
4.49123755477118
4.15862548562188
4.11649068422076
3.07697220757315
4.75907308706725
2.84125980219872
5.27549393627455
4.80390648420777
2.82151602733995
5.91723216963398
4.78816329860855
5.44573186122902
4.92190264108913
5.23244445190855
3.33184659668172
4.61305157287734
2.77251989121305
2.99376435209835
5.19537224904472
3.98685041632108
5.42880872444024
4.73974439619565
4.98289697775908
5.17269484600031
5.89349441038424
5.66275529355942
4.57223980200548
5.23885240366657
5.18633511701413
6.20487024860271
2.43850442113376
4.45098618766698
2.90221583393042
3.70714141289708
4.02672859465872
5.24640226687862
6.42248896682957
6.82480920901162
4.3675137055443
2.35555252669019
3.41932538260971
4.89718469670112
3.97206446548009
3.4845237565991
4.5720751678404
5.35151870053453
3.82526679627288
5.33229514408547
4.20994095372058
1.82078791324071
5.26040501108415
4.01176167765435
4.24608897952634
3.56647228805579
4.95504708711288
4.69785481773792
4.07942877326613
2.82799281602914
4.81981719595438
4.46710054016652
3.92254315734821
4.76523278351632
2.68303528452051
4.08411104395744
4.37851091393257
5.49911244780883
7.7289524307394
1.83010948923543
6.00186713824628
4.8966178939922
