4.21726299925532
3.15521677861986
5.44370867030361
3.58706204015136
4.06127708809219
3.07533189872048
3.86487669797804
4.71338903004571
4.17610785229667
3.28190644188274
3.89693319561028
3.97775659721286
2.25044026855075
4.91743197222867
4.47338784262446
4.02931322653601
4.25428906449239
3.85630394485617
3.80560532347903
3.27543603361054
3.53728339084285
4.627838601332
4.13135115965808
3.73252582015076
3.91598107728602
4.626203144329
4.57795023255642
3.64873389008703
3.30972172373672
4.36634161948644
2.49962496624635
4.17208427124905
3.23806736334112
4.9492586054362
5.38255694782515
3.58612662505448
2.87971783547411
3.34765117643172
4.22804079010573
3.1081661740975
4.6386546085441
4.91298552141631
2.72282161585565
2.74729369480909
4.55642378193565
3.55825570400527
3.13305966558624
4.37741330967042
3.51860819639223
4.18719403999793
3.48213984254953
4.25394580255248
5.10078248635851
3.79322471253477
3.99351103201411
4.47639205642143
2.81971325977141
4.30748570736403
4.86474297842368
4.58949309586143
3.75911048721019
3.85960143699746
4.90699619928956
2.60541307589621
3.46352582350986
4.20970976313538
5.45231990009709
4.5354102738592
4.12226170425145
3.81471543934569
3.68617049984695
4.8070996159788
3.7948103406228
3.90892322019349
3.66486939988231
4.8624870819921
2.68962379989925
5.12618443596093
3.45290209739007
3.74328084305069
4.14262657958125
3.3821782530298
4.1461349536713
3.34860199031811
4.03450888316428
3.73439001026845
3.75082100041073
3.8213288336341
3.84416468057678
2.79495761206275
2.80349061123081
3.35149365987994
3.80499686914785
4.64708853085964
4.60103015614557
5.04986053864952
4.92031165372129
4.89854839760721
4.311588012985
4.79162820241248
4.42869778721427
3.4534693868495
3.84850597201283
4.58750169856935
4.52840013469099
4.08948245759906
4.33118945804013
4.71371941363569
3.40145280522511
4.06494175254584
3.858557102267
3.04807710837118
3.81739361216045
3.74724928247473
