2.62705685924404
1.79192632217189
2.41961920089093
3.51200599553067
2.84224165514115
3.41250080117909
3.07710627781536
2.74148324551857
3.42995666933537
3.16649202523762
3.15620518584459
2.30162354827223
2.64204099078318
1.86001184175863
3.0848059227182
3.08137707813171
2.3823138185779
2.41183358933799
3.73188659116179
2.53536429419239
3.15694535990105
2.47689483263622
2.10821644397728
2.4338631670373
2.71456244520739
1.98865754220438
2.53388048028023
2.61647627903804
2.83143680059075
2.474307322334
2.85387480300226
3.28918903926521
2.890620935549
3.64410625926867
3.18158626901819
3.52900004193925
4.11876581467857
3.04089347654173
2.36041007291088
4.08192659828345
2.49198404453982
3.71254220341247
2.16166260062632
3.55730716136033
3.69036324961206
2.37272565992379
2.9558559075053
3.39480403581353
3.20306210451983
3.22596585304762
2.6022342752787
2.9890120587666
2.27847974206851
2.78172593134777
2.54154511430289
2.64570672701081
3.54931060930319
2.71996575686955
3.17490520857826
2.68009712213533
3.50650643302849
2.30312187991404
4.07377503778694
3.55837349301073
2.26511605076237
1.91862102603334
2.98334737722305
3.77062399631918
3.54857579342443
2.28497371244518
2.61265283244936
2.85418680104701
2.67431895038583
4.01162701127188
2.61336232858645
2.97454142691616
2.97901754551584
3.09668188775571
4.01073885779009
1.87828089247778
2.44962967979301
3.18875928567991
3.45742993853995
3.99812334502207
3.22887011035242
2.50936372461512
2.87300178848151
3.95720011974158
3.67517609577384
3.58799256486576
3.41548523602387
2.64205705098062
3.61919022021288
2.2489558361473
2.7864217143316
3.13019343975896
2.5706899495018
4.06141048734449
3.41794904199801
3.64557632426601
3.21043115174496
2.67267544091434
3.39295327349993
3.04464807091595
3.44692301340715
2.3023419761064
3.23883402549689
2.06488745397181
4.50740558231311
2.16053610846469
2.58158876099631
2.92450492776514
2.93592479630493
3.42511950518125
