2.69630310998739
2.21382772609384
2.03254061415998
1.87247030723326
3.13057383246545
1.40696276852309
1.67100560606836
2.07224572964116
2.28941120966308
2.00530368130956
2.42983150619835
3.35021244961237
2.33603900179785
2.2007308322461
2.19091373097551
2.77750700717999
2.60584879881902
3.48090806256927
3.95738028634236
2.32499041654609
2.54110141876656
1.99061753720826
2.9529714761334
1.89993622534624
2.12516343915238
2.22412027593752
1.96945066624646
2.87506886314359
1.6308340283909
2.58683828363986
2.62812686207561
2.28138711981131
2.01945290651724
3.42392596216015
2.14484749523117
2.31863292616181
2.27036291254439
2.26589230533755
1.97394945604793
2.73582221258181
2.1507933882096
2.14228381721142
2.49934043595478
2.58789349420816
3.24666887304322
2.3851224670051
2.61433436212424
2.82362004820662
2.09389212202447
2.57490794266932
2.06722162303076
2.36006127215439
2.18864458797896
2.70298527125705
2.81391064844759
2.81630976313244
2.06891046523585
2.63857597425649
2.79343381492669
2.43968621872345
1.99084021965672
2.04648088543844
2.38754411717425
3.0792308627917
2.44524289163636
2.28617496413352
3.03208888977093
2.52083081946151
3.08108615765152
2.13390082068644
3.03119855552532
2.9106563389389
2.21626832420883
2.67525186070453
2.04441299041156
2.38407366925636
2.36390806374878
2.93062896240849
3.18858208531989
2.22627768679322
3.02573093302734
2.57010295797065
2.36480861801101
2.56595583333895
2.68827739538259
2.77131968680121
1.92375144046181
3.13606100958712
1.8502193962415
2.87608936572231
1.94410611984312
3.23738185751594
2.61195554198001
2.40247783121029
2.13259161574366
2.86875979538146
1.6912890805963
4.34236077105716
2.18830053933681
2.15491741746009
2.32089378760868
2.99306561967099
2.75270968872078
1.70785545264109
2.93545511634529
2.97804159113886
1.84388307875051
3.16717865239117
2.33416641796663
2.07906810893534
2.30939955074587
1.98113521495376
2.30907018513604
2.80926041746249
