4.69007737275591
5.01141341635915
4.80318025676852
4.20946686727247
4.76637808623041
2.60276852290891
3.60391551874273
3.65072073333503
3.25025801956859
2.71583154320327
1.60172658403809
3.42656732532916
4.06621196312308
3.79562022628369
3.38044134525689
4.02667725907964
4.34371533254567
3.71439764805774
3.16745750223427
4.41476824104404
4.13747207558976
2.57322967950683
5.67685184865022
4.55467454610282
2.7003345065394
3.97258981639683
3.58851185135595
5.18717377530186
3.81075123890641
3.19161295565202
3.81500304935003
4.84651075951925
5.09735307332125
2.71268034355712
2.6226593722249
3.81117326941839
3.60478788195992
4.50047452729388
3.09816037898742
3.01565736583506
3.28199287139752
4.07424089936137
4.025838735861
2.46369770762813
3.62659122778691
4.03505213159617
3.96796243607102
3.84258304480555
3.46683677446852
3.3012131181806
3.45003844313331
4.68204408277721
3.85941442104681
5.08870241657833
2.86537139625754
5.36603764675633
3.115935975435
3.66830569995077
3.9691607056768
4.15496967726529
4.88899611062035
4.60252230375582
4.65459070477383
3.82338930603641
3.69400477253424
3.6099959825286
3.42984933662332
3.98219333253165
4.24328037332742
4.47609257893119
3.99534387897052
4.98824165942082
5.17046808073232
4.11700119106066
3.96611673475191
3.56260015054704
3.39606289381218
3.20208136209144
3.90298913643625
4.61109618554752
4.25962645971145
3.53146295380708
4.67782868804113
5.90092821592168
4.94329035977613
4.06902840625589
3.95288239154104
3.98463962343224
2.85041505881198
3.08275742129141
3.03681427869184
3.86659515931705
3.80399614406996
3.52950113675479
2.35955096033011
2.99211915175429
3.61082030115484
3.92130127666764
5.14975996015339
4.3347913740151
3.60489117456082
4.13811309693038
3.79571357600971
3.26981530494142
5.09526316978201
3.37104459821038
3.81482874372936
4.03337776093092
5.08594677614729
4.22306382419544
4.8864873251764
3.6556239399116
3.11926798966592
3.66882126112283
