4.53975537015688
3.97015974128623
3.11345545928205
4.49017733879901
4.069701869672
4.24334926051699
4.93681685710589
4.40260304947082
4.3203651058478
4.23037060154638
3.96442587278581
5.47833591435999
4.39845571134189
3.72553962087539
3.37250031036946
4.16051508183802
4.7128898871618
3.55924228243701
3.46958432945716
4.69172028818461
3.20493717526883
4.36705123932002
3.0269981964395
4.37368117109718
4.77869645752654
4.35550753325104
3.59965470684572
4.21029147134232
5.14890738872609
4.70597019761599
3.73371947107635
4.67263365907196
5.55989257309305
5.98339652428317
4.6111543292171
4.27142545543297
3.96216192936794
4.64253646137462
3.49510770854594
3.89995127967612
2.82507893529997
5.16002978404953
3.57343972264196
4.03117394171963
4.59374968603485
3.59467497406581
3.46110204070411
4.95751184834994
3.17711003046832
4.00826506291176
4.23288800496615
3.21813501898991
4.16686927035711
3.76812791794885
4.31290477934309
3.84573136545867
5.06370747204854
5.38070529622469
3.32654836533962
3.86317643773044
5.71861085026148
4.87657659246356
4.81582064275956
4.90585290142015
4.47495260067159
3.67990182813642
4.28785151885727
6.12149674829409
4.1254648702593
4.80657748807164
4.07363749348398
4.18107813114126
4.97514067569419
4.60395932649236
4.66246097205039
5.13236848274772
4.3838882974008
5.20656327715807
4.45887342100381
4.25959110283396
4.13651638872665
3.70601404387247
3.97433533172633
5.10545670420477
4.51082064464273
5.95910330005099
4.45352662569021
4.67167172803663
3.83848694731245
3.63701595353743
4.41522785197682
4.70316140471569
3.03447652726045
4.44871428044899
3.88579107536055
3.6088459894728
5.6306915760565
4.07255543790706
3.56187729664386
4.8979431324172
3.32054723993285
4.90831755333713
3.85983905055693
4.03619612501372
3.2271302424755
4.27354888285467
4.67733493167186
5.4784396062533
3.91282449744165
3.74568426999776
3.78980383532682
4.44482794672564
4.93516518547649
3.07120021473412
