3.11122920249923
3.08687715819378
4.28359034115827
4.54173209463033
3.07588383265714
3.38762725832536
3.54046551952578
3.22937323874302
3.47029218945719
3.2896683770666
3.48143950318778
3.83576372837055
2.2758263060922
2.77213866692355
3.65636984924234
2.31460158848486
3.98777284282357
2.57299408405185
3.69474641319007
3.08507282281721
4.19482661613674
2.69109833399328
2.79988445203382
3.07571110689643
2.96068893836162
3.08069443673831
2.9973645521846
3.77613852971274
3.31033632858648
2.60422585781706
3.26000645753112
3.7758936527873
2.92123702415089
3.74797242829262
3.19752348800556
3.79027839236627
2.87286372341881
3.28647213257475
3.65855121993655
3.01851183729356
4.20413298952211
3.34157550900949
3.58413299078659
3.72087152545616
4.79336644673064
3.89819233100727
3.65637909639242
4.11633788823105
4.08685098608534
2.91317415578172
3.95781774471461
3.99163617223201
3.34396479503675
3.58112523237371
4.379860313882
3.85062908554206
3.14520446074676
2.71972434944405
4.03755838920718
2.76584930842167
3.85803693145867
3.41051439072556
3.25596387674564
3.79737897876297
3.37302542788378
4.90279070318679
4.32947628124775
3.12453571644723
4.20078409120238
3.28023110774377
3.05638932474992
3.38714204861687
3.63822492528951
3.86579384896573
3.10868721454258
4.45250799305313
4.12964993721895
2.71085767888544
2.43260052588848
4.04359632472587
3.22788839865265
3.50465724089084
3.51434524635401
4.68536749352734
2.87006047992003
3.53056076484486
3.94496395290336
3.72836805587622
4.48442593039999
3.02589993001255
3.67892911277156
3.81973734308412
3.862314998371
3.80757212973505
3.1009872628661
3.13160890985829
3.90968016528142
4.26528944673349
2.68000257350155
3.71533193204027
2.81905231588299
3.1025298654844
2.93690489635313
2.57259674477609
3.28846073934263
3.99682511347524
3.57221943921095
3.29997506628827
4.06368626445879
3.63348602765599
4.42556037897619
3.21974213345245
3.977737519743
3.41322230726863
