4.55238504275986
3.81242762262257
3.69873843098315
2.98843765288275
3.56981111820471
3.10291023454901
3.2863785303325
2.68306068985123
3.47906672160094
2.55546971003852
3.31420118154248
3.72935095734185
3.03702465249741
4.06687940756614
3.19038490355871
3.47467116130614
4.04736959603617
3.62558742923009
3.48218473647078
3.08603524706648
3.60474899900279
3.54038755087974
3.49512355062245
3.68765617753727
3.70319143772327
2.76867008578234
3.27523750340235
2.77355553159828
2.02183841554671
3.25630948521515
3.26983635627989
2.66079486516577
2.72878606467889
2.75021778133575
3.64089631201537
2.88670047640015
4.03484340653892
3.70031460110081
2.97867613214334
2.64455194724539
3.74276456149298
3.2356227365575
3.27130178030601
2.73542867370871
3.8247665393909
2.512080498347
3.82079867021743
2.53653602028584
3.24328067762857
4.90461178826248
2.49923396152371
3.25920470966822
2.73051318136157
2.73753219818853
3.42344178074984
2.6489126956979
3.05201809300313
3.61830956809086
3.70278012234581
3.82816091665239
3.03445124071459
4.06306298255425
2.44684094900525
4.61263194365686
3.84960141090935
5.1464138928507
3.77023120010592
4.02918298834227
3.76671810014761
3.25188996196562
3.22355223917857
4.1944410038238
3.0794000030724
3.3163866684655
2.97625197963031
3.09891780970755
2.23209149176519
3.86582305656032
4.93735275279017
4.4016721183549
4.47983015194971
4.32549247545104
2.50012644740222
3.69003751309194
3.00654104901853
3.3218178713688
4.30682446483328
4.14996696321865
3.39184707529859
3.45725197438619
3.70373656147391
3.35315426328564
3.05355139282626
3.9544740249529
3.15814141709322
3.0609245391931
3.03794430227909
3.91137682165984
2.54758685296449
4.00681211881184
3.91666027193427
2.65111890219695
3.02651502858731
2.59396071376714
3.97603414812688
3.83312801364441
3.53601209091129
2.66365049153926
3.5204209739625
4.74971984031643
3.05337906204651
2.874307698258
3.4810766113611
2.73563435645938
