1.81863944309056
1.95103079426697
1.81189384746542
2.11850138214622
1.34352667319248
2.12059425966445
2.39345640034704
2.23515748852392
2.09920294371644
1.57059300392472
1.83272255656393
2.6878561621336
2.04938488021869
4.43700410114866
1.70894294488799
2.03644132815637
1.86811402940897
2.73059537420858
1.60986288403846
2.21985362466975
1.53178724811725
1.93144624787435
1.96572317223676
2.12213457357253
1.16590408516317
1.92694623097958
1.45913865638332
2.09842662588826
2.35194155842145
1.6550163981299
1.51211522241476
1.64734087119938
1.8264665803913
1.8963110916723
2.27620213011427
1.66419187995733
1.73308772648396
1.52964698729339
1.86188214541812
2.50320513539608
2.21262565007319
2.05009498204063
3.04803150490584
1.79643039837573
1.85795534931929
2.24728993882993
2.27478388666133
1.73845921496534
1.76348938645919
1.86289916742218
2.37303939218545
2.218741601279
1.56202464595945
2.35100880835988
3.40460785598336
2.53305970454373
2.18048851112773
2.22134354940698
1.90863939109762
1.78573387067419
2.21226679357937
1.71493960837874
2.45929907755511
2.30368529287018
1.85254181797534
3.00022104386256
2.39999855785513
2.82281676537081
2.0855894968538
2.6562511755536
2.86365136595068
1.91844935086893
1.77566543012263
1.50677115600021
2.48994420606849
2.9840112175888
1.57844505054045
2.22741748089445
1.97264645041741
3.30014660680016
1.90711296410263
2.21848538960641
2.03521077242648
1.23931137449575
1.65035062068595
1.36209682007898
2.27857538833399
2.09101205287348
2.71012006862497
2.23207432427273
1.65393216815032
1.67129634507839
1.57381363378521
1.85491039799145
1.68895994419931
2.31228193617551
2.44619681665905
2.80324956106022
1.72932718694569
1.64778905470642
1.64732725708671
2.28048180565782
3.40390116416518
2.29255673865193
2.70253520961532
1.83789917663405
2.99924521248568
1.74749449924054
1.76719234109225
2.90407971078283
1.79748616523873
1.88909234999456
1.73943754489211
2.15651350832576
