3.21248390872774
3.1237297286114
1.82683838388525
2.71803463645082
1.93357711971874
2.89157305482152
1.84074692245634
2.08394682022283
1.76588518403692
2.75368960226074
2.74307578935889
4.65432718160628
2.34176606959051
2.10692765050137
3.47127296916971
1.72364831348519
1.60212772669669
2.67363828674408
2.64846420213742
2.323257466676
2.05128631493047
3.1003730610356
2.44395260670408
2.4825952447501
2.40469056610182
1.85449635485201
1.73066901583725
2.24000901949328
2.07983216003191
2.09919967654114
2.11728545549289
1.73077410657571
2.32449678310588
2.23711834432819
3.07011475243463
1.7482386551181
2.33859184337759
2.9646837352882
2.30067988133087
2.13871405160484
2.60628503082076
2.69303308001223
2.26698065496086
1.62699394204309
1.10971860634423
2.05291777606683
2.16136015951502
2.08912742780248
2.18524108295386
2.86669730503646
2.21575162664762
3.43051845653081
2.3145578022673
3.30217718801652
2.01514858406761
2.49406981153902
2.9498204480309
2.34975008111151
3.05122601015569
2.56234141438397
2.2566745582176
2.63685329569132
2.31381234059816
2.48046668927874
3.76365031890329
3.2316720834318
2.05475411508971
2.71293521267392
2.23181614273771
2.46889713847051
2.52091014989269
2.4892309502221
1.69517165267385
2.07900326469153
2.53709423972421
2.87123919429385
1.54587475708248
2.34007251378834
1.73583163532244
2.91196056551603
2.40611983004417
2.2096880713714
3.64897919203234
3.18420011871869
2.14639472694342
2.37472291299626
2.6896835911277
2.11847715228256
3.14111577933198
1.9363035969026
1.48983004579456
1.94236018029334
2.10126796009033
2.25200785274894
2.56474478213439
1.91195481022963
1.8659883410251
1.87322561307433
2.95238553865694
2.2695654428831
1.19639714100102
2.98034954910571
2.34827226339465
2.49813198955024
3.26957548839411
3.20297448626251
2.13786607732273
2.54630454949347
2.88505158528584
2.60540130094336
1.32920828031538
1.485861638148
2.97927845995506
2.20296006529172
