1.96638010301328
1.93924991660221
1.91808262782064
1.97375735385735
1.96404695124662
1.94508762935506
2.00029403967503
1.96487027405734
1.92677803262633
1.95395654046422
1.99852484355506
1.99917370288197
1.95476130625647
1.91036460012515
1.92085969126941
1.99382976370902
1.98685738122935
1.92114764229267
1.93704006528088
1.90506565961252
1.96513489368456
1.99370080823405
1.98805912448851
1.93275313025826
1.95839214982843
1.95771805543154
1.96419407995519
1.94056924193775
1.92926398842664
1.99019759431886
1.94064420264631
1.92181306425459
1.92641942051889
1.93198876482318
1.97750117319876
1.9391167691644
1.96407101946126
1.94029440902439
1.97134058278986
2.00340314248992
1.99435777758015
1.97398655448356
1.91303440511795
1.95073914681555
1.92033479289666
1.96593722643714
2.01479227391449
1.95938932641514
1.99034003147877
1.94061851008935
1.98138583268001
1.95161057291445
1.94172801576432
1.97751279937508
1.95186974581377
1.97573976683766
1.98357362242195
2.03126203237437
1.9643734962916
1.94115876171526
1.96486827754414
1.91349820294205
1.97495579489823
1.92643154150969
1.96089017476268
1.95872460687872
1.9568421621801
1.95624449492614
1.96663900055052
1.98481306276014
1.98221195327049
1.96565802769729
1.99972155670656
1.99686625266805
1.99950357697776
1.92418070734858
1.94206592683093
1.96456329445549
1.9652361860929
1.94290691785017
1.97610108855143
1.9041319691593
1.92689122248867
1.96784587250694
1.96529912921198
1.97430117366639
1.91893126236442
1.97609047032388
2.01260250952169
1.9910353054801
1.98093892783631
1.95417985800015
1.93423247608061
1.96510394150203
1.99436359857202
1.98609090184581
1.9698022807217
1.9523096417374
1.92636197818611
1.90316965260353
1.96940537465019
1.97522808053405
2.00016264505975
1.94608182535195
1.94124158755428
1.96638848180096
1.96050626932445
1.97211441425502
1.92865090127755
1.94683226177386
1.99069605466613
1.89505279127961
1.93277582854682
1.96961972588968
