18.4866929762678	37.3087696805297	-2.41508804379903	18.5137488823286
10.8971699208955	37.0192151064697	6.99919871741147	22.6354441623144
8.31643269997722	27.400674974528	7.42272192383974	22.8286787359805
14.5742954711444	32.1189855769513	-1.28627033406649	28.9615622433644
9.48678671416368	32.3185043818464	5.70371665054644	23.6668156497922
9.52759122723961	35.5623461762521	4.84212588672202	14.9480174696946
7.26858530966604	37.9869289762423	8.54077566977697	17.311589345906
7.93897324941128	45.9054176412606	-0.391893414583587	15.2397367301491
4.35881521529394	34.6874936473622	8.65651012367064	20.162493264985
19.5173099509519	30.3019240396854	-3.14789823765606	23.4625640020079
14.4228989441021	27.8639259855321	7.40360047291122	31.0714150416717
17.7571352054636	26.9490743337023	-0.965343628296362	13.7164806585256
11.1987180559726	27.8516853779136	6.2000684619585	15.9161758381515
14.5544544112162	29.7344713194448	3.94803325595625	20.5631190934949
11.1372832515577	30.6255889791416	-0.836321549058779	33.004884279208
13.1821656528405	34.3795918321032	5.61617419181423	20.5073362932083
17.6042165554709	36.5533385861262	14.3998489150231	15.0739576775444
11.9353316816448	29.3228861366473	5.38056685723182	19.9686478535508
9.6411854371974	35.2357374820468	0.492521876933955	20.9531436751695
12.2207608895172	35.8246200908134	0.13929740153157	26.2188628075702
17.3507611248881	27.7888984268206	9.19269880826133	26.0250423141356
15.5592770857355	24.1672718483168	4.99736588005881	21.2593766172318
13.3121662332447	32.7191808501047	3.86439231875075	20.2385338731943
7.26766500279395	27.8463547358078	7.14293914389319	26.1556813833649
13.011747014721	29.465146441608	8.64599456431822	23.7235359368706
17.8231963782058	31.2708193729319	4.99386154566864	29.8934472706165
15.1464017672432	20.0898975493313	8.94054916905711	22.5447526951316
13.0346848283393	29.1287289410999	6.03776168415156	17.4259368823137
17.5911352138938	24.9724933443715	5.84144670017863	23.0836950415613
12.4006819085958	32.442538373976	3.74608055812873	26.7771003523744
11.175708960839	29.9895178623647	7.10414652310023	22.5063392604988
13.0590357708675	32.745544429479	1.68994551069477	24.9511603107062
15.8416968256189	25.8635059916706	9.06015293900451	15.6709512329848
15.5579405469726	34.0220121101567	4.60571687648933	25.393628796933
6.50902101062996	31.6052622176287	4.22929647136317	25.5583390536233
14.4040426128386	35.9818174385739	9.26407927739058	6.48284661072869
11.7943063833	27.7925861420881	10.4543319070678	23.6490866295482
16.6750033223179	29.3988727631621	6.93246389605165	13.0805438172228
10.644936380491	40.3097401298521	7.11172387879453	25.9373296341404
6.51896060111431	36.4906132971678	8.26387788993956	27.1528081814281
13.9158144992555	26.5540959671218	-0.0779678254697971	19.5675017770052
17.7905447315224	25.6545000095095	5.06659371192375	27.049439094478
5.1326159879191	40.0986728309895	6.20316247954955	19.3188686538288
10.5401702832988	36.6157303755413	9.03563020605958	13.6707284651402
11.086531877948	34.3259071844085	4.94283424983587	20.9190313591187
9.19677025196268	36.6951115657804	5.42297320138659	20.0591129722355
10.22077201124	37.5753650943129	6.87094334863635	21.2750889313764
15.4787648588558	26.4148760331019	7.7077786792786	35.5377825825992
13.0910490633833	32.9536062117081	5.8746010566202	17.6393872168062
15.7975209472423	29.5485075475833	5.78355987503575	22.0408261003119
12.1341175430258	26.0144245394801	4.05573691936007	27.8056165464048
14.5562449595942	40.4465328618737	-1.52828994417165	27.8236805136453
11.0099464234874	24.2315839831795	10.0709664820484	30.3546617056056
15.1041544373818	30.7364873267988	2.63909895993356	16.9286796045243
14.49664171418	36.5857360854344	-6.97600907421879	20.1027119950986
10.8401030134877	35.7304047234573	9.06807412715152	25.2457950826744
12.3637198083873	31.2410543675028	1.42291794059483	27.5598002552556
4.97719263140301	37.840775979262	2.58063848920408	23.696195484063
8.68516071676288	30.1171827189439	9.83584786087232	21.5107419380475
14.0768763501564	34.0381738231514	-1.1587199696832	20.8118594150831
15.6228420535396	34.0529978011456	8.07309897321064	17.1496481565205
7.13690889988783	33.0930406048145	10.0613666650245	15.5396544330491
7.99294474889839	32.5112411395969	-2.61116033711659	24.9942460259886
13.6878725494204	39.5971145010066	1.03259756701946	14.1622792150596
12.2546082846442	31.820404284585	1.74655768953563	23.7237290270682
11.0359362825049	35.4035207334471	1.84695198165842	22.8847568110618
9.03171691224469	32.0618071376244	5.73510095310399	15.0070471133947
13.7929620623606	27.3024042221316	11.627689591023	23.639848014847
9.39986038992855	31.7457273422752	-0.245399339673241	35.1131902012365
14.7887078111825	36.0489435838561	-2.08399485712522	20.2785594172738
19.0996232176889	35.162632264001	-5.43971130159048	24.9700838221905
9.29138098601417	34.3105464303421	4.43269135727711	23.2616755676426
13.1753770164804	34.0123590930241	4.17061442082134	23.5273306816781
14.8529352018758	35.8368431467536	-6.06190022562867	20.4635948180193
7.57766402681892	42.8345753216049	-2.35697012638872	24.1329176451289
11.6745715993898	33.371250145844	4.85716110435497	15.3135438980804
12.4208057801876	39.0641866670589	-3.75114136642299	26.6426654510612
7.21675922465303	39.657478882017	0.699414537397059	22.2875779216791
10.9264691093516	36.1964640985213	8.40673399516236	26.148196559918
13.2967713828966	32.2690093287198	2.98489714192504	17.7656799261928
15.1137633574747	31.50677232353	-0.918472836280588	21.2625270466889
10.8209973520693	42.7272834678785	2.45405929910946	15.0853268778137
5.36492354714231	35.5839633571043	5.11079918746533	21.3805163403599
16.3016989240193	38.0923504542073	0.0661170223496276	23.8632936941573
9.11817512977691	40.1675104167749	1.71282701476583	13.9583600845995
9.20481355971602	32.9241796743847	5.12629301937546	21.6459146309922
17.4621734365106	35.1559195890257	-3.65113401094616	19.0410198012969
12.1985686275751	34.8687909016391	2.61854841831907	20.1472258211056
12.7834932733036	35.1394069055823	0.469037840084305	20.2435357749364
12.3506393422329	32.4622221201068	3.74364974472832	22.2453638697687
11.5096675325946	25.7490218590244	9.95237575343227	21.6157017716389
10.4734665852175	39.2695838446609	2.36150777364951	28.332125579104
12.2916141080027	21.5640668034839	5.95870334961866	32.8110392061671
21.5458316559182	36.3893846835376	1.22262137418445	17.0293006904532
12.2048068782796	35.591408885753	7.46934455322621	17.5976804003057
12.0661828229824	31.6592604973009	0.874495748053561	33.1784467609116
12.3807268207798	33.0608944248733	4.66581538221819	30.6404517507741
20.9951359907537	30.6024867985912	1.80561610939451	15.1009231906406
18.2998835144105	33.6360675035309	-0.513374893888908	26.1373209204235
4.83436513330317	41.7046375086652	1.77766886075289	21.4014357733659
15.7053487172791	29.6612595790135	-3.02813517947651	20.766443248363
8.05141577367791	43.8504916017645	-1.79158078917448	21.3399285056158
10.6367199842686	45.8918079608554	-4.62540236719509	20.7513559989032
8.43030699610191	36.6751288145745	3.50956679219996	26.3271326075467
6.78137978204607	34.2590542286147	9.25315043420235	18.1411228125057
8.96258042638967	38.5741719074578	6.47637863004947	28.9021076854596
15.9271295929775	37.4832476735755	-3.35466809933145	23.2380172433186
11.0374973840558	34.9142681212943	8.70285445482806	20.6834183822176
5.32646584108419	38.5925459494977	1.86129841517838	20.1288616675207
8.78891844237045	39.432367797756	2.67356031164035	19.519981878014
10.0607511234647	33.1190996541522	9.88613482125175	15.3423649810996
1.37564814201597	41.9360146955445	10.4714401724497	11.905937297923
7.61947614220481	38.5751674776996	1.9012401226517	16.6540565516832
13.7898187111589	32.8473986539075	9.29373495925889	12.7876948042194
