10.9060523294268	41.95015918921	8.43529990951484	15.0065035161877
10.7481428256856	25.9601251074615	-2.7505413192934	13.1784304642218
3.08464565382349	30.3892685139123	-5.20981715821239	14.4027193180762
7.55905747960344	27.6998135996842	9.61295801618559	20.4219542155874
12.5171778073485	35.7767670793567	9.17723990909989	22.2344470910947
10.9485712277331	39.9034566857589	-0.744735997529046	17.3577145186472
9.99162626330294	37.8437765068791	2.37344839892012	21.389378537263
13.3942873102438	29.1645622314568	3.02575941172196	22.6893452489384
4.42054501530309	31.1461815089601	6.96251435237252	27.917440786134
5.7266836486076	27.0621746209928	3.26142485983917	28.2379176633883
10.5385143540117	33.2321012289149	5.99527166594091	15.5447179903185
11.010607618951	33.3824838237417	-0.0115096335622402	23.5223396280227
12.4374572429804	28.5703706412988	3.26338013766754	20.5290463519556
16.5949754743537	30.8378426015469	0.598383004706834	29.9884571835659
9.13422332384422	31.0693722367498	5.82439069730747	21.0593091527775
11.9631228169802	30.5128179795414	-0.0873988431469392	19.3661952605066
11.9815878902511	32.0983889637932	-2.65375101926113	18.0514577725836
7.98612866615365	32.353399383739	-1.78914479630729	20.7930967243138
13.6858657631772	36.2857947284116	7.08422580570123	16.6163846009997
11.3274835018899	28.8680354115224	3.51884445816722	14.9127113149006
16.6693118061526	31.2259002950219	3.79634312454784	15.547224882241
17.8239502124529	22.0026381938388	2.14922309259398	26.3298284058276
11.6623456036289	29.9442173482453	1.68406529233855	16.1243230985934
17.0679720646399	29.3374612804839	8.01886117595272	21.7071665194624
13.1092190217025	22.6204975907606	9.13354250336983	19.2391354031668
18.5577187177329	28.8667874210335	1.44178091985377	20.7467059700746
15.3317266959936	23.7533810674304	1.94571640363917	31.7239351694293
13.4517822412519	24.6549979548947	0.269717001882447	14.8715478110174
17.2058110587387	31.5559210715585	3.82601491073872	9.01150310501717
9.48787897581714	29.1282797750231	1.40140771012862	12.2315351918134
12.3483457500497	27.391154340576	6.83317923069008	14.8248226406945
12.508302147916	32.7146990998793	4.86749913392596	16.1020925014241
7.88339997170113	25.4377823992044	3.96356227509684	18.5049140206547
10.8154230311962	27.0267094548071	4.22922361424602	21.8913922422888
16.1826150556359	27.8128608871318	3.66912853636108	18.2887447682531
7.20075229514763	30.7131517143388	12.383519826989	26.0760013246979
14.1649162954928	30.8657974311361	5.50029403676405	6.82368893023815
16.9144096493302	27.3596062631596	2.54817441019356	17.8654543517431
13.6587559063673	30.0537917579898	1.44023177873575	26.8122399674303
17.7135955750509	35.7423339743057	-3.06337881406538	23.4730375926925
12.8804018477849	31.4496333579442	-0.613314519626703	20.6214872858165
14.4277925359956	34.7008157644147	14.2948727373909	8.93356919376996
13.800332181359	23.2745676146656	7.39791078141748	12.5714911708348
13.0112069983682	38.758307400421	1.48618445757159	10.7380081021933
6.87884409978185	28.2414619081654	3.13476711183209	22.9058402157117
18.5565052289402	23.0310712593046	7.16702768680377	17.6477655662407
17.691166620043	27.684517314322	-2.5229190901203	18.995210631862
16.1350949586567	29.7749301692313	-0.330055817407954	15.6830433010647
11.9222798892624	33.3077094209222	0.534879718138462	12.0919720170989
18.4120681321162	27.2438508034659	7.92562952616558	10.0777563678572
15.4864980701662	32.474168067832	7.71649431882389	17.5666062852839
20.8170796960594	23.747012913702	0.591150523672097	22.7198042597161
11.5938928912126	35.5601947136822	1.81953335202732	10.1417713512766
9.64873309962096	29.494938029595	5.11907232589697	26.2883682133874
16.0402844239596	27.6844387418591	0.624260128168113	18.6486605359009
11.0012959515063	30.0791417144743	2.15236677889278	25.4886617189361
17.7024539467216	24.3612640201642	5.0513994583397	15.9540146642421
10.4630953708685	36.0836224029473	7.76947074120441	14.7654238393595
12.5301710155456	29.5407160245318	0.904611467377789	23.5777601475683
15.0355523201061	25.3080228131974	-1.97417884933255	26.6961866120663
13.8459802962594	27.0745388334618	1.64338752390432	25.448468863824
13.608586271172	31.7591342350039	-9.23244923595573	18.0829650963187
16.192958982528	20.772273330627	0.96267703642004	27.496440065091
11.3545719612127	48.3209807859015	0.895628588117262	17.4592455714041
1.14351533240485	25.0225735246689	4.7622430736884	15.3660005046573
6.53783280130981	34.8579923087284	7.24509237698934	18.4802199827535
15.2180329697804	31.3746825609395	-6.74864410701307	24.0545859458233
10.1095570444329	27.73827479232	0.959322194562425	25.5891799312393
13.5929360431926	38.4971486513969	-2.18039164876329	15.1367568553649
12.377977460351	26.77856157701	3.39716286560444	17.7220531615096
5.06995848846978	40.3854356542961	1.98151894706417	22.7428432990857
14.3088322146679	33.37718679102	-4.29336919521554	18.171945289261
10.1662587588872	39.8586664697887	-0.385516535909698	17.6109870285874
6.50792200003565	35.7015405764678	-2.35513637054862	20.7218279475585
11.7950087728357	33.6854852871162	-3.90599219573812	17.4261205289751
5.54288034142786	43.2059629716008	2.48560669740632	17.3476597384296
11.0089633182075	33.7808401359274	5.10077075364819	6.89455939064971
13.0496276580704	39.3869443580805	-0.99010782181572	18.2330135341115
3.62701482281836	35.2378778115921	2.43515086234469	22.6377747147936
6.34053187440946	31.0294677855522	1.28948181981525	27.3939944417808
18.4665191534321	28.985935237691	0.94403971517421	11.3467002056447
5.03632883034962	34.8625763995003	-1.48691396428373	28.0588397591717
15.7959628804773	22.1652822444359	4.40896901102636	20.27996385222
5.23324894148713	33.0173759195298	4.55557455445775	14.4190660710689
18.896273378774	36.7954159264229	-2.93335609699464	14.5093750582015
11.9224662398312	33.6838902311777	1.39884514438227	28.9782967347901
20.1055549535922	29.5404493249334	1.45971315971111	13.2398110301483
15.2931378909245	34.4436217572004	-3.5381421301281	20.9394668562868
10.1729101259474	37.3102222561439	1.8181348380668	21.6330187170365
6.62575825714551	35.3493777563581	-2.40666261980769	21.7075232660076
20.172444311398	22.5253195974119	-2.95905001680747	25.7974795013381
15.8599000100758	33.4490546993435	5.20372640542798	15.3799905597749
4.52836305316702	28.1855219370656	1.84699229348638	21.3859302168894
2.96300059315886	32.9374014635226	4.4046630353921	20.6286025096537
16.0964167066946	32.7616777250676	-5.24348622014878	19.6710951330125
10.5862911827238	34.1320152160761	-1.94041746716259	20.7090717633297
11.7182725674685	33.9925041916761	0.349618157068152	25.4120300244536
9.03679144729028	39.1579691974389	2.32146167170592	15.9228779153186
12.2753766045247	32.3291624735052	1.6576813920118	25.1304578189745
6.62655684498258	27.6929349888012	8.95547363571378	18.0446652849212
12.1798312197166	33.6619541146371	5.4798187395028	16.0201309110164
9.89843740547763	24.7660027699771	3.31455423967216	11.8050618913151
5.93542382075515	38.4669785736355	0.643177524005697	29.4303275156893
6.76420591531223	41.923105548052	1.3406758804635	13.8509464777201
10.1207587246806	30.4757612687177	-3.86140708086856	23.7085156630274
10.2914602886194	38.0163631996652	4.29666220981874	11.9110637682062
10.9145089686883	24.7959440265175	15.8123818257573	10.6995791651897
4.97477200573875	30.6399010514427	8.27640056268031	13.0996524996514
6.12263367442265	36.2746775682602	4.96796115262026	21.3337749649732
14.6471009480728	35.9897388852297	2.46267436337904	17.3159286736094
3.88484405766948	28.6107714765742	5.34383716926483	15.6948819287183
10.0062191876933	30.4536195511831	1.44617374474374	22.8517858307412
11.6277439786222	31.4350190255833	3.48078442401329	17.0516634600791
18.5840186473799	34.3171357064589	0.733128584225373	17.6876135770803
