14.4916087945361	37.3398022036806	-0.904376452274747	21.6329100902193
14.5277512143776	31.4574932054178	11.4301696858965	26.6352235225991
10.3745384406166	37.2870220134016	6.28160836462582	26.4389019290535
11.7757320255093	36.8754302928056	4.34027440208423	13.7301844984549
18.7266845005678	30.7337095819372	5.04427784967994	20.5210637548408
10.8520522751708	40.8959325765087	2.91187927537963	27.2249272729619
12.0190956275877	29.4708772260374	5.27699749111536	18.8259046602776
15.5157102799911	28.3765294662646	6.48000545464647	24.2474397111858
17.9597839724576	33.2031202961728	12.0706053214858	16.4872119928944
16.9259641774578	36.2608654878907	-2.24774207149078	26.1219170456534
11.528354466359	46.3003438420093	9.61207339774537	15.5884123588154
13.0673816388914	34.7780724450575	5.05232920800438	22.5255316290011
21.0450940568903	32.2327567818077	3.70320291228264	20.8746053162778
19.407934499804	33.6586395316543	3.68147937977375	23.4797393043409
11.730259565089	29.5644890491139	4.18965430555176	27.8308916266423
13.6572033092414	32.971763952316	3.63639151003604	18.919885783312
15.922994219711	36.8079008237375	3.66475814978053	26.374741682406
12.0087222843236	36.9881389208643	4.96814833155031	23.1656248417856
18.4006792083646	26.2925345267377	8.9180782031467	14.3660840538632
21.8638073714291	30.25043650044	4.84067654469414	18.0855299833961
18.150167971816	28.887317968926	9.64509936995298	23.65911058326
13.8028070590752	32.4964454555563	5.44264608328675	14.8086827006961
12.878447189843	34.1496027890976	3.23882453642299	19.9045921338147
19.7860193952714	35.0074426150768	-2.57679640521723	25.6600454223129
17.2681244647507	37.1507258997453	4.87667721687961	22.1626017864167
18.3739276560696	30.6050231863876	2.13020273032565	16.6262569871662
12.8115596235276	29.6103697403681	8.23835508002699	25.9354304395562
15.7676445541094	22.0914441444975	13.4283552755055	18.6252894082031
16.7002956786993	29.2794342461744	1.99451122872346	18.1867864476023
14.506074990202	27.9895024950488	8.40880611272183	17.6119852494058
18.4557329410793	25.283970456677	16.2702543639485	20.6689408948965
22.0250776137865	29.9080733199742	3.11805650019992	18.178360618434
11.4136037669449	37.2910255051751	-0.416398550451645	14.7432478410922
23.3813916898461	33.1554233244828	-0.517438093917815	14.5392058525755
13.4732678853122	33.5311903099508	6.552390244836	22.6244823971525
14.9835258319775	32.7934924241305	10.7209855912751	16.3563402251807
14.4684475367929	27.4776178200214	4.60087217689702	22.843211489576
17.0604247829741	32.7644323121008	5.20487978803799	14.2241849492492
17.2051815143102	41.6347688768242	-0.399863727069715	14.512314223822
18.9835684107563	33.453772312828	5.63292139854284	20.1864067280717
18.5546259197785	27.8070327580411	7.82000842357477	26.2246413777899
18.6617246843332	34.7427209100344	3.70478241619661	24.506634183348
15.6785889446931	37.5627094680702	5.69579765545275	22.7916051065703
10.9561350059458	37.4718170483448	-0.983303196366411	20.8540973982292
9.29489251805905	43.049638621023	-0.723308127244534	27.7035016430005
12.1541626977641	42.8194865532032	2.58689802571801	6.84501149031679
16.5648424759078	37.7500132154447	5.87025625293366	12.9038705289379
13.1489386396306	37.040980194195	1.10929847346209	23.1952635554975
21.1783089343577	27.9809530891012	3.63260037963106	16.4979458073683
15.1872537948088	36.883843872843	0.218764047481138	27.3449530823384
15.0929797566103	31.281763791198	3.52678623411119	21.8905420024614
17.6180581921187	31.2466922204264	11.5684394540612	16.7251128298362
21.4072508687853	27.8804864190759	9.96628067520261	24.2648236204668
10.5320681637586	31.190692328833	4.55878231630179	22.7144701591147
8.33565853195967	40.6943954909485	1.95560114030685	19.3995094538437
11.9327037722042	40.7616975941306	9.44139497359571	23.06952731708
19.0886672561825	35.050934904422	-5.0103273378296	28.8645532129403
14.4294026095623	37.236107704362	4.15385209311522	9.99136190209247
15.5744583023828	28.1644930438516	6.27001002718486	26.8087959153587
15.6283405253288	40.8562956992312	-2.52006537341271	17.6421799777933
12.5081885423532	27.0029385843864	-2.76677307791872	35.7430609246751
16.4352061055167	43.9649889772336	-2.2691240467225	19.4712587755262
16.7666931183535	26.2758361524479	7.83715673352628	22.955647209891
23.2280552981499	35.1506955071584	-2.83549108541033	5.43414513253171
20.2946079511273	33.6319649354598	3.49704595770186	16.0661816355357
19.1609325215597	28.1523878950065	2.56816633184281	32.5078562613722
16.6615636030435	37.7940969279905	2.34598067272603	28.235212580357
15.8178729742383	41.1857492599642	-2.22676041941051	31.2020845411971
12.4112695457702	29.5707919090332	0.230881145362259	22.7909882705541
13.4391768331356	32.9946166489852	0.17950301089248	32.696494432385
13.963953906687	30.2262101441072	12.1602677433725	18.3040754317043
13.2605960795209	34.8561852353732	5.86758260941974	24.2725380730822
14.7715579253914	47.171810586216	0.823083511315477	22.1439834016074
18.3788486684865	28.982077931111	-1.0107616786685	26.6681245022744
10.9342968409635	40.155387592658	3.55976026589873	24.2377090494909
10.0972438590707	37.3417575022691	2.87169215250006	19.3597900154233
18.4284232772382	39.6121796379312	-1.20621609584106	14.933806819635
16.0114090735121	33.9578485818444	-2.19824773418486	25.123220734537
18.1809875539196	35.0558673890121	-3.27101466798878	11.7667913213798
16.9453293663651	33.8120410395644	2.24878663313119	23.1955528038453
13.0790186431262	40.6835975553507	4.53205433741471	18.1621486705582
12.7054407695593	34.6845761904596	2.54030964017576	25.12458146382
15.5400087505346	34.8726018078484	6.59784291883735	26.9037792805636
22.0738086661849	31.2179165742017	0.158579669478291	17.9712594661899
7.39682572186344	43.1713468513101	0.481393037426988	19.7457358203644
12.991716545232	39.0953617771432	5.97518072122339	21.1569031467809
26.8576167629038	37.268746622542	-1.22147905755994	20.5086982111542
8.40060418976954	31.6954119949146	8.91106192931652	27.0836112339265
11.9644553033976	41.9734863661916	2.45089245910786	21.4859372632938
9.75666566089675	42.9948772011397	8.50253171936639	21.9119832686021
18.5786981363037	36.2574316612566	-2.80456847154012	26.8630800291626
18.0412490578361	39.6024042980753	-0.223200422004233	15.8861246271196
12.5644696571097	53.0594883257732	0.936135550596409	16.3549871499929
17.2216615474907	29.5422000241694	1.97667476688493	23.3730167505642
10.6023076431596	38.1477352032756	4.84898281088005	30.3512332395246
23.882219421338	33.640397706317	5.05881726885826	19.6557509269105
10.2203516711065	43.2023256302496	0.218608250238819	22.215587655237
13.5673699734252	30.7149675593955	4.62390546002013	21.6510979200583
14.5322812054976	36.6879115849176	8.30645351355546	19.3702778565225
15.7376181966354	30.3998824126166	8.80299052453702	26.2169860062114
16.6463795710202	35.9494847229182	0.88288815787789	24.414986819656
13.6880844221526	43.5848124642697	7.54706122142664	14.4658473589162
11.6979580268589	42.1018487400394	2.51472482005587	24.2179470539432
10.9498754624457	42.9802307735245	1.60732816765694	21.6966157367301
17.3044112361743	28.7640895677896	7.67713395972414	17.4732590581521
12.9696240433362	37.6410896582906	0.545945053113171	18.1134329190687
14.2398378559618	37.8149258958539	1.4556029155242	23.1797838086449
11.3282262395885	35.2556824581916	4.36518437975819	31.469015419875
9.2453328603865	37.722840458146	4.40332064697573	18.9971948774617
11.4792003574058	35.588649140052	2.16527518916881	16.2291060170117
7.59805537009309	40.4440797342318	5.28501920325678	26.6476995068378
10.9886865372343	33.033196218738	11.739145166726	15.1841477563443
13.0861905387635	28.7330775398034	8.09657679217604	26.855961429325
10.1055036632377	50.8333719434408	-0.587652795114335	11.2276067178346
