17.3998715291806	29.4317082364237	9.84776915922407	17.1019529608161
17.1038157867183	33.004745904467	7.66096172510671	16.5868127898463
19.6513325117554	29.8352561493505	3.96711268837247	19.519669883165
22.4799471438344	28.6713101363394	5.71863241430831	14.8550074479919
23.4718762433204	29.4339854910148	5.69907608551302	12.4562909943653
23.1820004963948	28.2412605241965	7.04266717428099	13.0356677666907
13.5741301645577	37.2495958660704	6.91615552450871	11.7244157341198
14.7269639698163	36.2037950135691	4.58782579268715	24.9012859568519
19.2324695361992	35.9170824630993	-2.06942685515234	24.9735003591051
17.2863646703921	34.4165415623345	0.547464293465617	20.963196601683
20.3235013350799	34.0889540960123	3.31044180233853	15.4479486681522
15.8692586827977	31.8007688217839	8.22888765866276	19.0400574676001
18.7633509934086	27.8003126300296	6.72643423032186	20.9003754161325
20.7838926585075	25.8397405006069	7.32101074204287	18.0789464102878
18.8483945028748	33.1434610778454	-0.490274120222329	22.4220297965031
18.6210401922647	34.2212069538929	2.32402029181372	18.2317621951571
15.8028091409397	38.3955603341148	6.09632942937665	11.5136229192486
14.9908768434964	37.4371127846227	3.59353415741885	18.5313663736254
16.7482944839384	35.4243812991158	4.87008591974569	18.3702055836012
15.0417667927482	37.8121497786638	1.96907016822908	12.8679294447728
14.3956723400384	40.671983888695	0.908886905327334	19.3897564489618
9.71683662143745	43.9721307813238	1.86101830555484	21.3252727211677
5.87871570982439	41.8098749960305	6.62238646401818	18.7525345081075
13.3971963128854	33.3834069252512	9.12326022500615	19.8071357362625
15.4377693574894	31.902508085557	6.53610820133254	25.6595230996469
15.0000962454825	33.438317560371	7.0458984634286	14.8796235641477
17.9093841877835	32.6392710684475	4.82396200574862	20.3506993641733
14.1508986021321	32.41364922829	9.59619988271406	20.6009397415657
9.09739412022049	28.5123479744481	14.3153844113343	21.1117153372167
14.3784593358068	25.9796044935872	6.84165092883819	26.0747864178248
17.2883856819128	36.7979084911549	-1.34452525625636	20.7160166344558
21.698076112283	33.1250748739963	0.944670110169259	22.2817715463181
25.6452315703896	28.3269109399747	1.02399434489996	18.724285078813
24.9617410764848	34.8090253801527	-2.50955967385193	13.8268219013833
20.5576235091781	34.3193858987778	-0.119363007191897	11.8395325397582
22.2519621328454	29.6672583362613	-2.19338313331522	23.0754565119557
23.0262191472627	32.6918867039504	-0.944501583566532	19.6101382190892
16.583422093933	38.7694183499679	0.878516785355519	14.438800656281
22.2216182807924	34.8439489834576	4.37620550979818	12.9109552298193
16.3478823171876	37.6155354353941	6.63981806303317	14.4595660007909
15.798808077438	37.2427759272969	3.95623685332564	17.4463518958529
17.5985486618554	32.2745267851434	4.04613081976633	19.6184891003386
22.3265891251366	32.2119496441304	2.95971879912348	15.1664445400539
18.9768128765992	28.9777947053899	8.73122950660832	13.2733567510158
19.5566670463728	30.782928891843	11.267348460462	12.3852172969524
20.7200844567422	23.9360802137816	9.82764925310895	15.6688940197657
19.828243091753	26.1592385839918	5.38119106709493	17.9887332426525
25.7174502024933	28.0385853281093	0.536607413809703	17.2235541149289
22.329574815983	36.7569018151078	-1.41506041681724	14.6352553642393
23.529217317923	32.3044345252131	3.59627103447764	13.8823650633023
23.9263200172705	26.7826226309686	5.6383240302133	15.168255541182
17.8807175774949	30.1833957671606	5.53407921884567	23.443033759579
18.8754610132655	28.1588745986907	3.69886503193366	22.3831036911383
21.2525757017242	28.9522661011908	1.40764819940751	24.8397066601168
22.8083646257716	32.2250818317215	1.03616684006707	16.3691858184297
22.8680537023302	36.9726926366222	0.131112105774859	11.4986107366936
15.5545117840999	36.8174465941457	9.39047152125437	8.0917417205817
13.3172477989934	37.5484792911985	7.45831184631133	13.1709897576151
17.2672628128635	37.9592207507846	2.72181616302061	17.8038702942128
15.7351551459963	36.1308647171278	5.2089908279063	16.4488589180285
16.3255187389095	36.1218123654987	4.40204595917982	20.6323374850528
16.8980809478091	32.4219502084711	10.6953483605602	13.6022223922742
17.4041368828047	34.5712170649759	-0.377577099033326	27.4109862524246
18.1852548800522	33.1713734996251	5.13434120921207	16.4583009551701
12.4137610083891	32.4311760476906	3.98925819002643	28.1062398203155
20.9565849922759	32.4601103046156	-0.162580825523188	18.181587086505
14.3927667123468	40.6782334840377	2.69752074656485	17.3604559650966
11.9215876671256	42.8413797085368	-1.47030020383527	20.7739735281858
16.716508749052	36.5673365785499	1.27455824315389	20.9580087445549
18.2121916889154	33.0116288370076	-1.44192014522207	23.542972851533
16.5156194136294	40.0906561196132	-4.23160940206073	21.3612932181945
17.3839222087765	36.3905789125063	0.860576490629353	17.1965551951085
17.3742264513838	36.1787210913435	4.49740997416208	13.3100744645614
9.76874160681868	41.4788945390075	4.2186987953097	26.9866297181447
9.11656228873271	35.2853259002884	3.45300844807327	21.4181749726949
12.6156126614901	33.0033401913328	8.25714158562214	18.1789252831259
16.82584824707	25.1385345968938	9.70248183460561	26.1066271118782
19.5274469082969	26.1907821801446	-2.44348642731968	26.1618216898297
27.8538343114287	28.8575134776555	-2.99825857678889	17.1814455143652
26.9319874669005	26.6104550443824	0.531379407054055	17.6250067320525
20.2968925569411	28.4584992265498	5.12654128585127	17.0870952509238
21.2479438615236	33.6308704557381	1.04832836808479	14.7514084414813
21.7660227928005	34.9394476637629	3.97416655871924	7.47051288588138
19.5172697897408	34.9517844631721	0.54030152358275	16.3937094563412
20.007979417595	36.236919031186	1.55448810238384	14.3851953839196
10.3688365537683	41.1852105207987	2.42192794898404	15.7177027199394
10.6480321592363	42.544419717137	0.903904333914975	21.5702946192518
12.0961874705529	44.2035453387283	-1.48495473359389	20.3281390997832
9.77813356971337	43.7041857898633	2.14038897585746	22.0680867303414
8.20097863573824	39.0974180110684	4.60668791766114	25.4984091311302
8.78453334131379	40.3623122956946	0.498628246348874	27.3394422454539
18.708543705273	36.6462702753429	-3.41100824276678	22.8438420939789
17.8890742946554	39.361019404041	-1.54106940011715	19.2750167075417
12.2635231982616	40.4886584858094	0.0211944637878476	23.1702269797086
14.5747752880368	33.617905187257	7.30984570658597	14.2557294032305
8.926194816073	40.1611858303458	4.0240350101826	23.481233043931
3.57077574085613	40.9159918935059	7.10464937353286	22.4260513808965
1.61128055968415	38.1808949300994	6.42066682571618	27.3967560327853
11.4671423056631	35.4432995148022	3.19219845526425	25.000435161842
18.7618141969102	35.8471928675083	4.7177283298853	9.51564625281885
18.1438302413822	35.6389579668287	9.56867273349495	9.13173354115941
14.6488431415851	29.000816969045	9.42119637013718	23.8132891864198
15.6168777135082	32.7739072719017	6.97962414384827	17.5901249491277
14.8712453440733	33.7761422176301	4.68859041886584	19.8800667440621
9.61008679953123	36.5683615516341	3.27423490208889	22.6031807066213
11.6643626698544	36.368738603016	7.70078165901813	18.047653593899
10.9718545678439	38.969094319345	0.92609890509863	20.5155881737374
15.1987364584442	36.7033309894498	-0.730884904862472	23.9094865485534
11.8596637091975	40.4309067399573	5.89650335582653	15.4777561258061
6.52806110883102	44.2175346897012	8.13961300463873	13.2510156932788
2.35247515099304	41.1206559297017	9.41348233126266	23.7982635880443
10.6232979982906	29.4306586271594	9.60605179283449	27.0340222226717
13.4429615791623	36.1953455108058	2.85388596935304	17.5553016629418
12.6058525283478	38.1329783648468	1.09559174479555	21.3195732078172
