15.6988472415078	24.6654428290338	5.31091442208935	11.8215038730296
15.3410731315048	30.5509716298907	1.7207915419112	20.0489361578166
14.8541012281498	23.0627080346414	7.19933112748939	19.517956519356
12.4673370694535	23.2960300152796	5.35815220216634	17.7321681007704
7.91274142470925	31.3810760108851	0.689809252358465	25.4606459988299
9.93311493609678	25.5853999284378	4.76607602042022	23.5866943141464
8.13138276382809	32.8600768152203	1.60210211829843	17.9881802639601
6.57776684729297	41.438458060687	-0.935894527784934	16.1802526059312
9.39306881018961	41.5707449900155	-2.07157072172628	17.736229682063
11.1025014829919	33.8539132567553	5.00505201944287	34.4020437539546
9.40630519808317	29.8698446855062	8.49256374521457	17.1243372846611
14.3340021324257	35.1916077512451	5.086388156384	13.8827074580499
12.0122903161345	27.0835457794595	1.60914213958688	34.170656469375
9.79333283097522	37.7149062994767	6.17003929994343	31.8621582642289
13.9591764892677	29.6370206939267	1.7154144448749	18.4468074140601
8.70614557116691	27.7433829097049	7.5724810544826	19.4377506347386
9.91295401864164	26.1605280095608	6.38787228182227	19.8128792828905
10.4617686609438	29.1969832125169	1.19100010819306	17.1484473816227
16.1320211753243	30.1173460357316	-0.978057608337702	27.4586040997592
11.5875022325001	28.2998688066521	-0.542944644199885	13.2125993987685
11.5258689855681	36.3706077044588	-5.21210688905298	15.9165982403242
20.6134647760535	26.7248482512299	4.05676868595887	19.6477548827663
20.6855298749349	22.2517702871778	7.80887010068605	26.2846630926357
9.22707270345363	32.9599621221724	6.28112670659818	24.4132202856462
9.47395286416438	29.5844155249905	3.39080847499853	15.5197135666147
9.61413558333511	29.0393663890727	4.19074318004451	22.8161545015337
3.59943441054975	30.6178665177019	5.24230466555483	18.2464376964071
8.61900678830548	34.5484414975136	3.94141457365663	15.0853621737468
14.0013907354067	26.2516706062693	8.89923539676581	7.71629839928539
12.4686429731679	31.9917926799233	4.48646849796682	8.97326850256225
11.3156927639279	27.1085782487975	6.4633564625262	18.2471125198298
11.5247785623236	26.0041737835738	4.20598299066597	22.1818073352488
6.56462430739341	34.8118298008435	-2.49612325943886	21.7320886069626
8.95116108864291	36.236885141542	-4.15805165454049	16.0263780289766
18.5095803536513	30.9915488194281	-3.67816562023826	19.5479321264111
14.7786752086862	32.7633218895865	1.93707640557669	20.8376474646278
15.1079300134682	28.498848259325	7.90871854691242	13.2103997304008
8.02591463013697	31.69765596363	1.84788459265904	19.8302230822377
14.9823609055708	31.0372878784809	-0.650480587090144	26.1684612878996
13.7563200841908	23.098812401813	8.55690756302416	13.6124250288519
9.01708826547633	29.7848882579551	8.97830025015488	7.93233597978057
13.9705615070092	27.035488888173	6.62318202222891	16.127924904918
12.4240013817557	29.9560629685855	1.25343693246005	23.4794009535009
9.77362716313967	27.0336122023724	10.4213635479296	22.7757138938031
6.22387001487883	32.0751394880451	5.07735317755925	12.6075651429546
10.6162438911813	34.6253549250595	-1.01920002949023	16.9267375013538
14.7971167456726	30.2869465093733	4.5386476384609	14.5566246033419
11.6915548160425	26.0907969626448	5.72469124974412	19.6614145208303
13.4571044916282	35.3071975516627	2.08749284391685	18.2799510801683
14.6443211877942	35.8277334433865	3.83875418164024	17.3664760909114
13.3652053793922	32.7591515945409	0.604002078357539	22.9846556610963
13.4941486226827	34.1532824370631	1.74751458839316	19.8348386318344
11.6664273502937	27.9266904232042	1.48939300068121	22.934324568143
13.0835117455522	29.8049897060064	5.10958586951961	22.4305160099735
14.5896101583716	25.9404444156479	5.60503688833232	15.5966639752157
7.70500622854252	22.3756415249877	-0.38706744130214	29.2950862422846
8.51946337648838	28.8469696374338	2.42538698693598	23.3904405669863
14.9700452425862	23.2576993410257	2.88952084281666	24.7423081369687
7.51332828410189	29.4527431247034	7.18994079006069	12.3549981079612
10.4020902430375	30.4451974618413	0.238641190311114	22.2008635924987
10.8559084664113	29.2332510922612	-0.291380660635025	24.0044049895811
12.6445099067102	30.9075705871361	4.23821662628007	15.5470452999965
5.84645258757548	31.6211887767927	-1.55643057588682	17.022598484072
16.5132435111448	25.4433555544743	3.96736293993344	19.3756050675529
6.5854686603146	27.9302416753289	1.02501656559769	35.9095930356559
11.9918051143163	29.291280155063	0.871494014963426	19.7253547390589
12.4201236224093	31.0357586870401	5.12733189922936	20.8588178171959
9.86758335965244	26.5199586299335	2.58123885482392	28.7139897999914
7.11312606129096	39.7232968245077	-5.20055778216728	25.1951671232776
8.61674364903063	40.0989962812889	-2.53066187222903	29.6449863695172
3.04185941563576	36.9397760604663	2.47149075073388	28.7936728767683
8.88629933151234	36.3955773859197	0.873855307441938	22.7619294527019
11.2157638650013	26.4465962718857	-0.394075311420837	24.1608667831928
14.5379917796186	34.1285821513281	-7.2558673583359	20.2143372264635
11.7552494102256	36.4398155784543	0.282251617357438	17.7210425930429
15.7107926679033	28.7197355194765	1.646043231197	17.4658777471178
16.9607650876849	30.5075915795311	-6.80434477987414	18.426641010702
15.5142202057748	26.6077086801538	3.98391582996869	21.365242795058
14.4908196541353	32.3752440961134	1.04931111212557	15.6378298053277
12.1298424438741	33.0987184050964	-1.8774857674389	20.1442330683443
8.90741341754273	27.4733537649624	3.67646693488221	19.939481137724
10.8317071815791	26.3244053095431	0.18202810318779	24.6862577110667
12.5706236904739	25.7429277666696	0.772460389022955	19.2885618197934
16.2493203489079	32.864922498402	1.81751387731113	18.3096709694312
7.13775734029905	32.0878414591335	2.45280190998887	30.2072102772602
7.01757720284359	34.4616843559863	4.17028081612532	18.5134891175131
8.19682976019614	30.5096286442459	-0.169972593846401	20.3494652673999
10.1574041394365	36.2855862246138	-2.08756691434474	15.0876898421889
11.2435332077103	35.8824860953273	1.27708293578406	22.0086107259621
10.9944702038516	43.2481840141733	-5.74386009673256	21.3528490657968
7.37016591274149	36.8168164242791	-1.50071013018155	15.3645273656634
6.81071571764667	38.4823605965623	0.247978927080133	22.2048131616133
7.61924188527068	34.9574179156346	-1.95157426231323	23.7912224030094
12.4902816375254	31.8670309363449	0.249354571624089	16.3313149404365
16.7221956268801	23.3805382026094	2.88513622670057	32.4316715974342
15.0342569629228	26.8146097355471	-0.218250963575324	25.7556502166394
13.5479998759931	29.5302659040991	3.16796995619788	16.0845251251784
13.5086139158751	24.5478202589531	7.19851156186905	16.4372511974302
7.51181754703486	30.7996629845715	5.29888323716533	24.0255050838181
12.3055731221289	26.5855169546267	2.63584275446308	25.5205994421362
9.2487758647346	31.6472858314222	5.45246184101261	20.4031462404623
10.465415583068	37.7463570939443	3.82371366485886	29.546841357525
7.4578362205544	29.9131763894515	2.15248224913784	30.7141175738245
9.83776851892699	36.6635346231258	-0.999168547028108	23.1394345408236
8.05467132696259	35.2049993485048	5.00604959053826	18.185222639152
11.9326561836496	33.0328797848513	-3.12007407415351	33.4914830789001
5.28338822523611	36.6544640058441	0.479413359514837	18.5172858089488
8.86766092153026	36.1112331621493	-0.0139152026059002	17.5634108824272
10.0983780514403	33.2563014412008	6.09750202309366	23.4483925174539
3.85950550902396	34.7245872452952	5.08938495277486	15.2730646782503
1.96679105298154	27.3406980351096	5.0163466819426	31.2627694079822
1.95844537013254	38.0821031284406	2.54739589207606	19.551230908761
8.01132977007702	37.1861784079984	-1.99612551280128	12.529255773422
3.8705125838207	36.2799023906586	6.34856768841676	14.1882334119118
