5.76519379270854	34.3554746400791	12.3092186050961	14.2913670764319
7.55290607666989	27.061533939739	13.908980201497	11.042289930043
11.3427306406798	30.0936914632966	11.4363955796016	11.8693941949097
16.4271941992522	28.8178990114673	5.1849992220541	11.1499412219202
10.9063485021285	32.2315198054143	5.564564225822	15.5454329006653
14.1334931634237	31.9790297970588	3.11299583747239	19.7257484838376
10.3287482250353	33.936184143671	7.83653557932973	12.4934268456893
7.98973435533261	32.4282450958204	8.49575245089425	16.075687481227
14.765533035699	33.6100485590315	0.946140858634439	19.7973209367396
12.486438808787	29.8101997683335	2.55905692628227	22.4118082402055
16.2540216503096	26.736380916018	-0.602294798177606	23.31306395133
21.8886321817736	28.833340456588	-2.83475271856373	19.831202395882
15.8402959831438	28.9558705038513	6.62429559110752	17.3752827740699
7.35679499809887	35.0576704105901	5.21427820971436	18.5612656805784
8.6390648927128	32.4828481892149	6.28833684599796	18.4104496667008
9.5364303756829	33.0815020325722	0.179984068021042	21.1660494946416
12.7353115943105	31.0102763219236	4.78860880422047	18.2546657312105
15.2017134881516	29.2713797503008	3.44417686980791	13.6389292583419
15.5416255012722	32.3627160001637	1.05339173935954	19.4356577901435
14.0248974783046	30.1410176165543	2.87762880479082	18.4917200939268
13.9667426456453	31.8864727826726	1.90090527312115	18.5337556151901
8.99142498960783	35.5381277325126	2.2209338838781	22.7042355642882
10.9457499108559	26.0648044212443	8.78717002494559	22.4345683753943
9.43216448856248	23.0651503795878	10.0455074528218	19.5457115052721
11.0075046139483	26.4808947721171	-1.67999925085428	31.1389096949861
15.5634417178011	28.648865929586	1.7538570082628	16.3125244925399
15.722798320411	35.9117442242229	0.86809854919509	12.9988915355754
13.0579323517334	29.5256580766239	3.824718214311	23.2130943222385
21.5506329589668	26.0368639689105	2.07402729264278	14.9940477420601
20.0120290000051	30.6338754858304	2.39938895443699	15.4238954374425
10.9015084451545	36.3628752522861	1.27359001405046	14.5267808704444
15.3008466304761	30.5465522762106	4.76524902401985	14.5298697390882
10.0448187659318	32.9565285454263	3.72351532662128	19.8901275488785
12.3621448646679	26.075506517019	5.80122786364428	23.9939860834609
14.5971472892359	27.8556011080914	4.76725787712778	16.3252568254315
12.0333557715185	33.3398851223267	1.10209891830022	23.6436313213848
16.5341384707207	31.2810975957715	-1.26437993126945	20.6538701233773
15.9784099545176	32.4587479980035	-1.77765692974953	20.8637308968357
11.1330132650321	33.7545191099344	1.90693475647221	20.3646106214153
10.7171251385838	37.742154402654	1.47734111050467	14.3233907845317
13.4940462091224	31.7324177833316	4.58855979017006	16.0564529115088
15.8168950429112	31.1473330613502	5.49114123439654	10.8165600037594
20.601759927206	28.9997854071289	1.68931628792176	17.339476993907
17.3629522123844	25.4511607724561	4.72417746989957	18.4654040491616
11.7680912679062	36.2981187930005	-0.0251785267185873	16.4094307865334
11.4231644972385	32.081235458433	8.70943167676092	9.87443158216356
10.6206033485105	31.7455755611477	9.50160697287346	12.2373429306398
8.84929255101162	31.5918220468282	9.99180660790974	12.5812741022328
13.2619201587866	29.6743180724548	10.9916087765268	11.2180167859497
8.48156433073213	31.6979316231551	9.11172391728217	16.0667900567317
8.1648420986172	36.156617183353	8.68887580539449	18.7787138764061
10.8247706165826	34.4532340770951	3.05126718393506	23.3875179841893
13.3353165416866	31.7183775850448	3.30289990285387	14.7995662632738
14.4018975898436	28.9430296729929	2.72770516611667	18.6273408885719
13.1304590961191	33.6176908087842	1.35216004752833	17.5411578596406
11.8531707797508	35.9383159895241	1.93672331531513	9.81515583528478
14.0226408902401	32.1668146699504	4.45677952746451	17.0268153936013
13.4637584953104	27.5426236037968	6.24733931993715	15.403711007335
10.6130031579718	31.556076746769	8.10615501435579	16.2096698825398
11.3069617921078	29.9301026637695	8.56324891188297	15.0748783584494
12.1117345912974	26.263992774544	6.86226477274012	19.5593746030089
7.67667285014213	30.0448206936288	5.46637647338787	22.8568637650767
14.045584218439	33.9234349744673	0.882397144372897	14.5037779576108
14.1698526142438	27.4917022169847	1.83610081680506	20.2252702107284
10.7586031327136	32.7952001071076	5.68283156638133	18.8262734347248
12.0880273945597	36.436185188504	2.87412975934877	9.49783671936581
13.1654665452378	38.5962411121847	-0.102057424393741	10.0019981876365
11.07791634844	37.2168858507045	2.96883353800858	17.6105604231461
12.6492119089056	34.9291439082752	3.36193095149569	17.2880828074944
11.2696901543958	31.3057256071608	4.96240646078664	19.4256207793853
18.653670778599	24.4138271593052	4.52718279988917	17.7598954066536
18.3733265806016	27.2036580233974	3.76233915428552	13.5190793757615
12.9526377609048	34.8434971990635	0.584465492745007	14.3719073377762
15.0676817411292	35.1636939421312	2.349726703769	13.0001016731517
14.5803335734932	31.4968947143734	8.45019566950591	14.1285205334533
14.6922979301041	28.3940551193054	7.27602332488837	16.4337852370196
18.5438435439131	30.4363049040144	-1.87702496330525	25.3613466337418
12.2191280250883	45.813905621158	-10.8811404325989	23.2968970952351
8.30290304059338	41.8290516116899	-6.93734531704322	21.2947968748194
8.51731037125998	47.5521949688095	-10.3874447301208	19.816414780419
9.4325194401514	45.4791578637456	-3.83766130222411	14.0766754168036
4.31111356811957	52.9218135031158	-7.29043775188565	22.5838469450484
1.46431293066041	36.9020461104883	0.156864295546663	25.0787790382499
4.65974585215834	37.888616260614	-2.95052127200154	21.5779325982991
7.92966502565719	42.0728007009452	-2.91481307927291	17.4673490649962
11.3127852472087	40.8044069677219	-1.02657853226109	18.7381856801305
12.997364630134	32.5342330615293	9.38862151772484	8.96843929845276
16.2147217206817	25.2403061969069	12.5167914455041	8.2443086349279
10.247421864437	31.3630512579207	12.594319096544	12.9199027401923
10.3810204277462	30.9663121308611	5.71310312342625	18.7062036377906
10.0541036112897	32.3387144356285	3.4079519128317	16.8930002796273
10.9100316185717	34.2475073605548	4.57189221342624	19.4942867390063
6.94503487074202	35.5102757691053	5.36606798798535	17.6011087496145
2.15451865564252	34.6333359363672	8.70870006736027	11.8009306924417
14.7526522590064	31.7547021213756	4.1039708010395	21.9214839837946
14.5171621778309	31.4672661056521	3.2830707529994	21.5685837849705
12.6014965813574	34.2702012741142	-1.00258153575729	23.3229090030267
10.6205192617803	34.3232546437473	3.76445666708727	17.2242302277735
11.9888654717288	37.7761011815597	3.11649887492046	18.857270017691
11.8133124409272	33.1203957207859	3.61746076546421	14.0819556051456
12.3617738474778	31.1418007798364	7.49010482580181	12.3073067875358
6.91065645957562	34.6779903571909	4.78923611150099	24.807635302102
4.52679124326876	33.0471348537303	-1.10103818711038	27.2105710053871
12.9466954387427	33.7009731203306	3.27067475560886	15.4861198823735
13.1980759008713	34.8167368950471	6.23127462926165	7.66104617554255
10.8379905866502	34.6576967596282	7.30869409383891	10.9077005192013
13.1783826914659	28.538791373308	9.78548911955906	19.2627547101455
11.2209841514341	29.5986555893843	11.0654510523483	13.2683102585221
3.32659864426575	35.664553902309	8.31311696964831	22.1686942416597
5.96182194454115	39.8309890474883	2.17976037289268	21.7938793139095
7.05729156523182	34.9973250169122	6.13063023230701	14.7442805606149
9.01820815471419	32.8217495500857	6.10922048156603	16.8050837404091
12.0008205780154	32.2039555784018	7.29671573755175	15.8035245518197
9.40509702130619	37.5320470062893	4.13799484611646	14.4662065801043
