13.0642576694312	37.4580232811533	-5.80384899348375	18.2568574760946
7.03357945198156	35.8384360525727	5.6683739189377	18.4715478223995
10.2236134882537	31.7892979431958	-3.21215773774599	24.8420501550849
11.0971155087982	24.7452528702156	3.26887530949284	27.4821801189622
21.0491551156674	27.034170842036	0.530539295436601	16.4181021493217
13.6514026731268	20.0823509945992	13.2365661634	25.5600836238944
7.57620948738082	23.2566868530853	11.9270410430913	30.8735773733838
14.8164428632916	28.0848975558259	-5.74620621690598	14.9775142942577
5.88283756070071	29.5060373379777	3.34639980753784	19.6949609301507
3.79388207719841	34.2648827217447	5.84428694913649	26.2123183768989
12.7069405604682	24.1579567931762	5.70352062233278	24.3747519355082
10.7620147073269	26.213295519567	4.23409554142671	19.2382527967291
14.4188295283373	29.7276978446932	0.358275617507887	25.6471923979133
15.8835712472927	26.7800522475022	2.13114043965692	15.9833502649917
17.3206381064416	25.9177190305103	-0.732523459065963	12.2365897267166
14.5411477648875	26.3261577653533	-0.38881656388358	24.4527403569821
18.6654799561863	24.5131534858036	0.964001638688339	19.8670750280137
16.5769582565061	24.0646851920447	5.78620846857466	13.7237245524363
12.949613830662	22.4159603353664	7.23770910613938	23.8134366675362
23.1108861484858	24.9888122115189	-0.0115933779415123	31.0147633773842
15.1475429225019	24.4223056413525	2.23526506906823	25.2037456705655
11.5896236531406	26.9941541618771	2.57137135822996	24.1550079611643
9.91932864659306	30.8139484647421	2.76225438785953	17.5715331022509
14.7056001118573	23.3987932788028	1.41768461568159	24.7080385220788
15.4717825081454	27.5196872639217	5.86613945324477	12.4638985613427
11.6909582494679	23.0604166315616	3.07457972442903	21.6298364388497
13.5233045210026	25.9580298460154	5.96922639932751	22.1285845545263
7.24830537453661	32.1745158453751	2.32719128432894	22.3525508140356
10.3588691189224	26.8983224080892	11.8784271798163	23.1764701796838
15.0023491506376	23.4524433240362	0.437096474227017	25.7891741406226
21.0333155003802	18.1637306161387	13.5253128407924	9.62897901818821
8.87062808507828	26.2947767099718	5.8269948998504	13.014681954
16.2939003604232	28.5692186839719	3.85118624951604	17.7139476797611
15.1432234479588	23.746156581913	0.453167587017943	23.5510692344115
18.7445153999116	26.1564969438545	0.274538669773384	16.9830387126722
13.3754027838989	29.8190117971086	-1.17679770895593	24.63222351621
10.3440817800362	30.7687936412912	9.37697303758667	23.6479081794018
16.1370223836054	23.8470555298826	7.51557624517114	10.2364396903887
16.8150998579996	22.7968929055646	2.50438577615989	18.6407262590158
16.5280255854906	27.6566515353068	3.45023746021194	23.1648299862355
19.5857068444121	18.2139562491818	1.12971545088863	22.3455393403493
15.5371371812027	31.0931069049069	-1.61757681012083	10.627602582863
8.15866027700743	35.3391250843573	6.92244340611453	8.83999994915946
9.63969425500136	25.5492781765365	7.4547915737314	20.7112785005075
15.7854681682496	30.5043820646679	-0.710348668172022	18.0081896500603
14.1540030260279	30.2605740570863	2.22046203043118	21.099259680537
15.4183724299713	21.3011619268626	7.47838877437443	17.1706244967065
16.3151480777258	24.7919458073366	2.41446044245651	17.0037031944928
17.2305508142336	27.4220627810966	-0.597152457667797	17.9603952569268
12.4675225520794	29.8423707147617	3.24573548789856	24.0779244780543
15.1560813386063	21.034651151439	5.50979000977192	20.1434460554758
21.7527881967341	19.3611047710447	-2.53596799029105	21.193919423814
17.176927299593	24.2999577364436	-0.925149683965802	12.3482971022544
13.5438018696374	30.8264748244769	3.0617489714316	9.68435077044214
10.5232656962302	28.9572680639432	-1.68647438721407	26.0472308879617
12.3926834536311	25.9586662944736	-0.307157870861611	23.7024181413925
17.6288024698569	31.7194292029022	3.94141562427823	18.9560240284251
13.8714180352323	22.8019764205733	8.8216598869205	11.9240702759812
9.77147027003337	24.7911780532863	1.0728776234784	26.402706402834
14.5354360489013	29.0791474651027	-0.718548924789239	11.8009212644242
11.556726939255	27.5291566579789	5.23089250673015	23.5293259974006
14.180148499876	33.4059096319787	-0.736641535350167	14.3801992283853
17.8765411694638	27.2605092050779	0.865962549915011	13.7023138424122
11.7401459464826	27.0133206025331	3.80755836013484	21.5563690295497
8.14181277396937	36.5868640231358	2.46072857432367	17.535221631569
6.96487336663901	32.1841236800345	5.1089617766917	19.7726213741016
15.3208036992249	33.5311522045174	-7.40037699507269	17.0832544360595
18.9432357366491	24.96587270395	1.43198967555459	12.7117368234189
14.6350759932358	27.4856218380581	0.425209941154354	19.0881258485252
8.23579344669754	37.2121090607549	1.12886917530227	15.753466547053
8.64839381078799	35.2994695388452	0.508816987908761	20.5012798188773
8.33322947966374	30.7758447026398	-0.0561273802426967	19.1765458032161
9.35148207749525	35.7972173679115	-3.91669803079207	24.679440655904
5.33025543061915	35.7944156292209	3.47296671006418	18.189108176637
5.57642184343062	34.6392781991981	0.692369693383194	28.6750580650441
13.9227923100917	32.9253185312634	-2.97092638319577	19.6474818325887
4.20813900438236	28.7196008792624	11.2535862936407	22.9223903103282
2.45790238852498	35.3152304767816	-7.51635531173023	29.0963017995597
10.4281006827653	45.7304257930945	-4.55447016369149	28.6602529868691
17.9872842801839	25.023837199879	-2.84347217848122	28.8783126759195
12.9095880671336	29.7125771741335	1.97125617053187	18.0557916701624
10.9861483223327	33.7326527991727	4.76253255684147	24.4058680135755
12.8137570397428	35.8613618147675	-7.1613392565005	21.2000628627835
13.3178907363371	24.6678696700461	2.51539583823843	18.7032500047036
11.2823913694874	33.24910000872	0.148869672672602	13.6467781914248
7.57078951948734	28.6728556664018	3.58823718318753	20.5156968123459
3.16455873251814	37.3671004908197	-1.2871713766473	22.9873675168064
6.02083950495491	35.5734019344839	-0.0366506206447816	16.9699225724929
6.46816645532473	35.9958943443425	1.17394826603949	18.2806490372189
4.80206921466491	33.2662113686209	1.64274247910845	29.0449085616084
13.2920869505848	32.5075351283282	6.85113774518502	20.3777896468264
4.2687344950428	33.2255361509105	4.30962011194762	16.7499659165757
7.02822474657811	35.2212073394248	-5.22149092116226	22.5324160796945
13.6157295444662	34.0478697708035	-3.61428058674437	13.1376571460863
9.75779455925359	34.9259718111373	2.61431005240056	10.0841005705438
9.06884162976845	35.621465451304	-0.100908896236639	13.9818736399115
14.1614143670386	33.8177907790394	-4.3891334751638	15.8719745549785
10.1412393057927	34.2792110591406	-0.0827199303837976	16.5948876202294
11.6521055249021	29.6331706822566	0.850085217811935	18.7297726067714
13.7261510315894	32.36972552358	-0.0784452830322406	13.7270608275382
14.5538411312672	34.9492432972888	-3.38137026507167	15.1830692615475
9.59836136738953	35.7803975469233	1.93606791043181	18.3375401418586
7.35786912582897	39.2100116851854	0.869593171085746	20.64433739629
9.25504974949745	35.8137462958399	-2.50534903857249	18.0381319964133
6.6555727259776	35.6582271720854	2.41349496890943	13.4157592579941
9.60743151710061	33.8228851679426	0.361242217600006	13.5950949975496
8.73077955174172	33.3749616908974	5.86459652273855	9.64271933693884
8.66663640718372	34.7958881092229	1.20115590761149	23.6677929448567
13.3615404276459	29.5623021661533	0.534568167827942	21.0380556460903
4.82372425021225	43.6276439144538	-2.96568986935501	20.8393079389109
10.4288485636896	33.5354346956519	5.320652150471	16.615551412896
13.301967655162	34.6524881719085	2.55629664977663	23.5709635930066
6.6112340631933	45.7108522467162	2.67841790426627	18.6971521789482
9.86418601230752	35.3366499792018	-2.24362044738502	19.8331879537827
