15.3937949225084	27.5956063280826	8.28734371748989	25.6802198382546
16.8271855234864	30.0317001953226	0.973814257918354	14.9020711424281
15.392999000106	27.659567486004	5.08613429885883	18.3185230919116
12.035123697225	30.6893104631944	-2.48534707430225	24.7046174130517
9.68943646838389	28.5320476822016	1.65129892417668	19.5108381423403
4.52923417622438	32.570106657868	1.74556112473352	25.3058685102681
11.0707840282125	32.9716669816476	-0.220247255292826	21.1353437078156
10.8463743531383	40.867850080669	-0.962606088426629	19.9935992572112
11.2910301606683	32.8546310822102	-2.35326714551143	21.5084798792935
9.98404759210223	34.6231133561204	2.20332062764142	18.1793398087154
14.0085470199166	29.1452892646999	6.61434572668673	17.3933738735208
14.6767922743294	29.3885481951978	4.54127374767452	23.0647331173601
18.553729883742	24.305516713139	-3.24562367082062	26.897415926217
20.2382236694661	28.6657430467756	-0.556945162596589	19.6021845630054
15.3559532317938	28.2975486185843	7.17934352106156	16.1267994736005
7.59614671567921	23.3039278323566	7.5955721687097	16.4013079193007
14.2013649629914	29.8511131953136	3.12536790535959	21.9785426366327
14.0022709411749	30.2624261637423	8.72240776429302	10.7032778244325
9.40578804422405	24.2868906086316	9.02734656465204	23.8625331448011
12.7712037038716	31.7579452476921	0.575864359207478	18.0290389355823
14.4112888492681	30.2925666405413	-0.227627195397209	19.5259247122441
15.987971720721	37.901068554274	6.09572199465099	17.2354175295027
19.254497353648	32.8760731817415	6.29652186445467	25.9499977675498
11.2121424564935	31.5392420639926	5.39951053657762	22.4119058115897
14.9811898011965	35.9836139891939	1.85131308366737	21.3618129718941
12.1341702275935	32.4965477992286	5.17323777136913	22.8748055543134
8.37910420674155	32.0220590232898	1.20082861148111	28.703643433289
10.1559042217435	21.5248261464056	5.65890221010669	18.155695803602
13.3301132835753	25.8138263233246	6.26737238691895	24.2259829532257
9.62933427223525	28.3225906480176	6.75884368162986	25.2922442635522
20.1801357796126	30.2290831585037	6.2601857105741	20.4287861600519
7.3610833851331	32.9649358159433	-1.80246505204659	22.0928900944693
12.6272847444106	27.5660805793477	0.161993771875448	29.6947271674891
13.0181232314843	26.2198292451905	-2.65391265685653	18.2866935613585
19.5176606011449	32.7491991956265	2.93557969297546	16.7316790023335
13.0128269958326	27.9385617529197	2.89271956801464	20.6959156347713
18.2549516203126	23.7201895528028	0.837075683534227	17.5141281768496
10.3226931233132	34.4523473251474	8.04718096239989	10.1726847781849
8.28627285292975	36.6642801561256	8.49290344996143	8.84910271039566
12.9493272559271	33.0789871072473	8.01370707987795	31.2241203225508
18.6996038300375	24.1134028609697	-1.60309259448321	27.4932023700617
6.56991667325248	28.6808285366326	9.9851492499548	16.3068834300443
15.8066974417489	21.0033444217072	3.53484575219027	25.8402123718122
13.787086256418	25.294319092595	3.22462166786753	33.2108010609461
5.33651663080724	22.0321114986106	0.0251707827757848	21.2016680374489
11.1046238222223	32.1436078538843	9.22489932167246	33.3900660639465
19.0362349282597	25.6203848227258	6.38338056398977	21.949961537219
15.6838502844304	22.2119043840798	4.77522311298244	18.951508732213
14.7993730634878	25.0866545182016	8.73985637162527	18.0733686648706
16.8460417812608	25.2303403991124	6.184058844108	25.0315033858904
19.3988438415299	25.5858306888541	2.82516856098186	20.6034245888467
15.517240717426	38.9797777861652	5.44669542870206	19.5558325768358
9.85714529703398	30.9689715648808	6.08479086528908	21.4899541183192
12.7329946011256	23.4892239597815	5.59168073245418	24.6095088833248
12.6214743132824	30.1760422482207	-0.715720367170962	22.0259763488414
12.3860093046173	31.1039602072564	-2.94132589338948	19.8014234336269
17.2229534631389	31.3221105606486	-6.81267267082965	31.3522701700014
14.263303028863	33.2279681559333	-4.53486424857701	22.6258765487769
8.88212935907781	28.443094742201	5.53064698343278	22.8572966391227
10.7986733453053	20.2719844016569	0.237518903726318	37.4878608757585
15.2463686298442	35.0076423114385	-2.57462742303975	12.4245344322758
3.62775727458322	42.6440636039931	-1.19877485703144	27.3638302987916
12.1149176064627	37.3984068356698	3.30887058053869	20.3100929632517
7.26258020370071	20.8933971846904	9.02061636562231	26.775389322883
19.5782930561451	27.3560857272093	-3.57162979115754	22.3221938575584
10.7292649754019	30.8487862082647	1.13915241683639	19.7513814815939
10.7258996004443	36.5034700708111	1.64366106397976	22.96910113105
9.23937686126369	33.207165105033	1.78828522565088	19.5784991985469
12.8730451540446	35.4642101418576	-5.90333906087341	29.921386070275
18.382469938731	38.3057981378486	-4.78183514758967	18.9234743716835
17.330475940813	41.6492562801533	-0.376527024815005	20.2838252614876
10.7581016305605	34.606728980338	-7.15970400730754	20.9760144341183
18.470298787885	32.7890483201684	-4.64558943496878	16.5344692068553
10.8340418424947	41.4965657621278	0.237855244466561	16.0195286624547
14.7955717730109	28.7148579536383	0.031070222393875	17.1170942817297
12.3606741517438	42.0531774204198	4.41637765288629	21.8915814421608
1.86531719113641	25.9714806072149	7.03949202151576	26.3652755526964
4.76504624557926	36.6790660188794	-0.363562302047813	20.1318610492755
14.449215210997	29.9876939754729	3.86946522970591	20.2387241029178
21.2371003230984	38.6493745377958	-3.82142378088057	20.3844096585143
9.99068960243267	28.9894375323777	7.57424635021647	27.4499269419576
4.8754133826504	41.3876963237151	5.70394006301967	14.9976295801409
11.2858253474001	32.7494041992728	2.71981738786957	26.7007172143559
17.202223006348	38.9439381582963	-8.46669186154074	19.6339132579516
12.3633235983164	28.0929572997764	5.62920624607797	23.03829182706
6.31465239460208	41.2406391917446	6.68459958682124	22.4975435702995
8.19649784975181	34.0383691528821	-0.299773234555271	24.765132971245
10.7335784359528	34.5376579669968	-3.9393303458802	20.1714536593985
24.8678375237513	24.4694720841607	1.2302922307826	17.9269040404994
8.70452534098956	35.702052111896	8.45733818228173	21.4745173534715
6.26055050549123	26.4901994777523	3.73614173207084	27.9918185302729
15.0329521536767	30.4575219538578	1.58259766986855	18.8283363061698
17.7287070469123	38.7086020414502	0.279092043418572	17.5989885074572
11.0489167033334	41.0454200610161	3.4320352740092	20.1862317840236
8.21737392968002	39.9383249314789	5.29744272027782	22.1267513848862
11.6786150740596	36.0849316919824	3.04597784559896	25.1314211545289
10.7306035197823	35.1571745089921	2.05071991104355	18.6983327887972
5.93847516404192	38.5808690418223	1.70570437211475	20.3827613760282
1.79185797496794	45.5933915880524	4.05117248259256	13.5616453749593
9.76817157529021	35.4926301212863	1.54461336193821	21.4353986012101
7.87882704813355	33.8582474376298	5.55418652692081	31.7311249073306
7.13883835764239	29.3073138459885	-1.36343373915478	30.5802271792372
9.61810228760434	35.3699059376669	0.151911590793286	21.5686510824677
6.57801031674601	36.2213120195973	-4.0604049806427	24.6079964697465
10.3652353960364	37.4594717677202	2.34380243489896	18.3614746251964
8.12395683621187	36.0672517405481	6.82065480179474	23.7874375472332
10.8471311690519	35.9012785306573	2.27829285392206	19.4923234752813
17.4073899917954	28.3595454604855	6.71481711752516	20.1579848512509
13.7923345887991	33.5679743033418	3.94861016396786	27.3683523992499
6.12095141431164	35.2793592263997	8.53028676330293	14.3064746112564
9.39144783694769	29.7330684872242	6.01245574439862	20.6504574370337
11.6733903614473	29.4117164592089	9.32609135071529	21.8174009070498
9.7328933449572	35.8570611586788	2.80597447305246	13.8846022424986
8.83971342785359	42.405271496883	9.11122043893404	19.9512066236585
