8.89856784699366	39.0238549933762	7.33590249355296	26.2434655299932
11.2887439971081	36.1645470219271	2.73095936642661	22.6228762430274
14.336699743553	39.756451535493	2.39299387603161	18.1140795031173
13.6135093698334	35.7024610099034	2.28077575887943	25.0897839224759
16.8951524027073	37.0495112416292	-0.537643215177415	28.9279301392619
11.8211693656552	44.5514514213551	-3.07021979677014	25.3811725074512
10.6977764165411	39.5928521747847	6.91379417910714	24.9564798512527
14.3160502055082	32.3718832573393	-0.668458092908107	36.2525738001929
9.96432107030871	38.7974849182848	3.95327420007276	29.6421567056383
11.145895043157	34.7813768387926	9.08260929148143	22.7816849669858
15.3055580987066	32.4922934722879	10.9233773830844	27.1186705822162
17.8172987072623	23.5141057482669	5.57190991744058	26.9099019699878
12.8740628667822	35.039703148569	7.298837602465	18.5344346652919
16.7268143041865	34.5782888753807	4.13503138241395	19.1743462149466
19.619034288587	32.5965108401119	5.20852071669803	21.1481080678519
18.1672538334875	28.6529493705798	4.80637363904142	15.7100720573412
9.46596892067546	34.8472227742769	7.54022215385028	26.7938987329379
19.2140481493337	33.0311841852347	2.75155115098753	22.162994410755
12.5138018349809	29.6048874554346	11.1145425970231	25.131167690633
12.2431866174477	33.9569674592705	1.04481526944688	32.2256195592187
15.989697812973	27.6546817865228	6.90736182312093	26.2585254378366
13.5036317984541	38.2968677405191	3.30770376165028	18.407529203114
16.2739014497288	35.3497762709779	6.64623588725329	20.0714095346731
14.0332709065662	29.6600826848752	6.33043205245798	25.4304550467888
21.1038902760357	27.2497499176593	7.07657288286891	26.1669420661628
18.7089680496898	33.5209491567511	6.14383764784219	14.9809799381727
6.04395585820395	38.7787940805722	12.1746024824119	16.7201580332815
13.6294174291292	38.3117674145872	8.18276607644143	13.5463707507589
9.98875002279156	29.8461012487008	9.10723385768108	28.8727111320178
21.4445055320294	26.1008505956781	8.60657087403452	27.6993864517463
12.6480201355273	28.807076119918	2.76268509000492	27.304131782129
15.4288946872288	34.9731521783392	6.46764079387143	11.0421150178853
13.957628866302	43.6049315926149	1.94575122824829	18.9117323925794
9.72914158335647	32.621585897656	9.34972657399925	24.0655590634025
16.7568044797156	29.1852708043906	15.8282999703111	21.7389061160872
25.2545858758152	28.859529915234	2.35310708040149	13.7968281381522
22.3395974839927	33.8955339966703	-2.57918464554728	23.9444528519754
24.103447139695	32.1095503170234	-0.581377495510903	22.6201616659073
23.3131018695716	29.2119637908496	6.21707739768375	18.99749284268
22.008907355478	31.6570299514199	5.13779333081708	12.9006590976008
13.8611578246077	28.8934776965521	10.7844074970379	26.6898662665431
8.69089748127807	38.7925843085724	8.42008516462175	27.8971372605273
12.4949734332327	30.6830113617422	6.70762724925366	33.0674296851722
15.1107197906352	32.7937267748762	10.0991698477709	15.7752395516465
16.2211139769539	36.7302726324633	2.96265070217999	15.4200440771134
16.8884451843371	35.7506388273019	6.28030220574284	23.3618849961006
12.4887146980909	37.475423208684	5.78663055587808	28.8203906682401
20.1939014812103	26.6958274241605	4.8245824044247	22.9326277957417
16.5357083466747	33.0136243881947	8.33670813429784	15.905511108828
18.5173420927789	37.6407296220483	4.32518065963247	20.7455580634578
10.8375371746358	34.8613468727817	6.67992574048691	28.2800895386907
14.9756253800813	31.4683255938889	1.31462842889601	24.858479416273
19.9688260822269	36.7927541459862	-0.397473469127051	24.6128754167252
13.1727244220208	35.4121354596603	0.784412668913712	30.9789167152953
14.9738038112695	37.691122169023	2.52663246756596	22.1257651807558
14.697795422093	38.1042971242642	3.53676987967426	18.6478118059758
13.5406428808453	33.9560161364516	5.2738570880369	25.337636524812
11.4997234670042	35.2064146969198	5.07621639830143	27.3712742898208
16.9453400651533	36.559601178907	1.74868790999208	28.3724589559131
18.1432943555128	32.2277356927844	7.83954794460526	23.4231628474985
12.84265449786	37.8148850558306	-0.471164078697486	25.6905268305204
15.811642383027	40.5753115848777	-3.32572740010568	18.9673012749824
13.5899942330713	36.5959340344617	5.17090133694743	20.9679943814101
10.4996958398517	35.5948128040006	3.84776687055502	28.0917050831981
17.4863354405742	33.2028189094454	1.88251702265502	22.3607857528716
15.2227881494567	37.602000414264	2.28271625408563	23.3129000189785
11.2867682286669	43.4696872731612	5.32955284762103	22.4353164845176
20.2918706119661	25.9438220783049	11.6522936898594	24.4147313457433
10.7387949090647	30.6431153970241	11.5388061736034	19.4283796248145
14.9937626606762	30.4516867239549	2.34034382870117	26.8635885503464
14.2459050774807	39.735041667935	0.335857332040124	26.5604926551451
14.4796588945979	33.3691664570008	-1.04754670180284	28.2085951127438
17.1908576992023	35.4076135607209	-2.57983804258255	27.7805657477486
12.8757146979006	38.1578677842452	0.10412390503119	26.7904927435987
11.3600822092987	35.0981744896179	4.31227639108538	31.4159245659173
8.61749925253469	41.4079471983222	5.07922308435749	25.2710529395402
17.5764621918075	33.7477640382228	6.4025222825106	18.8540040561128
18.4615553126568	35.0180496938078	1.04048178278823	26.7420619975781
13.8597037712441	35.3810794292831	4.71705145198584	22.140092397489
9.30734596917678	34.3416944365433	12.5320787387051	26.3774449910182
7.60650552183562	44.1512843880887	-1.08581786355944	24.8616866519266
12.6397327816342	39.5886107430154	2.31776527471438	27.5435927847212
13.6066540654649	34.8740959147654	5.45098742185682	24.5700997092535
21.7148362203445	28.3770335785739	-3.5022942018026	30.6082565955515
14.9675138690019	36.4412228359353	-2.34069976719116	24.8030990858563
16.2568738016457	32.8617714791066	3.01591057753056	19.8501520164479
15.4699366842636	37.5916765383309	2.77725774700359	21.4564135262387
17.1962242060625	32.1995242257663	3.86527215832613	19.2621094345607
21.0307902095848	33.9409564408878	1.73200410827373	16.552367527473
7.62578681947722	41.334474024537	5.28253122160372	28.042583955589
10.9858430413077	37.8114519471769	0.57218478660413	18.8237868695291
15.1548486368129	32.4647219761498	-2.95936823824421	29.6846730337598
11.5737226265008	35.043349094233	9.82341534993665	23.625850849971
15.4080632308293	35.6899508762108	7.80627452086281	22.1250438737261
9.45201872818498	44.9025565557329	7.17391046321809	23.9743743986338
9.50472710692118	31.6505163340549	-1.28531618310667	32.7466584949838
16.0208432173403	33.6050670027185	2.03207897767711	27.1882662766773
12.7164059511646	41.1913082967586	6.10053811938339	24.5030869335952
14.6610215593334	30.3047638537344	8.01708494022332	27.4470218024667
11.9696434232309	35.0124006801056	4.72642960649706	30.1564050756638
14.7276752536345	34.1544764850753	1.43238805029444	28.6407649908903
16.2136841436812	34.5090579897628	3.5127583570718	27.8255415702223
11.9574206002451	41.1608529013774	5.07063603584463	15.7991468639161
12.3411942619174	36.1240480827773	4.97588128374658	30.9983160898168
14.5888687381615	40.6712810899303	2.46243737385642	21.9518438102703
11.8388856156562	35.3956209759007	10.5169868202217	19.7531360472606
9.76784610171233	40.206112454269	3.90375551452977	30.9203454340276
9.01184218490984	38.9263915325321	6.84226673615217	20.6247472320294
16.7587136974381	43.2189127152606	1.75414842013739	20.0650948314679
10.1460765812232	40.4088141330174	2.0501767084427	25.4337865288463
10.1790849819912	45.009985721662	7.09229353375293	18.7130403910506
1.07610546944323	47.2299729516524	7.70385651877043	16.8781854205509
12.1381150161476	39.0687688023917	2.22308633734421	23.9442707659837
6.35770609401683	33.0184556273065	10.4188021294067	29.8162381409623
