19.451536964094	33.0122114353279	4.93978445995226	15.0326941736074
14.7247294260777	37.5028527260841	2.3652762036558	12.657981522414
18.661032873242	32.5245375282822	6.50725329976592	14.5680346160984
16.9622897967787	32.4015849244974	7.32138618350477	19.5455194283062
14.222055492216	40.1794333365027	5.77143432930739	17.6007280340415
5.71215739266159	36.2591634644404	6.96235476891524	30.6819906550224
11.4354094791722	36.5770875878031	2.42263408872673	22.2860877680357
13.4955993834321	40.9748902224335	-0.51835797980027	21.7678840012084
16.3584011218424	34.8071339079206	3.30501867554108	15.8854989739694
23.2043030961583	30.8033365766924	4.45150608109739	23.9433465750527
20.8209369265868	31.4900353640791	-0.785408371253527	24.0078320680689
14.0374164341087	36.7464735722597	7.86687401127082	20.0134224707627
16.2233903710154	30.6765420451893	9.01137093658406	14.6182145758199
16.7597082582158	33.5003368447202	2.64516182837092	21.4923276662409
12.0053137683523	37.8578087155188	2.91019896524847	20.7996272453485
18.496132937978	30.3691375923631	3.78829748364193	22.4004672741997
15.4672442973014	33.8028842579375	1.18810639394547	22.4406847248321
8.51749833212679	41.3325515519365	2.41662380974548	25.9509323030153
14.3151472458727	30.7893028339353	9.772496808911	15.6600771604296
12.792983723635	34.7651076233707	5.89546401228627	18.3743762093115
10.309677152338	37.0314668407163	5.67556014519453	26.7546824940107
13.4826861348077	30.4799461722408	5.63983289180199	27.8733260253327
19.688358834922	31.3461935471989	4.92787746797543	21.446105659979
17.337136844602	31.9151523417782	10.0940171286875	18.1213244573098
21.7997804597555	27.5206890276288	13.570689771395	6.00485516453667
19.3265716857064	28.1208301679274	9.92823168842197	26.7640378867471
19.4473718877258	21.5426481080347	14.2674235233292	19.396446102291
22.4614025606297	24.5374511304566	7.30022541628958	17.3868940204715
23.6096938455752	26.6630528553786	3.67042950500808	15.4576994676132
21.8761553025431	34.7629742732104	2.8700805449316	16.656304578319
12.4632679328205	30.4584293661319	5.74260512214506	23.449587741256
15.9902983616772	34.7967596096396	5.08319864770958	17.4664868162437
17.2148872591985	30.9021738940022	6.53668079982758	17.656658206229
28.3361599454739	30.5831355515624	-0.275052718019762	13.4795646158126
22.399568090308	31.5289581611785	0.403644370500512	26.3399330802923
22.3337879786135	33.5666392053273	-2.06514336174509	19.6160879662422
24.4409911739507	32.9404410226415	-2.95650363589173	16.9693548925267
19.5915583401031	35.0081041177756	5.70902400358277	9.58955185516242
12.2070248224382	34.5220977854552	8.27911442908498	24.440398777076
13.4165047457327	34.815965730707	7.93908234208609	17.9663140861856
16.0624191233773	33.2168622936429	0.660926311637285	28.7008994752288
16.5792355943067	33.6212862668401	4.16715842466301	20.3759565605751
10.5541341615653	41.6164751922554	4.92412159453788	15.0144592471524
15.10665668864	38.0106949780531	6.40076343385738	11.7235496439065
14.2862759886071	35.7877792341114	7.89366842922695	13.658183130507
13.1113264421402	35.1160481869297	9.66869055499208	15.8436464017544
15.9602952421479	35.2091242266134	10.0499808380879	12.1307126632976
15.3346304712067	37.5596595542373	9.17558727618449	6.28457075856068
15.252240349516	29.4954531690152	3.59704177487911	24.8583680249702
14.2054074840193	24.8796874378303	10.3664900630296	19.3881566770954
18.386217426507	32.3635434245652	5.83717420582765	21.7593085275193
26.4945951412292	28.4265725036704	2.54763985497738	15.8720716708405
16.79977135014	37.3011775617337	9.00445433383836	10.5925169141784
17.2761535167765	24.8274350805049	9.88655565199545	21.1680282071934
13.0055645188162	24.472799949157	10.454037940842	26.8632658200168
16.8398160170129	26.227728596964	10.9820155306657	23.7647456030548
13.0543291762808	31.0691298477531	7.93587472257825	23.3339619742726
17.1058394100104	28.6749648688967	-0.568331993403726	22.6516466406355
17.7624621936065	36.5759034172276	1.95524038434051	20.9831766341043
15.1907677292745	33.9919510616094	5.63106571980287	25.9761122885935
14.9699795858442	30.3157522811395	2.2901090008613	26.8626747853294
13.0744911383269	29.5690205684783	9.0221740328019	24.7730865994849
15.0311066811916	29.7683338349241	8.21294181628153	21.7138021621731
14.0225371647638	29.0520572860997	8.22905006210777	23.2602309361792
18.3032482208084	36.4608180969595	-3.44229708674479	29.0000966851622
13.3483525579676	41.599707448915	-3.23993084789862	19.5535779265453
9.69605906584588	38.6883389577071	10.2375419954265	12.2226784614142
9.90672618930329	39.6492711183302	1.79599000634773	25.2228087080519
17.3957398683922	36.7191474799685	2.37604266367497	13.919955748384
7.66801911564318	38.0163957884054	5.23690465592567	20.2524009530825
13.274767499526	37.865007517548	5.82340612629729	14.337367610271
11.340558856334	35.3022843379707	3.33719163115768	20.2168274167669
17.2146602897713	34.1498106691173	0.310786600069272	24.9902367283393
13.5058642817431	38.3172493650226	2.54176209648878	24.1715979627399
17.7066569333741	32.9827163095911	-2.35154542138542	25.0726691363886
25.0223414995271	34.1325721931875	-6.41109920446963	16.5206569796768
23.4414359751496	40.056485861563	-4.30986162352106	14.8300566651378
9.21939938891756	45.2597550174034	2.04958644246267	13.2562402869509
7.17002072068957	42.7590667604302	4.67494214360823	19.5767767207052
8.20591507382754	29.1606666088656	7.30358604292887	30.0412179573514
8.58719622120577	36.0393683337347	0.746007048463598	23.6188049887543
16.4240759640205	35.3644699840547	-0.716784051544208	20.2100145715205
17.5012866585411	32.251226143232	0.936544175412195	22.9853509135189
15.2503397273568	37.9836392406934	2.73584310601656	18.1945883292596
14.1775396167969	41.212150488974	3.83596212735067	21.1424510894207
11.9935861137497	39.2251163642557	3.749720838131	21.8735099359909
10.055672116427	30.9477661874385	4.70529211736286	35.6517535184313
19.4154968534863	25.146445484046	7.96043320114317	24.0336181469834
12.4055771688238	39.5673822287971	2.50563683505283	20.3407904590671
11.8808665699383	43.2610960072957	5.99296112094267	15.0857681444453
9.38909456214239	43.2556609683987	3.41107305658132	14.3730637584709
8.17655349876996	38.4095970237565	5.8214272431672	20.6524134903481
6.36720434108879	36.4854225587369	5.28549220236227	27.5847318235434
15.5928073042303	33.9830805820717	-1.22766105805057	25.4987382955235
14.1456739325272	42.8424541062386	-1.40500517441681	16.4217571174825
13.5835574345986	41.2887049719843	2.7452182149142	18.5084532997803
16.5699698577649	34.551834864511	3.88849174286497	15.4235456557557
18.0947759446201	36.5055038155294	1.23490652767358	12.9026294019427
21.271351545721	40.1493935337703	-3.18713133743936	14.7663278061456
18.3880788053922	40.4265444958752	-1.27392824817743	14.0756854498073
15.5587198580242	38.7324665266521	7.26556764417441	8.89671239258267
11.2132709050077	40.0066359010521	8.17907800522978	17.6665910131759
8.25201373622019	39.2846934977432	6.86261900528911	16.9438750653988
3.34795693139713	40.9396011162332	6.88128260797431	22.6860319744328
5.87320180385982	34.7617492846427	12.2226311295181	15.6314081815672
10.4352280803898	33.0852620736482	11.8124334114769	14.7232300029384
11.8108531626815	38.1319844090592	5.30390306612143	24.1814384807155
16.7470540701678	29.4039160509803	4.74652166016066	19.2309316030643
19.6730590250495	34.3979703346275	2.08860610289688	14.8437966956767
12.3518644742171	32.8711080648937	13.4735709671354	16.9981030016271
2.78325253631779	45.2622527977831	1.72529460260737	21.4115258956114
7.51867718412599	40.7217873741356	9.51746430988955	14.871775945745
7.52498415761885	42.3382403250681	5.66966395533571	18.6609472448834
5.59981481436321	40.1318958717859	4.55509266669206	25.8126950285682
