14.5643494031022	36.1161659969627	7.46311120877282	14.1120127964351
21.0341474693058	31.398727555875	9.22650157961231	16.9779855008664
11.1802015635145	43.3126534033922	3.38815945435285	12.7076151818525
19.5173877626318	31.9072179060445	6.67086073073818	23.9112412319928
20.7374470405051	29.1377648070158	10.6745857103503	11.3037933039323
17.8859830806759	28.7946263172308	10.1265725149188	28.4722024962921
18.7905716595731	33.593873612688	4.6471729763014	18.8990657834294
17.7217374314383	42.7160441616668	2.26054279563447	20.3592023910054
20.1772641260131	37.3535914314887	4.41710873853898	22.258880903136
17.0641576201586	37.0954939326425	0.28582942565559	13.5479398444064
10.6303254411607	43.0293010466934	8.29798905101057	21.1850137976007
17.8612852766746	36.5637744921885	5.42129118194162	15.128249336339
19.2867062591254	38.3645039688462	1.22419660804818	21.1377937281659
15.5134531718516	27.4287303514317	5.35344643101399	25.3605989507374
16.4959200530389	27.0572549478143	7.98967607287126	17.1984884544131
22.8991684782124	26.9107792594399	9.23040958949498	22.1697127347843
18.085854534546	38.895744084531	9.02170474611527	17.1561210300436
20.8613085100192	35.8656862482591	3.14075970406839	18.0908693115743
20.3805130527959	33.3106524661249	6.29037396760289	21.1249894237614
18.8653958301142	35.7603663981908	13.097678468334	12.6731497133382
14.9629637470863	39.0920014716498	10.4539074082185	17.9162389679874
19.261858536449	37.9257824661645	3.7163456213881	23.6850052518096
15.9120415086947	31.9136890718825	3.66079539673894	22.4263489561149
12.5695073193006	39.1067941085223	4.63784137363161	19.7630916617206
19.6568310802508	33.0737769738951	0.286389129841774	27.2146078908346
19.0165971347582	33.4544144054737	-2.45367440068409	23.5839412435684
12.5999884055992	34.32666465089	9.97809487126776	23.8555944780856
16.903490031625	38.9104135321132	6.88525011307574	15.2120443123239
13.7935198243519	30.8088384444617	6.40041819148256	15.8306348490582
17.6088450596825	40.0003592339815	4.22890754814812	15.5932213819398
16.6956297763135	29.5188571634053	9.05991903326118	19.9416378296262
21.2160964004897	34.0216149305105	3.21270697993931	22.9792982739596
19.3645060505869	30.9781421498649	6.94926324780679	13.1455607338863
19.5450971069209	32.1620422313379	12.709526789506	20.4227512100829
15.5404932851164	34.5343913489905	10.2240842793732	17.5273876489656
21.0291500312129	34.2273342363873	14.8663483695621	14.361309291141
16.1448730302303	32.0866014109674	7.71237284112086	11.9667864288983
12.0137981531147	36.7552272492667	4.39335462221168	19.4656438519719
16.279806668495	34.0615393532967	5.01509500937442	13.6163516752173
14.7389734181175	32.3958669978008	5.32023317231015	22.1975385833408
20.6718367619827	32.4381387078976	11.0953649945789	14.7374790468972
21.4797986350476	34.0543552294397	7.40374956855457	9.09855486351949
17.3177488563381	34.1537171424256	7.63061504096118	13.838189060439
13.521090776689	35.7297240348527	7.10189495934234	16.8395812020645
16.2429022657834	32.7856490323685	7.80033597813247	26.3633332907118
16.612588007829	41.4085032353029	3.26362474168276	14.6859769394455
15.8902705921697	29.7639752896441	5.25601119167778	29.5174645733442
22.2025174546853	33.739433790465	4.37208605735508	16.8898416000825
18.7219580799318	32.8814412072661	5.26560526497833	20.3490965175969
19.7763463143955	36.0783940189181	8.62185995930381	20.5790620041504
15.2185804385469	33.2159520208201	5.70407039287661	24.9137134089298
24.4147281084362	31.1851240745532	5.05996751720537	19.2819696892488
18.814512696242	29.3900303900247	9.69638439248303	18.0626435104657
12.2674345086646	41.7790281969104	5.31424734861577	23.811536800834
13.3206209865953	36.6745620295407	5.65300940531989	25.0334322036486
14.7775250055425	29.7035030415167	9.11172696478211	25.5886196755595
20.5362975247941	36.7531545950155	-3.16342746327038	14.6067869941196
12.7755225942315	40.6415076660053	1.62589582815345	25.4316567527862
16.1210952463689	42.788858475918	-4.81740847049044	24.4208493684452
23.2183129637297	36.4229267733292	-4.01415552929109	16.0206210002049
24.2699129785547	32.2414379208043	0.678254886354123	23.2135081768406
12.6474088870013	34.7684258191387	9.74453076332479	21.3048466731731
13.3523943499552	48.083620933467	-5.28205939474455	28.9533447923189
17.3790872309907	42.9645231677347	-0.455061030720028	14.4592901821237
17.6774644890913	36.38314266779	7.6775154352224	18.7029579770771
13.9002039342597	38.2016211874363	1.07805638065248	27.5602656605522
22.8005144738545	32.3113291906046	1.20725363250303	19.3869183083727
10.0791538427655	35.186696448218	5.32554538256308	27.9081403555492
7.014989045456	31.12207897885	7.2777326573418	27.5737909002169
17.8913620415859	36.6311085020784	-1.3916582122361	16.9693910892011
13.9254520433516	37.4512858868238	7.52906130508189	23.1744774731366
9.17565085991001	43.5510207970766	-2.60401902080633	24.4064179093376
17.8281558793673	40.5982239435809	-4.67280464449842	20.9316685431953
19.3197003713976	35.2926859490852	4.25335551052642	26.3244770711432
11.3492032245263	40.3935595134555	5.64538893017719	8.27542562362875
12.0288119727371	40.8024829349897	6.0900705224447	24.6686579995809
15.7880841510232	33.2937357362383	0.7909285877901	23.0465275720846
14.7839714135763	28.4362729899697	11.6361273428965	19.7871963922478
22.7834724659875	34.5446204100095	-5.89965786445826	27.9219704427359
19.3133848049696	43.6662026688199	6.31774418184117	16.09153317329
14.3465880674798	32.4660963160354	8.0566603548252	21.8647274527059
20.398039763351	29.6916151061578	5.23295931867897	20.8481111177966
20.8047997218584	37.9829384510652	0.0174597597054706	26.9984112146587
21.357121797583	27.9353879899883	6.43323034350719	18.7617990628103
16.1627990933352	45.6849465062616	2.59881111674031	12.5820593320335
13.1497621312706	47.7950569404902	2.63862344713156	8.96615281016636
11.0264358171865	44.3156368453118	1.39893365887137	14.99204531764
10.7555959260307	41.6076653091219	-2.18759666173175	27.033467395197
15.5501430838332	45.7914260447565	-2.00970483057082	16.3310865155328
7.67422227825115	46.9476388871402	2.85778189953811	19.0674749153185
10.3039574779529	46.9477298722947	0.596928113538038	22.5455623882984
13.0911788232401	31.7418323100938	8.09659318003362	26.2173307130142
15.4957729864108	36.9498873485597	12.6933275372297	15.6300500495843
22.4036690677756	41.3561223300236	5.44766321946343	16.5231780113798
8.85033026022646	42.3194256036756	4.75111182239642	23.3151471652567
18.3269012552181	35.7320912595851	6.60197237857927	18.5835249935625
12.1043329701417	38.5704550414265	8.15274650961433	17.3503974862137
15.0361317011331	36.7528798450694	4.12587899568363	20.2181672158516
6.16907843782129	42.1755175172273	4.79019833641267	30.1362061652357
12.8435802255707	37.9248654959464	1.12138752137688	25.5225557796416
19.435383649351	34.372363316226	2.91392371299385	27.4940163957689
8.3609790909501	38.6628942597765	6.05131076878548	23.7449801402058
18.6587904610017	38.6979158427892	12.4279195401895	12.4774855989213
10.0570965311055	33.5014165610674	8.91056685168972	16.2518774375693
13.7683330767765	37.1949209328278	8.16498301150953	16.2883869215687
14.600630750421	35.4846017120433	7.21541207312396	21.8095229228012
14.2071837535163	36.4929002322259	5.2116229281439	20.9636192481022
12.4396109528502	35.9888939457142	5.33639759793354	18.7002465748687
14.594561468683	37.9141856683379	1.91756263308526	24.3290583502533
12.1339398896951	38.4994327701625	10.6348207034297	23.4095947864432
9.90500835316452	49.2238245971524	5.34426993991754	18.087389499722
8.97093396157056	43.9737645120555	2.11525829993747	23.2008418552769
13.2383714104995	41.8666431290747	6.12687858137093	16.0704909284545
13.30492030252	38.5245017740898	4.38709164651445	21.6158461229501
