20.8522951888675	37.8754002526567	1.15305066444773	8.17528234919146
15.3445529055593	33.6549538833067	9.99883322992435	10.116972151213
13.5986337238833	31.6031186020802	8.97582417778322	20.9157563835717
4.44777666951301	41.7997183944106	9.37474082313144	13.5586018461137
9.8969507349718	34.661525299681	5.36355736020497	19.4019906383889
17.0474681712948	20.5103463840281	10.4814243736583	22.5632063771589
9.41750449852542	29.5489555937778	2.17720527252376	22.6850892615412
12.1812565865734	27.1546051935809	9.00981541587213	22.9580173128991
17.8975150133117	22.6323255082937	6.50499906615221	25.0066691028685
17.2522880560794	23.4312616018819	1.47326669385755	27.3451704569645
11.0005764864743	30.9681092595845	5.44394755896827	15.4070357458305
15.3610900367917	34.5339556128083	5.48286046296361	13.6927498331926
11.8283687670036	34.4092145066422	4.01229402770367	19.5142035872222
15.8885138960515	28.8792632602838	6.93427400205348	21.6381962792558
15.5849801832686	33.4653733469204	9.07209584832521	14.3052118052204
14.7546638361298	32.2624621087512	3.5982794591137	20.0958165193151
12.9225881738332	33.6565379271363	1.35688992025319	19.6574725342187
14.4176284173539	33.7712240557484	10.2844570723243	11.0407046245865
15.9206944061383	29.8014067263591	11.8472426761099	10.7817480732734
11.4119948413807	28.1919640010472	15.6826231860012	14.4651401904197
17.800412821442	30.813073343212	2.00863939679282	22.737280138073
9.79876844035224	35.9874579051184	2.86683674083817	19.8266583218128
16.6850996833167	32.4142426617565	5.90435826049136	17.0247783503794
15.1105322925539	27.8513877856378	5.81005268799941	19.0150752005282
14.9044016707586	33.871075702325	4.16404565099295	20.6530658998632
13.2850231700477	32.0587038476875	9.503591604298	18.7358141450782
12.007617162192	33.8811367413533	11.4996617116511	11.9920297359402
17.9261603688607	29.2671179006403	5.1616327984502	18.415063249069
16.0807672353062	32.0781771836531	1.77354632411678	19.0515128135516
21.9505811557338	31.4067123871262	4.48309291458959	10.2805112501561
20.0068830808539	30.9042683235797	10.1457612199723	15.0642278977653
17.3457118747373	32.2769726159581	6.72300007884946	19.3676545592647
13.4942424516588	28.6059865785603	6.42292087018715	21.2298106490622
9.57673875668492	32.8328607553169	6.9694478655402	25.1046384858713
4.71331150376067	33.625962079551	4.82739055759549	26.8390532357952
16.544619960664	28.6102406416235	6.2530911299309	21.4879687704365
9.59433932690894	31.8939587803488	5.0598459425697	21.5499056204984
12.9826462848244	30.6621350323845	4.42572745348196	17.3630172823849
13.6817537664567	34.574829041871	0.787047848934397	25.5415184684155
2.41351745372508	40.3337791045763	7.74001373790832	21.7113338284709
19.20686850055	26.5898642222636	2.31667187588434	21.8979339614424
17.6344732314003	27.7902244961163	4.16368711254084	20.964096107216
24.0149343623477	21.506956771089	7.08228135634416	12.6790129371671
21.9685676160306	27.4314526799898	4.26120230961128	16.6100403381748
20.7401140783309	22.2841832073952	13.8106033683655	16.3810436902631
12.1311253780665	37.6597763880082	-7.50170212283717	21.3716575455051
18.6324543981658	37.9721014239542	-1.69786955134728	18.6836315344119
9.29062116072501	33.5537964353054	5.01516218137961	22.1213666510287
8.6118227549993	30.1439617000952	5.74620619092575	23.2727714411588
10.1618206218646	31.1779225245071	4.26129579134757	26.1142406093562
12.1555348609018	34.7341149471861	3.27533410079539	17.5257344188955
9.89266480227236	38.7888089068497	4.54271697607384	15.4771901383552
7.35681865204107	36.7050804705211	10.1206511010891	12.7789887227387
8.68976193491683	38.2922378513502	6.96758922837656	14.930568935407
12.226155286151	33.1974823379558	12.2148420819206	13.0991154340136
17.0212876084661	29.6616989111533	10.3907280400342	11.7074859375677
14.7805628792072	32.8954865812451	3.41503709235299	21.0347727076559
12.0823957906249	40.2968331534367	4.37965045310931	12.108191070789
8.37416321639919	36.9167341615901	4.78195395048584	17.1832732640759
9.10531810308994	43.7540480927143	1.312785196205	17.3611058437253
8.02715896116075	41.895182908102	3.09536669190862	16.6388918481762
9.92685272354375	41.3988055850362	0.251318194359312	29.7610329589819
0.0969124170652166	40.4604424333561	-1.53958676308786	20.0768938311031
5.78678965244724	45.5694537551593	-1.93102842389961	26.9653201769391
8.36492531515423	42.0729568650444	-9.41655143357237	26.0571513804892
18.6621184972116	40.6357105143685	2.72160550701229	5.19730018150077
13.4249925126885	43.2610150980821	2.29837043765563	8.24819839388233
13.1295703128695	38.6280789962266	7.8176002374414	7.82158243954913
11.1815514395635	35.2090439887134	7.8554468096729	17.5993302142732
8.49218289758821	36.264320834121	2.39899047852821	22.0247374658671
17.1226713496908	33.0426378182576	0.602968576088719	18.0108892438532
17.0818891738349	35.3906805980063	-1.86498543027986	21.8735320643121
16.8681694145163	34.6161477709981	4.52785992209836	17.7769428455254
11.6803477538316	32.2507208502636	9.07165197343416	11.0451045711505
17.0801819461896	32.7130067931167	9.36490506998761	15.4832483011181
12.9725997307758	31.3562476820888	5.35126680967058	11.0299600959197
17.5320621737699	32.6012651528808	6.47646853496561	12.0287090562164
12.9223504795774	40.178569280558	4.26998092381611	12.9934697851743
13.574699535862	29.7917376155032	4.05337091554971	23.4374340410397
15.5836186701911	35.3057003583404	-2.63052396223675	21.7185356938196
11.1381391009123	39.193916694151	0.286250454860403	19.5724502586416
11.0707360542532	33.9475055270804	0.616806906843409	22.3325900067971
18.1632772737024	31.5878181833703	-2.49608014355463	21.577736053743
12.4539874098108	33.3455875261858	3.21413222699036	18.3939181604159
6.67975816826363	34.4159987145375	-0.996279876098761	31.288720399058
15.017063998187	33.0493958023833	4.72939259011599	12.2153443885327
16.7873888088589	36.7370014787851	3.43371016019548	17.353055044633
13.7622387791637	41.1243952035245	3.15532385185702	11.0449859442206
9.2217708262459	46.8690904326339	-5.68851955558357	17.5948705157052
9.97434680411283	46.5987210316674	0.587139514886921	14.5157041049182
10.2825780470955	40.3273014235349	7.32377860528985	11.0124396604663
6.91766551591968	38.8087044484774	0.83972818224408	20.1625214432757
15.7743288480794	36.9793639095597	1.62303765362609	14.1793090061935
17.5814265865163	34.0320294485371	-0.294130595691783	23.7908211952142
11.6614006808639	37.7422785595873	6.75132337358943	15.2284687175842
13.9105955449581	37.5261562504198	-0.287749074087256	19.674747626754
14.9858835287939	37.6396114056514	2.08365326140822	18.5008146955394
10.5227473499975	41.4604258931941	6.00128880925762	12.464462088744
2.62943278496065	44.0049022394279	5.08842365067151	18.5710651691508
7.51236280103086	37.1956181273618	3.39162887525234	23.0917662832391
16.7401387728595	31.0021125619629	2.37264577445715	18.6056840372062
14.2563991765611	34.2072292422673	0.753546649698998	18.3596682995019
11.3951974691462	39.4599945135587	1.52682355789327	17.1094262156161
19.8232662033695	37.8894494258227	-2.00582143159084	13.2109057952427
17.5999961184311	38.5266481289612	-0.190990523327423	19.8158758141237
8.34529015957929	38.5921197432598	6.12727858433127	16.0561102736684
4.99104765881726	33.1658083723599	9.20426706817107	22.9045783910294
8.55525317920269	40.9680627025932	-0.487013572746735	18.9467408587084
17.594176737429	33.9779613799373	1.88839350798349	14.7079725706418
11.7343156059152	40.454343105882	2.42798523024312	14.6149504287482
5.37654666148483	42.5352943789367	4.46255994649854	17.8743579827591
8.49573804103234	44.3587121417981	2.52880733436927	18.994976300783
6.91640652127072	37.189453511517	12.3971453334457	15.1667050333611
1.58636131575545	35.6861764139843	3.57968729232526	23.9933411468691
