14.3570682304992	35.6925284187197	2.01475958471951	23.5505607270319
12.7510705861344	37.2410831496643	0.426044308549104	21.9693147336345
13.2521095955216	24.4292981847443	6.30050051179927	29.7368065729252
17.0211570723727	29.4881893225586	0.379721717309051	23.2818993721796
19.8334541426052	27.2490347367563	-0.075425173206507	25.8053611052297
13.6016133006674	26.9653132403086	5.95411904389956	30.912498677775
17.2071186729645	26.8815951292325	2.89259080306663	22.0305273942339
16.1567875890884	31.2333905618033	3.52938400974896	18.6738835680324
15.1502814745878	34.4427774721151	6.7566463611241	19.0087271565402
12.9782186584414	35.1836565223046	4.68731680516387	20.8035109387714
9.43324544825709	36.7257313452403	5.00659739092585	24.4849018152403
13.1255614014104	32.3401723248871	5.94487324036951	17.0516838476151
15.0717185803382	31.9643843587381	4.5272302140301	23.7435669731008
18.5639606889725	31.6479867246923	0.233652426492206	23.1111484164779
23.2238280064017	31.2985992729232	1.80951099396798	15.2093750212159
15.5532661448798	33.3923936170129	4.7016272717985	13.3514598259661
17.1346173757321	33.2985084209838	2.73377785434764	15.1408619710633
14.0312347957009	27.2361488807722	14.0107619662444	16.0362172156847
19.5666965081337	25.7523890948716	8.45749616536847	20.2979589622008
21.2856474237984	26.8382986826366	2.09088025001979	27.0206088905501
20.807273582786	28.8881373863124	5.99257794424485	22.0270270621857
15.4278307624555	26.8903911278667	5.04056680891225	23.016760439448
17.273538608035	35.3497972031279	5.5035337898834	18.6731544698242
19.3741632866171	28.0511676040448	3.14533194716347	28.1957960681224
17.7248667958068	30.7242507468373	4.4426128648018	17.6940329213553
8.69675833102238	30.0470703020766	4.17570896476762	32.0412200688211
11.3513755007559	29.985330331041	6.62493758246601	27.849070728911
11.8824984128736	35.0855159698421	4.2224953605297	19.1668277837313
18.6817388827618	34.7508146052424	0.400479419415384	20.3573299201797
14.8864932793568	28.1894832325431	7.08423884300569	23.0603706434726
15.1321352156904	30.42783164985	6.94493830481028	26.7368036171899
13.5271681156347	23.6755456318492	8.23271987356783	25.012908825978
13.2001813184687	33.67415454208	-0.405693095153406	25.0777877112678
12.7957184083282	33.273312633085	3.05828350895248	27.4794256334374
8.5024210967816	35.4440704459678	1.4430168259021	25.6437659003879
18.5593751943048	30.8730142277025	4.9270553657801	15.1522201218308
15.5045997870833	37.2715802938729	2.10565096820539	21.7677165855657
14.627232857066	31.7722938907719	5.64128615086827	25.8417950966386
20.5285585413403	33.6464006265107	0.385556983690801	20.9267531539647
21.4333550349769	33.5518181889806	3.16484643555278	15.8390154504704
16.5058759098849	33.5669899534206	4.71841429221938	20.8211019593189
15.4202679718739	34.6902100097505	3.22826529938131	15.6874251919492
17.5839861370705	32.4144530582043	7.28148833504104	13.7575952490995
17.0900262085477	28.988757570873	6.32075076577424	20.550863413608
14.934667178768	31.3904473880893	6.41881417978605	19.4195465199886
11.0822105199672	33.0176889022324	3.18391741194185	23.3228012705243
11.8664147048441	32.05459194822	9.38495489195195	17.7735919492944
13.7480261707877	28.9575999233052	3.65478471022408	18.509061476005
22.9950429008063	29.477597771634	2.7162370612746	17.3820735094647
22.3479843701142	31.5611382137877	2.40005064766177	16.2299828131498
18.434487229276	28.9646057086546	9.26915101076747	16.4678765528692
15.7411901070946	31.5921048802273	5.39127621045606	20.2254678726053
10.2096215165341	41.9299333218825	5.29854030003428	19.2403959575732
11.9119881150435	28.9234063211876	12.8505782073329	21.8705816383482
11.7331502847692	27.8211753442841	7.85788578575691	23.269926740945
11.7860501143134	33.5366452358283	2.50994762773831	21.0169270780286
11.8461379508439	35.5007836043208	-1.44940963497345	25.7099724016105
21.8524387021907	27.6904467664887	-1.49302475267506	24.7326986481694
17.0816788776133	36.9880526473112	0.6817492458049	21.2702000969182
11.1501649954443	32.5715236277221	4.70422136988609	20.4711894318277
21.5924698464659	34.281919381911	-3.50876623205103	22.1867617814368
19.394189515874	38.9278198335691	-1.06146530315713	13.1472620837035
19.1158925376611	33.2575793314175	1.4681620351953	20.6965279666116
16.0248645691057	28.8395469512708	4.64968818200987	23.6989206627393
18.9354149902122	33.3150190683198	-5.51199567319185	33.028688949927
17.4980453890447	30.1814308652584	10.1387183510657	14.592114315723
16.6890366770221	29.8463417503652	5.85873431109484	13.6944881314622
27.9680627012156	21.3348394321915	-1.05578872665802	20.2846425883893
17.3051805949622	33.2698704320501	1.9631402879677	27.0552021701349
11.1317235817801	41.269183840559	-2.10720044458315	25.7886670098785
17.0057048140994	38.0336320348254	-1.09924192078943	20.3309415154113
10.7389567113488	39.1992035484637	6.79728100882372	13.8888777897657
7.17118176435526	35.2664503804172	4.7407434019424	24.7383009864317
6.00012226093349	34.5967951268313	2.78273433409523	27.5300947911475
14.4718696036774	29.4879068156697	1.12913272580053	26.9420483409678
11.81983149888	29.1139161880491	1.23729824418806	29.9299008098072
17.8370234928915	27.7078932514777	1.6628494222156	23.9395878753828
15.5527182315722	33.6059242333111	-1.04329113860541	18.3857334121495
14.210641902984	34.7775652201076	2.04697132058986	25.3309671343016
10.774010897514	35.0290640498489	-1.35512148687002	28.8613409305118
17.0207001728049	29.450309138413	6.49489370100921	24.8273691413746
14.4490592366372	30.8520148041045	9.50108162023749	23.6538226442898
14.0825506686245	35.554690246897	3.54129865222016	17.731627384116
11.131417235689	38.0983030344381	3.31052803463485	18.0288290601667
6.55087730312326	46.5403544846427	3.02774590318007	21.2848012422464
7.96376760553741	39.7869826006612	-3.50338125727557	21.6348634084439
12.2005751353156	45.9697222258505	-6.32880801721022	25.3414118164393
12.1824693339049	38.0425505343225	1.54726599327326	23.0345274357991
6.15410985898679	45.7598341663483	2.31336021199347	27.7054588928754
4.53217838944921	42.5640183029994	-0.512597017417193	30.6099250415095
11.8744459783617	37.0200196862515	2.37900786351974	20.8258563246444
18.1602155565943	34.0302406310554	4.22580765470269	15.1226373267127
16.9243087101808	41.9139645822176	-0.452953952805943	25.8650026084138
17.0937364283968	39.0503358150937	-1.88193658587452	22.3265998126532
16.432618418584	38.1219853768887	1.06724080641825	17.3186983575622
12.4589560221648	34.7610796429571	5.89406151998646	18.3244110722384
11.3548198735616	37.4692712120395	4.20996099219276	17.4937388832133
11.5596604541367	32.9187093322165	4.08470465779266	29.2367807646114
9.26272910144127	34.331068629352	3.01763268685543	24.1943049193783
11.5345878620443	31.3026377441591	6.80603761581976	16.1079556152558
8.95381169212774	35.2211488458535	7.64532160334422	21.023169711723
10.4239856304891	33.4866072902348	5.32658225711568	23.2807035683815
11.9874997070346	36.4213983797147	1.04797848083605	26.0477545720724
14.5566217136717	38.742688604904	1.65400157647306	19.4367626881967
14.5273968361193	33.1603409416366	9.24905997971277	16.6818212155838
12.4795702200132	33.1636297682181	4.92122775763885	21.0911632264894
9.01254393259407	40.9328131846029	0.778224490402796	24.546993672854
8.43451460788773	39.6458970905099	4.09246591745844	22.4953952765788
4.507181713972	40.6690898918123	6.48350244094932	17.8879351851163
6.12550204014583	43.0878832748209	5.93929491178447	19.5426811933684
4.45386216036486	44.2935074566445	4.49786823206708	16.0947541029127
5.38148180133711	41.2256608792593	5.94148931973848	16.7366379470672
7.33999682793484	37.3787413763191	11.3084645610958	16.259514668017
11.7329497106242	36.6141718563732	8.58577490061141	21.9467544064071
