14.2692129136474	34.5168172678483	0.384450445972934	23.6037492038036
20.2584105520943	32.3241832901296	3.71144068100348	23.4198853150564
11.4628605602434	35.8485483271307	9.32746938043194	18.3539351961345
10.0402321123608	36.0451117502036	4.15942292482649	29.4541367027979
19.5360225351053	28.6774391290878	-0.38251960173354	26.4620419091052
26.9605973921927	34.5030134194422	-3.2374481935115	23.5225136790399
12.7468673592477	39.1805677012009	5.27265770371657	21.702950886736
11.1945881686271	29.7249148448029	4.31580616907655	32.2367994917158
14.7140794471609	38.2879030816086	7.59118717650796	21.560721058031
16.0407756880749	33.5377853376812	1.45909822283217	29.2229966971275
11.4111223760492	43.5029099152169	1.00584591051095	27.5320377639256
14.5198909446668	37.5428789003626	6.28057502491056	21.3124034890319
12.2901743909822	41.2282825882073	-1.28146143691975	20.3786337375264
15.7111235614041	36.0651810530738	4.11832946736357	23.8209487838523
12.2126168304805	32.0032794329697	9.35017149082925	25.0124613980828
19.7611423015132	25.2349912219352	-0.713849477275696	27.5871919239753
14.4309406598052	35.1676167818889	9.09263848597653	25.3666798469072
9.74852811306406	42.7702991090525	11.533853083136	20.306352270141
11.478770124102	31.0791845994679	7.57302124187282	31.0043914391132
18.1274945999182	28.268972203541	4.66994283482611	19.1441681519766
19.5157935126683	35.1457904108572	2.13613373719657	21.0965796339476
18.5403599577601	26.045453163605	6.05337541344145	22.2385668424724
19.976445440323	29.2090273034685	2.64766063064606	21.6564920992579
12.7264303919868	25.7203989790662	13.7115009776003	24.5316681782986
16.1191517425169	35.0464205550268	3.35881551268293	20.2002124854542
11.6546120968643	34.5702521490741	9.09373820311776	18.5400458951245
1.51378113357662	36.7681859524643	8.99558376538953	27.1021746151133
18.8607849433131	33.8036759965382	0.657660826283339	25.8319150000321
15.4298698250028	35.3414257112472	5.29826651515576	18.0063286878028
9.95666183824879	40.1142386877107	0.830193682695482	22.4068133542565
19.1636548009734	32.1351290977789	4.70316169713879	24.6476940477541
13.0859675318563	36.6227292840416	10.2671720786533	23.6536166989115
21.3153955926637	34.3876165471286	5.58312030449283	22.9729421397717
16.3094478804734	35.8570912322934	4.57669234886252	18.19017994015
17.0024392724086	37.7754932694687	5.31748420615377	24.1313791445788
18.791121613838	29.2004708317666	13.0696952732636	22.7690692878885
21.2115889108398	34.5399565456648	7.23371555056183	18.2211545611552
9.15113247304694	39.0674222684893	3.94013720822892	24.3135035244239
21.5422161580887	31.7017448075281	8.87719836509312	20.2521554796325
20.1541048853716	29.8906012015179	5.54712270252937	23.0250902868682
14.5983816085808	37.4189742917464	8.58539998746453	17.4175702622033
18.6910902976163	26.9650441235657	10.7499220964042	24.5314044826537
18.5555507702808	30.4643926288815	6.83070801784789	20.9489369213523
19.2258859352408	26.4394434141315	10.246542985743	25.2472889861416
12.6223677067945	34.6837286006459	3.28780604074909	21.8097555867645
18.2210928904304	29.7119840593535	7.60997384102493	19.4002236125868
12.7055093552995	33.7378126280474	5.82361430880955	25.560463419643
18.987305071555	29.3586346039077	1.68504853985613	25.462293142842
16.0624721744016	32.2152477214335	2.75762249392333	27.9382870094493
13.1404412981054	29.9631412081039	13.0523388235594	26.8167640217914
16.5636181637808	35.2113698708792	4.699606085766	22.9969164095809
16.4325401850988	37.192821821159	7.93006486407005	22.4147605407126
12.2901446385614	30.4795148440335	5.56270411216937	31.0951371942025
12.158151449542	28.5579004680141	5.40568295571521	27.6958263478243
17.3635419195853	28.3170000635925	6.23558530866561	31.4747297243499
18.0471209470917	33.800621165095	-1.05785844478553	32.6069822029112
16.2931984897605	30.3420698039771	0.587645699545942	21.5063887181792
15.3027571696435	23.6871024232114	8.09280415608212	32.9992848659941
10.2549444283937	37.5720311508925	1.71080072734434	21.8468614916134
11.605053766606	41.2287888755298	3.08011243782757	29.6444132024991
11.7334052247302	36.7361289343738	7.25112625172762	24.9882542048302
14.9351189345152	30.9866924473519	-0.417531762325051	25.5662220326146
12.8484440953607	38.4919267245282	0.0340826194984842	29.0783074120207
19.210999046749	40.2747028325159	-0.445857717478055	21.084484045007
12.6002382003949	53.416013453771	-6.37327052159365	16.2087507690339
14.2426846827854	45.0193268409956	-5.82997258073877	27.3839588063244
13.6466791494057	33.2893554939508	7.17777673939544	27.2237503107648
10.1663286467214	33.9535633941013	4.26774575363224	29.6907537976375
10.7966309483783	47.1918348902406	-2.79114099674408	24.1405397219701
9.54970401882257	40.949730193434	3.10421278357059	23.8181652428725
11.698892454417	40.6797015036683	-3.010367810887	29.6571133794712
16.9634486275045	37.6839039520354	-2.75994750466338	30.9607265409285
16.6710080497528	35.1505256840636	1.10080336971821	28.0886047233877
13.5408881811581	28.5635047055957	-0.262005955649606	33.1113214866136
23.7747854528365	25.924337067608	-3.13172305232112	31.0826152192384
10.3391151269729	37.9507195038853	3.41174164141544	21.8674021763059
10.1857253756477	34.9255291467191	12.2957472351104	25.8033780027352
8.84537960929842	28.395674788563	1.91223066567363	21.2259780549953
15.5123791570407	33.6150897024901	1.72487134385449	17.721710300041
19.2885183386243	36.3853591430814	5.11200802951605	20.0021418070808
16.3910107974934	41.2042212076401	7.82853151814721	20.1371586824727
5.58229345378189	39.074609699389	11.3594597161869	27.2452801817938
4.76158601973496	42.1177677512821	-1.21534732676757	29.5648677220567
17.5136435454923	25.3388813723628	3.30706883650153	27.9511700668715
15.2082281854103	40.7885088986957	2.00353979153926	21.0033621619369
16.684641138601	40.8774541652092	-0.980677993505037	24.784834534416
13.1521522525239	43.5354541929484	5.40583199696917	17.4828262889521
18.6249471407455	36.7853484435167	0.593491963256879	26.1121646283062
7.79701962466398	36.4126401670445	-0.626492300524762	25.2862460904478
20.3825064698447	40.0956192513823	-5.41605730155153	21.7613957311506
10.5192258001391	38.9843827911756	1.87250675865827	28.5416667103602
10.9965236914554	37.481726960265	1.65340388328551	17.7380924965377
12.4764524596508	37.2497175900239	7.33424833248811	15.8219144676437
12.8918735894718	39.1237258228973	-1.27868238879337	27.5889846421787
11.4957704907583	37.9350585782835	3.40197790495098	24.6581599779831
9.1043679507793	35.0136025115458	1.75237125904239	28.035254283121
6.97263282800395	31.6864042807982	8.62911600448972	24.6154994029447
11.7864776589344	45.3963162443905	-2.72086488570235	25.3691271210181
18.3078489303017	34.2044750457409	-4.0631980348847	21.7609387261877
11.1630433966037	38.1046751595672	-2.70200274902416	21.4184288342079
17.9165955447959	39.6567862374278	-0.470557630687628	17.5544984954702
6.20563480805068	29.9352241402768	16.7488676839482	21.7375566771713
3.23649963753878	42.8340817828905	5.5327736719757	21.3366094975113
13.759611731235	32.546728015878	-1.08526487949323	30.2668497231975
6.04169964286215	46.6797992360395	1.08497343566683	27.5622995280951
18.6979627113357	39.9510699803974	0.672131324257492	26.2892866537919
15.2815932276936	32.885485216567	2.51391668163984	24.3960623646975
7.60012515733055	40.3134590340493	10.6524723689768	21.8574685412249
7.93512242573725	41.2391480293603	9.53242400321124	23.977945453214
13.7978511728412	33.8659169618686	1.0247256329492	21.6951787516199
14.0640137796383	36.1036923576542	6.13483983261338	26.3341088896772
9.3905292677011	37.4454513931635	9.63242950870267	24.1394458958932
13.1237705533318	40.920794709494	-3.44222461557751	22.9778602777038
10.6021490276854	39.0969666060273	12.5856787781715	21.1927094847106
