9.36983877660369	36.9493968741678	1.6245397635367	26.7070052983839
20.9182700326219	32.5372502849513	4.96788142928455	10.1447832628243
12.9782052221205	28.7662290086459	4.54620906051487	19.0912950240938
13.9108967649652	29.4910841014069	2.92434743479927	19.6584896450403
15.3311358934637	33.348873254893	1.14803099006925	28.5781210567389
13.4286837756932	32.6765536519084	-0.287624675428361	18.4850602803033
12.0528747393388	32.5017882269046	11.154282537101	24.4399082870615
7.09658323599744	27.6666560620098	1.25979873422617	19.9965746346438
15.7936887945292	28.9221573996112	0.670758076163141	19.9478316819086
16.9536190055624	26.4541961286507	0.936211960634892	18.7806821521979
22.5356691169455	27.2893325384279	-0.415207954810256	20.9537375995112
17.4945935835107	33.5199825263772	0.425149760863194	18.6390898967602
11.0082275152191	26.0499936388278	3.96418914403991	24.4245137538707
21.7826929957424	31.9603191317705	-2.10893022812818	26.4081612876347
13.1475372349365	34.7904462634924	7.7521319750936	20.786033063658
13.2501909097039	36.305352536441	4.17364921159428	17.1300820878001
20.3075356981537	38.3338493535823	6.68405560031728	17.5285073398873
17.4581880393417	31.4737062611841	7.61961840888688	22.3217858467139
12.9044956762569	29.5119591146849	-1.75958538724213	32.792825032308
14.8325468136223	26.8365011312477	8.965858470485	9.8247539046208
15.7763167280556	43.2650609766135	1.16711250575553	20.6877148847092
15.0714620113882	24.8535178843888	2.4966783270784	20.7694875869763
11.620491497901	34.4037191951649	-0.300302191489752	15.0247679186848
13.5448542533168	36.9130014548288	9.47969135605567	19.3286696649673
17.8962358753901	24.93130206955	3.9499860410606	15.7121672010818
19.3661277696039	32.2133436807524	6.66723408958444	20.2551407112872
11.7387679339456	34.868797401722	8.80717173995982	26.5584900951248
20.748031106101	28.7870078606043	5.02224713518279	17.3670212040416
17.5063136852191	31.7090692914315	7.09462565043808	20.9518605214275
15.8649411346838	42.5386284207676	5.66119738135228	13.7450266182507
16.3336650690844	33.4933549327633	3.84531162087575	18.6975930265329
6.5596341529029	28.9918810551609	8.75084412501249	18.9203907236559
16.5667176503107	33.1048282159144	4.97432071085994	9.39696819294903
13.2210434678195	26.6559475845183	4.1914615031934	26.0781589364635
14.5634650178887	31.7833280567947	-0.457470845572765	24.031872150051
11.9163646801462	31.8089804479042	12.6710081634558	22.3925007315306
9.37111112268073	39.7087169300918	4.32638619616357	19.6813667366668
17.0140788704537	30.9486647927524	3.99481509090035	15.9177734549985
5.81059708068043	39.6745005194239	5.73348685846431	27.1670607564964
8.33531195053598	27.2465816891556	9.07481416721127	23.2831605444356
20.1286515773621	33.3972283742482	1.11020387352981	15.8516992126622
19.7944478575196	27.1659834444859	13.0138027548501	17.0706116368452
8.23187759536525	30.6388619678171	-0.462983327974063	29.8693292167666
10.7188832059905	26.7501389669991	5.39629903652461	21.5000232726964
11.3845105653858	28.1909208053075	4.02235808369677	14.6744957685225
16.6703577710399	19.7878338665322	6.10198515323748	18.5727418728859
10.9259314952834	30.9935105548546	-0.719541051929697	21.5829403802408
9.89011245646289	29.6435876358237	0.261627497764582	23.7981524874605
17.0348659933267	30.7996503937562	-1.7676711963921	19.451624560358
14.2539648812738	32.2660592639466	1.11858888687295	13.6999360772591
17.7276269484603	32.1846955077189	5.30153277565926	29.9644762262091
9.67162777103384	37.9804376097082	4.26890567499233	17.6825224225021
19.5983371757484	33.070530070928	7.28963818647491	13.1415146248722
14.947224375287	38.140629324039	6.70943699404351	19.1917339385986
15.7788241896514	29.2353396434976	9.21797159742298	21.193953023986
10.5685240373496	26.2894528645675	3.04047150025559	23.0757269317226
15.7098128748282	39.6441680105975	12.8295400334721	15.4335492077248
13.504524047255	28.7648661897316	2.16701034323042	14.6897261950495
12.9182836423542	38.5156791333345	3.57197474832586	20.7630386095182
10.3645540486428	30.9283067869862	3.12234088380162	24.2499787687057
8.25500628558697	31.0704836806484	7.46169554865532	21.4281260084988
19.4196307224257	27.8411267035505	-1.87747453983689	18.5570450592377
12.1798304415403	33.4976136372514	3.95616509006832	19.5255634772464
14.1940196492575	34.4380671436489	-0.813827040169225	21.1084550835842
20.0726454324747	35.4740032849399	-2.29683783553369	30.058420016136
13.64677073804	31.8861178037895	6.34280361305651	30.9124067131741
10.5079088478683	35.7705240861859	-0.684044576074079	19.9341386756808
10.9350387422318	36.5843292716988	-4.39521071378442	19.5830566961479
16.6471301631708	37.9187996891675	3.1978053237594	23.7373888273356
16.2679260463233	29.9190671746762	-5.65281864987978	28.5992967898993
13.7304993516472	30.1541011320971	-0.284189178210957	20.0327305739658
14.2274349928143	30.7886039465963	-6.77142128494875	24.0425259176353
11.6800517567396	37.0636749328352	2.22755732936438	25.9699849735366
1.09934859697325	33.7144043643394	-4.69501253095484	28.1470114134771
13.4423696537018	30.3781028095859	-4.09502807574928	21.4779199638923
7.95534775473345	31.5105554154884	-2.91846232825169	17.3983700797938
9.30162220701605	40.1355528214498	4.0001981223373	27.4345272290449
9.89498865712138	38.335270493696	-6.74434682512654	17.7006176985805
16.6465712601061	31.3696092655273	-3.28849681107812	19.4615712344205
8.77871418725794	42.5700501556036	-0.850014200775807	15.1419720878127
10.8611833929266	47.1311898465238	0.897479045379868	22.77568447807
9.10729861363813	16.9045066372122	-3.17194055094689	36.4762317798019
27.9837620045006	24.2356785831276	-5.30932725215954	14.2231071822392
8.48928098678504	42.3705221169979	16.3868940699888	9.10473886594006
9.76203173445659	42.0652120370003	3.06066733040318	21.1239993558305
11.6419677421048	30.9233201690213	2.30543072433565	23.4660483526343
5.55089583556506	30.5963941942164	6.02496811097465	25.7209394268969
15.0947070790582	28.1617938216199	0.778541970816088	30.0622764443551
13.6076339679394	32.2729787994231	-6.26782039210864	24.0714647012453
15.7347108476394	34.5544932152313	-6.1987847487451	19.9560483662529
13.5186060619471	34.5647540861231	-5.00234265512436	25.2102300946726
6.90977286059869	35.2249893724014	-4.35256477483237	23.7689253617588
5.9405407215553	40.6493599855079	-4.93740507969563	20.3736370643686
13.6225075550621	32.3730115638865	-6.35898325910307	22.5520304982207
10.7460915565046	33.3070851891068	-3.24636784176617	18.4297315352086
11.6095469922316	34.7410661481893	6.19097739379623	22.7620138116253
7.20680875513611	39.2709181794075	-0.0582350088894987	21.382317706002
12.171050634133	34.6736460908393	0.0627429430360422	25.3016199357715
15.7910533121058	30.3090092755493	2.96308385765409	20.2313298306112
1.38434223532474	29.5420656516984	6.09390939423918	22.4984061293221
4.14031432439551	35.2478814726002	4.19091981363208	24.5254613104193
1.19867706693456	35.1882321800187	3.33983888485219	22.8261696215669
6.75536686350128	34.5810066704691	1.98677361052568	19.3732349005435
16.6398048210055	27.5695709593899	2.33270655621265	19.6320811008113
9.43886978316135	35.6426395637612	5.08507191849884	15.1361856725778
7.14590372004963	45.5633067264418	3.99278685964422	26.330691837044
13.174502450209	39.2286247942519	10.2300099511662	20.4135976765239
15.8709292790946	40.5821904092685	1.3062499569673	21.5678948507181
9.1855930764954	39.2922728035515	5.59368952590389	27.029242722105
9.71998196279438	31.3225883149663	6.59685559666265	12.7805050362569
13.5213592577258	30.2464874318922	2.59578496269591	23.745899558017
9.19352043636435	47.5367864838419	9.22505915807637	10.3029165123118
7.54571553346633	37.2321299671896	9.0254658108296	14.1645454198146
13.7438011796273	48.2596529503919	9.51205411154519	14.1459100676193
