10.781817086064	27.2897317079679	-2.2514025390586	25.8411962356677
11.3372402193689	32.1985883466144	-1.08348299540981	20.0271909634139
14.6447583794662	32.6102932838076	14.103300480417	14.0562631772568
10.7029980449848	27.1379974160722	5.09654299566805	19.9783027609924
11.6323922243742	39.9743773558666	-0.294419992574589	14.9453614716599
17.9653021986582	36.6548519374726	0.0464230299238748	22.8458109070471
14.1809093629242	30.3587540267353	0.66017382357073	27.6051241467757
10.0649802953363	28.5416049027786	3.05727942995065	17.7698814589087
13.5267277298855	42.4531696205147	1.39184943908099	24.3573874394083
13.1168267153503	38.3631451323396	-1.97172891339346	19.9145653948314
7.40291012563649	28.3426450045494	6.151163441531	21.1759472463933
14.2827611021965	30.2513974408107	2.37125702339867	32.0349567510872
8.52441969163826	35.7779845796108	9.21708017102237	15.0233418292767
9.4691093778285	40.0370711588431	4.65461733154106	28.674512347113
15.9968633656109	34.538110339158	5.45882557603192	16.6994241144438
16.2081450247489	35.1428805005339	7.29980084688766	27.2005359267524
13.5357530412865	26.9524974539881	2.52945237832674	21.8449448160417
8.33974564953259	35.6779959724679	0.323171388079692	23.8973226117913
23.61237384978	35.598895278895	3.92565489966448	9.5801775300971
13.7508446884003	31.2598290699454	11.773062390869	27.7082221159784
14.7346760930429	36.0598200372977	-1.55306321429647	25.7539754153191
13.4801917943518	44.0987449565011	2.61531476553907	21.8767590350609
11.8106074584802	36.870453298201	4.72004020369124	20.6772092929246
14.8921697462643	35.47052334215	10.4914698028017	23.7380698678603
14.5273162255661	35.322855655401	4.89940434034553	11.110775174572
13.2453202539966	29.4167738377562	7.48367826634784	28.9410956183341
8.9601771882762	30.1823711989701	4.63966209550564	21.3559200701473
16.1303035241376	25.6588014521445	9.91009731623785	19.4529501170134
13.3978061606323	33.4014412165398	8.99573188228106	21.1708221212778
12.3221419939064	30.6295670165521	6.15415371149173	24.2272605739135
11.1151899316443	31.0574189015185	8.16305775976495	15.4193191036183
9.95678235398534	26.0202203319251	7.05697242537303	25.0102793120785
17.9461807062934	28.3001771456522	3.81698025090586	14.6973383285389
17.0908527646942	35.2710297538684	8.64924910310313	24.4542204027393
13.3644248229926	28.9794355405717	4.37697183402433	20.9521701775417
8.85937451362461	31.3149724618821	3.11021512942585	28.73370889012
9.05423134309371	33.8529702115632	11.6060808089602	3.94999225248764
12.4854321225337	33.666316741737	17.1986864999931	18.848261807241
11.8699855159707	30.9043486847731	6.27714424366532	23.7325039761867
14.6793614409841	28.4085544699991	5.64846471168454	24.3299080753869
19.628737434265	31.6534275495716	7.24715947669235	26.9361346243286
16.9127763637233	35.7107960780457	4.24464820964298	27.2803796936574
13.5985825012705	33.8974423407418	2.5187454515085	18.6849163989206
12.3935337717925	32.5629453284372	2.21415312410997	13.507026050956
17.6048928629967	34.4560154096436	4.28565027933401	12.0554629876069
9.9415237657415	21.2781622985733	5.40295551426878	27.3343369719734
10.4932901099089	40.2567340054943	5.58605212629964	19.2668046715365
14.0334384635662	36.1037033404867	6.61802318943999	21.8709978993951
10.0864516718032	32.7031696408415	4.03852022309955	19.0861437490179
3.99513725870499	29.3148815876226	6.04981899200902	32.2062166184051
16.0379283467775	28.0384923360852	7.69768064837822	19.0885265168499
15.6574901475659	27.2106658575135	2.33537927878524	26.0809495935346
14.3766593779126	38.5919998813348	0.730766998635434	19.5911979335735
14.0795245933502	30.0932200358534	4.52398235214298	21.1880617394805
15.0445992433531	35.6725826400043	4.84839896241012	17.0630332789884
8.48741036340436	35.1876304042998	8.24870219962146	22.3585669694317
12.7442560413318	40.5138425964768	3.29783158232	28.0861359790669
10.0777204303298	32.1654994316266	5.94526344829805	26.0285159228512
10.4053911420321	40.1092594490551	-3.09122239701427	24.6552865393629
13.4856036886875	32.4103082414141	0.353456783162754	19.5549613905726
9.99034864446238	35.1727667820849	-0.335775014981426	30.8855218509888
14.6332649408794	47.1612597453731	-3.86696921796954	12.6289027955474
5.592089925413	29.2730969760113	-0.171728917372569	26.0512418931441
8.54605997732525	32.2310533035232	6.84698087682164	23.9709099728167
12.8366212450968	36.3590651037626	-0.630373921503546	33.0142765071879
12.9399450129194	31.4223108080843	3.59469121375725	35.8055769026074
13.7814362591069	45.3175454290089	7.49851171646814	16.1513319189804
18.3840199633793	30.1742116359321	1.64496232278756	28.6735916793211
6.68382946692438	33.1270092620703	-0.139761499973726	24.9042900226087
17.4212633329686	37.3276818295273	4.27321259081975	23.4542381992695
7.36753338305344	39.9100008711881	-0.56502074971013	27.7971206369816
15.1933973390813	27.3121468568953	8.05199514787775	17.91968460018
12.5001032663349	34.2958716519178	7.12201359223986	22.9830247884473
5.47202473912495	34.0863424528578	12.6255021908396	24.3258131597048
8.51654049304808	23.7302234124442	14.033714388796	35.8734827039914
22.0855419402404	32.8858958045089	-0.0470438575697152	22.4601740067846
9.53764819502335	35.3121325916562	-2.07424744619503	32.8048015540023
11.5468985624657	38.0357411191244	1.53707097624269	17.0820319086834
8.48385899198146	35.5961746862412	5.18705792342025	13.6103951604331
11.1934691695424	43.8521683965187	-3.2915548007414	28.5800356502989
17.7340148508843	37.0076100494839	-8.98630438445033	35.6644413143645
19.2923868143713	38.9475431816522	0.914435189731802	25.4869372188327
6.24339040744525	39.3962878462268	3.11799024440287	23.5244680484327
5.98684337678807	35.0328177723229	-0.781154772509496	28.4459758297334
12.9034308843343	35.0709165560208	3.64343531101023	13.2324603934872
12.9131909244129	28.942923243273	4.33081788762824	19.0443746925754
14.4558867253598	28.2834534437723	3.26153457577431	21.5135938980103
16.4137556749123	39.1634217707215	-0.550574321446977	16.0656388285226
15.8005710455848	33.8530801053402	5.35442423778294	20.4580291096459
7.3079439113543	39.4413597702413	2.73121864976003	17.2304812989229
16.6913397457951	41.4027109283794	-8.89645496929592	19.468497556297
8.92835063063741	31.6165783736753	-1.89417848877942	18.3542401603624
4.47229702364103	38.9396782723154	0.338981592543428	33.6304544542016
9.37481073615907	39.0114480703415	-5.32598144933606	22.6610305673119
11.2947221449933	24.6745352143889	6.25531545606305	28.8228303094955
8.89876878831528	27.4395164469764	1.06271219048613	28.1066700359441
11.3813205616452	42.3267828698839	2.07908951452629	17.9535394975809
10.075580357522	39.6484762569533	3.04431176974457	26.9951420906532
21.1583961635368	29.105506110048	6.50045884537529	18.4735844208245
9.19098916991451	41.0438386269898	3.06748237384104	19.1227517439276
5.51451441329578	47.1384205505504	-1.80091856585621	27.5311354205366
7.06560956785134	34.7982537015548	3.91113451996944	19.0795041274618
7.45407514285274	35.1828555925773	3.22478961919018	26.9433718150616
8.56804239557086	37.445914775928	-1.9716429661001	15.1902317612748
8.23666631454997	39.790148155616	4.70229328737122	23.0774267573689
11.2446381878441	43.0639710642373	5.13200649119533	22.4708082871423
18.936902849962	40.5649114413871	-0.550427493621342	20.4698842161197
16.4028255925066	32.4559939030556	0.604099759416299	17.2264556894321
7.8982790291418	38.6479514753284	4.07635648237962	19.8083540194284
16.9968104174136	35.734613197487	-2.42006870915973	18.8011209943734
6.11615119963506	30.9147129870372	1.58641562341972	33.0796900561486
12.4738152570995	28.9470333700077	3.76520730130989	32.586525788841
14.801559818891	39.2079991809376	5.84901991975784	24.8091766875401
11.0613720465831	42.1164965103609	0.00550294549428188	22.2164289015102
