0.551133322152775
0.116650985556071
0.231944338759407
0.627356693682797
0.571253472727149
0.649343475319911
0.560884936253075
0.631851380925693
0.581064850177836
0.339330411521951
0.624595350486857
0.544553115870804
0.619321278437972
0.349813119818651
0.652980347510367
0.19391891856282
0.640349027270789
0.397007328415409
0.439765431471427
0.435614446648777
0.391409751157306
0.645389409745769
0.628249789334784
0.647804784402654
0.634004880136209
0.599704940135324
0.450314086782746
0.554917721474543
0.577339866241207
0.514165391953673
0.515211428380927
0.59828615952084
0.507229519598651
0.514544414770342
0.644556111190774
0.617904747972032
0.416409301191013
0.589646000216017
0.597772949475714
0.513960239318898
0.592268199923258
0.471279101354536
0.629460516978033
0.420449412944727
0.604991361298309
0.440441938966589
0.537680375036393
0.43638930308749
0.349234066465171
0.588137609814992
0.433361138151641
0.555503321828276
0.566277721813855
0.548238043769458
0.594484457435286
0.576789815940212
0.532845572811567
0.548682611713404
0.640301974611283
0.578607738104281
0.537484723302701
0.518305227065226
0.597166246001376
0.273932048519081
0.537114452563642
0.63460606143746
0.637077185595175
0.338941852811226
0.525122194568195
0.605770107546588
0.318511014304863
0.61087881417945
0.595951032030431
0.519152738214101
0.644238636926423
0.47719335526047
0.502487290331976
0.481528458300065
0.43654189981421
0.515007847638108
0.512439854423663
0.645214366152184
0.624200834907359
0.513125821470548
0.617077241256041
0.592785264982251
0.590542676388286
0.354441770214497
0.31282779437094
0.293823826101143
0.331097960048122
0.59677991619433
0.609108943129004
0.186753562811296
0.363679124259906
0.452394544204231
0.535621413445333
0.390701880834148
0.355295957212062
0.579825098614991
0.507099708721042
0.651771770843573
0.483790672769639
0.358581121863565
0.53750950424412
0.634656175921578
0.610290913726902
0.503536121928366
0.452591334816534
0.574690402075972
0.644126679311856
0.651259578251124
0.486294642053777
0.646154368891773
