0.368451160049997
0.644761657080051
0.446754299844272
0.616839257404282
0.616062662366626
0.504433296209114
0.43658861115179
0.528957641500459
0.349072617885776
0.408135562260402
0.556241209146567
0.469245409188969
0.581389895520454
0.589985525451633
0.480525370946853
0.56809501734572
0.52111108937012
0.459464524930204
0.622634302737657
0.413809924598453
0.524878293015296
0.616379241351705
0.45769832710072
0.255435847205343
0.612935124860611
0.419313907068623
0.623583608678077
0.440664187595248
0.539196827500122
0.40032335164235
0.536089587633227
0.346881774400594
0.605204456242966
0.601719686264639
0.399799301240593
0.558559968317632
0.63178153695155
0.498067506393441
0.574731514000647
0.172445342198247
0.5584902603996
0.334764180065598
0.41298556458453
0.624969739367953
0.480103414061911
0.439086744560955
0.470887101576789
0.646792175618932
0.522212186943503
0.342384490842931
0.482017078279899
0.614313990090974
0.585169619032761
0.424242570834504
0.625989433602409
0.623819798980141
0.650857671167489
0.353084607934582
0.501727595846402
0.485153930654449
0.606742489555286
0.458265768620186
0.341911287711002
0.635569710650069
0.598973933543643
0.617000610520444
0.643605739868013
0.629667438153468
0.400600089676213
0.465345926479592
0.480972334257822
0.587905763554387
0.529429826461838
0.642865423189709
0.341841898663508
0.635338745719505
0.628502582405414
0.473497972407821
0.608692493447655
0.565427970296936
0.474245247740531
0.589907183866412
0.64588635178135
0.590982290975078
0.239174887212925
0.534384842939675
0.355664524421985
0.340687047216343
0.569646841421723
0.554588217777342
0.425623654476694
0.484799626824989
0.48803275771665
0.468540291899506
0.650186495464842
0.607037686590105
0.541345990580972
0.473656966989814
0.538625389116351
0.525519947408
0.362265173553955
0.126618350727484
0.480186092064949
0.509636637892106
0.618193199756994
0.58100997092784
0.251650554505875
0.538917452351633
0.450530850528972
0.61363036508655
0.486869400217497
0.537071943652816
0.488510198807883
0.356842633491615
