0.292499484724795
0.493074978927849
0.597843426141467
0.502621566798242
0.575656172862049
0.582453617660562
0.454506290863273
0.640566171483396
0.470117919049214
0.338031473492039
0.54518221002832
0.577586595237721
0.210890587881673
0.441484106565592
0.322010777062736
0.585719120759887
0.393050219110641
0.583454110172509
0.467126411369934
0.581722852795385
0.633383343391353
0.583132584230932
0.652941496701341
0.500070408693894
0.579670918564131
0.0286582701855805
0.268292740017409
0.561197679505618
0.594457238833886
0.481859710107931
0.521329715337528
0.494455934838392
0.486332788383125
0.529841997575481
0.562103314306773
0.615933382951714
0.619218967097613
0.376935499559774
0.565001671034259
0.620320572848154
0.5175908305643
0.376546029229648
0.530409207942707
0.565674471208058
0.591021064001685
0.500617778356996
0.478044183287733
0.577842659096411
0.463596169659378
0.411752762911244
0.553880731790094
0.413091388023371
0.517665069462639
0.369454659446
0.513673036329216
0.588207492112484
0.579258450171032
0.603544037652867
0.406084207119187
0.509120066423202
0.480886458370369
0.627262231579538
0.641649440186898
0.407470725963125
0.623615528358603
0.621470599191018
0.3597302339825
0.635932732577669
0.510164613657833
0.613868103280324
0.511048835933062
0.63849089133949
0.562099246206926
0.572841296443156
0.598961700338326
0.557303305044197
0.474587934458826
0.619665894202762
0.623172389412661
0.646286663082523
0.498697488203054
0.568945753648504
0.305848024456995
0.652071601392408
0.6428806308317
0.225628962406889
0.530797100935243
0.576353889687189
0.536002346400412
0.391633183089719
0.556868267395767
0.260856502599549
0.409610716605646
0.589548889634432
0.40702544453321
0.637261564247776
0.620474722398911
0.332041641479591
0.379799979765201
0.412681679339148
0.640968278199946
0.561397600930682
0.493072676920599
0.615002384716284
0.467656382665651
0.533797859430779
0.446860865432166
0.507904711721218
0.616754265111173
0.324349146902266
0.428535035300301
0.484788968981202
0.584754993245744
0.428816802008082
