0.646503027778098
0.615714970535751
0.608517636350847
0.571186118598356
0.375309750132038
0.285563193851849
0.538912254126841
0.401441111636693
0.534662408503501
0.361344783342676
0.373525374371854
0.59440259343742
0.503189709860366
0.607487097687321
0.549143757009671
0.582859274062252
0.289722169712714
0.354499184133019
0.570344435154693
0.643448222256077
0.611268561972675
0.641018341667444
0.625104445855599
0.50027182263613
0.528185443515749
0.575341493071529
0.530824273197213
0.506089733525412
0.615387150569226
0.627945736778667
0.619340685890742
0.580420319624389
0.412215674769832
0.563016629250487
0.599082435288436
0.571194335792657
0.567795563404251
0.40643557232506
0.362467460215974
0.590935232544136
0.62383661312683
0.291686325996649
0.494214548134301
0.640907113453973
0.554653587761589
0.460552751196491
0.374965861039003
0.602154804985905
0.617521723705968
0.53480072908839
0.380205597213583
0.635240257979258
0.564385040319758
0.41465926504658
0.455029352989396
0.446526766651077
0.184788640750826
0.609318203145638
0.463452335504786
0.625780142963141
0.623084269638472
0.38140023010131
0.504914452956862
0.334814415169386
0.467508272566685
0.593838059869157
0.400327435546089
0.552508991231676
0.532992981325203
0.478433648168781
0.544874905470293
0.494499091701349
0.410332072570299
0.505145349585305
0.436358686575469
0.417046506724534
0.417176297364616
0.538504197627811
0.47581700154754
0.622081164365492
0.519539595895099
0.363100421969929
0.505515360880466
0.649431222897424
0.502888336032858
0.498051746712846
0.585015768985032
0.58899008001369
0.0889779063814785
0.641910496237356
0.62136575961858
0.438973715658736
0.536743402749959
0.54649857676494
0.603013510737507
0.369446156269405
0.506275603978895
0.650397684266558
0.400467534905473
0.617066986577501
0.567703248349888
0.633207098545312
0.600580168393215
0.602376110826878
0.542030517541521
0.449617907311069
0.459241152492818
0.50656333560613
0.519780256378896
0.575274793029474
0.339102457251428
0.617225579761294
0.626307319908478
0.47837945338781
