0.609480902947653
0.587901380591095
0.575739310611032
0.448293947559781
0.592665387564572
0.471944910326414
0.614314203170096
0.615936074145911
0.479665116143434
0.270056152806152
0.584750771172829
0.476514428298976
0.471244535269914
0.594277307898553
0.635335086725822
0.496144202109012
0.553145914237293
0.492785382640815
0.337716342610045
0.412324192927572
0.321261994312715
0.600823028354609
0.608783986133288
0.368118047177164
0.484802493916126
0.515425474833464
0.394799322259742
0.403911663529463
0.529405793083908
0.517443082945771
0.558128791429911
0.639053772807354
0.648473766048439
0.626206131555313
0.436345516704223
0.602768151394268
0.649809565790929
0.566079749099781
0.602373612529871
0.539813527913549
0.147406540827127
0.502415929527953
0.630545076056151
0.592245308629703
0.614915174038454
0.555509618039353
0.409783226040599
0.381517582924804
0.530227336341748
0.526861296987134
0.634387717713338
0.4384040342598
0.30114242420741
0.628410931561263
0.518204065049268
0.536750721442493
0.539314932828532
0.501140957373907
0.557758319558576
0.403645132442238
0.552559003734393
0.298645918589085
0.446109596352221
0.448055948652478
0.431102140610339
0.591336509057824
0.396908319382652
0.554956981498037
0.64304652074687
0.539031068567698
0.509897367251947
0.577145010911334
0.513765561360536
0.563804139309375
0.503783476983357
0.625048914974571
0.50758089872278
0.398395529347609
0.564830737269531
0.522574477526721
0.359575168451062
0.541902821835276
0.603800227315707
0.577866913836579
0.604816357219359
0.621998389011249
0.272134156631771
0.241201613500016
0.560335935964015
0.578504466604415
0.200911478555994
0.312762166107447
0.550027973566437
0.5866502791556
0.562367078059604
0.622942871017253
0.172171198174121
0.504101181788708
0.583772900254233
0.539083337553011
0.581850418466661
0.594958099273033
0.297380962512223
0.53840407045139
0.566369010061026
0.451351025990443
0.524495283933589
0.400374674457945
0.398881365026246
0.648063619682941
0.439874884749297
0.512787873113528
0.512460780498547
0.363915007338419
