0.501807759752808
0.538712757250809
0.375082323373528
0.48617574561259
0.649019312036741
0.60806991116608
0.192063129212474
0.48906383649681
0.390575405924814
0.618168923869964
0.330622350798542
0.401327164417133
0.495157662624533
0.565909097062657
0.61725066878448
0.574055284320688
0.503236647614511
0.460575729238335
0.424820325824665
0.650923691866256
0.497636004370481
0.591941132143391
0.505555021622306
0.506515151786485
0.409012929402525
0.590891946474323
0.628444774078099
0.371828202098841
0.454240806315604
0.506967980733342
0.533414388760459
0.505759143063381
0.351134255744517
0.635428786391931
0.594742889340485
0.632269286245077
0.621511837475871
0.413849663680803
0.571968696046576
0.395177216953831
0.632635565293596
0.639933630174342
0.505489922321687
0.485702728009168
0.48327419193022
0.615610796458225
0.389026132395258
0.550290595366235
0.507415524773943
0.544211504125691
0.551271682724141
0.609498617522263
0.513088182509349
0.617532884218032
0.530974586948173
0.505082843037089
0.641739929934685
0.326863670335294
0.100695552883437
0.32100734574427
0.624283125088783
0.582360411240911
0.539781662360067
0.346257045321047
0.520325307180122
0.505217557990854
0.3584913028921
0.498310864303221
0.521649726450889
0.626569314454206
0.437717428567707
0.364163379948353
0.540236296549501
0.152684877259374
0.65248747717074
0.405872574983709
0.637888017124866
0.472676715657581
0.507595895887004
0.638101460938208
0.572971353895729
0.523630038925958
0.441162882819507
0.546669436803751
0.476674249141151
0.585431509435151
0.577234826096334
0.490418234876781
0.559058778918153
0.545879195126476
0.388503681330896
0.329173140394269
0.495832678464402
0.57168261852295
0.650366534713262
0.456304697352351
0.546967927893572
0.634476659809938
0.628885820525233
0.46670229334617
0.414969761049355
0.604767466267022
0.464669873109238
0.342399375204577
0.530256665590587
0.623968890611396
0.476523035895668
0.421425391481598
0.572933606407372
0.50081098303535
0.609531916575823
0.606105975958318
0.563342177254814
0.540141543510836
