0.462464305121618
0.575406897007524
0.546344957947839
0.594128452730831
0.592096340454881
0.527453185547896
0.552829895588331
0.497299817864318
0.51978440906317
0.544864992844264
0.632001552453096
0.57830678073814
0.604455060797915
0.566877381395387
0.547790137932213
0.395742765657204
0.647398354224275
0.42025039329729
0.417141088145969
0.494850714182547
0.356002590545654
0.621564884437178
0.5161910316064
0.592907030050859
0.63019297108276
0.556024335932685
0.156222926527495
0.16497453154996
0.475061477197101
0.61654945796961
0.543794476663682
0.524307794423075
0.52973232230562
0.498943943292834
0.611996131060144
0.621468477862672
0.616923360139131
0.629868071472473
0.530027448200517
0.346738789456902
0.588444902988568
0.592195306548654
0.594382477319798
0.652471729620127
0.544019459530246
0.592490049115848
0.63563920253725
0.542397277859276
0.36244655826618
0.316233695134521
0.621130877661333
0.62585632606419
0.289687482793815
0.580284937359014
0.468745840706863
0.352961288963047
0.514369391861372
0.411291534076921
0.343212618470857
0.0791273519173265
0.580810746092815
0.640620436556168
0.540711951944279
0.410349703635931
0.619430678396809
0.589465687195117
0.555817845311665
0.574136132776272
0.642381868674653
0.552691302292896
0.640979429839905
0.646734260843601
0.478187711514998
0.579476728392532
0.539454041783465
0.413882024982799
0.616874771037252
0.441694272177224
0.453255553786928
0.629279982684942
0.643348760421649
0.578332409028482
0.634381361645944
0.593578281826107
0.550116198377383
0.430361168119611
0.566061954503879
0.39540595737379
0.477024238911624
0.589027471787355
0.470813374034414
0.58879952888852
0.254758936473634
0.563895151878275
0.531091439952604
0.15523739834805
0.268104306343742
0.438753382233903
0.645102267770235
0.426353963834631
0.447735722420271
0.399737373107346
0.315840031800452
0.332382168311761
0.52944893539373
0.552387739832057
0.448767947525019
0.505663907234557
0.547240718006622
0.549599642239122
0.485983592659956
0.601132007586371
0.566631132439264
0.60176888457546
