0.606121184473112
0.497447603348081
0.601656116094874
0.642389393000935
0.62091323314073
0.537982994752703
0.608935896431809
0.463459398650119
0.648430048719949
0.628140289302806
0.518791374365321
0.255423287537088
0.54177962085298
0.557006705442824
0.522943594209617
0.570859672934771
0.503088704587066
0.636426837205364
0.608879334161754
0.600751953071688
0.558848670416102
0.434299218897941
0.586347243660729
0.602171606934038
0.464256628564326
0.579341374221258
0.593708466456576
0.551683602968449
0.570303863514615
0.616548992517749
0.647102943078879
0.554710311520949
0.612628576866381
0.543532446243665
0.480931225336275
0.621679563437105
0.616164542514427
0.595731508384116
0.605439976256326
0.488285952549437
0.589030351318819
0.322255957243964
0.381673848459031
0.543479483398119
0.495759320858656
0.590946599128448
0.59667406802887
0.53855336076743
0.647927750567503
0.529592563806374
0.648782628847941
0.402819157799079
0.60145628706622
0.580230890752748
0.620838028078893
0.544216410847148
0.608410985995897
0.586770846692852
0.629644307793736
0.183740072542167
0.577953435121366
0.623978991557844
0.636113385672247
0.516826696613147
0.426476795099676
0.411946682028705
0.540160512887174
0.608625202792806
0.607790008778144
0.493916765737115
0.53637302200818
0.577701488343995
0.526778625362786
0.609397810761351
0.569813297051294
0.631832159913257
0.557981610617833
0.608218762947705
0.63916505519324
0.56092500654345
0.583669998674454
0.551355629081025
0.491430097996605
0.617963179159587
0.6078527113885
0.643661194106303
0.628451043532235
0.643423403989653
0.585280972131072
0.606561044123973
0.426228297892597
0.591243718799347
0.64235456953341
0.624386646978091
0.533837383545828
0.613678654023767
0.528716340974206
0.512673237672541
0.558447974910272
0.516134715155883
0.577191650337782
0.606328516899808
0.497454819350087
0.636740212935579
0.635155966824165
0.522917766449709
0.614272732410757
0.596993091240015
0.415208073476097
0.642193600810912
0.521385961796804
0.451428758212365
0.621377335062949
0.447004204410923
