0.498086230562549
0.547539828065729
0.521715879029129
0.597955609494965
0.652053079173671
0.34760759114914
0.358117251001298
0.384767790578771
0.519259821301875
0.4840609857128
0.644947501492687
0.481730742098629
0.504219834575189
0.478356627193464
0.482622118067695
0.50089951773244
0.519185489018681
0.6232631987955
0.647456143362028
0.530039476921782
0.488087635831354
0.504295433988168
0.367947758699211
0.556951026889367
0.0882523813680746
0.646805692795182
0.427479669500418
0.51201477239281
0.495251505619846
0.618419236374088
0.526027016319246
0.327325985001167
0.153940863741329
0.521682569217688
0.537854513480989
0.360032183749368
0.104133999141166
0.643675926955354
0.304405314497184
0.479005272395828
0.380801340518681
0.273339086271823
0.214472045573598
0.227822589640561
0.409456277456014
0.582794316429179
0.629451266272925
0.576636651912754
0.331755180133274
0.465751790891863
0.613730027902838
0.423146821101895
0.570536786739349
0.47915067729008
0.556238954162491
0.366668789476847
0.19729271398345
0.223359012671038
0.469113733369624
0.642685280544698
0.389086135722231
0.518991402105428
0.518705846676532
0.463667633283185
0.536803814252881
0.493999942706688
0.570141853045476
0.548029710086063
0.592926349446681
0.125196811508155
0.571396951001603
0.365033439668361
0.586311528172415
0.551370941037473
0.62579224813997
0.195671877342509
0.533772225437545
0.591911401575459
0.566334463016634
0.608901056825339
0.464750439025114
0.610778539156669
0.590629067390458
0.62251356813805
0.587636760656379
0.56806605428271
0.557997588790488
0.412688812391432
0.526561229440849
0.393151190288895
0.604922775259468
0.32724953963235
0.241874236444477
0.407974078907546
0.4917665790079
0.581993766389787
0.558400321627221
0.570138853263785
0.566006808804115
0.628356812189643
0.610081372004641
0.637239057241706
0.524364451305435
0.0973185888302978
0.512211973993292
0.529563739157515
0.565744759487038
0.521886687854168
0.649012239975914
0.420202405859781
0.597988814547425
0.346681253685896
0.478269007876996
0.502072040173394
