0.452768024634018
0.589567522701807
0.470743429291256
0.415159756885609
0.586729743409902
0.363965845346103
0.587500980606535
0.305219411310973
0.543047190348835
0.506071277544762
0.635534799557645
0.164388085344806
0.526872581541146
0.550907072898597
0.553077657716988
0.592312256767182
0.579954214024703
0.577165372821968
0.432178626358336
0.600035535040751
0.462772190332168
0.427786235968018
0.409931565670933
0.362175528223816
0.35904756263108
0.380030560298472
0.531074095567223
0.540397200679939
0.516981296505314
0.471868976606216
0.378720391502873
0.524330093592638
0.489076757972184
0.564462450980442
0.553873488513037
0.545191623927778
0.595731914947163
0.585322214769673
0.331123495981301
0.555395603390293
0.628340825054931
0.646347113549673
0.097380958179012
0.500610018640688
0.230984880758217
0.514729408630403
0.603600832326888
0.579440801131289
0.595331870981968
0.314496628274728
0.503271301078529
0.40380087147816
0.511277941100438
0.582189070735176
0.64659312385569
0.432973847013898
0.646140359376423
0.49944444119961
0.578078154521207
0.000356123065343127
0.462137400740059
0.603055786371388
0.449807576182691
0.546572484293516
0.410117868154395
0.401449403341247
0.543640186336357
0.49927357209314
0.430770657497924
0.640694883466233
0.607435381142453
0.470447616010146
0.637250388710815
0.424059294643391
0.349457883577328
0.623015968048209
0.64190265166357
0.493439834771387
0.540153015291348
0.612764687668845
0.648609948028981
0.518755693922805
0.30876063158107
0.45375054042507
0.490729520453866
0.592466218785844
0.333499409779673
0.303004742497163
0.432836727412808
0.567293775633676
0.504302971177596
0.553798424686423
0.389678154582404
0.561197609891585
0.237115481789922
0.4709045968857
0.488304085883272
0.585668799740885
0.579555745834414
0.542250379010779
0.425622217755066
0.439611164819384
0.487166015193077
0.602673594987867
0.644442170455819
0.534008872483522
0.559534809241537
0.603968056969634
0.449241666122588
0.458975723094441
0.536171880523658
0.382353983810465
0.644191433246729
0.624429877931502
