0.431783495499832
0.529443172166318
0.505691730913443
0.392525320929049
0.637857315552706
0.61424072578974
0.627616861286882
0.521361915571289
0.495833116599685
0.61619099328569
0.589002946563306
0.421447807625275
0.437633075140434
0.629823818618393
0.575583616180511
0.633793365159956
0.545673128060244
0.547273522385071
0.584632143961731
0.628102422970117
0.43818932745842
0.545103570575005
0.438212770592189
0.552702522003889
0.363990953089165
0.449093684834008
0.455500416778028
0.586607109998607
0.48186894064349
0.563645898378014
0.501120419495905
0.432899623782501
0.50431977822299
0.602329219351291
0.568990741679102
0.62424331386402
0.445802903866272
0.394541930405128
0.177608315612972
0.568398725628863
0.612772608133626
0.626037538844296
0.644382504659596
0.649533159137513
0.548956091277808
0.533039892584522
0.326058158895234
0.399838350510349
0.499434116989654
0.55854074847833
0.626657314039018
0.462632851044415
0.530865300802378
0.521940202836909
0.652204008064738
0.574918216078309
0.554642183841453
0.263707862881473
0.464493256452496
0.617004508938436
0.566053874106579
0.513094338067694
0.58933731207042
0.568061265498548
0.572471162709046
0.56640926726252
0.358081656224793
0.569560549133224
0.650641635283153
0.50924435384798
0.254042471303143
0.558508734566641
0.407402876214576
0.470103049880686
0.540544256618479
0.406674744021738
0.577811348342905
0.494331923788428
0.449983860383277
0.602298507848555
0.652073509454682
0.61729158162442
0.643125220270543
0.534524383345977
0.639570583319075
0.544216975669842
0.561068986502709
0.611655440147927
0.388542908036467
0.617456088112077
0.606246525724944
0.648566403203877
0.567654150375959
0.493273139265984
0.367707099151494
0.578300180340731
0.606762050378602
0.361457949428775
0.617764905891548
0.566595838562398
0.443274433962816
0.460226273513399
0.540430170644308
0.530827549856709
0.42418482305808
0.590708024486021
0.444206460507056
0.612047259452248
0.639672718783245
0.645554222119764
0.313767182235471
0.65030662432332
0.505138992038323
0.463051077640475
