0.648423060630448
0.599404546183731
0.477581027753674
0.447530645429198
0.500300641878126
0.381656797187986
0.330287572363392
0.580989127843382
0.537859921185374
0.370968245458745
0.597290869879811
0.407265128077089
0.577643208235746
0.62052123794239
0.599319614202579
0.492440895743901
0.280848194179358
0.484921291612883
0.530493874243869
0.513089705545605
0.625388268325202
0.651460372243309
0.651913578134676
0.565017857869998
0.488623386782706
0.200880072589731
0.583128906750586
0.644444534409326
0.44180711521698
0.588838473213642
0.57726355068118
0.267496944619973
0.5295742671499
0.592238482301278
0.542899088494041
0.624585098608453
0.613662238747667
0.599366486254714
0.319581733880099
0.460989257873338
0.386209152963943
0.549887494542711
0.336119856701698
0.639538437738561
0.250475256999955
0.490754467452178
0.618200164963078
0.412127459698747
0.224389462577179
0.374320816797903
0.403527040961564
0.207297970418818
0.303582239207113
0.610170857210928
0.602826620804425
0.544883470747476
0.337442583795816
0.558383147177772
0.508044522567124
0.611865002205595
0.555645710747039
0.504813116097805
0.56345653678396
0.565422356671285
0.395377241575159
0.487429773658899
0.638624805248063
0.520713325627305
0.478597388133872
0.520588300594417
0.53875051732801
0.637787602855824
0.55845660339389
0.633922090898065
0.606372129754979
0.644585774945635
0.407171069659293
0.600954791965318
0.502334746593426
0.632764843042714
0.423634362308481
0.507806782657048
0.642741708709712
0.640570981425062
0.596439227711829
0.37497122100112
0.574424179212535
0.230446023487719
0.365200459031388
0.0675334680262022
0.500151596701006
0.0438059197962284
0.401627158900671
0.593995725835876
0.623441295205759
0.648009927173608
0.233801251369529
0.487341948000481
0.426737898111576
0.526241520638596
0.341246300618968
0.434081674282439
0.500610189040198
0.506918800027805
0.466015533798922
0.573600960612763
0.522199678021949
0.48807673568143
0.611617333608884
0.349445499846309
0.48717723019491
0.309266753765522
0.519054847734049
0.58305081829768
