0.390537212716193
0.377352373769608
0.611232965050914
0.635469708182022
0.474405643246137
0.613097667908762
0.509214588708381
0.5273558869567
0.285860839143628
0.517013178305839
0.541881931314497
0.229682125346326
0.327009990345687
0.646006481325214
0.613081922729903
0.435935613933485
0.648504466100363
0.2527416520759
0.528759676422691
0.390816640253179
0.573778522744671
0.517126079186564
0.51003509888152
0.299587620480632
0.443600821957458
0.506131395300204
0.56094242684124
0.542867447467055
0.59053456574725
0.63814451724836
0.433642961672042
0.594150209526363
0.43732560549367
0.471774661589559
0.563308176840122
0.569042719622959
0.619961223928692
0.577108364195563
0.610890128349659
0.589575804690132
0.275954153466737
0.56164792627722
0.4647188812066
0.612158650452566
0.572246098446427
0.559715110761579
0.40712198071291
0.284288229437463
0.621000011913711
0.453934358694371
0.249526259251525
0.629841148507566
0.63113889369159
0.419910200208426
0.461563670029731
0.299625323269516
0.347608276564861
0.614394394233392
0.361491882481147
0.593599250203464
0.508764331968036
0.340850159479305
0.634749250692083
0.542720264403382
0.194055410269956
0.498448180164999
0.400181866044133
0.466589153817146
0.590543866388011
0.634726346713724
0.481966153756714
0.495959520320991
0.256329656819006
0.529306326393836
0.375127141952738
0.380227697109599
0.601211199561455
0.451298373218409
0.372038691523951
0.353433341207216
0.560519640755642
0.43697263083281
0.633671773178969
0.537921982319628
0.528958651774729
0.615520426735748
0.499371729510836
0.500880750415148
0.549479385785627
0.166246436238289
0.52921807253384
0.464321538778953
0.513304028312676
0.33282869564018
0.238131341168677
0.447151615021983
0.63344572091646
0.620970149148745
0.574164535162466
0.328281689174008
0.611391867481826
0.555250375707964
0.533857408771059
0.473995340989204
0.5013217455185
0.646140358044109
0.514435474975406
0.501943631480681
0.639167277444351
0.568229480217909
0.502620775723261
0.456285231104962
0.521953989581211
0.570335905495798
