0.465999860396547
0.379551924081519
0.457209887403064
0.555729540128461
0.530213608969746
0.444805811735423
0.357381671079667
0.516155921486085
0.415512356070696
0.640181448655251
0.511208067933759
0.601178161721285
0.55993185277774
0.542177754106
0.543938681015677
0.514964960906975
0.359061258999884
0.503043704779376
0.569038138009608
0.57061248681317
0.524844330169663
0.597210787326098
0.529002629069476
0.616031315873982
0.629803865220554
0.513362113523064
0.596710895219585
0.640129000930908
0.270651508918265
0.170658568251645
0.268050922259251
0.634846234177568
0.584101923841285
0.465177203046158
0.391690731592485
0.556607821939729
0.412190770574147
0.336149053471527
0.547067787694279
0.452009158134355
0.617026705323253
0.173123361898121
0.577454994495421
0.515986584992153
0.329112833971196
0.5649204035842
0.34142080821506
0.429040591066173
0.458400881956403
0.363443195942815
0.455478027809378
0.195391035335837
0.35885264535365
0.640348165192874
0.506407933246902
0.309414711464895
0.375323699605596
0.606520823227965
0.287079331632186
0.222767908494779
0.525976225435182
0.616256514814796
0.494290943344832
0.635806881708822
0.405772249235539
0.568859992371116
0.514581184559735
0.524415558765937
0.637228981065857
0.525368210433632
0.612815532841047
0.608629514507671
0.39580996093012
0.363472475091783
0.625656208296609
0.416971978628644
0.595457510148528
0.387700404502808
0.534676334378341
0.54607153772314
0.633514705077146
0.494540565299219
0.506166016517207
0.572491737787836
0.569709875840839
0.620223080865917
0.602694805640029
0.294452188991942
0.37271500437597
0.547941220842535
0.426275067051612
0.466958245600807
0.386414837008334
0.46353544485569
0.216269706674655
0.323483041769126
0.571893585594687
0.584115126397432
0.417481509906938
0.561775788573579
0.489187870970229
0.641418911575358
0.496766293797176
0.480214076465485
0.326196977109648
0.277807865603213
0.481688567867735
0.486091730809761
0.546383577142377
0.626144012702885
0.425953345205085
0.504854094863171
0.241735196674903
0.628359102471915
