0.52213509316952
0.500238583269313
0.375837803151876
0.343102497861022
0.635099760043202
0.586930236309534
0.597577857891759
0.369128672821751
0.46034352505822
0.619969773085045
0.468095722639933
0.50319718076142
0.482726790127577
0.596038429676788
0.521133345525383
0.632704634124754
0.474558282634864
0.607977843497968
0.48951926073106
0.512350183493292
0.48174491051485
0.536334486664971
0.568978158933182
0.607769703733689
0.340941563468194
0.629297286518826
0.299276371684472
0.562297269079409
0.310653639326105
0.464697788743319
0.41972956154868
0.537510292899337
0.503251369341742
0.541029705841734
0.555896698318888
0.506649579698453
0.639990702060983
0.574687677804148
0.205275577530498
0.535367478132248
0.553142605174933
0.424984012201661
0.520398752796231
0.459270681392867
0.353024667780336
0.557376864895507
0.576931734231482
0.364766131056706
0.492144208844623
0.386452571838396
0.630190214958631
0.584143308894323
0.44833094778516
0.385130893271416
0.626681739060079
0.642112777553676
0.514960116275353
0.548005354781987
0.207614239534393
0.515684161194833
0.569361830825917
0.538075057354989
0.402230266319233
0.627620193005543
0.63196888010231
0.632568519833963
0.593069978650659
0.534843961030822
0.564681329607982
0.610864860005722
0.650572051536075
0.615757137341087
0.533164016315481
0.562861154986347
0.60322318352977
0.643665091598676
0.486239024534637
0.467892548671813
0.58142068998632
0.309562316891272
0.47579624611494
0.414523230989202
0.568727329840418
0.524313618704643
0.466912369511368
0.523347213630312
0.529794824128739
0.349150005038307
0.19486050479151
0.383443375771469
0.534515778541089
0.237202826913577
0.332032529361546
0.614718770920998
0.370634436520905
0.638721379593015
0.423740726930928
0.622961905546778
0.414745092502283
0.620227524211863
0.57215040511484
0.455033784138039
0.524301792138488
0.611722747059004
0.458756206711108
0.623707786809886
0.556067367194152
0.539442833879726
0.508947669309564
0.506802039875717
0.551495548952138
0.515320161518339
0.625980305760079
0.532028900584905
