0.585757165289931
0.631546006486751
0.559108977959671
0.59964623820574
0.126336302448064
0.286536390572794
0.639008971847015
0.595142321403443
0.554794153344012
0.513767150993925
0.602540982887929
0.40110725666862
0.645448585591266
0.64783265414355
0.373994825942193
0.519135178249967
0.386579604064522
0.460068140585974
0.486287817392809
0.52975196970324
0.575334693375277
0.646497737121893
0.233930866851006
0.354264103255235
0.418837754102424
0.555628798745008
0.597007571822379
0.601526880839794
0.337727894027829
0.581000830834617
0.477873668133701
0.618247004910469
0.624164729129756
0.44064089328784
0.302640021516941
0.525814151290549
0.465866591874277
0.345428121849979
0.465665185498776
0.432820798735381
0.65108077081225
0.585985827070195
0.402803316794572
0.533547667151317
0.461721532280007
0.536890661525625
0.569507237953298
0.302863421642928
0.514331489749951
0.328040158873014
0.438512525720988
0.597309048125023
0.555952845641705
0.450197079035195
0.602305631831848
0.384291738399072
0.475687059556474
0.566492557081394
0.4646820112071
0.542874692683099
0.582494385702204
0.57381722145921
0.605064358067144
0.630882228250095
0.633701232684677
0.628971850253052
0.629684945812682
0.590370648723545
0.311811018958539
0.091344619897427
0.51467739581485
0.608525716725562
0.43068012644304
0.505690139521331
0.589134059587335
0.624879533914849
0.535208165365158
0.618461147730576
0.499579536282945
0.589250309934478
0.551768885249673
0.602863552311435
0.651893631286893
0.454855780529598
0.289835996725638
0.370186134548314
0.406213000810718
0.639588164557703
0.335602234788006
0.49843981836128
0.137368715635734
0.488147076015281
0.473314082538443
0.5167592445591
0.626068535250845
0.585549520263957
0.503744108074383
0.498953298110333
0.477759366251761
0.391000738698989
0.580509964552708
0.326585266485345
0.647732031626562
0.531762961177455
0.482125879292144
0.476337844364811
0.53408093184093
0.535494522980641
0.532855619019363
0.466685213923077
0.62853446796909
0.432186163375066
0.638102401456183
0.296859852347991
