0.576595469423739
0.484483513845023
0.407617564496369
0.408047867721645
0.0176709750043228
0.634143175747548
0.55899171808688
0.555424921915401
0.57928449207854
0.600143278175826
0.639700896555942
0.556681839458136
0.534185587250011
0.544054821687983
0.452240663240431
0.580719436925922
0.549189649888082
0.599794360068394
0.395204986921512
0.467932916430404
0.650132185630396
0.535196777015334
0.432410947301425
0.547943997438885
0.624411346530076
0.0467136756787077
0.311786945343483
0.430169878759762
0.317608635466012
0.105421424214495
0.571999211634044
0.528878872182823
0.482784765115943
0.617308040998643
0.473882435952471
0.54847074547516
0.529751473806513
0.600707700988575
0.446337921503911
0.446006702392362
0.523461719106696
0.33111244855652
0.497578804744777
0.491118541065698
0.552895121601756
0.38172809678245
0.440993790896522
0.501908595817867
0.212728337114444
0.50226402856037
0.362305102271815
0.509716475501036
0.301714633283482
0.547463335198841
0.418930411174893
0.527489661222388
0.51111137759177
0.571370874084571
0.563245731031322
0.513346146946693
0.335460620315134
0.54127439462929
0.483578477678122
0.62488697450702
0.562779215637853
0.549511868530536
0.546564000091861
0.628157249560332
0.535418789231343
0.612639945985229
0.592396142306865
0.423995196853072
0.577602459461858
0.602023765990658
0.618596967070357
0.395478186378278
0.55673208205522
0.447283113803249
0.54646908376059
0.52949536856122
0.621798207077649
0.462757028844252
0.285198735128623
0.422689713060157
0.578801231922116
0.548127355082659
0.566288876240375
0.594347730392151
0.231524938980117
0.520752252909765
0.469654323587728
0.584443399678217
0.611625748266148
0.583855513089349
0.128254527891986
0.573076688055935
0.405613913963543
0.367889814474154
0.623853024542099
0.631976721477866
0.482089805783026
0.480268366130302
0.418463053549649
0.611111901160644
0.452292879616143
0.465902403180358
0.428794692618519
0.503521257646076
0.649259313976352
0.55751050531189
0.601789382805634
0.575383727130946
0.626318409243918
0.59158843008387
