0.383430918661412
0.463949093325995
0.243373509558151
0.544314873819298
0.401373659110957
0.46326741162807
0.375624896338246
0.576772270768568
0.525543620386656
0.540902373515535
0.329407175262502
0.509688188185114
0.426254914333244
0.623143310760687
0.626339829232329
0.601983264521993
0.561617853741623
0.448383431097908
0.617523598423221
0.296200852078386
0.336164206001908
0.515094969175989
0.616600227851396
0.142793115888024
0.651223140652221
0.584155178183224
0.549743764451591
0.522470187802334
0.545969512437983
0.649508463905892
0.53041850379285
0.4836076681193
0.559847224857655
0.476588977248928
0.608144103026412
0.46136789329513
0.44770511967293
0.62179798069734
0.614347906155349
0.581817870836192
0.506939844702511
0.200261739064706
0.463019097108117
0.543255313648636
0.538860552673064
0.614295855532834
0.502742846774869
0.586579193374111
0.514839558634209
0.430530770990066
0.573152851205611
0.627100017637732
0.547925263023624
0.560594250671566
0.639043730248259
0.556847454401665
0.400351513242121
0.420184122338891
0.523836374065584
0.335756215945119
0.483789535421632
0.616077875952046
0.372295970871676
0.65090131551352
0.447213087324088
0.540281852939102
0.521076593266342
0.542689036930213
0.271316515901911
0.511821727954272
0.504037892187957
0.627717636867778
0.636309699991629
0.604499208896421
0.495770697541899
0.595759632541346
0.404118975503836
0.635188590068186
0.637028710036067
0.416893883702787
0.646832979157962
0.488637482075527
0.583200543752639
0.614670535299399
0.426623863678426
0.38673973164917
0.617197242969959
0.52029452327585
0.633695387486898
0.42911009016533
0.438519248251338
0.453002264840063
0.414605792688759
0.318507766139505
0.623754621147126
0.531524503276218
0.561787000514523
0.646868160919519
0.539966119012811
0.352964859932195
0.624804872167339
0.243877955671167
0.603480337036669
0.441226460453356
0.586055847727422
0.525211652307615
0.466371854384335
0.502740849374324
0.393643744320143
0.5995608198839
0.616142423018115
0.652995613117247
0.616649802505267
0.649490951838813
