0.570917053620464
0.543961604711273
0.542243878633445
0.579600659290633
0.500560717721389
0.610369640150388
0.298255461753812
0.553132733961553
0.37807386929635
0.437669285845849
0.490597844865097
0.547905519487103
0.6509774769668
0.424519198734674
0.637438687490573
0.540108404485865
0.531663035342369
0.557173885981131
0.35165786082577
0.383392119067255
0.593301122074967
0.472851264598106
0.466583281745278
0.597037499788239
0.645858299465446
0.626425428846851
0.401269130460463
0.590654290854525
0.215849306798307
0.627026167150581
0.615475464132255
0.399106273755332
0.532301082373769
0.5725778515988
0.570253598985958
0.595736122082562
0.532080232164972
0.640177832760848
0.469852668392225
0.572030290634038
0.5607272823224
0.408352214866551
0.624765501864051
0.516814205264494
0.638626292506823
0.52369877773442
0.585534408061722
0.54048652111074
0.577003032992684
0.409637370569534
0.478636248543393
0.561190913998207
0.624547645924147
0.544098992191022
0.638090338364686
0.290903091459768
0.500232411045581
0.620908819087937
0.650682561676717
0.618506156431772
0.569961186419014
0.380867108386657
0.616888392332476
0.508717709266713
0.541832895169081
0.502015517942756
0.647852300047593
0.466817861597294
0.637331828630868
0.625607093810337
0.624544065723661
0.523914688622579
0.59056511287905
0.560590281526045
0.550193065457818
0.647940601988481
0.567224786372975
0.540852938074386
0.570059467161695
0.615898757263751
0.526491062095072
0.603277689859228
0.373886258320613
0.524124782139668
0.589707618514397
0.573148858435685
0.427100627397886
0.612332075357474
0.559220879130682
0.468643484859034
0.338859120214916
0.595347836542988
0.574486942934166
0.612226292078383
0.478845286001684
0.637586329137849
0.216481033082819
0.385639130766271
0.500653421975905
0.383857155270886
0.563403118261212
0.645815170304923
0.415831827778602
0.398789462858726
0.441516486677335
0.518573836751668
0.368435763051448
0.551655303924212
0.489365504092174
0.51300322594687
0.611401190182194
0.607296372493085
0.298466339332983
0.533243984110188
