0.584124191401382
0.363164449465473
0.630639602539459
0.449170414682804
0.528632312627343
0.577144940375856
0.383051998236322
0.345289558230201
0.467155855185356
0.349395016606897
0.62076402959543
0.61455871036866
0.482919594589762
0.476782198842744
0.441634872108964
0.46618787045638
0.401803561100754
0.477967534531385
0.464432442470442
0.598654579657282
0.479991773445159
0.563116794131696
0.615206425352812
0.503080137146404
0.427256424525291
0.374308915231144
0.386554956176318
0.463956836034078
0.620397284663621
0.645913699812722
0.585915929104697
0.582587828046875
0.635094695035601
0.625220360839126
0.416229115587507
0.545821267338935
0.377993016786031
0.579064299661623
0.431572987452786
0.454244292156305
0.484004916540697
0.534905400127919
0.295469918298535
0.374642158796312
0.438320025480585
0.650063670672956
0.605869404696458
0.406542733817228
0.552093739060219
0.6420335557493
0.641782260431604
0.616648267580429
0.441324561914027
0.128455205974402
0.516018636575202
0.547648137615137
0.0369072363756131
0.289505413092464
0.585277123219865
0.523170875833155
0.450033970171144
0.487243135329216
0.390898117637262
0.283818067015836
0.615564665282303
0.487122891448448
0.542773005916527
0.531675334957661
0.627062331527847
0.265351219862088
0.483138548716568
0.320223361666082
0.633100802600539
0.558712847302535
0.600209609342911
0.444810670067059
0.553629113105985
0.242292715631193
0.593189940149197
0.631536241795684
0.553948337862668
0.561332619238176
0.650564485592441
0.527187860056737
0.614968803362017
0.623823398185428
0.564571776436272
0.502571708588853
0.650405493975888
0.459794930508826
0.511766045307508
0.400697235986823
0.376959668881726
0.649358685933724
0.43176532924652
0.507276456615626
0.54006651138175
0.43463705375565
0.522813102266084
0.379204947250885
0.327563067312585
0.437247485718923
0.641200407665005
0.511392092867587
0.530802030224392
0.622786541404271
0.648459317748483
0.182589220323521
0.310081680861069
0.616164166439679
0.52058018101915
0.530462060461199
0.597428572534496
0.41084163808177
