0.379911669643168
0.47556629694454
0.611076923571439
0.425858537750899
0.467062607502332
0.579524092310341
0.274792935021687
0.589053062583418
0.646952383921673
0.64753241604884
0.519810929460018
0.45359908427191
0.526823309099413
0.648026321857396
0.492912219173717
0.487962635384174
0.650047699761985
0.47242923804719
0.287601113662822
0.463972909976928
0.632336445028703
0.393623229721431
0.424994162419195
0.541288873108148
0.464334547033301
0.562854043023428
0.525944678718224
0.555633759442795
0.471097774568945
0.614644355264958
0.481693696731469
0.485894897849541
0.587363323213852
0.383942215174725
0.522729545229891
0.490258015181062
0.499436942585977
0.523137009660959
0.642645713243168
0.157481692664558
0.586125682371729
0.503453728816938
0.514728903288067
0.618925484598382
0.640418106095919
0.575671378938016
0.610108974682633
0.609505311451208
0.5369009877489
0.60980317739537
0.645983929851325
0.633225306637998
0.543974649036651
0.451093131126331
0.525597778977971
0.63357071629562
0.581176324720893
0.604399271931041
0.54635322615218
0.594201621406364
0.548237428611144
0.575973101933613
0.650881048277486
0.531978326365252
0.57446984780151
0.562248526959511
0.303102134291548
0.325868820110423
0.579623945968924
0.63446463564189
0.64202263697514
0.574525402148035
0.569675552626184
0.511510765847639
0.303167737193173
0.465248036507476
0.512931100600444
0.602138665289551
0.598584206390727
0.591598508783542
0.646984565926503
0.607549500143679
0.651712797016214
0.366632606882835
0.608431975439653
0.348222068094416
0.368536232133126
0.38365553909537
0.457949816293176
0.578536775172249
0.406478621087719
0.502617847331567
0.563810941712499
0.187785817411495
0.547098896982266
0.558028745518051
0.438478118356807
0.229202090217965
0.575792169285527
0.630740102553822
0.628496826726642
0.485419279358745
0.461760674551122
0.435097075880971
0.643261521276132
0.372351155359219
0.62193670791886
0.615291103159609
0.583135288376292
0.572111148029722
0.61434905805166
0.639861240290338
0.421507349417079
0.441463396377678
