0.598351819631411
0.468319196740621
0.536358917626179
0.600233460152658
0.615452067388581
0.643259384693264
0.28239566620579
0.229837494311621
0.491217451773409
0.372238074807051
0.51735506282997
0.495088142467754
0.396698986710707
0.492677627606783
0.549929609996687
0.137598941623
0.457905240651533
0.635932382585248
0.585522614641307
0.56673561708699
0.467656245107182
0.473752021308268
0.55738820652687
0.484070683026686
0.301792718487318
0.388169925550963
0.156928162167082
0.528011793973858
0.476157227793506
0.278311278503715
0.522247549962848
0.568880985075719
0.596253842666055
0.602092575262379
0.431820940826709
0.506007072659393
0.584167009768928
0.593304147502451
0.37873710903828
0.58948683855049
0.64340944297207
0.52435181724857
0.485040088974538
0.617583190537549
0.41136726927245
0.606055466123196
0.52459381382439
0.450526430164231
0.517430148650376
0.441456827240049
0.518179248149962
0.538555260791477
0.639904430520724
0.522047442686637
0.525740915016271
0.632652266140458
0.610721197698928
0.610833213754483
0.617461108708987
0.261890984106343
0.584645600142942
0.572480684500514
0.508292369353737
0.534024611421773
0.333566644053441
0.625634611016116
0.600315415228864
0.646182720697582
0.609778142989357
0.568645220268887
0.523649978350798
0.459459166146815
0.627375786574457
0.57114459263091
0.484309240870876
0.192416456747567
0.614263559558429
0.514151155319065
0.581250541368732
0.498397357077986
0.411309075961841
0.631233554326231
0.554789875112008
0.525914577530888
0.549813954875429
0.633136097602969
0.603148870717741
0.439029277822934
0.52723519953925
0.45872521031688
0.254139095139429
0.260533574211288
0.454305208778009
0.341762097588275
0.586175765381591
0.285625137350982
0.597973312281461
0.358037712411024
0.579976603470743
0.549190120837611
0.350624803697547
0.409278805161652
0.513693226412971
0.577342200334882
0.489618083624396
0.505279715332978
0.386873228549271
0.49188498037192
0.359546279818699
0.636960229890714
0.60355538704271
0.53088807709235
0.330266031417353
0.516479062855244
