0.414050002935709
0.640426043020687
0.514126630041054
0.386072537692264
0.523584149156661
0.640014720784966
0.628173358450897
0.489217166643357
0.321167948524017
0.488847641019351
0.58408389352773
0.501247836488667
0.150344984446419
0.62395114688468
0.562098142480634
0.270761082084785
0.244449665002017
0.460690555435196
0.617575322985808
0.589253411743029
0.474815513257869
0.645310456649211
0.609833745620484
0.6524445452341
0.484196787769983
0.537260838146339
0.54515792573127
0.554403722181772
0.630449018644635
0.533877136223745
0.461772651915426
0.6344144506369
0.641711501771632
0.572641702773705
0.577116711256327
0.519755798102043
0.296299179423368
0.337098023718102
0.627464777974906
0.580823911159987
0.463534892348107
0.508276482008711
0.627194565674457
0.396829844618258
0.548237953564195
0.636434160522748
0.528544424672817
0.382214991779067
0.480109159288451
0.465158038086291
0.619612061476102
0.606667852556295
0.231966899739113
0.557334538596425
0.371151339715347
0.466194363714859
0.598039903771908
0.405718007100048
0.419218136817786
0.649979842826476
0.427688323473742
0.406254101072438
0.587578051920328
0.626134183657575
0.484640587908914
0.578972880953753
0.550411723560913
0.625872092948169
0.52826964601778
0.586300378425047
0.332437752167229
0.516623994078022
0.592512545232372
0.590842888173231
0.548922374116723
0.64259391895204
0.417966962445272
0.626383020607718
0.60741575944457
0.561493401043323
0.630849185748844
0.506586099026325
0.633546259767346
0.635078695896057
0.176684357804246
0.548554219903183
0.526902210153472
0.384075298190583
0.645663253328717
0.546484453808287
0.214616554085164
0.371765085919052
0.537692587097408
0.499904874766089
0.589484462597873
0.149947266560746
0.613416006236337
0.462570167280268
0.316269517897271
0.642971906645251
0.555054780604551
0.630374436761197
0.634242477671048
0.337169253936736
0.635566269995953
0.634895291993004
0.583974306075688
0.548488231216571
0.573382879149634
0.435298806318084
0.588812457410609
0.592125205834417
0.585443977416589
0.569706507888645
