0.613701645477653
0.562214329520041
0.564764772998174
0.566915586536421
0.648528850192954
0.534915642349201
0.547886370644103
0.450103670007806
0.290207797746268
0.521972980171552
0.549645237499316
0.466770579269622
0.487343184723139
0.626625113662332
0.584286472988351
0.637113140550675
0.521768772637969
0.556821422085052
0.604460318709008
0.607054989473429
0.529767638068268
0.546604849763901
0.619783674831735
0.576345059810074
0.416128272667091
0.0860064058108255
0.578907589665247
0.368677102727236
0.535404619291425
0.513959035478765
0.459114502520533
0.454617126375191
0.646398000400315
0.490392612538766
0.644910621687537
0.407993553248932
0.573279786188259
0.401595398790669
0.598136764885961
0.61753137995
0.509985524126563
0.516648739697645
0.579212546365526
0.491765462148102
0.398334050522605
0.623642055010625
0.609439185617889
0.631916678141029
0.448904074848407
0.265796683168737
0.630691985280742
0.605414306498598
0.592227507915852
0.245945618908387
0.571176963923748
0.493860391262919
0.542174633821705
0.573946836672795
0.428477895616787
0.51781786414003
0.624985257608987
0.610442221000038
0.515174069743603
0.597945540968267
0.609792564278222
0.51877130313914
0.584318629492006
0.639288756503216
0.409228961891195
0.508170448625962
0.608555571326715
0.550490266089437
0.519119164610816
0.494185994767773
0.448815632168166
0.598678114132015
0.441891958468763
0.464280483406007
0.611187944060269
0.439000045654914
0.336001785657505
0.51229134361908
0.522661395706532
0.501162195685333
0.522853402633181
0.610817802301064
0.511315238670085
0.519075203970683
0.539731906023969
0.444973770765122
0.624574730974049
0.52779970350426
0.479838532462968
0.546217477611732
0.552390082142033
0.484241792083671
0.520127282905428
0.387629946797155
0.628035276923784
0.583811061753828
0.40491975679365
0.527318151589256
0.459554414691232
0.591671215329215
0.543917407092173
0.442391845663078
0.646551942786094
0.519903666927945
0.646907040865201
0.389166124506736
0.636668209343443
0.56982268379031
0.606450741394889
0.553265948762151
