0.489679359972849
0.610646272971636
0.644111749872796
0.374494921759004
0.603434929989744
0.292697590381566
0.577725274489028
0.566217766305788
0.54454955789579
0.267860833993336
0.40989163086106
0.405064545104374
0.569112619710772
0.648364713913994
0.402129301531777
0.402392660944539
0.465516264169057
0.57097770881393
0.427056755884139
0.362241824141544
0.65147342174309
0.629540031840602
0.592272055436206
0.639145944114143
0.554701768234307
0.630339071003953
0.219660515176978
0.475834871491591
0.475572280127248
0.587612290936137
0.293179231437622
0.609439975733135
0.599960690262153
0.620820520733075
0.43028170076317
0.624259943505662
0.611216311895977
0.61863114832811
0.637273056862112
0.539381529496284
0.596475295725984
0.408941550309906
0.570708540230253
0.589837286429713
0.546447436315473
0.633836310053865
0.603664258042849
0.406152870401973
0.604681257613507
0.264950632290216
0.576480182148009
0.643556874410025
0.501865846349392
0.498118592027635
0.472131392265645
0.637487161372226
0.231467658964711
0.42117071265867
0.489838105172957
0.639943770996528
0.449174040689191
0.460219666227494
0.435429170658986
0.579658649143009
0.576386106259884
0.450533770841322
0.627623906812346
0.649051682680728
0.633493210060089
0.65268373361705
0.48712136057076
0.500576247844367
0.33172159713601
0.552784678528085
0.538184124685736
0.488902405323461
0.502155150802488
0.592445794294242
0.502902738276732
0.593064604524024
0.443403676799052
0.471384835063876
0.61962227656281
0.588312196693074
0.644110642132471
0.567705769883188
0.481936572998133
0.545983761364966
0.627115621219591
0.613329916853135
0.477435293257656
0.501361254583579
0.565224450105434
0.542945102268987
0.624115059853532
0.531823382990548
0.109642824498238
0.463472204783
0.345390229077766
0.21669033356756
0.474911885866371
0.648402037184531
0.467874876589128
0.55744064883166
0.549817997688279
0.30970388821722
0.582689486553427
0.550445474878635
0.539661936064949
0.481014616563683
0.634811146183909
0.468845417213852
0.597052213925883
0.50665095595804
